[
    0.001,
    0.055,
    0.06099994503899456,
    0.06099988775998204,
    0.05477173913043478,
    0.039,
    0.03214920715828268,
    0.02799999464639995,
    0.1,
    0.11,
    0.08999999937800475,
    0.0899999856066173,
    0.08,
    0.89,
    0.1,
    0.17,
    0.16,
    0.14000000086000025,
    0.23,
    0.23,
    0.23,
    0.22,
    0.22,
    0.22,
    0.2200000003406116,
    0.22000000007888748,
    0.22000001872000705,
    0.22,
    0.23,
    0.23,
    0.23,
    0.23000000654500125,
    0.23,
    0.23,
    0.25
]
