[
    0.8,
    0.8,
    0.75,
    0.75,
    0.54,
    0.54,
    0.55,
    0.5499999919260126,
    0.55,
    0.53,
    0.53,
    0.5499999587499927,
    0.5300003225494307,
    0.5300000065800001,
    0.53,
    0.5300000018759322,
    0.55,
    0.5499999724999877,
    0.5300000703149778,
    0.53,
    0.5300000302575217,
    0.5300000012576735,
    0.54,
    0.5599999957999998,
    0.5599999868235281,
    0.5582048043461382,
    0.55,
    0.55,
    0.55,
    0.5300000297666747,
    0.5499999633333236,
    0.5300001081000292,
    0.5300000137083386,
    0.55,
    0.55,
    0.559999843199887,
    0.55,
    0.54,
    0.5642999957429999,
    0.01,
    0.54,
    0.01,
    0.54,
    0.53,
    0.01,
    0.554399995644,
    0.5645106310555001,
    0.54,
    0.54,
    0.01,
    0.5642999957429999,
    0.54,
    0.01,
    0.5642999957429999,
    0.54,
    0.01,
    0.5400000006133333,
    0.5634468903683117,
    0.5400000015150972,
    0.01,
    0.5400000404800045,
    0.5400000736000128
]
