[
    0.992,
    0.99,
    0.99,
    0.99,
    0.99,
    0.99,
    0.99,
    0.59,
    0.1100000890004361,
    0.11000003251144402,
    0.11000004450002003,
    0.3099984809922531,
    0.99,
    0.5,
    0.5,
    0.62999951999808,
    0.6100000017994762,
    0.6200000000601583,
    0.62,
    0.63,
    0.6200000988000731,
    0.6299999180999697,
    0.6299999453999683,
    0.6100000030337497,
    0.6299999905440884,
    0.629999918884061,
    0.6299999954769226,
    0.629999980799997,
    0.6299999859374978,
    0.6100000140400009,
    0.62999999895,
    0.6100000021,
    0.63,
    0.63,
    0.63,
    0.63,
    0.63,
    0.629999981099993,
    0.610000001639959,
    0.61,
    0.61,
    0.62,
    0.62,
    0.62,
    0.6299999180999697,
    0.61,
    0.62,
    0.4299999731249983,
    0.42,
    0.41,
    0.4099999723249984,
    0.4,
    0.4217658967516334,
    0.4238127052428943,
    0.4217658967516334,
    0.42,
    0.42286431875811215,
    0.41291456996439485,
    0.41291456996439485,
    0.41291456996439485,
    0.41291456996439485,
    0.41291456996439485,
    0.4029648211706775,
    0.4
]
