[
    0.01,
    0.01,
    0.5099999785799988,
    0.61,
    0.7899999920999764,
    0.83,
    0.91,
    0.9099998179976097,
    0.9299999906998978,
    0.8899994659736191,
    0.67,
    0.64,
    0.6400000033834568,
    0.64,
    0.64,
    0.6599999998560837,
    0.65,
    0.64,
    0.64,
    0.64000006711866,
    0.6400000023973286,
    0.64,
    0.6599999841599988,
    0.6499999869999994,
    0.64,
    0.66,
    0.6400000792000222,
    0.6400000137142865,
    0.6400000129600009,
    0.6400000230400031,
    0.6400000129600009,
    0.65,
    0.65999993006614,
    0.6500000840000134,
    0.650000070000021,
    0.6400000792000222,
    0.64000006240001,
    0.64000006240001
]
