[
    0.02,
    0.03,
    0.3300000804000707,
    0.22,
    0.3,
    0.99,
    0.48,
    0.4800000187200012,
    0.48,
    0.5,
    0.5,
    0.49,
    0.4700001219000939,
    0.48999982849988855,
    0.48999998787985755,
    0.4700000258837227,
    0.4700000349800047,
    0.47000004946667856,
    0.4700000079500012,
    0.4700001219000939,
    0.47999999827199996,
    0.47999982719988943,
    0.46,
    0.45999995794283693,
    0.4499999997895885,
    0.45,
    0.45,
    0.4499999549999955,
    0.44999999856991524,
    0.4400000224000036,
    0.44000000112000004,
    0.4499997974998886,
    0.4499999683593723,
    0.449999879999952,
    0.4400000224000036,
    0.4499999549999955,
    0.4400000124444511,
    0.44999998874999886,
    0.44000014000014,
    0.44,
    0.449999998875,
    0.4499999797499989,
    0.43,
    0.43,
    0.43,
    0.43,
    0.41
]
