[
    0.53,
    0.54,
    0.6,
    0.58,
    0.09000000078000012,
    0.58,
    0.39,
    0.38999880399569437,
    0.39,
    0.35,
    0.0900001820023903,
    0.01,
    0.12000001408000541,
    0.12,
    0.17,
    0.17,
    0.16,
    0.15220588235294116,
    0.11,
    0.13,
    0.13,
    0.19,
    0.13000000870001732,
    0.32,
    0.33,
    0.31,
    0.36,
    0.31,
    0.25,
    0.23000011550056018,
    0.265,
    0.27,
    0.24000000810666713,
    0.26,
    0.2599999063999713,
    0.2599998647999351,
    0.26,
    0.27,
    0.3,
    0.25
]
