[
    0.999,
    0.999,
    0.999,
    0.999,
    0.999,
    0.999,
    0.999,
    0.999,
    0.999,
    0.999,
    0.9989926656066068,
    0.999,
    0.999000000999,
    0.999,
    0.999,
    0.999,
    0.998990998911078,
    0.9989999897538455,
    0.99,
    0.998999812860555,
    0.9989999533799977,
    0.998,
    0.99,
    0.99,
    0.999,
    0.999,
    0.99,
    0.99,
    0.99,
    0.97,
    0.95,
    0.939999999236393,
    0.94,
    0.8800001008000161,
    0.95,
    0.95,
    0.94,
    0.98,
    0.9603648599034122,
    0.9299999815840312,
    0.7599999594666418,
    0.86,
    0.83,
    0.84,
    0.809405568096313,
    0.85,
    0.85,
    0.73,
    0.7601694,
    0.76,
    0.77,
    0.78,
    0.75,
    0.75,
    0.79,
    0.8099033536290712,
    0.7800002933334569,
    0.71,
    0.66,
    0.62,
    0.47,
    0.6599999998428572,
    0.53,
    0.6224353999477217,
    0.5699999059499214,
    0.3299999295999915,
    0.32,
    0.3499995930227826,
    0.35999987039991704,
    0.33,
    0.69,
    0.69,
    0.69,
    0.69,
    0.69,
    0.569999999145,
    0.44,
    0.52,
    0.5200000011233326,
    0.5599999775999964,
    0.52,
    0.51,
    0.26,
    0.25,
    0.19,
    0.18,
    0.2399999855999994,
    0.18,
    0.1,
    0.1,
    0.09,
    0.09,
    0.13,
    0.19755037534571315,
    0.19,
    0.13,
    0.19,
    0.13,
    0.130000000295929,
    0.14,
    0.15,
    0.14,
    0.15,
    0.15,
    0.14,
    0.18,
    0.18,
    0.13000000087008703,
    0.18,
    0.13000000034661358,
    0.18999997745762598,
    0.15,
    0.15,
    0.09,
    0.09,
    0.1799999279999928,
    0.1600000067878801,
    0.1600000262500607,
    0.16,
    0.16,
    0.16000000023226876,
    0.16,
    0.2,
    0.2,
    0.2,
    0.24,
    0.26,
    0.26199334868229096,
    0.29,
    0.34,
    0.339999829999915,
    0.42,
    0.42,
    0.42,
    0.43,
    0.43,
    0.43,
    0.4799999887792203,
    0.46,
    0.46,
    0.47,
    0.54,
    0.52,
    0.53,
    0.5200000172800011,
    0.6,
    0.52,
    0.52,
    0.57,
    0.509999956649982,
    0.52,
    0.52,
    0.52,
    0.52,
    0.4499999993938904,
    0.4799999519999808,
    0.46,
    0.47,
    0.49,
    0.41000000531000047,
    0.41,
    0.41,
    0.4,
    0.4,
    0.38,
    0.36,
    0.36,
    0.38,
    0.38,
    0.4,
    0.38,
    0.38,
    0.36,
    0.38,
    0.5199999861333291,
    0.4,
    0.35,
    0.46999999911213824,
    0.45436528355900824,
    0.47,
    0.48,
    0.56,
    0.66,
    0.64,
    0.67,
    0.67,
    0.75,
    0.77,
    0.8099999756999036,
    0.8,
    0.8099999756999036,
    0.8024674420639023,
    0.8,
    0.78,
    0.8199999813211721,
    0.8699999912999827,
    0.83,
    0.81,
    0.83,
    0.83,
    0.8799999990268178,
    0.88,
    0.8300000129200004,
    0.9,
    0.8599999139995786,
    0.85,
    0.7699999876799952,
    0.77,
    0.7099999922866008,
    0.69,
    0.7199999807999877,
    0.66,
    0.7099999997540932,
    0.7449136251951911,
    0.66,
    0.66,
    0.609999996096,
    0.62,
    0.63,
    0.63,
    0.63,
    0.6699999839199988,
    0.63,
    0.64,
    0.6799998911999086,
    0.65,
    0.67,
    0.65,
    0.68,
    0.67,
    0.689999998965,
    0.7180859486481441,
    0.709999998012,
    0.6799999969403822,
    0.69,
    0.6500001225000797,
    0.709999998012,
    0.709999998012,
    0.7099999431998909,
    0.7099993254972683,
    0.71,
    0.7,
    0.6500000046666667,
    0.71999999856,
    0.7113815260579631,
    0.6899999942499953,
    0.65,
    0.6812869132744067,
    0.6778700869656714,
    0.67,
    0.6699999195999292,
    0.6699999971859999,
    0.6799999998580771,
    0.63,
    0.63,
    0.6799998911999086,
    0.6799999998230895,
    0.6699999995134014,
    0.67,
    0.64,
    0.66999999933,
    0.6683137862566954,
    0.6699999839199988,
    0.6699999195999292,
    0.6699999990566269,
    0.66,
    0.6599999994840391,
    0.6300000015670588,
    0.6599999980288699,
    0.66,
    0.66,
    0.6300000339166693,
    0.659999998296605,
    0.66,
    0.66,
    0.659999997624,
    0.6599999953799998,
    0.6599999977438652,
    0.6300000458341694,
    0.63,
    0.6599999295999606,
    0.6300000888000231,
    0.66,
    0.6300000074000001,
    0.64,
    0.65,
    0.64999999922,
    0.65,
    0.6499999934999994,
    0.66,
    0.6599984159879615,
    0.6599999953799998,
    0.66,
    0.66,
    0.65,
    0.65,
    0.66,
    0.6499999868100641,
    0.63,
    0.61,
    0.6100000145017778,
    0.65,
    0.6300003363643498,
    0.64,
    0.65,
    0.64,
    0.6400000263839364,
    0.6499999979844961,
    0.6400000060845071,
    0.6499999979844961,
    0.65,
    0.6599998943999641,
    0.66,
    0.6400000792000222,
    0.6599998943999641,
    0.6400000792000222,
    0.6599998943999641,
    0.6400001296000829,
    0.6599998943999641,
    0.6699999195999292,
    0.6699999195999292,
    0.6699999195999292,
    0.669999918642809,
    0.669999918642809,
    0.669999962479987,
    0.6400000060845071,
    0.6699999981302325,
    0.6697416707791197,
    0.64,
    0.6400001339535943,
    0.6499999244184377,
    0.6499999674999887,
    0.6400001661538973,
    0.6400001296000829,
    0.6499995124979281,
    0.65,
    0.6499999349999631,
    0.6499999934999994,
    0.669999962479987,
    0.6300000229400009,
    0.66,
    0.66,
    0.6599999841599988,
    0.66,
    0.6200000532000192,
    0.6200000029783784,
    0.6200000532000192,
    0.6200000532000192,
    0.6200000988000731,
    0.6200001076667259,
    0.6599999841599988,
    0.6599999841599988,
    0.66,
    0.6200000304000052,
    0.6200000532000192,
    0.66,
    0.6200000988000731,
    0.6200000988000731,
    0.6200000988000731,
    0.6200000988000731
]
