[
    0.02,
    0.02,
    0.03,
    0.03,
    0.03,
    0.17999999730490016,
    0.14,
    0.22999982749995687,
    0.24,
    0.18000001640001606,
    0.19,
    0.19,
    0.20999999917918782,
    0.22999998688999942,
    0.19000000226800004,
    0.2,
    0.21999997271999794,
    0.23999999673599998,
    0.22,
    0.22,
    0.22,
    0.21,
    0.21999985479995063,
    0.21317829403491376,
    0.19000000052145924,
    0.19000002430009647,
    0.2199999850399995,
    0.2,
    0.21,
    0.21000057055831325,
    0.21000001343000516,
    0.21000003686668953,
    0.22,
    0.22,
    0.21,
    0.18000001640001606,
    0.2,
    0.21,
    0.21,
    0.21,
    0.21,
    0.21000000790002363,
    0.21,
    0.22,
    0.22,
    0.22,
    0.21000014363894914,
    0.21999995306666104,
    0.21999991639998998,
    0.21000033857370184,
    0.22,
    0.2199916398996788,
    0.21000007110010024,
    0.21,
    0.21999995306666104,
    0.21000000790002363,
    0.21000000790002363,
    0.21999999361999986,
    0.21,
    0.21,
    0.2100000150476295,
    0.21000000790002363,
    0.21,
    0.21,
    0.21000000105333355,
    0.21000000316000045,
    0.21000014363894914,
    0.21000014363894914,
    0.210000486168506,
    0.21000000790002363,
    0.21999995306666104,
    0.21999995306666104,
    0.21000000790002363,
    0.22999991604998868,
    0.22999982749995687,
    0.2299999455666614,
    0.21000007110010024,
    0.21000158002844052,
    0.22999855099463867,
    0.21000014363894914,
    0.21000000338571523,
    0.21,
    0.21000005616116008,
    0.21000003686668953,
    0.21000000179545494,
    0.21000001343000516,
    0.2100000639524976,
    0.21000001404444577,
    0.21,
    0.2,
    0.21000000607692537,
    0.21000000790002363,
    0.2,
    0.2,
    0.2,
    0.2,
    0.2,
    0.19,
    0.19000097203771507,
    0.19000092573306487,
    0.18000287020521968,
    0.18000000765333582,
    0.18,
    0.18,
    0.1800005963740458,
    0.18000001640001606,
    0.2299996503998322,
    0.1800000098400048,
    0.1800000098400048,
    0.16,
    0.23,
    0.15,
    0.16,
    0.16,
    0.41260973327923595,
    0.15000001700002005,
    0.14000516306686173,
    0.14,
    0.14000001720000538,
    0.06000025067996942,
    0.06000000125333442,
    0.05,
    0.05,
    0.05,
    0.05,
    0.05,
    0.05
]
