[
    0.001,
    0.05999999907518411,
    0.09,
    0.09,
    0.09,
    0.13,
    0.05,
    0.13000000870001732,
    0.2,
    0.22,
    0.2,
    0.15,
    0.32,
    0.2700000912500342,
    0.25,
    0.22,
    0.22000000002188635,
    0.25,
    0.24000001216000344,
    0.26000005426668077,
    0.32999999669999996,
    0.2700000025550001,
    0.27,
    0.35,
    0.35,
    0.34,
    0.34,
    0.34,
    0.33,
    0.32,
    0.32,
    0.26000000146671404,
    0.3699999887149998,
    0.29000001846000134,
    0.4,
    0.37,
    0.35,
    0.33,
    0.25,
    0.2600000325600181,
    0.3300000268000056,
    0.34999999183333297,
    0.2900000115375027,
    0.2,
    0.28,
    0.24,
    0.24,
    0.2400000405333582,
    0.24,
    0.2400000405333582,
    0.24,
    0.24,
    0.2,
    0.25,
    0.19000000052540542,
    0.19000004434307946,
    0.25,
    0.25,
    0.27,
    0.26,
    0.26,
    0.26000000407000007,
    0.26,
    0.2600000647500348,
    0.2600000029465303,
    0.260000006481752,
    0.2600000103600019,
    0.26000011840006,
    0.26,
    0.2600000103600019,
    0.26000000727719813,
    0.26000011840006,
    0.26000888033745284,
    0.26000000387773026,
    0.2600000370000598,
    0.26000000513591714,
    0.26,
    0.26000000928715084,
    0.27,
    0.27000000046233336,
    0.26000000332051293,
    0.2600002336844442,
    0.26,
    0.2600000014800001,
    0.26000000592000067,
    0.25,
    0.25,
    0.25,
    0.2799998766101193,
    0.2799999419920208,
    0.27000001241000104,
    0.2700000124224247,
    0.2700000133029671,
    0.270000001659091,
    0.27,
    0.29,
    0.290000001988,
    0.29000000426000033,
    0.29,
    0.2900000081650003,
    0.29000000262511566,
    0.29000002982001066,
    0.31,
    0.3,
    0.3,
    0.3,
    0.3,
    0.29,
    0.2900000497000131,
    0.3,
    0.3,
    0.3,
    0.3,
    0.3000000070000006,
    0.3,
    0.3,
    0.3,
    0.3000000070000006,
    0.3,
    0.3,
    0.3000000271317924,
    0.34,
    0.3399999990446281,
    0.3000001272729355,
    0.3,
    0.3,
    0.31,
    0.3100000019819149,
    0.31000000828000324,
    0.3100000414000389,
    0.3100000414000389,
    0.31000000483000023,
    0.31000012880006184,
    0.31,
    0.31000001311000236,
    0.3100000414000389,
    0.32999966999967,
    0.3100000636170605,
    0.31000000828000324,
    0.3100000414000389,
    0.3299998927499812,
    0.3100000414000389,
    0.31000000828000324,
    0.32999978219992593,
    0.3100000414000389,
    0.3100000414000389,
    0.3299998927499812,
    0.32999978219992593,
    0.3100000414000389,
    0.3100000138554242,
    0.3100000414000389,
    0.31000000103500003,
    0.310000133071593,
    0.32,
    0.32,
    0.3,
    0.32,
    0.3,
    0.3,
    0.30000002800000447,
    0.3,
    0.30000002800000447,
    0.3,
    0.3,
    0.3000000070000006,
    0.3287986519255271,
    0.3,
    0.300000350001575,
    0.3,
    0.3,
    0.300000140000532,
    0.3,
    0.3000000012727273,
    0.30000002333334036,
    0.3,
    0.3,
    0.3,
    0.3,
    0.3000000070000006,
    0.30000002800000447,
    0.29,
    0.3,
    0.31000000030085023,
    0.28,
    0.28,
    0.4199998235998977,
    0.2800001440004032,
    0.27000001241000104,
    0.26,
    0.2,
    0.27000018980014046
]
