[
    0.01,
    0.01,
    0.01,
    0.01,
    0.02,
    0.03,
    0.04,
    0.11999989919998387,
    0.01,
    0.04,
    0.04,
    0.03,
    0.1,
    0.01,
    0.03,
    0.12999989859997768,
    0.18999987839995622,
    0.22,
    0.259999927199984,
    0.33,
    0.56,
    0.54,
    0.56,
    0.6899997205498337,
    0.7799996957998144,
    0.86,
    0.8799999061332807,
    0.88,
    0.87,
    0.8999999844080844,
    0.91,
    0.82,
    0.82,
    0.8599999996559999,
    0.89,
    0.8899999729439965,
    0.889999886079969,
    0.8200000129600004,
    0.84,
    0.7200000997260602,
    0.6599999841599988,
    0.669998860979156,
    0.669998860979156,
    0.64,
    0.64,
    0.6999999929999994,
    0.69,
    0.7,
    0.7,
    0.69,
    0.69,
    0.69,
    0.69,
    0.69,
    0.6900000401294576,
    0.6999999773462644,
    0.7,
    0.69,
    0.69,
    0.7,
    0.69,
    0.6900000668197972,
    0.6999999505300214,
    0.69,
    0.7,
    0.6900000741785802,
    0.690000003162,
    0.6900000005084,
    0.69,
    0.6999999766666597,
    0.6900000635500187,
    0.69,
    0.6999992631509141,
    0.7,
    0.6999999958823527,
    0.6900000093000004,
    0.6900000635500187,
    0.69,
    0.71,
    0.7,
    0.7,
    0.68,
    0.6999985999887999,
    0.6900000599333417,
    0.6900000599333417,
    0.7,
    0.69,
    0.6900000599333417,
    0.67,
    0.68,
    0.71,
    0.68,
    0.68,
    0.7099993254972683,
    0.68,
    0.68,
    0.68,
    0.71,
    0.68,
    0.7099900596421471,
    0.68,
    0.71,
    0.71,
    0.68,
    0.69,
    0.68,
    0.69,
    0.71,
    0.69,
    0.71,
    0.709999998012,
    0.68,
    0.71,
    0.7099999393593927,
    0.7099999431998909,
    0.690000037820003,
    0.69,
    0.68,
    0.71,
    0.72,
    0.7100001334000721,
    0.71,
    0.72,
    0.71,
    0.72,
    0.71,
    0.71,
    0.72,
    0.7199999654399878,
    0.71,
    0.72,
    0.71,
    0.72,
    0.7199998559995968,
    0.71,
    0.72,
    0.719999985599996,
    0.71,
    0.71,
    0.72,
    0.7,
    0.73,
    0.69,
    0.69,
    0.6900001705000767,
    0.73,
    0.6900001705000767,
    0.69,
    0.73,
    0.69,
    0.6900001705000767,
    0.7299999087499658,
    0.73,
    0.69,
    0.69,
    0.73,
    0.7299970798656739,
    0.7299998101998596,
    0.7299999087499658,
    0.7299974970799266,
    0.73,
    0.6900000164300008,
    0.69,
    0.72,
    0.72,
    0.6900001705000767,
    0.72,
    0.6900000048575499,
    0.7,
    0.7,
    0.72,
    0.7195209851453438,
    0.71,
    0.7,
    0.71,
    0.69,
    0.7000000750000187,
    0.71,
    0.7099986391579346,
    0.7099982959870496,
    0.71,
    0.7,
    0.71,
    0.71,
    0.71,
    0.69,
    0.72,
    0.7,
    0.7099952074125353,
    0.7099969232953873,
    0.7,
    0.7099952074125353,
    0.71,
    0.7000000180000007,
    0.7,
    0.71,
    0.71,
    0.7099952074125353,
    0.709995029703439,
    0.7099900596421471,
    0.7,
    0.709984377219145,
    0.709984377219145,
    0.71,
    0.7,
    0.72,
    0.72,
    0.72,
    0.7,
    0.6900001146127009,
    0.7199997407998341,
    0.7199807992319692,
    0.7199740783410138,
    0.7199997407998341,
    0.7199995391993733,
    0.7199740783410138,
    0.71999951999952,
    0.7184337566226136,
    0.71,
    0.7199995391993733,
    0.6900000599333417,
    0.7199997407998341,
    0.7263681339075522,
    0.72,
    0.7299998101998596,
    0.7219859118677695,
    0.72,
    0.69,
    0.7299998101998596,
    0.73,
    0.7237001809721039,
    0.69,
    0.69,
    0.72,
    0.719999984516121,
    0.7299999791428547,
    0.69,
    0.73,
    0.729999987589999,
    0.69,
    0.7299996349965324,
    0.690001519007747,
    0.69,
    0.7299999087499658,
    0.7299996349965324,
    0.73,
    0.69,
    0.7299996349965324,
    0.69,
    0.69,
    0.73,
    0.6900000169923748,
    0.7,
    0.7,
    0.7,
    0.73,
    0.74,
    0.7399985199437579,
    0.7399988159900543,
    0.7,
    0.73,
    0.7299976639607545,
    0.7299996349965324,
    0.7,
    0.7,
    0.72,
    0.72,
    0.7199985599596789,
    0.7,
    0.7199985599596789,
    0.72,
    0.71,
    0.7100002552002859,
    0.7151621105593474,
    0.700000180000072,
    0.7000000450000045,
    0.7,
    0.7099982959870496,
    0.7,
    0.71,
    0.7099982959870496,
    0.7099982959870496,
    0.71,
    0.7,
    0.71,
    0.7099982959870496,
    0.7099982959870496,
    0.700000180000072,
    0.7099999431998909,
    0.7099982959870496,
    0.7099982959870496,
    0.7,
    0.71,
    0.72,
    0.7199998559995968,
    0.7199985599596789,
    0.7199998559995968,
    0.72,
    0.71,
    0.72,
    0.71,
    0.7199999519999232,
    0.7199998559995968,
    0.71,
    0.72,
    0.7100000134642863,
    0.71,
    0.7199998559995968,
    0.72,
    0.71,
    0.7100000744247926,
    0.7199999362831069,
    0.7199998559995968,
    0.719999985599996,
    0.719999985599996,
    0.72,
    0.71,
    0.72,
    0.71,
    0.72,
    0.7,
    0.7,
    0.7,
    0.72,
    0.7199998559995968,
    0.7,
    0.72,
    0.72,
    0.700000045340055,
    0.7199999637279341,
    0.7000000257142872,
    0.7199998840267087,
    0.7000001006711747,
    0.7199999917146132,
    0.7199998079987712,
    0.7199998559995968,
    0.7000000180000007,
    0.71,
    0.7195681723166016,
    0.7099999431998909,
    0.7099999431998909,
    0.7000000750000187,
    0.7099999431998909,
    0.7099999431998909,
    0.68,
    0.39000014030010804,
    0.4300001767002986,
    0.39000014030010804,
    0.05
]
