[
    0.999,
    0.999,
    0.999,
    0.999,
    0.999,
    0.999,
    0.999,
    0.999,
    0.99,
    0.98,
    0.99,
    0.96,
    0.9299999906998978,
    0.9,
    0.8700000049400001,
    0.84,
    0.92,
    0.95,
    0.97,
    0.9100000081,
    0.91,
    0.86,
    0.9472656249333954,
    0.88,
    0.82,
    0.8200000244800015,
    0.8200000244800015,
    0.8,
    0.869999998259999,
    0.8,
    0.869999998259999,
    0.869999998259999,
    0.7900000010659091,
    0.8099999979749998,
    0.8,
    0.8399999982192506,
    0.8,
    0.8,
    0.8,
    0.75,
    0.74,
    0.76,
    0.7800001452000493,
    0.75,
    0.74,
    0.73,
    0.7300001458000671,
    0.75,
    0.75,
    0.7799999992750255,
    0.73,
    0.66,
    0.580000004704,
    0.6700011440036608,
    0.69,
    0.67,
    0.7,
    0.6400000069120001,
    0.6600000142800009,
    0.66,
    0.66,
    0.66,
    0.68,
    0.69999999965,
    0.7,
    0.7,
    0.7,
    0.67,
    0.67,
    0.6999999929999994,
    0.7,
    0.7000000124137934,
    0.7299999896138206,
    0.7,
    0.7299999188884473,
    0.7299999839560267,
    0.7224811259409588,
    0.72,
    0.700000180000072,
    0.7299998101998596,
    0.73,
    0.7299999941599996,
    0.729999967879995,
    0.73,
    0.73,
    0.690000037820003,
    0.670000017911557,
    0.69,
    0.729999967879995,
    0.7299991372502174,
    0.6900000599333417,
    0.729999987589999,
    0.6900000599333417,
    0.68,
    0.68,
    0.7399998861521122,
    0.68,
    0.7399999970399999,
    0.738688524590164,
    0.6900000599333417,
    0.68,
    0.6799999968914285,
    0.67,
    0.6699999195999292,
    0.6699999839199988,
    0.6799999945599995,
    0.6799998911999086,
    0.66,
    0.6599999110110479,
    0.6400001427762485,
    0.659999987815381,
    0.6599987899921349,
    0.6599985599769597,
    0.6300000325600037,
    0.6300001830730645,
    0.64,
    0.64000006240001,
    0.64000006240001,
    0.64000006240001,
    0.6400001296000829,
    0.64000006240001,
    0.6599984159879615,
    0.6599998943999641,
    0.6599985599769597,
    0.6599999603999865,
    0.66,
    0.6599999639999856,
    0.6599999841599988,
    0.6599998943999641,
    0.6400000230400031,
    0.6599999847692194,
    0.64,
    0.66,
    0.6599984159879615,
    0.6599990571374693,
    0.66,
    0.66,
    0.6599999910508415,
    0.6599998943999641,
    0.65,
    0.65,
    0.63,
    0.7153270056930736,
    0.63,
    0.63,
    0.61,
    0.62,
    0.629999981099993,
    0.6549698202945845,
    0.6499997833331167,
    0.63,
    0.63,
    0.5100000176944487,
    0.52,
    0.63,
    0.9099927193301783,
    0.91,
    0.9199997546569184,
    0.51,
    0.92,
    0.92,
    0.9299999906998978
]
