[
    0.001,
    0.01,
    0.01,
    0.02857142857142857,
    0.11999999519999995,
    0.04,
    0.04,
    0.05,
    0.11999999807999999,
    0.11999998079999923,
    0.12,
    0.05,
    0.05,
    0.05,
    0.14,
    0.05,
    0.5699999555399857,
    0.57999999884,
    0.44,
    0.4,
    0.36,
    0.36,
    0.35999999039999964,
    0.36,
    0.33,
    0.13,
    0.13,
    0.33,
    0.13,
    0.13,
    0.13,
    0.13,
    0.13,
    0.13,
    0.13,
    0.15,
    0.19,
    0.18,
    0.18,
    0.179999997552,
    0.13,
    0.2299999455666614,
    0.22999999516999994,
    0.26,
    0.36,
    0.36,
    0.529999998304,
    0.5899998465998865,
    0.7299999931170269,
    0.7521235636606096,
    0.67,
    0.6500000074038463,
    0.66,
    0.69,
    0.655724209105704,
    0.6199999627999948,
    0.59,
    0.5899999974254545,
    0.679999998368,
    0.6,
    0.6799999938181815,
    0.68,
    0.64,
    0.68,
    0.7300001458000671,
    0.6700000058969868,
    0.670000217800074,
    0.65,
    0.5999999939999998,
    0.62,
    0.6308660839995921,
    0.85,
    0.85,
    0.85,
    0.85,
    0.86,
    0.86,
    0.86,
    0.94,
    0.94,
    0.86,
    0.7700000662400074,
    0.91,
    0.91,
    0.8200000091200002,
    0.98,
    0.830000011571572,
    0.81,
    0.730000003672,
    0.7599999695999891,
    0.7599999695999891,
    0.76,
    0.7599999986782607,
    0.75,
    0.7699999969199998,
    0.76,
    0.7699999983891213,
    0.7549019597481738,
    0.77,
    0.7699999876799952,
    0.77,
    0.7699989989912912,
    0.77,
    0.76999915999328,
    0.76,
    0.7599999087998286,
    0.76,
    0.76,
    0.7599999087998286,
    0.7599999954399995,
    0.75,
    0.75,
    0.7200000028524345,
    0.73,
    0.75,
    0.75,
    0.75,
    0.75,
    0.75,
    0.7100002552002859,
    0.7399999899661005,
    0.74,
    0.74,
    0.7,
    0.700000180000072,
    0.74,
    0.71,
    0.71,
    0.7099999112499557,
    0.7099999431998909,
    0.7099999991885714,
    0.7099999991721974,
    0.7099999701799893,
    0.6900000599333417,
    0.7099999431998909,
    0.7099999431998909,
    0.7099999431998909,
    0.7099993254972683,
    0.7099999431998909,
    0.7099999815399987,
    0.7099998402496366,
    0.7099999431998909,
    0.7099999701799893,
    0.7099999701799893,
    0.7000000019715225,
    0.71,
    0.7299998101998596,
    0.7299998101998596,
    0.74,
    0.74,
    0.700000180000072,
    0.74,
    0.739999989639998,
    0.700000750001875,
    0.729999999416,
    0.7299998101998596,
    0.7299998101998596,
    0.690000037820003,
    0.55
]
