[
    0.999,
    0.999,
    0.999,
    0.999,
    0.999,
    0.999,
    0.999,
    0.999,
    0.999,
    0.999,
    0.999,
    0.999,
    0.999,
    0.999,
    0.999,
    0.999,
    0.999,
    0.999,
    0.999,
    0.999,
    0.999,
    0.999,
    0.999,
    0.999,
    0.999,
    0.9989326538088409,
    0.989,
    0.99,
    0.997,
    0.9930347567030785,
    0.99,
    0.99,
    0.991,
    0.99,
    0.9899993802432827,
    0.9899998099199605,
    0.976,
    0.98,
    0.98,
    0.97,
    0.96,
    0.95,
    0.8500000164420807,
    0.93,
    0.98,
    0.98,
    0.9670129591946022,
    0.95,
    0.9599999989342051,
    0.93,
    0.9400000540000054,
    0.94,
    0.95,
    0.95,
    0.95,
    0.9599999992610332,
    0.95,
    0.94,
    0.95,
    0.95,
    0.9403753609239653,
    0.93,
    0.96,
    0.94,
    0.96,
    0.9581797497155858,
    0.96,
    0.95,
    0.94,
    0.93,
    0.94,
    0.9399999990063425,
    0.9,
    0.9399999928244248,
    0.9,
    0.9,
    0.9299999255991132,
    0.9,
    0.9,
    0.89,
    0.8970491802504703,
    0.8899999946599995,
    0.89,
    0.9496197771419241,
    0.92,
    0.92,
    0.87,
    0.87,
    0.8700000108810576,
    0.93,
    0.9299999999814,
    0.87,
    0.869999998259999,
    0.95,
    0.9514563104579131,
    0.95,
    0.9,
    0.88,
    0.869999998259999,
    0.84,
    0.78,
    0.75,
    0.73,
    0.71,
    0.71,
    0.71,
    0.7,
    0.7,
    0.719999995392,
    0.6200000988000731,
    0.5900000164000027,
    0.69,
    0.69,
    0.68,
    0.69,
    0.7,
    0.69,
    0.6999999768211774,
    0.7,
    0.7,
    0.6921171171171171,
    0.68,
    0.6999999995333334,
    0.7,
    0.6700000151250005,
    0.7,
    0.6999999766666597,
    0.6700000339166726,
    0.68,
    0.68,
    0.6999985999887999,
    0.7,
    0.69,
    0.68,
    0.68,
    0.68,
    0.69,
    0.6999999971086327,
    0.7,
    0.7,
    0.6999999965853657,
    0.68,
    0.7,
    0.68,
    0.68,
    0.68,
    0.68,
    0.6999999929999994,
    0.6999999929999994,
    0.68,
    0.7,
    0.68,
    0.6999999964010281,
    0.68,
    0.68,
    0.6999999947467164,
    0.69,
    0.690000037820003,
    0.69,
    0.69,
    0.69,
    0.69,
    0.6899999472451369,
    0.69,
    0.68,
    0.6899999966612902,
    0.6899999966612902,
    0.68,
    0.68,
    0.6899998964999742,
    0.6899999585999611,
    0.69,
    0.6899999966612902,
    0.6899999966612902,
    0.68,
    0.68,
    0.68,
    0.6899997205498337,
    0.6899999392799931,
    0.6899999954186992,
    0.6899999876294798,
    0.68,
    0.68999999954,
    0.689999998965,
    0.69,
    0.68,
    0.6899999585999611,
    0.689999996826,
    0.6899999585999611,
    0.6899999585999611,
    0.6899999981952919,
    0.6899999997297008,
    0.69,
    0.6899999868899976,
    0.6899999868899976,
    0.6899999994085714,
    0.68,
    0.68,
    0.68,
    0.67999931999388,
    0.67,
    0.6600014960083777,
    0.6699999939639637,
    0.67,
    0.6699999915133323,
    0.6600000529341393,
    0.6699999971859999,
    0.6699999915133323,
    0.6699999195999292,
    0.66,
    0.66,
    0.6600000182420465,
    0.67,
    0.6699999949749997,
    0.660000002176,
    0.6699999973199998,
    0.6699999195999292,
    0.6600000124666673,
    0.6699999964904761,
    0.6699999195999292,
    0.67,
    0.660000170000085,
    0.6699999999686845,
    0.67,
    0.669999978581415,
    0.6699999981727272,
    0.6699999971859999,
    0.6600000032300001,
    0.6699999839199988,
    0.6600000047581382,
    0.6699999969640624,
    0.6600000952000368,
    0.67,
    0.67,
    0.66,
    0.67,
    0.67,
    0.66,
    0.6600000142800009,
    0.6699999949749997,
    0.6699999871439097,
    0.66,
    0.67,
    0.6600000033825043,
    0.660000170000085,
    0.67,
    0.66,
    0.66,
    0.67,
    0.66,
    0.6699999808571406,
    0.6699999808571406,
    0.6699999792017699,
    0.6600000589333428,
    0.6699999949749997,
    0.6699999999504926,
    0.660000170000085,
    0.67,
    0.66,
    0.6700000409200031,
    0.6799998911999086,
    0.6799999727999957,
    0.6799999605795982,
    0.66,
    0.6799999637333111,
    0.68,
    0.66,
    0.68,
    0.66,
    0.68,
    0.6799999947388776,
    0.6799999853538453,
    0.6600000124666673,
    0.68,
    0.69,
    0.69,
    0.69,
    0.69,
    0.67,
    0.68,
    0.6899999994141904,
    0.68,
    0.68,
    0.6899999944186042,
    0.689999993099999,
    0.68,
    0.6899999424999856,
    0.69,
    0.6999999719999955,
    0.6700000409200031,
    0.7,
    0.67000000495,
    0.7,
    0.6999995333274222,
    0.6999929986697473,
    0.66,
    0.67,
    0.6600000117628976,
    0.6963199078983519,
    0.6700000002830292,
    0.69,
    0.69,
    0.68,
    0.68,
    0.68,
    0.69,
    0.68,
    0.68,
    0.68,
    0.68,
    0.68,
    0.68,
    0.68,
    0.68,
    0.69,
    0.69,
    0.6899999585999611,
    0.69,
    0.69,
    0.69,
    0.69,
    0.6899999868899976,
    0.6899999585999611,
    0.69,
    0.6899991029966811,
    0.69,
    0.6899999992977098,
    0.6899999868899976,
    0.6900000364705947,
    0.69,
    0.69,
    0.660000385334181,
    0.6899999868899976,
    0.6899982749698119,
    0.669999962479987,
    0.67,
    0.69,
    0.6700000420000042,
    0.6999999929999994,
    0.7,
    0.6951071760846596,
    0.67,
    0.6700000020795417,
    0.67,
    0.7,
    0.6899999917199968,
    0.6899999585999611,
    0.6899999585999611,
    0.7,
    0.7,
    0.68,
    0.68,
    0.68,
    0.68,
    0.7,
    0.7,
    0.68,
    0.68,
    0.68,
    0.6899999585999611,
    0.68,
    0.69,
    0.69,
    0.69,
    0.6700002123763112,
    0.6999999719999955,
    0.6999999719999955,
    0.6999999929999994,
    0.7,
    0.6999991764667128,
    0.7,
    0.69,
    0.6899999585999611,
    0.6899999424999856,
    0.6899999585999611,
    0.6899999260714101,
    0.6899999996866485,
    0.6899999988928113,
    0.6899999424999856,
    0.6899999585999611,
    0.6857956732619909,
    0.68,
    0.6899999585999611,
    0.6700001072500188,
    0.689999998422857,
    0.6899999585999611,
    0.6700001072500188,
    0.6899999585999611,
    0.6899999868899976,
    0.6899999868899976,
    0.6700000704000084,
    0.6899999868899976,
    0.6700000114400003,
    0.69,
    0.6899999585999611,
    0.67,
    0.670000217800074,
    0.6899999917199968,
    0.6899999868899976,
    0.68,
    0.6600000009787476,
    0.67,
    0.670000217800074,
    0.6899999885635297,
    0.6899999657142661,
    0.69,
    0.6899999585999611,
    0.6899999960023171,
    0.6700000243375013,
    0.6899999868899976,
    0.670000217800074,
    0.69,
    0.6899999585999611,
    0.6899999585999611,
    0.6899999585999611,
    0.6899999585999611,
    0.6899999585999611,
    0.6700000097058827,
    0.6899999585999611,
    0.6899999585999611,
    0.6899999993947369,
    0.6899999999471851,
    0.67000033000033,
    0.6899999585999611,
    0.6899999924727268,
    0.68,
    0.6799998911999086,
    0.69,
    0.6899999585999611,
    0.6899999585999611,
    0.6899983899903399,
    0.6899999868899976,
    0.6899996284560225,
    0.6899982749698119,
    0.67000001915916,
    0.6899999626653252,
    0.69,
    0.6700000188100008,
    0.68999999954,
    0.6899999960764704,
    0.6700000055440001,
    0.6899997929992341,
    0.689999996826,
    0.6700000055440001,
    0.6899999999379,
    0.6899999917199968,
    0.69,
    0.69,
    0.6887809824255059,
    0.68,
    0.6799998911999086,
    0.660000057800019,
    0.6799999945599995,
    0.68,
    0.66,
    0.66,
    0.68,
    0.6799999987632616,
    0.68,
    0.6799998911999086,
    0.6799998911999086,
    0.6799998911999086,
    0.68,
    0.6999985999887999,
    0.7199995391993733
]
