[
    0.99,
    0.99,
    0.99,
    0.96,
    0.930000002576,
    0.9,
    0.94,
    0.94,
    0.98,
    0.91,
    0.9100001548000434,
    0.95,
    0.9,
    0.9,
    0.88,
    0.88,
    0.83,
    0.7700000234768754,
    0.8399996471997954,
    0.66,
    0.7,
    0.71,
    0.7000000031914894,
    0.6900000164300008,
    0.72,
    0.72,
    0.69,
    0.67,
    0.6600000029769586,
    0.64,
    0.6400000069677421,
    0.6400001296000829,
    0.64,
    0.76,
    0.7599999923999944,
    0.64,
    0.6685959470930126,
    0.62,
    0.6699999932999956,
    0.6513340670220945,
    0.62,
    0.6100000893750167,
    0.67,
    0.67,
    0.67,
    0.67,
    0.67,
    0.67,
    0.67,
    0.6,
    0.6100000274218773,
    0.62,
    0.68,
    0.7,
    0.65,
    0.66,
    0.6999999719999955,
    0.7,
    0.7,
    0.7299999974449999,
    0.71,
    0.709999998012,
    0.7,
    0.700000180000072,
    0.76,
    0.7699999950499997,
    0.71,
    0.7,
    0.74,
    0.7400000014949137,
    0.75,
    0.7400001352000649,
    0.79,
    0.77,
    0.77,
    0.77,
    0.77,
    0.77,
    0.77,
    0.78,
    0.7799999765999949,
    0.78,
    0.77,
    0.79,
    0.7899999989381717,
    0.7700000544333386,
    0.79,
    0.78,
    0.78,
    0.7899999288998998,
    0.7899999995484854,
    0.78,
    0.78,
    0.7899994294416868,
    0.7800145204936968,
    0.8,
    0.8,
    0.8,
    0.8,
    0.8,
    0.8,
    0.8,
    0.8,
    0.8,
    0.7899999826199865,
    0.7899995913752945,
    0.7800000759390986,
    0.7800000149600005,
    0.7800000149600005,
    0.7899999826199865,
    0.7899999920999764,
    0.79,
    0.79,
    0.78,
    0.79,
    0.7899999968399996,
    0.7899999631333104,
    0.78,
    0.78,
    0.7899999920999764,
    0.79,
    0.7899999865699948,
    0.7800000507692386,
    0.7899999920999764,
    0.7800000407000026,
    0.7800000407000026,
    0.7800000459005334,
    0.7899999920999764,
    0.7899984199715595,
    0.7899999920999764,
    0.7899999920999764,
    0.8,
    0.8,
    0.8,
    0.8,
    0.8,
    0.8,
    0.8,
    0.8,
    0.8,
    0.8,
    0.81,
    0.809999027962285,
    0.81,
    0.8099999931149997,
    0.81,
    0.81,
    0.81,
    0.81,
    0.8099999740799853,
    0.81,
    0.79,
    0.8,
    0.79,
    0.8,
    0.809999999271,
    0.81,
    0.8099999756999036,
    0.8099999756999036,
    0.8099963546518693,
    0.8086522453592321,
    0.8019801861092004,
    0.78,
    0.7800000429268326,
    0.78,
    0.7998914804071895,
    0.78,
    0.78,
    0.7800001452000493,
    0.78,
    0.79,
    0.78,
    0.79,
    0.79,
    0.78,
    0.79,
    0.78,
    0.78,
    0.8,
    0.8,
    0.8,
    0.7700000002063321,
    0.79,
    0.8,
    0.81,
    0.8099999756999036,
    0.8,
    0.8,
    0.8,
    0.8,
    0.8,
    0.8,
    0.8,
    0.809999027962285,
    0.8099999756999036,
    0.809999027962285,
    0.81,
    0.809999027962285,
    0.81,
    0.8099999513999252,
    0.809999027962285,
    0.8099999554499133,
    0.81,
    0.809999027962285,
    0.8099999554499133,
    0.8099995949941274,
    0.8099999913931514,
    0.81,
    0.809999027962285,
    0.8099999756999036,
    0.809999027962285,
    0.81,
    0.809999027962285,
    0.8099963546518693,
    0.8099999554499133,
    0.809999027962285,
    0.8099982641902448,
    0.81,
    0.809999027962285,
    0.8,
    0.8,
    0.809999027962285,
    0.81,
    0.8,
    0.81,
    0.8099999554499133,
    0.8,
    0.81,
    0.8,
    0.8,
    0.81,
    0.81,
    0.8,
    0.8,
    0.8,
    0.8,
    0.8,
    0.8,
    0.8099999988215661,
    0.81,
    0.8099995274963381,
    0.809999027962285,
    0.8099999554499133,
    0.8099999554499133,
    0.8,
    0.8,
    0.8,
    0.8099999554499133,
    0.8099963546518693,
    0.8057939320829224,
    0.8,
    0.8,
    0.8,
    0.79,
    0.7900001202564442,
    0.7900000138600005,
    0.8,
    0.8,
    0.8,
    0.8,
    0.8,
    0.8,
    0.8,
    0.790000132300049,
    0.8,
    0.79,
    0.8,
    0.79,
    0.8,
    0.8,
    0.7900000714000114,
    0.8,
    0.8,
    0.8,
    0.7900000511000046,
    0.7900001943303053,
    0.8,
    0.8099999554499133,
    0.8099999948448685,
    0.8099999554499133,
    0.8099956798790366,
    0.81,
    0.8099963546518693,
    0.8099999756999036,
    0.809999027962285,
    0.8019801702283961,
    0.8,
    0.8,
    0.8099999854199988,
    0.8,
    0.8,
    0.8,
    0.7800000407000026,
    0.8199999835999839,
    0.8199999835999839,
    0.82,
    0.8099999756999036,
    0.8099999554499133,
    0.79,
    0.7800000004892058,
    0.812083920433302,
    0.81,
    0.79,
    0.79,
    0.8099999554499133,
    0.79,
    0.790000132300049,
    0.809999962199901,
    0.81,
    0.8099999931149997,
    0.790000132300049,
    0.79,
    0.79,
    0.8092959001457947,
    0.8,
    0.8,
    0.809999027962285,
    0.78,
    0.7800000005286821,
    0.8090049495438913,
    0.78,
    0.8,
    0.8,
    0.8,
    0.809999027962285,
    0.7800001452000493,
    0.8099999740799853,
    0.78000008360001,
    0.809999027962285,
    0.8099999999636467,
    0.7800000007513082,
    0.8099999854199988,
    0.78,
    0.809999027962285,
    0.809999027962285,
    0.809999027962285,
    0.7800014960047872,
    0.78,
    0.8099999554499133,
    0.8099999756999036,
    0.81,
    0.809999027962285,
    0.78,
    0.809999027962285,
    0.78,
    0.8,
    0.78,
    0.79509343655599,
    0.79,
    0.7800000008394737,
    0.78,
    0.7899984199715595,
    0.79,
    0.78,
    0.78,
    0.7899984199715595,
    0.79,
    0.7899984199715595,
    0.78,
    0.7899984199715595,
    0.780000027076925,
    0.79,
    0.7899984199715595,
    0.79,
    0.78,
    0.78,
    0.7899999968399996,
    0.79,
    0.7899984199715595,
    0.7899984199715595,
    0.79,
    0.79,
    0.78,
    0.7899984199715595,
    0.78,
    0.79,
    0.78,
    0.79,
    0.79,
    0.79,
    0.78,
    0.7899999865699948,
    0.7899984199715595,
    0.78,
    0.79,
    0.78,
    0.7899984199715595,
    0.79,
    0.78,
    0.79,
    0.78,
    0.7899984199715595,
    0.79,
    0.78,
    0.78,
    0.78,
    0.7899984199715595,
    0.79,
    0.78,
    0.78,
    0.79,
    0.78,
    0.7899984199715595,
    0.78,
    0.79,
    0.79,
    0.78,
    0.79,
    0.780000046933339,
    0.7899984199715595,
    0.78,
    0.78,
    0.79,
    0.78,
    0.79,
    0.7899999920999764,
    0.78,
    0.79,
    0.79,
    0.78,
    0.78,
    0.78,
    0.79,
    0.78,
    0.79,
    0.78,
    0.79,
    0.7899984199715595,
    0.7899999288998998,
    0.78,
    0.7899984199715595,
    0.78,
    0.79,
    0.78,
    0.79,
    0.7899984199715595,
    0.7899984199715595,
    0.7800000904444575,
    0.7899984199715595,
    0.7899999865699948,
    0.7899984199715595,
    0.79,
    0.7899984199715595,
    0.79,
    0.7899984199715595,
    0.7899984199715595,
    0.7800001452000493,
    0.780000046933339,
    0.7899984199715595,
    0.7899999012498478,
    0.79,
    0.7899999920999764,
    0.78,
    0.77,
    0.79,
    0.77,
    0.79,
    0.7899999903805133,
    0.7899998850908213,
    0.79,
    0.7899999920999764,
    0.7700001341667002,
    0.7899999905389207,
    0.7899999288998998,
    0.7899999920999764,
    0.7856357866582132,
    0.78,
    0.7700001725000432,
    0.77000000703346,
    0.7799999149089455,
    0.779999916799787,
    0.77,
    0.77,
    0.7700000131100005,
    0.779999995272727,
    0.7799999984399996,
    0.7799999984399996,
    0.78,
    0.78,
    0.78,
    0.79,
    0.7899999288998998,
    0.7899999920999764,
    0.7899999970549855,
    0.7899999288998998,
    0.7899999288998998,
    0.7899999288998998,
    0.7899999288998998,
    0.7899995259939643,
    0.7700000175375008,
    0.8,
    0.78,
    0.7700000016447807,
    0.809942961580586,
    0.8,
    0.7920870503668354,
    0.7899998850908213,
    0.7899999631333104,
    0.7899999920999764,
    0.7899999920999764,
    0.7899999920999764,
    0.8,
    0.8,
    0.8099997083971889,
    0.8099999756999036,
    0.8099997083971889,
    0.8099999756999036,
    0.8099999756999036,
    0.8899998219975436,
    0.7986423080762703,
    0.75,
    0.6900000052599279,
    0.76,
    0.75,
    0.95,
    0.95,
    0.76,
    0.63,
    0.76,
    0.7,
    0.61
]
