[
    0.999,
    0.999,
    0.999,
    0.999,
    0.999,
    0.999,
    0.999,
    0.999,
    0.999,
    0.99,
    0.99,
    0.99,
    0.98,
    0.95,
    0.95,
    0.9699999999691004,
    0.9823968852179166,
    0.9699999947619999,
    0.93,
    0.95,
    0.8599999963885125,
    0.881261544535469,
    0.8100000627000107,
    0.81,
    0.8499999829999992,
    0.760000001202907,
    0.84,
    0.75,
    0.8095,
    0.89,
    0.85,
    0.89,
    0.92,
    0.92,
    0.89,
    0.85,
    0.8,
    0.8,
    0.76,
    0.7600001440000576,
    0.75,
    0.75,
    0.75,
    0.68,
    0.6500000385000034,
    0.6500000018918919,
    0.65,
    0.689999998965,
    0.6899999917199968,
    0.6899999868899976,
    0.6899999951699998,
    0.6899999999361998,
    0.7,
    0.6907692307692308,
    0.59,
    0.59,
    0.59,
    0.63,
    0.62,
    0.6199999627999948,
    0.5400000017692308,
    0.56,
    0.6199998914999512,
    0.54,
    0.5399999669387606,
    0.43,
    0.43,
    0.43,
    0.43,
    0.43,
    0.43,
    0.43,
    0.43,
    0.42,
    0.4199999831999973,
    0.34,
    0.3399999632799966,
    0.31,
    0.34000003960001346,
    0.349999929999979,
    0.30999999904933334,
    0.33999999895733335,
    0.3,
    0.3,
    0.31,
    0.32,
    0.31,
    0.30000002800000447,
    0.3,
    0.31,
    0.31000000745200024,
    0.31000005123764535,
    0.3,
    0.30000002800000447,
    0.30000116668416693,
    0.3,
    0.3,
    0.3000000070000006,
    0.3100000414000389,
    0.3100000414000389,
    0.3100000414000389,
    0.31,
    0.32,
    0.31,
    0.32,
    0.31,
    0.3100000414000389,
    0.31000000483000023,
    0.31,
    0.31,
    0.3,
    0.30000116668416693,
    0.30000000077626837,
    0.3099999991061824,
    0.3000000070000006,
    0.30000116668416693,
    0.30999996589999523,
    0.3000005384652663,
    0.30999999683799995,
    0.3,
    0.30999999683799995,
    0.30000140001120007,
    0.3,
    0.3,
    0.30000002333334036,
    0.3000000010645578,
    0.30999999870352063,
    0.3,
    0.30000140001120007,
    0.3000005384652663,
    0.30000116668416693,
    0.3,
    0.30000116668416693,
    0.3,
    0.3,
    0.30000140001120007,
    0.3000000933333831,
    0.3000005384652663,
    0.3000000583334257,
    0.3,
    0.3000005384652663,
    0.3,
    0.30999994006665826,
    0.3,
    0.3000005384652663,
    0.3099999097087203,
    0.30000116668416693,
    0.3000000070000006,
    0.3,
    0.30999993644998125,
    0.3,
    0.30000007777785553,
    0.3,
    0.30000140001120007,
    0.30000140001120007,
    0.3000000583334257,
    0.3,
    0.3000001272729355,
    0.3,
    0.32,
    0.3,
    0.3,
    0.2700003650034675,
    0.2700003650034675,
    0.2700021900208052,
    0.27000079084565737,
    0.2700003650034675,
    0.27000109502182223,
    0.27000079084565737,
    0.2700007300048854,
    0.339470404390086,
    0.27000000629310383,
    0.32,
    0.27000018980014046,
    0.32,
    0.28000048000768013,
    0.28,
    0.30999996217999704,
    0.28,
    0.30999996217999704,
    0.2800012343012312,
    0.29000005680010904,
    0.2900013608420654,
    0.2900010972909822,
    0.29000002982001066,
    0.29000005680010904,
    0.29000111572050186,
    0.2900008738585223,
    0.32,
    0.32,
    0.3299999811899992,
    0.3200001088000914,
    0.3200001088000914,
    0.3200001088000914,
    0.3200001088000914,
    0.3299999590799969,
    0.32000002720000437,
    0.329999882142779,
    0.32000000453333405,
    0.32000068000612003,
    0.3399999632799966,
    0.32,
    0.1100000890004361,
    0.44,
    0.07,
    0.04,
    0.48,
    0.19,
    0.04,
    0.48,
    0.48,
    0.48,
    0.48,
    0.48,
    0.39000732064421667,
    0.47868938401048494
]
