[
    0.02,
    0.01,
    0.02,
    0.05,
    0.02,
    0.12,
    0.1,
    0.11348250143430866,
    0.1,
    0.12,
    0.15,
    0.12000000352000104,
    0.11,
    0.11,
    0.1,
    0.16,
    0.16,
    0.16,
    0.16,
    0.4000002142860204,
    0.38,
    0.59,
    0.59,
    0.49,
    0.486,
    0.31,
    0.53,
    0.47,
    0.47,
    0.46,
    0.4699999930678457,
    0.4599999936749997,
    0.4,
    0.35,
    0.34,
    0.25999996463999775,
    0.25,
    0.2699999681399974,
    0.3100000032465806,
    0.31,
    0.34,
    0.34,
    0.34,
    0.34,
    0.33,
    0.3299999590799969,
    0.31000001311000236,
    0.34,
    0.32999999445599987,
    0.2729275328976852,
    0.28,
    0.2399999855999994,
    0.29,
    0.3,
    0.3000000008682709,
    0.31,
    0.28,
    0.5099999910749997,
    0.4500000010337282,
    0.46,
    0.46,
    0.45,
    0.46,
    0.4600000216000099,
    0.5178831127307205,
    0.45,
    0.5099999910749997,
    0.4500000002448788,
    0.5199999952457142,
    0.65,
    0.6300000062160002,
    0.72,
    0.580000004704,
    0.57,
    0.56,
    0.5,
    0.5,
    0.5,
    0.5600000003445351,
    0.57,
    0.5100000049000016,
    0.52,
    0.46,
    0.46,
    0.46000000038637534,
    0.47,
    0.4700000001766863,
    0.5199999833599972,
    0.49000000153,
    0.44000000172307707,
    0.5,
    0.5,
    0.5599999895466662,
    0.57,
    0.5700000129000022,
    0.609999998834925,
    0.73,
    0.7599999969599999,
    0.759262860371315,
    0.7599999944322342,
    0.84,
    0.8599998761599683,
    0.8,
    0.8,
    0.76,
    0.75,
    0.71,
    0.7200000251034504,
    0.7799999979199999,
    0.75,
    0.77,
    0.8,
    0.75,
    0.74,
    0.74,
    0.74,
    0.7,
    0.74,
    0.65,
    0.71,
    0.72,
    0.6300000018253333,
    0.65,
    0.6200000167200009,
    0.68,
    0.65,
    0.6500000046666667,
    0.64,
    0.5800000016068867,
    0.61,
    0.6376670942862223,
    0.5900000041000001,
    0.63,
    0.6299999058619749,
    0.6,
    0.59,
    0.5900002753733604,
    0.5999999759999961,
    0.6,
    0.59,
    0.5900000070689658,
    0.59,
    0.5700000017678152,
    0.57,
    0.52,
    0.599999939999976,
    0.5699998232997013,
    0.5200000480000192,
    0.5200000002393484,
    0.53,
    0.54,
    0.5100000006391281,
    0.55,
    0.5400000001063724,
    0.5100000007013723,
    0.5,
    0.509999956649982,
    0.5,
    0.5,
    0.55,
    0.540000000949131,
    0.5100000005725543,
    0.52,
    0.52,
    0.5,
    0.52,
    0.5504889263784084,
    0.51,
    0.5699999059499214,
    0.5400000004014904,
    0.55,
    0.54,
    0.56,
    0.46000000966443044,
    0.69,
    0.7,
    0.69,
    0.61,
    0.61,
    0.5500000020029674,
    0.61,
    0.61,
    0.61,
    0.54,
    0.6200000988000731,
    0.61,
    0.6,
    0.5500000202500012,
    0.48,
    0.54,
    0.59,
    0.56,
    0.5600000105600008,
    0.5,
    0.48,
    0.56,
    0.4700000116600003,
    0.52,
    0.52,
    0.4900001683001128,
    0.49000002142000126,
    0.5099999978969068,
    0.51,
    0.4900000047600001,
    0.49000000005201655,
    0.49,
    0.4900013770100522,
    0.49,
    0.4900001683001128,
    0.52,
    0.49,
    0.49000011171431446,
    0.51,
    0.51,
    0.49000000122400006,
    0.49000000153,
    0.49,
    0.49,
    0.5,
    0.49000002142000126,
    0.4900000148273778,
    0.49000000442000025,
    0.490000043350018,
    0.4900000017000006,
    0.4900001683001128,
    0.5,
    0.49,
    0.49,
    0.4900000204000033,
    0.52,
    0.51,
    0.51,
    0.51,
    0.4800000138666709,
    0.4800000187200012,
    0.48,
    0.4800001925928779,
    0.48000000022586603,
    0.4800000187200012,
    0.52,
    0.4800000062400002,
    0.48,
    0.5199999833599972,
    0.48,
    0.5199999945094587,
    0.4800000091520002,
    0.4800000166400028,
    0.48,
    0.48000000051290803,
    0.48000001560000344,
    0.5099999951266666,
    0.5,
    0.48000000138666676,
    0.5,
    0.48000000693333356,
    0.48,
    0.509999998572,
    0.5,
    0.5,
    0.5,
    0.48000000385780534,
    0.49,
    0.4700001219000939,
    0.4700000100700008,
    0.47,
    0.4700018020118933,
    0.4700018020118933,
    0.47000166573284674,
    0.4700000349800047,
    0.47,
    0.48999901999215995,
    0.4700001219000939,
    0.48999982849988855,
    0.4700018020118933,
    0.47000000222822824,
    0.49,
    0.48999901999215995,
    0.48,
    0.47999982719988943,
    0.4600004536014334,
    0.46,
    0.47999951999808,
    0.46,
    0.46,
    0.47,
    0.4700018020118933,
    0.47,
    0.47000000709074585,
    0.4700001219000939,
    0.47999982719988943,
    0.47,
    0.4700001382609537,
    0.4799998497390468,
    0.47999982719988943,
    0.47,
    0.4600000048058385,
    0.470000001378,
    0.4700001219000939,
    0.4700001219000939,
    0.4700001219000939,
    0.4700001219000939,
    0.4700000100700008,
    0.4700001219000939,
    0.4899999871374987,
    0.4700000349800047,
    0.48999995344998115,
    0.4700001219000939,
    0.4700001219000939,
    0.46000031680065895,
    0.4700001219000939,
    0.4600000216000099,
    0.4600000216000099,
    0.4700001219000939,
    0.47000000530000124,
    0.5,
    0.4700000100700008,
    0.4700001219000939,
    0.5,
    0.47,
    0.47,
    0.47,
    0.47,
    0.47,
    0.5,
    0.5,
    0.4700001219000939,
    0.4700001219000939,
    0.5,
    0.4700001219000939,
    0.5,
    0.5,
    0.4500000275000124,
    0.4899999950999984,
    0.4500000275000124,
    0.4500000275000124,
    0.49,
    0.4500000013407031,
    0.45,
    0.45,
    0.48999995344998115,
    0.45000000687500025,
    0.48999982849988855,
    0.46,
    0.4899999980696969,
    0.4500000059961845,
    0.4500000103125011,
    0.45,
    0.45,
    0.450000440001408,
    0.45,
    0.45000068750257816,
    0.45000004400000526,
    0.45000001925000127,
    0.45000001100000053,
    0.45000004400000526,
    0.5,
    0.5,
    0.43,
    0.43,
    0.5490018113766094,
    0.4900000017000006,
    0.48,
    0.5,
    0.55,
    0.4100000295000044,
    0.55,
    0.37,
    0.370000018900007,
    0.37000030240106446,
    0.5,
    0.5
]
