[
    0.001,
    0.01,
    0.03,
    0.05,
    0.06000000076360701,
    0.06,
    0.06,
    0.05,
    0.11999989919998387,
    0.05,
    0.05,
    0.06,
    0.01,
    0.01,
    0.02,
    0.07,
    0.04,
    0.06,
    0.02,
    0.03,
    0.07000001841596885,
    0.26,
    0.2400000405333582,
    0.14,
    0.19,
    0.18,
    0.17,
    0.17,
    0.13,
    0.13,
    0.15982316534040672,
    0.14,
    0.2,
    0.19,
    0.19,
    0.15,
    0.2622568,
    0.23,
    0.24,
    0.24,
    0.23,
    0.22,
    0.25,
    0.25,
    0.21,
    0.21,
    0.19,
    0.2,
    0.19,
    0.21999970666654317,
    0.22,
    0.23,
    0.24,
    0.29,
    0.34,
    0.38,
    0.53,
    0.53,
    0.34,
    0.3400000001571429,
    0.35,
    0.45,
    0.45,
    0.47999982719988943,
    0.19000000396642208,
    0.39,
    0.31,
    0.4,
    0.43000009405007855,
    0.68,
    0.68,
    0.28,
    0.32,
    0.32,
    0.32,
    0.31,
    0.430000000855,
    0.56,
    0.57,
    0.51,
    0.55,
    0.48,
    0.47999999887666744,
    0.4400000224000036,
    0.5099999729203506,
    0.62,
    0.75,
    0.7600000144000005,
    0.76,
    0.8266666666666667,
    0.9,
    0.91,
    0.91,
    0.91,
    0.84,
    0.87,
    0.87,
    0.81,
    0.8,
    0.81,
    0.87,
    0.81,
    0.8688262034709899,
    0.859086078600896,
    0.86,
    0.82,
    0.82,
    0.869999999129913,
    0.82,
    0.82,
    0.8699999996533865,
    0.810000022542374,
    0.81,
    0.85,
    0.82,
    0.82,
    0.83,
    0.8399999932121199,
    0.8399999737499393,
    0.84,
    0.84,
    0.8399999997677312,
    0.84,
    0.8,
    0.79,
    0.8,
    0.8,
    0.8,
    0.76,
    0.81,
    0.74,
    0.74,
    0.7200000231941696,
    0.71,
    0.7,
    0.66,
    0.6999999872859363,
    0.7,
    0.6999999985553607,
    0.660000170000085,
    0.58,
    0.58,
    0.574,
    0.57,
    0.57,
    0.5200000112207797,
    0.54,
    0.54,
    0.53,
    0.46,
    0.48,
    0.43,
    0.4,
    0.46,
    0.47,
    0.4799999827199989,
    0.4,
    0.48,
    0.48,
    0.43,
    0.490000043350018,
    0.48,
    0.48,
    0.48,
    0.5500000006061095,
    0.5200000480000192,
    0.54,
    0.51,
    0.5899999946899995,
    0.59,
    0.6,
    0.6,
    0.62,
    0.64,
    0.64,
    0.62,
    0.616,
    0.62,
    0.62,
    0.64,
    0.62,
    0.6,
    0.6403208,
    0.5300000008878617,
    0.56,
    0.5300000136006358,
    0.55,
    0.53,
    0.52,
    0.44,
    0.4,
    0.34,
    0.34,
    0.36,
    0.37,
    0.34,
    0.33,
    0.33,
    0.25,
    0.22666666666666666,
    0.19000002430009647,
    0.2,
    0.19000002430009647,
    0.19000003663318257,
    0.22,
    0.18000001867882784,
    0.16,
    0.13000000870001732,
    0.17,
    0.19,
    0.17,
    0.12000000097318225,
    0.12,
    0.1699999870799997,
    0.1,
    0.17,
    0.1400000860004214,
    0.12,
    0.15,
    0.15,
    0.15,
    0.1799998703999637,
    0.23000001232000472,
    0.23,
    0.28,
    0.3194977328217649,
    0.2800000192000123,
    0.34,
    0.2900000002459068,
    0.28,
    0.26,
    0.28,
    0.25,
    0.3499999614999965,
    0.34,
    0.34,
    0.390000003904,
    0.38,
    0.37,
    0.37,
    0.37,
    0.33000001608000123,
    0.36,
    0.35,
    0.32724085859130625,
    0.33,
    0.31000000103500003,
    0.2700000003554326,
    0.27,
    0.29,
    0.290000001988,
    0.3200000030596179,
    0.31,
    0.3499998774999204,
    0.290000001988,
    0.290000001988,
    0.29000005680010904,
    0.29000067450273176,
    0.29,
    0.3,
    0.3,
    0.34999999533333326,
    0.28000000144000003,
    0.31,
    0.28,
    0.31000000575000475,
    0.3575630239036791,
    0.32,
    0.29000000981319346,
    0.32,
    0.33,
    0.33,
    0.3300000804000707,
    0.3300000028140001,
    0.3200000001419229,
    0.37,
    0.37,
    0.3200001088000914,
    0.32000000017691055,
    0.33000000048659867,
    0.33,
    0.36,
    0.33000000067,
    0.34,
    0.33000000050705336,
    0.33000001608000123,
    0.3300000804000707,
    0.3300000009433731,
    0.34,
    0.3400000005159609,
    0.3699999984329412,
    0.3400000019711301,
    0.34,
    0.34,
    0.3699999660833308,
    0.3400000017033949,
    0.34,
    0.34,
    0.34000000533529784,
    0.34,
    0.3400000046200002,
    0.3400000022561348,
    0.36999997705999915,
    0.34000007040003943,
    0.36999991119997694,
    0.34,
    0.3699999925999999,
    0.36,
    0.35,
    0.35,
    0.35000000078,
    0.35,
    0.35000000650000057,
    0.34,
    0.34,
    0.3400015840120385,
    0.3400000046200002,
    0.34,
    0.34,
    0.35,
    0.35,
    0.34,
    0.35000001318993584,
    0.3895803067499606,
    0.35,
    0.36416389263687676,
    0.35,
    0.35999999391549287,
    0.3500000020155039,
    0.35999999391549287,
    0.3500000020155039,
    0.35,
    0.3400001056000359,
    0.34,
    0.35999992079997784,
    0.3400001056000359,
    0.35999992079997784,
    0.3400001056000359,
    0.35999987039991704,
    0.3400001056000359,
    0.3300000804000707,
    0.3300000804000707,
    0.3300000804000707,
    0.3300000813571911,
    0.3300000813571911,
    0.3300000375200129,
    0.35999999391549287,
    0.33000000186976747,
    0.35,
    0.3300000002907881,
    0.35,
    0.3599998660464057,
    0.3500000755815623,
    0.3500000325000114,
    0.35999983384610273,
    0.35999987039991704,
    0.3500004875020719,
    0.35,
    0.35000006500003683,
    0.35000000650000057,
    0.3300000375200129,
    0.36999997705999915,
    0.34,
    0.34,
    0.3400000158400012,
    0.34,
    0.37999994679998084,
    0.3799999970216216,
    0.37999994679998084,
    0.37999994679998084,
    0.3799999011999269,
    0.37999989233327414,
    0.3400000158400012,
    0.3400000158400012,
    0.34,
    0.3799999695999948,
    0.37999994679998084,
    0.34,
    0.3799999011999269,
    0.3799999011999269,
    0.3799999011999269,
    0.3799999011999269
]
