[
    0.01089517479946069,
    0.01,
    0.01,
    0.01,
    0.01,
    0.02,
    0.01,
    0.12,
    0.01,
    0.12,
    0.27,
    0.27,
    0.15,
    0.15,
    0.11,
    0.22,
    0.2,
    0.2,
    0.2,
    0.1,
    0.21,
    0.2,
    0.21,
    0.27,
    0.27,
    0.1499999543726201,
    0.24160583710550473,
    0.27,
    0.27,
    0.27,
    0.1399989359974464,
    0.14,
    0.1,
    0.09000000009598144,
    0.14,
    0.14,
    0.1334528,
    0.109999998174,
    0.12,
    0.12,
    0.12,
    0.12,
    0.1860492,
    0.19,
    0.23,
    0.23,
    0.27,
    0.37999999886,
    0.37,
    0.37,
    0.37,
    0.37,
    0.37,
    0.4299999931199994,
    0.42,
    0.49,
    0.52,
    0.42,
    0.44,
    0.65999999912,
    0.59,
    0.58000000168,
    0.5800001021622063,
    0.62,
    0.65,
    0.5900001763001005,
    0.5900000031160001,
    0.6599999841599988,
    0.7000000023076923,
    0.75,
    0.72,
    0.69,
    0.6900000599333417,
    0.71,
    0.68,
    0.54,
    0.34,
    0.34,
    0.5,
    0.52,
    0.6,
    0.5500002025001114,
    0.66,
    0.65,
    0.68,
    0.7199993687659473,
    0.6999999929999994,
    0.6,
    0.6,
    0.6804244468651905,
    0.6200000532000192,
    0.65,
    0.65,
    0.64,
    0.6,
    0.6599999808059815,
    0.66,
    0.659999999505,
    0.539029746261708,
    0.5,
    0.470000001378,
    0.45,
    0.45763945326930183,
    0.44,
    0.4,
    0.44,
    0.4526284,
    0.41000000370465134,
    0.43,
    0.4200000202325598,
    0.3,
    0.25,
    0.25,
    0.2800001440004032,
    0.3,
    0.31000000059142857,
    0.35,
    0.31,
    0.3,
    0.30000000324826,
    0.31,
    0.36,
    0.3499999977162565,
    0.43999980639989156,
    0.43137254901960786,
    0.4,
    0.4,
    0.4499999973086124,
    0.4,
    0.46,
    0.44,
    0.36,
    0.35,
    0.38,
    0.38,
    0.38,
    0.38,
    0.38,
    0.38,
    0.3,
    0.38,
    0.34000000228800004,
    0.37999999987591837,
    0.38,
    0.3,
    0.3100000081545465,
    0.3100000414000389,
    0.31000000096,
    0.31,
    0.359999997696,
    0.320000001904,
    0.3200001088000914,
    0.339999985493333,
    0.3200000133880249,
    0.32000002720000437,
    0.34,
    0.34,
    0.34,
    0.32,
    0.32,
    0.32000000154711417,
    0.32,
    0.32000000050856586,
    0.33999999894599997,
    0.3200000017306469,
    0.33,
    0.33,
    0.31,
    0.33,
    0.3100000029634936,
    0.31,
    0.310000003638182,
    0.3100000016137097,
    0.32999997547038223,
    0.31,
    0.31,
    0.31,
    0.31,
    0.32,
    0.31000000408284056,
    0.3100000023639134,
    0.3100000004077273,
    0.32,
    0.3300000804000707,
    0.33,
    0.3300000030681171,
    0.3300000050250002,
    0.3300000088859427,
    0.33000000134,
    0.34,
    0.33,
    0.34,
    0.3300011390208441,
    0.33,
    0.35,
    0.33,
    0.33000001608000123,
    0.33,
    0.3300000804000707,
    0.33,
    0.34999999533333326,
    0.3300000375200129,
    0.3499992124978344,
    0.33,
    0.33000001608000123,
    0.33,
    0.3300000804000707,
    0.3499999922222221,
    0.35,
    0.3300000030339625,
    0.3300000804000707,
    0.3300000030339625,
    0.33000000363389853,
    0.33000000363389853,
    0.33000000067,
    0.34999999491935474,
    0.3300000375200129,
    0.34999999533333326,
    0.34,
    0.3300000044666726,
    0.3300000375200129,
    0.35,
    0.33,
    0.3300000804000707,
    0.33000001608000123,
    0.3200000194285764,
    0.3200000054400005,
    0.33,
    0.32,
    0.32000000980180227,
    0.3499999334238895,
    0.3300000804000707,
    0.33,
    0.34,
    0.3300000001260472,
    0.34,
    0.34,
    0.34,
    0.34000000088000004,
    0.36999999372121206,
    0.3641891805652634,
    0.34,
    0.33000000076823244,
    0.34,
    0.34000003473687684,
    0.34000007333340665,
    0.3400001164707047,
    0.3699992044977328,
    0.3400000158400012,
    0.3400000158400012,
    0.340000165000165,
    0.34,
    0.3400001440002304,
    0.34,
    0.34,
    0.34,
    0.34,
    0.34,
    0.34,
    0.36999986309991373,
    0.34,
    0.34,
    0.34,
    0.34,
    0.34,
    0.34,
    0.3400001056000359,
    0.36999983642095274,
    0.3300000211579163,
    0.3300000804000707,
    0.3609755958453293,
    0.3300000067000044,
    0.3300000375200129,
    0.33,
    0.33,
    0.36999998400785766,
    0.3300000804000707,
    0.3300000804000707,
    0.3300000203030707,
    0.33000000781666916,
    0.3300000804000707,
    0.3300006700067745,
    0.36639263207006845,
    0.33,
    0.33000000022002635,
    0.34,
    0.33,
    0.33,
    0.3400001056000359,
    0.34,
    0.34,
    0.34000007040003943,
    0.35999987039991704,
    0.340000013588237,
    0.34000007040003943,
    0.3400000308000037,
    0.34000007040003943,
    0.3400001056000359,
    0.3400001056000359,
    0.35,
    0.3400000251030165,
    0.350000024809172,
    0.35999999391549287,
    0.3500000020155039,
    0.35000009750003414,
    0.35,
    0.36,
    0.36,
    0.35999999391549287,
    0.3500000020155039,
    0.35,
    0.35000325020042905,
    0.35000009750003414,
    0.35999999391549287,
    0.3500000020155039,
    0.3500000212071806,
    0.35000009750003414,
    0.35,
    0.36,
    0.35,
    0.36,
    0.35,
    0.35000009750003414,
    0.35999999391549287,
    0.3500000020155039,
    0.35000003421056053,
    0.36,
    0.35,
    0.36,
    0.36,
    0.36,
    0.36,
    0.36,
    0.36,
    0.36,
    0.36,
    0.3699999960465753,
    0.36,
    0.36,
    0.36,
    0.36,
    0.36,
    0.36,
    0.36,
    0.34,
    0.34000031565339534,
    0.35999971826047755,
    0.34000007333340665,
    0.34000000282857146,
    0.34,
    0.3512571935285071,
    0.34000003960001346,
    0.3400000055578953,
    0.34,
    0.3499992124978344,
    0.34000003960001346,
    0.35,
    0.34,
    0.34000000742500036,
    0.34000003967936426,
    0.34000007040003943,
    0.34000007040003943,
    0.34000004950000867,
    0.34,
    0.34,
    0.34,
    0.34,
    0.3400000904110084,
    0.3400000121000008,
    0.34,
    0.3400000144000023,
    0.34,
    0.34,
    0.34,
    0.34,
    0.34998249912495627,
    0.34,
    0.34,
    0.3499999830097079,
    0.3499999839583327,
    0.3499999574324261,
    0.34,
    0.34000028285742573,
    0.3400000158400012,
    0.340000100138054,
    0.34000010083338794,
    0.34000010083338794,
    0.34000010083338794,
    0.34000003960001346,
    0.34000003960001346,
    0.3400004620019866,
    0.34,
    0.34,
    0.3400001056000359,
    0.34,
    0.35999976959968666,
    0.3400000423323835,
    0.34,
    0.34,
    0.34000003960001346,
    0.34,
    0.3400000158400012,
    0.35999987039991704,
    0.34,
    0.3400000158400012,
    0.3500000059090919,
    0.3599999937599999,
    0.35,
    0.35000000130000003,
    0.35,
    0.35,
    0.35,
    0.35,
    0.35,
    0.35,
    0.359999997696,
    0.35000006500003683,
    0.3500000325000114,
    0.35000000130000003,
    0.35,
    0.35,
    0.35,
    0.35000000650000057,
    0.3500000007303371,
    0.3500000325000114,
    0.340000000396,
    0.34,
    0.34000000880000103,
    0.34000000502181205,
    0.35000009750003414,
    0.3660178199868135,
    0.35999987039991704,
    0.3599999983135135,
    0.36,
    0.35,
    0.36,
    0.35,
    0.3500000325000114,
    0.36,
    0.35,
    0.35,
    0.36,
    0.36,
    0.35,
    0.35,
    0.36,
    0.35,
    0.36,
    0.33,
    0.36,
    0.36,
    0.36,
    0.33000001608000123,
    0.3300000804000707,
    0.33000001608000123,
    0.3300000804000707,
    0.33000001443077004,
    0.3300000375200129,
    0.3300000804000707,
    0.3300000804000707,
    0.3300000804000707,
    0.36,
    0.3300000804000707,
    0.33,
    0.33,
    0.3300000804000707,
    0.35999987039991704,
    0.35999976959968666,
    0.3300000804000707,
    0.3300000804000707,
    0.3300000804000707,
    0.33000005583379394,
    0.33,
    0.36,
    0.35999987039991704,
    0.3300000804000707,
    0.35999987039991704,
    0.33000000335000024,
    0.3300000804000707,
    0.3300000804000707,
    0.3300000375200129,
    0.3300000804000707
]
