[
    0.11999999596799997,
    0.12,
    0.05,
    0.07000001860008333,
    0.14,
    0.27,
    0.12000000003660614,
    0.15,
    0.1,
    0.07000001860008333,
    0.06,
    0.2099999992545,
    0.2799999731199972,
    0.3,
    0.3,
    0.3,
    0.3,
    0.2999999988535032,
    0.3,
    0.29,
    0.3800000136400011,
    0.34,
    0.350000020061734,
    0.5300000001457,
    0.540000000506,
    0.660000005137051,
    0.670000001265,
    0.6700000010576923,
    0.8199999376799798,
    0.8,
    0.78,
    0.7799999984399996,
    0.77,
    0.68,
    0.71,
    0.7300000837000159,
    0.7300000630000063,
    0.7300000318600026,
    0.73,
    0.7300000085512133,
    0.7300000194400006,
    0.8,
    0.8,
    0.8,
    0.8,
    0.650000070000021,
    0.61,
    0.55,
    0.49,
    0.4400000224000036,
    0.52,
    0.5799999953599991,
    0.53,
    0.5155133022199312,
    0.51,
    0.55,
    0.5799977959642946,
    0.579999997912,
    0.5799977959642946,
    0.57,
    0.5699998232997013,
    0.5699999334999635,
    0.5600000018723404,
    0.56,
    0.57,
    0.5600000105600008,
    0.57,
    0.569999383781119,
    0.5699994933309689,
    0.5600000032685715,
    0.57,
    0.560000070400024,
    0.5699991190842622,
    0.5699999059499214,
    0.5699999985749998,
    0.5500020250111376,
    0.5699999947193458,
    0.5699999947193458,
    0.5500000050542869,
    0.5500000450000045,
    0.5699999959153093,
    0.5699999942999997,
    0.550000003068182,
    0.55,
    0.5500000004080152,
    0.5699999996531978,
    0.5699999662055223,
    0.5500000787500255,
    0.5500037500937524,
    0.5799990842071523,
    0.5741570089450552,
    0.569385774874157,
    0.5500000375000094,
    0.5699998232997013,
    0.57,
    0.5500000034030754,
    0.5699998232997013,
    0.5500000375000094,
    0.5500000375000094,
    0.5699994869953317,
    0.5500000168750036,
    0.56999999309593,
    0.57,
    0.56,
    0.550000018937273,
    0.56,
    0.56,
    0.5699999429999539,
    0.5699999989769231,
    0.5600000070400001,
    0.5699998232997013,
    0.5600000293333411,
    0.57,
    0.5600000297846179,
    0.5699999809116267,
    0.5600000105600008,
    0.56,
    0.5699999634161439,
    0.5600000218633575,
    0.569999973949944,
    0.5600000176000013,
    0.5699999952499997,
    0.560000016133334,
    0.5699999655392122,
    0.5600000205333358,
    0.5699999555399857,
    0.5600000352000042,
    0.5699999985749998,
    0.5600000264000017,
    0.5699999334999635,
    0.56,
    0.57,
    0.5699999555399857,
    0.5699998232997013,
    0.5600000352000042,
    0.5699999925899997,
    0.56,
    0.57,
    0.56,
    0.57,
    0.5699998232997013,
    0.569999999145,
    0.56,
    0.5699993455538831,
    0.57,
    0.56,
    0.57,
    0.56,
    0.57,
    0.56,
    0.57,
    0.56,
    0.57,
    0.56,
    0.57,
    0.56,
    0.57,
    0.56,
    0.5699994869953317,
    0.57,
    0.56,
    0.560000070400024,
    0.57,
    0.56,
    0.57,
    0.56,
    0.5699999939199997,
    0.56,
    0.57,
    0.5600001394060344,
    0.56,
    0.5699994299720686,
    0.57,
    0.5600000070400001,
    0.56,
    0.56,
    0.569999831111036,
    0.5600000651852238,
    0.57,
    0.57,
    0.57,
    0.56,
    0.57,
    0.56,
    0.57,
    0.56,
    0.57,
    0.56,
    0.57,
    0.56,
    0.5600001936001084,
    0.56,
    0.5799998259997042,
    0.5799999860799989,
    0.57,
    0.5600000344535102,
    0.5799999922666654,
    0.57,
    0.58,
    0.5899999952799998,
    0.58,
    0.5899998465998865,
    0.58,
    0.5899999992233436,
    0.5800001764001023,
    0.58,
    0.59,
    0.58,
    0.59,
    0.58,
    0.59,
    0.58,
    0.58,
    0.59,
    0.58,
    0.58,
    0.59,
    0.59,
    0.58,
    0.59,
    0.58,
    0.59,
    0.58,
    0.59,
    0.57,
    0.5870619220872714,
    0.57,
    0.5799999900571416,
    0.58,
    0.56,
    0.5600001936001084,
    0.5600193610842207,
    0.59,
    0.56,
    0.5600000704676941,
    0.5600000572000069,
    0.5600001936001084,
    0.56,
    0.560000070400024,
    0.59,
    0.56,
    0.5899999675499855,
    0.59,
    0.5600001936001084,
    0.56,
    0.5899998465998865,
    0.5899992624824839,
    0.5899999675499855,
    0.589996881400504,
    0.5600000105600008,
    0.59,
    0.56,
    0.59,
    0.59,
    0.5899999675499855,
    0.59,
    0.56,
    0.5899999893799996,
    0.59,
    0.56,
    0.5600000039774011,
    0.57,
    0.5828217229232081,
    0.56,
    0.5699999059499214,
    0.58,
    0.5799995166630416,
    0.5799944319420922,
    0.58,
    0.56,
    0.5600001169500309,
    0.579999733199856,
    0.58,
    0.5799994895994284,
    0.579999733199856,
    0.579999733199856,
    0.5899992624824839,
    0.5700013616850494,
    0.57,
    0.589999974540334,
    0.5700000068800006,
    0.5899992624824839,
    0.570000049450019,
    0.59,
    0.6,
    0.570000049450019,
    0.5899972465877356,
    0.5700001720001032,
    0.5899932147387674,
    0.57,
    0.5899811187160727,
    0.5700094607379376,
    0.589999999056,
    0.5700000702333453,
    0.570000049450019,
    0.59,
    0.59,
    0.57,
    0.5899999675499855,
    0.5700000702333453,
    0.5700001720001032,
    0.59,
    0.57,
    0.57,
    0.5899999917674401,
    0.5600001936001084,
    0.599999939999976,
    0.5600000572000069,
    0.6,
    0.56,
    0.5999999062499414,
    0.5600000761707443,
    0.6,
    0.6,
    0.5999939997599903,
    0.6,
    0.5999939997599903,
    0.599999939999976,
    0.599999939999976,
    0.5899999675499855,
    0.5899999272332938,
    0.5899999704999955,
    0.5899999704999955,
    0.59,
    0.5900000164000027,
    0.6,
    0.59,
    0.58,
    0.5799999013999182,
    0.59,
    0.5899999946899995,
    0.5899997257740028,
    0.59,
    0.59,
    0.5899999877083285,
    0.59,
    0.5899999792407377,
    0.59,
    0.56,
    0.5899999541110892,
    0.5899998869165941,
    0.59,
    0.57,
    0.6,
    0.5600001936001084,
    0.5700000129000022,
    0.6,
    0.5700001720001032,
    0.6,
    0.6,
    0.6,
    0.56,
    0.6,
    0.5600010560080256,
    0.6,
    0.56,
    0.6,
    0.5600001936001084,
    0.6,
    0.6,
    0.6,
    0.56,
    0.6,
    0.56,
    0.59,
    0.56,
    0.6,
    0.5600000182952194,
    0.6,
    0.56,
    0.5600000150243916,
    0.57,
    0.59,
    0.59,
    0.59,
    0.56,
    0.6,
    0.56,
    0.57,
    0.6,
    0.57,
    0.6,
    0.57,
    0.59,
    0.57,
    0.59,
    0.57,
    0.5700000618493485,
    0.5899998989725509,
    0.6,
    0.5700000344000058,
    0.5700001720001032,
    0.5700009675026606,
    0.6,
    0.6,
    0.6,
    0.57,
    0.6,
    0.57,
    0.57,
    0.6,
    0.6,
    0.57,
    0.6,
    0.57,
    0.5917743326631486,
    0.570000049450019,
    0.59,
    0.5700003547505942,
    0.5899994837491611,
    0.57,
    0.5899998465998865,
    0.5700000147428588,
    0.5870646628895314,
    0.5899999946899995,
    0.5899999946899995,
    0.59,
    0.58,
    0.57,
    0.570000049450019,
    0.5899999893799996,
    0.59,
    0.56,
    0.6,
    0.6,
    0.599999939999976,
    0.58615,
    0.5699998232997013,
    0.6,
    0.6,
    0.599999939999976,
    0.599999939999976,
    0.5988920497080401,
    0.59,
    0.59,
    0.56,
    0.5899998465998865,
    0.5899990559952171,
    0.5899999958625524,
    0.57,
    0.5899999946899995,
    0.5899999924132013,
    0.5700000157666678,
    0.58,
    0.609999859699892,
    0.609999859699892,
    0.6099996217994781,
    0.72,
    0.5900001763001005,
    0.8499999829999799,
    0.8499999829999799,
    0.5800000168000027,
    0.5100010780191887,
    0.9345132562925709
]
