[
    0.001,
    0.001,
    0.001,
    0.001,
    0.001,
    0.001,
    0.001,
    0.01,
    0.01,
    0.01,
    0.03,
    0.01,
    0.01,
    0.021526870146844006,
    0.01,
    0.01,
    0.01,
    0.01,
    0.01,
    0.01,
    0.01,
    0.02,
    0.02,
    0.02,
    0.05,
    0.05,
    0.05,
    0.03,
    0.07,
    0.07,
    0.08806853426713357,
    0.04,
    0.08,
    0.07,
    0.05,
    0.05,
    0.05,
    0.05,
    0.05,
    0.030000001940002324,
    0.04,
    0.03,
    0.054463157894736845,
    0.06,
    0.06,
    0.04,
    0.04,
    0.07,
    0.08999999189999992,
    0.09,
    0.09,
    0.1,
    0.1,
    0.1,
    0.11,
    0.12,
    0.15,
    0.15,
    0.11,
    0.12,
    0.13,
    0.13,
    0.14,
    0.13000000573485582,
    0.14,
    0.15,
    0.15,
    0.15,
    0.15,
    0.15,
    0.19,
    0.15,
    0.15,
    0.15,
    0.18926338401786671,
    0.18,
    0.15,
    0.15000001700002005,
    0.1500000011213721,
    0.16,
    0.16,
    0.14,
    0.15,
    0.15,
    0.15,
    0.15,
    0.16,
    0.1694712,
    0.13,
    0.16,
    0.16,
    0.17,
    0.17,
    0.17,
    0.1699999758599986,
    0.17,
    0.17,
    0.17,
    0.33,
    0.33,
    0.33,
    0.33,
    0.3,
    0.32999999669999996,
    0.33,
    0.32,
    0.3137254901960784,
    0.32,
    0.31,
    0.31,
    0.31,
    0.3,
    0.29,
    0.2899999640399973,
    0.28,
    0.25,
    0.23,
    0.21999997271999794,
    0.22,
    0.22999999836531626,
    0.2,
    0.22999996917999796,
    0.22999995032543982,
    0.21000001024643705,
    0.22,
    0.21,
    0.22,
    0.21999985479995063,
    0.18,
    0.18,
    0.19,
    0.2,
    0.19,
    0.18,
    0.18,
    0.18,
    0.18,
    0.18,
    0.18,
    0.18,
    0.17,
    0.17,
    0.17,
    0.13,
    0.11,
    0.11,
    0.17999998703999964,
    0.12,
    0.16,
    0.1699997449998725,
    0.18,
    0.18,
    0.18,
    0.19,
    0.19,
    0.19,
    0.17000000253048794,
    0.19,
    0.19,
    0.19,
    0.2,
    0.1400000860004214,
    0.22,
    0.23,
    0.23,
    0.2,
    0.21,
    0.23,
    0.22,
    0.2,
    0.2,
    0.19000000008256882,
    0.2,
    0.2,
    0.15,
    0.2,
    0.2,
    0.18999993729998935,
    0.13000000019115418,
    0.16,
    0.2,
    0.21,
    0.18,
    0.18000000058727905,
    0.19998849325576937,
    0.18,
    0.19,
    0.19,
    0.19,
    0.19,
    0.19,
    0.19,
    0.19,
    0.1700000009229681,
    0.19,
    0.19,
    0.19,
    0.19000002592001472,
    0.19000000966587333,
    0.18,
    0.2,
    0.15,
    0.1699999758599986,
    0.13,
    0.13,
    0.12000000008595248,
    0.13,
    0.13000000174000104,
    0.15,
    0.14,
    0.15,
    0.15,
    0.13,
    0.13,
    0.1700000442667381,
    0.1757812489643097,
    0.13,
    0.13000000038383483,
    0.2,
    0.21,
    0.21,
    0.21,
    0.2,
    0.2,
    0.21,
    0.22999996032499692,
    0.2,
    0.2,
    0.21,
    0.21,
    0.21,
    0.21,
    0.21000001738001353,
    0.24,
    0.24,
    0.23,
    0.24,
    0.23999999974912892,
    0.25,
    0.25,
    0.23,
    0.24,
    0.25,
    0.26,
    0.21,
    0.25,
    0.22,
    0.21,
    0.27,
    0.27,
    0.27,
    0.2699999807999992,
    0.30454486663537367,
    0.23000000377282867,
    0.25,
    0.24,
    0.27999957999958,
    0.27,
    0.23,
    0.24950408931585097,
    0.23,
    0.23,
    0.2799999731199972,
    0.24,
    0.24,
    0.23000000012769486,
    0.25,
    0.23,
    0.25,
    0.25,
    0.25,
    0.19,
    0.18,
    0.2570016417957437,
    0.1800000065600016,
    0.19,
    0.18999999075333315,
    0.15,
    0.17,
    0.14,
    0.16,
    0.15,
    0.13000000016307026,
    0.13,
    0.170000000166,
    0.2,
    0.16,
    0.15000000769928087,
    0.22,
    0.22,
    0.23,
    0.22,
    0.22000008139157895,
    0.23,
    0.2699999974542857,
    0.2799999731199972,
    0.21,
    0.3,
    0.33,
    0.33,
    0.3,
    0.35,
    0.36,
    0.35,
    0.36,
    0.36,
    0.39,
    0.4,
    0.39,
    0.42,
    0.43,
    0.42,
    0.4,
    0.42999999641334563,
    0.42999999612999984,
    0.44,
    0.43,
    0.4399999888842102,
    0.43,
    0.44,
    0.44,
    0.45,
    0.45,
    0.45,
    0.45,
    0.46,
    0.46,
    0.48,
    0.48,
    0.5,
    0.49,
    0.49,
    0.49000000142800004,
    0.51,
    0.49,
    0.49,
    0.5,
    0.5199999586069479,
    0.5339894,
    0.52,
    0.5299998780999061,
    0.5299999151999797,
    0.52,
    0.49,
    0.46,
    0.47,
    0.4899999977133332,
    0.49,
    0.45,
    0.45,
    0.45,
    0.45,
    0.45,
    0.45,
    0.47,
    0.43000000104632924,
    0.44,
    0.47,
    0.46,
    0.46,
    0.46,
    0.44,
    0.42,
    0.45,
    0.45,
    0.45,
    0.3900000035593756,
    0.4,
    0.4,
    0.42,
    0.43,
    0.43,
    0.43,
    0.44,
    0.45,
    0.41,
    0.42,
    0.42,
    0.42,
    0.43,
    0.41,
    0.4477940713701303,
    0.42999996559999415,
    0.4299999931199994,
    0.43,
    0.44,
    0.4599999999432786,
    0.45,
    0.44000000662584704,
    0.48,
    0.45000000214843755,
    0.45,
    0.4699999995488,
    0.45,
    0.44999999946,
    0.45,
    0.45,
    0.46,
    0.46,
    0.4799999827199989,
    0.51,
    0.5040420371867421,
    0.5,
    0.49,
    0.49,
    0.49,
    0.49,
    0.52,
    0.52,
    0.5199999833599972,
    0.4900000302066139,
    0.49000002142000126,
    0.52,
    0.5,
    0.5,
    0.49000000001650484,
    0.52,
    0.49,
    0.52,
    0.490000043350018,
    0.5196078430226355,
    0.49,
    0.5,
    0.52,
    0.5199999833599972,
    0.51,
    0.5100000066294119,
    0.5,
    0.5,
    0.51,
    0.5,
    0.51,
    0.51,
    0.5,
    0.51,
    0.51,
    0.5,
    0.52,
    0.52,
    0.5100000186200011,
    0.5100000040686923,
    0.5199999812799988,
    0.52,
    0.51,
    0.52,
    0.52,
    0.52,
    0.52,
    0.51,
    0.51,
    0.51,
    0.5100000186200011,
    0.52,
    0.5199999997759225,
    0.52,
    0.52,
    0.52,
    0.52,
    0.52,
    0.52,
    0.51,
    0.52,
    0.52,
    0.52,
    0.51,
    0.5199999975039999,
    0.5199999424221318,
    0.519999999792,
    0.51,
    0.5199999890845477,
    0.519999999792,
    0.52,
    0.5100000069176474,
    0.51,
    0.519999999466735,
    0.52,
    0.51,
    0.51,
    0.52,
    0.52,
    0.5199999826666644,
    0.52,
    0.51,
    0.5199999334399819,
    0.52,
    0.5199999999541838,
    0.52,
    0.5199999937599997,
    0.5199999867092613,
    0.5199999812799988,
    0.5199999836381504,
    0.52,
    0.5199999937599997,
    0.52,
    0.51,
    0.5100000053004811,
    0.52,
    0.5100000001040172,
    0.5199999898930993,
    0.5100000465500188,
    0.52,
    0.52,
    0.5199999833599972,
    0.5199999826666644,
    0.5,
    0.52,
    0.519999999532,
    0.519999998336,
    0.51,
    0.51,
    0.51,
    0.52,
    0.52,
    0.51999999792,
    0.5199999998336,
    0.5199999958399999,
    0.519999998959896,
    0.5199999812799988,
    0.519999998336,
    0.51,
    0.5100001668011318,
    0.5199999861333291,
    0.5199999334399819,
    0.52,
    0.51,
    0.51,
    0.5199999908479997,
    0.5100000061250002,
    0.5100001715001115,
    0.5199999229629336,
    0.5,
    0.5199999908479997,
    0.52,
    0.52,
    0.5,
    0.51,
    0.5199999990545454,
    0.51,
    0.5,
    0.5,
    0.5,
    0.51,
    0.52,
    0.5,
    0.52,
    0.5199999908479997,
    0.52,
    0.5,
    0.5197401205713982,
    0.51,
    0.51,
    0.5199999998683544,
    0.5,
    0.519999998336,
    0.5,
    0.5,
    0.5,
    0.5,
    0.5199999817999984,
    0.5,
    0.5,
    0.5,
    0.5,
    0.5199999877647051,
    0.5,
    0.5199999812799988,
    0.5,
    0.5,
    0.5,
    0.51,
    0.52,
    0.52,
    0.5100000465500188,
    0.519999999584,
    0.5199999997075365,
    0.5099999598991887,
    0.51,
    0.51,
    0.5100000128625013,
    0.52,
    0.5100000196000032,
    0.52,
    0.529999965451849,
    0.5100000006867554,
    0.5299999816266648,
    0.53,
    0.53,
    0.51,
    0.5100000049000016,
    0.53,
    0.53,
    0.5100001715001115,
    0.51,
    0.51,
    0.5299999650199954,
    0.51,
    0.5299998780999061,
    0.53,
    0.5100000011302476,
    0.5299999989812394,
    0.5100000186200011,
    0.5299999899299992,
    0.52,
    0.5100003062505742,
    0.5100000544444518,
    0.5299999955833321,
    0.5299999807272384,
    0.51,
    0.5283695494332825,
    0.5,
    0.5,
    0.529999990724999,
    0.53,
    0.5299999883399997,
    0.51,
    0.5,
    0.529999999337882,
    0.51,
    0.5,
    0.53,
    0.53,
    0.53,
    0.53,
    0.52,
    0.54,
    0.5200000172800011,
    0.52,
    0.54,
    0.52,
    0.53,
    0.5299999899299992,
    0.5200001728001106,
    0.51,
    0.55,
    0.5499999807499988,
    0.5499999955999999,
    0.55,
    0.5499999807499988,
    0.5100000131250035,
    0.5100000001419287,
    0.51,
    0.5327138651729437,
    0.5100000186200011,
    0.5100000011943452,
    0.52,
    0.5100000196000032,
    0.5100001715001115,
    0.510000004447807,
    0.52,
    0.519999989599995,
    0.5100001715001115,
    0.52,
    0.52,
    0.5100000009514564,
    0.5199999986133332,
    0.52,
    0.5100000004817992,
    0.51,
    0.5100000186200011,
    0.5199998688287437,
    0.5199999975733333,
    0.519999998927835,
    0.5199999997210301,
    0.5199999937599997,
    0.5199999812799988,
    0.519999989599995,
    0.5,
    0.5199999809174144,
    0.52,
    0.5,
    0.5199999812799988,
    0.52,
    0.5199999149090662,
    0.5199999554285434,
    0.5199999149090662,
    0.5,
    0.5,
    0.5199999833599972,
    0.5,
    0.5,
    0.5,
    0.5199999833599972,
    0.51,
    0.5,
    0.5,
    0.5,
    0.52,
    0.53,
    0.5299999899299992,
    0.5299998780999061,
    0.5299999984770115,
    0.5,
    0.5,
    0.5299998780999061,
    0.5299999896078421,
    0.5,
    0.5299998780999061,
    0.53,
    0.49,
    0.5299998780999061,
    0.49000003484473975,
    0.5299999982333332,
    0.5192047,
    0.5,
    0.4900000204000033,
    0.5,
    0.5,
    0.49,
    0.5,
    0.5,
    0.49,
    0.5,
    0.5,
    0.5,
    0.5,
    0.49,
    0.5,
    0.49,
    0.5,
    0.49,
    0.52,
    0.49,
    0.4900001683001128,
    0.52,
    0.49,
    0.52,
    0.5199999812799988,
    0.4900001683001128,
    0.4900001683001128,
    0.4900001683001128
]
