[
    0.05999999689014083,
    0.059999972399998894,
    0.06,
    0.06,
    0.1,
    0.060386163476817904,
    0.07357268981753973,
    0.05,
    0.16,
    0.06999998739999974,
    0.1,
    0.09,
    0.05,
    0.05,
    0.05,
    0.05,
    0.05,
    0.05,
    0.06,
    0.06,
    0.06,
    0.08,
    0.02,
    0.06,
    0.06,
    0.01,
    0.04,
    0.06,
    0.06000000031333336,
    0.06000000096435001,
    0.06,
    0.06,
    0.06,
    0.06,
    0.05,
    0.05,
    0.11,
    0.2,
    0.2,
    0.2,
    0.24,
    0.19,
    0.24,
    0.28,
    0.32,
    0.52,
    0.5399998545558298,
    0.65,
    0.65,
    0.7000000019904898,
    0.71,
    0.7,
    0.7,
    0.67,
    0.7,
    0.7,
    0.6700000020526155,
    0.6554742521643404,
    0.63,
    0.5813846153846154,
    0.57,
    0.5,
    0.58,
    0.58,
    0.66,
    0.6300000022327586,
    0.62,
    0.65,
    0.65,
    0.62,
    0.5500001391753582,
    0.55,
    0.59,
    0.59,
    0.59,
    0.58,
    0.62,
    0.59,
    0.6199999938518747,
    0.57,
    0.55,
    0.54,
    0.48,
    0.4500000004886283,
    0.4910455302781432,
    0.48999991179995706,
    0.3800000062807527,
    0.44,
    0.5,
    0.5300000070500003,
    0.53,
    0.52,
    0.49,
    0.4100000048885717,
    0.3500000130000006,
    0.41,
    0.42,
    0.37,
    0.36,
    0.36,
    0.38,
    0.3800000018600001,
    0.3800000008626087,
    0.42,
    0.39,
    0.36,
    0.30000000014,
    0.2,
    0.17000000018977227,
    0.19,
    0.23,
    0.21,
    0.2,
    0.24,
    0.21000000194262308,
    0.19000000093725897,
    0.2,
    0.2399999673599979,
    0.25,
    0.26,
    0.27,
    0.26,
    0.26,
    0.27,
    0.3,
    0.32,
    0.37,
    0.3700000819000303,
    0.45,
    0.41,
    0.35,
    0.3300000050250002,
    0.32,
    0.33,
    0.2600000105213277,
    0.28,
    0.29,
    0.36,
    0.3300001340001008,
    0.45,
    0.44000000151629437,
    0.44000000391608457,
    0.49,
    0.49,
    0.49,
    0.4900000010060164,
    0.5,
    0.5,
    0.5,
    0.49000000442000025,
    0.49000000153,
    0.4900000089250003,
    0.49000000442000025,
    0.49000000157384277,
    0.490000016767125,
    0.4900000089250003,
    0.49000001988858416,
    0.49,
    0.5,
    0.49,
    0.4800000013756614,
    0.48000000416000005,
    0.49,
    0.49,
    0.49,
    0.49,
    0.49,
    0.4899999975499998,
    0.48,
    0.48,
    0.49,
    0.48,
    0.48000000138666676,
    0.48,
    0.48,
    0.480000024280164,
    0.5,
    0.5,
    0.48,
    0.4800000138666709,
    0.480000010348259,
    0.49,
    0.4800000032574032,
    0.48000000041602775,
    0.48,
    0.4700000015561772,
    0.48,
    0.48,
    0.48,
    0.48,
    0.48,
    0.48000001890909194,
    0.48,
    0.48,
    0.48,
    0.4800000091520002,
    0.48,
    0.4800000166400028,
    0.48000000166400003,
    0.48000000416000005,
    0.5,
    0.5,
    0.5,
    0.5,
    0.48000011555617184,
    0.48,
    0.4800000166400028,
    0.5,
    0.49,
    0.48,
    0.5,
    0.4900001683001128,
    0.48,
    0.48000044255375646,
    0.4800000091520002,
    0.480000010400005,
    0.5,
    0.52,
    0.5,
    0.4700000116600003,
    0.4700000349800047,
    0.47,
    0.5,
    0.4700000287714311,
    0.47000004946667856,
    0.47000004946667856,
    0.4600000345600047,
    0.47,
    0.4600012342917094,
    0.46000000772258764,
    0.46,
    0.47,
    0.470000001378,
    0.47000187539240545,
    0.4600000097200008,
    0.5,
    0.46000002880000807,
    0.46,
    0.4600000345600047,
    0.5,
    0.5,
    0.4600002668237115,
    0.46,
    0.49,
    0.4600000001956017,
    0.47,
    0.4700000349800047,
    0.45000000995200445,
    0.47,
    0.470000001378,
    0.47000000636000017,
    0.48999998039999687,
    0.47000005687805657,
    0.47,
    0.48,
    0.47,
    0.4799999827199989,
    0.47,
    0.4700018309194106,
    0.4700001490626444,
    0.4700000349800047,
    0.4700000349800047,
    0.4700018309194106,
    0.47,
    0.4699998777999096,
    0.44000005040000806,
    0.44000005040000806,
    0.4400000336000148,
    0.4400000191726154,
    0.45,
    0.4500000275000124,
    0.45000003666667643,
    0.44,
    0.4400000224000036,
    0.44000005090910943,
    0.4400000224000036,
    0.44,
    0.42,
    0.42,
    0.42,
    0.42,
    0.42000001338462023,
    0.41000015340011353,
    0.41000059000531003,
    0.4100013907209413,
    0.30000002800000447,
    0.17000066403267042,
    0.17000059287365862,
    0.35,
    0.16,
    0.35000005038763204,
    0.44,
    0.44,
    0.43,
    0.35,
    0.35000000650000057,
    0.439999933584853,
    0.35000005909092163,
    0.15,
    0.48999999387499976,
    0.1100000890004361,
    0.9299999906998978
]
