[
    0.999,
    0.999,
    0.999,
    0.999,
    0.999,
    0.999,
    0.999,
    0.999,
    0.999,
    0.999,
    0.999,
    0.999,
    0.999,
    0.999,
    0.999,
    0.999,
    0.999,
    0.999,
    0.999,
    0.999,
    0.999,
    0.999,
    0.999,
    0.999,
    0.999,
    0.999,
    0.999,
    0.995,
    0.995,
    0.99,
    0.99,
    0.99,
    0.9700000188992048,
    0.989946949602122,
    0.97,
    0.98,
    0.93,
    0.979168,
    0.93,
    0.9,
    0.9730823921758703,
    0.95,
    0.94,
    0.940000003724138,
    0.941,
    0.94,
    0.94,
    0.94000000216,
    0.94,
    0.95,
    0.95,
    0.95,
    0.95,
    0.95,
    0.95,
    0.95,
    0.74,
    0.94,
    0.94,
    0.95,
    0.95,
    0.93,
    0.95,
    0.95,
    0.95,
    0.95,
    0.9,
    0.95,
    0.92,
    0.9,
    0.9484703324906332,
    0.91,
    0.91,
    0.95,
    0.92,
    0.9199999292300942,
    0.92,
    0.92,
    0.919999996319999,
    0.92,
    0.8700000327181235,
    0.9,
    0.8601266611088347,
    0.8,
    0.9,
    0.87,
    0.87,
    0.8600000112000002,
    0.8699999912999827,
    0.8599999986239998,
    0.8556471692090423,
    0.8200000244800015,
    0.8200001296000363,
    0.8599960540893293,
    0.7400000161200007,
    0.7699999857505133,
    0.7400000055466668,
    0.74,
    0.7699988022107767,
    0.75,
    0.74000000728,
    0.74,
    0.75,
    0.75,
    0.75,
    0.7499997187498242,
    0.71,
    0.69,
    0.7,
    0.74,
    0.7,
    0.7,
    0.7,
    0.7000000546050336,
    0.68,
    0.68,
    0.68,
    0.68,
    0.68,
    0.73,
    0.73,
    0.73,
    0.73,
    0.72,
    0.727,
    0.6900000159983085,
    0.7156884289917297,
    0.6699999915133323,
    0.6699999932999956,
    0.6699999195999292,
    0.63,
    0.6299999914949993,
    0.6099998149665994,
    0.570000002939836,
    0.6299999453999683,
    0.64,
    0.64,
    0.64,
    0.63,
    0.627022686888951,
    0.56,
    0.55,
    0.5933749399903985,
    0.5400000129027097,
    0.56,
    0.59,
    0.5899999675499855,
    0.5600000726605718,
    0.589999999575234,
    0.55,
    0.6,
    0.5500000375000094,
    0.5500000723214428,
    0.55,
    0.5500000045000001,
    0.6099998149665994,
    0.55,
    0.4923561688999835,
    0.46,
    0.48604746069775234,
    0.4499999991930663,
    0.4499999470587986,
    0.45,
    0.449999997975,
    0.4,
    0.38305799405297114,
    0.3499999842499991,
    0.35,
    0.3699999660833308,
    0.36,
    0.36,
    0.38,
    0.38,
    0.38,
    0.38,
    0.35,
    0.389058995208636,
    0.3744404911120416,
    0.35,
    0.35000000650000057,
    0.35,
    0.35000000650000057,
    0.34,
    0.35,
    0.35,
    0.4015689199751993,
    0.3996490966722116,
    0.3666791679842674,
    0.3819709702062643,
    0.34,
    0.34,
    0.3400000264000065,
    0.35,
    0.35,
    0.35,
    0.39300377699302985,
    0.3499999562499945,
    0.33,
    0.32,
    0.32,
    0.3499999842499991,
    0.31,
    0.31,
    0.31,
    0.31,
    0.31,
    0.32,
    0.32,
    0.32999975249985997,
    0.34,
    0.38,
    0.35,
    0.35,
    0.35,
    0.37,
    0.4313725278738936,
    0.43967654944722856,
    0.4299993480634015,
    0.35,
    0.35,
    0.33932135544997827,
    0.3195,
    0.3000000070000006,
    0.34,
    0.34,
    0.29000001846000134,
    0.29000000301750006,
    0.290000001988,
    0.29,
    0.22,
    0.21,
    0.2852497886307291,
    0.210000000316,
    0.1800000084102574,
    0.25,
    0.24977758007117437,
    0.24509803921568626,
    0.24,
    0.24,
    0.23,
    0.1900000145800012,
    0.19000002592001472,
    0.2,
    0.2,
    0.2,
    0.2,
    0.2,
    0.2,
    0.23,
    0.25999996463999775,
    0.23809523809523808,
    0.19,
    0.1800000065600016,
    0.17000008383846005,
    0.2,
    0.17,
    0.2,
    0.21,
    0.14,
    0.14,
    0.15,
    0.19,
    0.24,
    0.19931903302689818,
    0.19,
    0.14,
    0.15,
    0.15,
    0.13000000014439833,
    0.18999999745399998,
    0.2,
    0.12,
    0.138,
    0.14,
    0.12,
    0.1,
    0.16,
    0.1699999975126618,
    0.1699999971112067,
    0.169999998623,
    0.15,
    0.16,
    0.16,
    0.15,
    0.16,
    0.16,
    0.16,
    0.17,
    0.18999999863199998,
    0.16,
    0.20999997395999803,
    0.21999999683199997,
    0.23,
    0.2,
    0.22999996917999796,
    0.23,
    0.22,
    0.25,
    0.27,
    0.26,
    0.26,
    0.26000000888000036,
    0.27,
    0.27,
    0.26,
    0.26,
    0.26,
    0.26999999041499984,
    0.2799999854399993,
    0.3,
    0.3,
    0.30999999683799995,
    0.3299999480249952,
    0.32,
    0.34,
    0.36,
    0.3599999918233435,
    0.34,
    0.36,
    0.34000002145000197,
    0.35,
    0.35999997695999686,
    0.38,
    0.32,
    0.47,
    0.45,
    0.5299999992696113,
    0.44,
    0.473752711277662,
    0.48,
    0.47999999932924464,
    0.479999999568,
    0.4699998918999708,
    0.45000000440000015,
    0.4500000073008855,
    0.4500000412500072,
    0.4699999978562785,
    0.46,
    0.4400000000591966,
    0.4699999929499998,
    0.46,
    0.45,
    0.45,
    0.45,
    0.45,
    0.46,
    0.46,
    0.48,
    0.47999993087998233,
    0.46,
    0.46,
    0.46,
    0.48,
    0.47999982719988943,
    0.48,
    0.48,
    0.4799999969999999,
    0.45,
    0.48,
    0.45,
    0.45,
    0.45000003666667643,
    0.45000003666667643,
    0.45000004400000526,
    0.45000004400000526,
    0.47999998079999695,
    0.48,
    0.46,
    0.4500000320886983,
    0.45000004400000526,
    0.46000007288344813,
    0.46000005236366304,
    0.4783041380585286,
    0.46,
    0.45,
    0.46,
    0.4600000097200008,
    0.46000018947378396,
    0.4600000097200008,
    0.4799999577506046,
    0.48,
    0.46,
    0.45000000687500025,
    0.45000001925000127,
    0.45000004400000526,
    0.46,
    0.47999998079999695,
    0.4799999827199989,
    0.46000007902441725,
    0.45000000701530785,
    0.45,
    0.48,
    0.48,
    0.4799999519999808,
    0.45000004400000526,
    0.48,
    0.4799999915269191,
    0.4799999833204623,
    0.45000000916666694,
    0.47999999908221797,
    0.45000015277858413,
    0.48,
    0.4400000375419179,
    0.45000000687500025,
    0.47,
    0.45000000010576924,
    0.44,
    0.4400000003607039,
    0.4400011200089601,
    0.47,
    0.47,
    0.4699998918999708,
    0.45,
    0.45,
    0.47999998079999695,
    0.48,
    0.45000003666667643,
    0.4799999996315565,
    0.46,
    0.45,
    0.4799999827199989,
    0.479999949176461,
    0.4500000564102651,
    0.47999999342465716,
    0.4500000129411777,
    0.4799999951999998,
    0.48,
    0.4741818797711078,
    0.450000008270677,
    0.46,
    0.4600000097200008,
    0.46999997114034,
    0.4600000805263391,
    0.47999998079999695,
    0.46,
    0.46,
    0.4799999891999996,
    0.4600000084000003,
    0.46,
    0.47,
    0.47000000059213987,
    0.4799999993731863,
    0.48,
    0.47,
    0.47999827198894074,
    0.4700000308465672,
    0.48,
    0.47,
    0.47,
    0.48,
    0.47,
    0.47000038277962786,
    0.48,
    0.47999998079999695,
    0.4700000100700008,
    0.47,
    0.47,
    0.4799999300404677,
    0.47000006008098916,
    0.4700001219000939,
    0.47999982719988943,
    0.4799999827199989,
    0.47000003533356655,
    0.46,
    0.48999998137999884,
    0.489909375,
    0.46,
    0.4600002492325714,
    0.48,
    0.4799999497381988,
    0.48,
    0.4799999519999808,
    0.46,
    0.4600004536014334,
    0.47999982719988943,
    0.48,
    0.48,
    0.46,
    0.47999998079999695,
    0.46000000194400004,
    0.4780082915321704,
    0.4500000078571433,
    0.46,
    0.4500000298913092,
    0.48999995344998115,
    0.4899048631144412,
    0.45,
    0.45,
    0.4859544221866779,
    0.47999999532972965,
    0.4799999519999808,
    0.45,
    0.47999982719988943,
    0.46,
    0.45,
    0.4899999459649047,
    0.48999982849988855,
    0.46,
    0.4600005890929441,
    0.49,
    0.46,
    0.49,
    0.48,
    0.4799999879999988,
    0.47999753140600143,
    0.48,
    0.47,
    0.4799980799692795,
    0.48,
    0.46,
    0.4499999996832027,
    0.4499999856818173,
    0.42,
    0.41000000146766175,
    0.4499999797499989,
    0.41000001877273007,
    0.449999994807692,
    0.4499999797499989,
    0.41000436614233626,
    0.41000015340011353,
    0.42999999664226446,
    0.4100000010423261,
    0.41000001062000035,
    0.41000059000531003,
    0.42999996559999415,
    0.41,
    0.41,
    0.43,
    0.41,
    0.43,
    0.41000059000531003,
    0.41,
    0.429999277598324,
    0.4100013907209413,
    0.41000003245001443,
    0.4391059752805808,
    0.4337197256011161,
    0.41000003245001443,
    0.41000015340011353,
    0.43618,
    0.41,
    0.4,
    0.44,
    0.40000001631144155,
    0.41,
    0.41000015340011353,
    0.4100000576889089,
    0.43,
    0.43999996479999576,
    0.4399998413114026,
    0.40000007185632186,
    0.44326822560166645,
    0.4399999806167367,
    0.4,
    0.41,
    0.43999997066665886,
    0.43,
    0.4100000536368464,
    0.4299998279998968,
    0.42999996559999415,
    0.41000015340011353,
    0.42999995054998097,
    0.4100005531279385,
    0.42999992723072555,
    0.41000019309119695,
    0.42999995054998097,
    0.4,
    0.400000060000024,
    0.42999995054998097,
    0.41941769937600276,
    0.4,
    0.4,
    0.4,
    0.400000060000024,
    0.4,
    0.4099999403636179,
    0.400000060000024,
    0.4099999362221849,
    0.4,
    0.4000006000024,
    0.40999976436768065,
    0.40000009375005857,
    0.400000060000024,
    0.400000060000024,
    0.4,
    0.40999990538456443,
    0.4,
    0.4099999446499798,
    0.4,
    0.4099999835999974,
    0.4099999446499798,
    0.400000060000024,
    0.41,
    0.41000003245001443,
    0.41000003245001443,
    0.4294588379511477,
    0.41000059000531003,
    0.4199999453999798,
    0.41000015340011353,
    0.41000003245001443,
    0.42999995054998097,
    0.41000003245001443,
    0.4299999870999978,
    0.4100000536368464,
    0.41000003245001443,
    0.4100000727667062,
    0.4299999870999978,
    0.42,
    0.42000009860008186,
    0.41000003245001443,
    0.41000015340011353,
    0.41000002351700066,
    0.43999997359999826,
    0.41000003245001443,
    0.41000003245001443,
    0.41000003245001443,
    0.4399999295999761,
    0.43,
    0.43999999207999974,
    0.41000015340011353,
    0.4399999295999761,
    0.4399999295999761,
    0.41000000124775965,
    0.41,
    0.41000003245001443,
    0.43999980639989156,
    0.41,
    0.44,
    0.4100000287625022,
    0.4100000287625022,
    0.41000015340011353,
    0.43999980639989156,
    0.4399999847466662,
    0.43999980639989156,
    0.44,
    0.4,
    0.45,
    0.45,
    0.44,
    0.4,
    0.44,
    0.4,
    0.44,
    0.4,
    0.43999994279999316,
    0.4,
    0.4,
    0.40000000327689794,
    0.4499999797499989,
    0.4,
    0.41,
    0.4,
    0.4499997974998886,
    0.41001888128392733,
    0.4100000295000044,
    0.4499997974998886,
    0.4499997974998886,
    0.4499997974998886,
    0.4499997974998886,
    0.44999999212499975,
    0.4499999459999849,
    0.4499997974998886,
    0.5,
    0.5,
    0.51,
    0.5,
    0.51
]
