[
    0.001,
    0.0010908152807949426,
    0.005,
    0.01,
    0.01,
    0.01,
    0.18999999745399998,
    0.15,
    0.15000000098837213,
    0.14,
    0.25,
    0.09,
    0.08999999845199999,
    0.0805952380952381,
    0.04,
    0.04,
    0.05,
    0.02,
    0.02,
    0.02,
    0.05,
    0.06,
    0.04,
    0.05,
    0.02,
    0.02,
    0.04,
    0.04,
    0.04,
    0.04,
    0.04,
    0.02,
    0.03,
    0.01,
    0.0599999969162011,
    0.06,
    0.12999999505999993,
    0.13,
    0.18,
    0.19,
    0.2,
    0.22,
    0.22000024960141773,
    0.17,
    0.17,
    0.35999989306928576,
    0.24000009120017146,
    0.3399999986556204,
    0.21,
    0.24,
    0.21000007110010024,
    0.3,
    0.4400000224000036,
    0.43,
    0.4,
    0.41,
    0.5,
    0.5,
    0.4,
    0.3,
    0.28,
    0.28,
    0.28999995794999556,
    0.30999993644998125,
    0.32,
    0.36,
    0.48,
    0.48,
    0.48,
    0.48,
    0.48,
    0.48,
    0.5600000035200001,
    0.55,
    0.48,
    0.4600004536014334,
    0.49,
    0.5099999795999968,
    0.4,
    0.47,
    0.38000000031142006,
    0.4,
    0.45,
    0.47,
    0.4700000349800047,
    0.45,
    0.37000001197000215,
    0.39000014030010804,
    0.36,
    0.36,
    0.41,
    0.39,
    0.55,
    0.57,
    0.57,
    0.5800000168000027,
    0.5899999704999955,
    0.5899999849404419,
    0.63,
    0.629999981099993,
    0.5800000168000027,
    0.63,
    0.63,
    0.65,
    0.66,
    0.66,
    0.690000002917974,
    0.76222221565432,
    0.77,
    0.720000156800069,
    0.7899999822249996,
    0.8,
    0.8100000103854241,
    0.8499999929472286,
    0.85,
    0.85,
    0.89,
    0.84,
    0.85,
    0.85,
    0.88,
    0.85,
    0.86,
    0.8499999149996685,
    0.8300000391000041,
    0.830000002788,
    0.8599999987424602,
    0.85,
    0.83,
    0.83,
    0.83,
    0.8499999716666203,
    0.84,
    0.84,
    0.84,
    0.84,
    0.84,
    0.84,
    0.84,
    0.84,
    0.8499999953526515,
    0.83,
    0.82,
    0.85,
    0.8,
    0.79,
    0.78,
    0.7626018867924528,
    0.7599999969599999,
    0.7,
    0.7724556140419088,
    0.7,
    0.73,
    0.74,
    0.72,
    0.77,
    0.75,
    0.75,
    0.75,
    0.75,
    0.8271051319362136,
    0.7,
    0.75,
    0.7,
    0.7000000257142872,
    0.71,
    0.7700000069000001,
    0.77,
    0.77,
    0.7699999987400286,
    0.72,
    0.66,
    0.67,
    0.68,
    0.6400000230400031,
    0.6799999817098913,
    0.6,
    0.68,
    0.6799999945599995,
    0.64,
    0.5900000051830864,
    0.6499999999478331,
    0.6799999988761878,
    0.6167976635753446,
    0.55,
    0.55,
    0.55000000084375,
    0.6199999925260267,
    0.6199999954909087,
    0.5400000028760785,
    0.55,
    0.53,
    0.55,
    0.55,
    0.5300000008225,
    0.5800000302400099,
    0.6299999926499996,
    0.63,
    0.63,
    0.6252662721893492,
    0.61,
    0.6100000184196194,
    0.6499999993561807,
    0.65,
    0.65,
    0.65,
    0.65,
    0.65,
    0.6,
    0.7317073161808447,
    0.69,
    0.68,
    0.690000037820003,
    0.69,
    0.69,
    0.68,
    0.630000001961,
    0.63,
    0.6300000364127006,
    0.71,
    0.6400000096000004,
    0.68,
    0.7099999925331495,
    0.7099999991870617,
    0.67,
    0.67,
    0.6,
    0.6,
    0.48,
    0.5599998808509624,
    0.52,
    0.5299999946999987,
    0.5599999495999919,
    0.43,
    0.43,
    0.43,
    0.43,
    0.56,
    0.5599999775999964,
    0.5699999555399857,
    0.48,
    0.51,
    0.36,
    0.3939393939393939,
    0.38999999128235263,
    0.35,
    0.35,
    0.36,
    0.35,
    0.38,
    0.37999999635199994,
    0.37,
    0.36,
    0.36999999378399984,
    0.36999999372121206,
    0.36,
    0.36,
    0.36,
    0.36,
    0.36,
    0.36,
    0.36,
    0.36,
    0.36,
    0.36,
    0.36,
    0.36,
    0.36999986309991373,
    0.36999996743999636,
    0.36999996947499486,
    0.36,
    0.36,
    0.36,
    0.36,
    0.37,
    0.36,
    0.36,
    0.37,
    0.38,
    0.36,
    0.3899999859599991,
    0.3899999800124985,
    0.3400000026400002,
    0.3799999011999269,
    0.3799999695999948,
    0.34000004950000867,
    0.38,
    0.37999994679998084,
    0.35,
    0.35,
    0.35,
    0.35,
    0.38,
    0.3799999695999948,
    0.35,
    0.38,
    0.35000001487414834,
    0.35000001678141235,
    0.35000000130000003,
    0.36518672199170127,
    0.36,
    0.36,
    0.36,
    0.35000000524193575,
    0.3500000130000006,
    0.38999998662857,
    0.35,
    0.35000009750003414,
    0.3899998478999072,
    0.35000000650000057,
    0.35,
    0.3899998256096923,
    0.35,
    0.3500000180555584,
    0.35000009750003414,
    0.36,
    0.35000004120187517,
    0.3899998478999072,
    0.36,
    0.36,
    0.3899998557532804,
    0.36,
    0.3899999937523104,
    0.389999811499934,
    0.3899999981624695,
    0.3899999773799968,
    0.38699690402476783,
    0.35000000650000057,
    0.35000000650000057,
    0.36774189119666073,
    0.35,
    0.36,
    0.37999998327999907,
    0.3771712153427458,
    0.37,
    0.35000000650000057,
    0.3799999741599966,
    0.36,
    0.3799999695999948,
    0.35,
    0.36,
    0.36,
    0.36,
    0.36,
    0.3799999011999269,
    0.36,
    0.38,
    0.38,
    0.379999996890909,
    0.36,
    0.3799999011999269,
    0.3799999635424255,
    0.36,
    0.36,
    0.36,
    0.37999994679998084,
    0.36,
    0.36,
    0.36,
    0.36,
    0.36,
    0.36,
    0.36,
    0.36,
    0.36,
    0.389999995866,
    0.38746186568004065,
    0.37999966606039354,
    0.36,
    0.36,
    0.36,
    0.3899998478999072,
    0.36,
    0.36,
    0.36,
    0.36,
    0.38,
    0.36,
    0.38,
    0.3799999011999269,
    0.38,
    0.3791278534138602,
    0.36,
    0.36999999597669897,
    0.36999995137142105,
    0.3699999887149998,
    0.37,
    0.36,
    0.36,
    0.36,
    0.36,
    0.36,
    0.36999942128147256,
    0.36,
    0.36,
    0.36,
    0.36999996947499486,
    0.3699999688421024,
    0.36999991119997694,
    0.37,
    0.36,
    0.3699993963151858,
    0.36999986309991373,
    0.36,
    0.36,
    0.36999986309991373,
    0.36,
    0.36,
    0.37,
    0.37999994679998084,
    0.37083192376206925,
    0.36,
    0.36999991119997694,
    0.36999996947499486,
    0.36,
    0.36,
    0.36,
    0.36,
    0.36,
    0.37,
    0.36,
    0.36999986309991373,
    0.379033356877872,
    0.37,
    0.36,
    0.36,
    0.35,
    0.350000076130268,
    0.35,
    0.3500000144412382,
    0.35,
    0.35,
    0.369999444999445,
    0.34,
    0.36999942128147256,
    0.34,
    0.35999999687374745,
    0.3300000028140001,
    0.34,
    0.33000000806850344,
    0.34,
    0.35999999459999993,
    0.35999998762499946,
    0.3599995831572804,
    0.34,
    0.35999971902392425,
    0.3400014400230404,
    0.3400000308000037,
    0.3400000144000023,
    0.3400001056000359,
    0.36,
    0.34000023760086484,
    0.34000001820690234,
    0.35999999177142816,
    0.34000000051968504,
    0.35999992079997784,
    0.3599995199994092,
    0.349999929999979,
    0.3599995831572804,
    0.35,
    0.35,
    0.3642806937146431,
    0.35,
    0.35999992079997784,
    0.35,
    0.3500001083336764,
    0.35000009750003414,
    0.35000016883127116,
    0.35,
    0.36999998195121886,
    0.35,
    0.3793513034327867,
    0.3699993963151858,
    0.35,
    0.35,
    0.35000009750003414,
    0.3735560650032705,
    0.37,
    0.3699957079639469,
    0.35,
    0.36999991119997694,
    0.38,
    0.35,
    0.38,
    0.35000009750003414,
    0.34,
    0.3769571428571429,
    0.34,
    0.36999991119997694,
    0.37,
    0.35,
    0.37,
    0.36999997705999915,
    0.3400005557948561,
    0.37,
    0.34,
    0.37,
    0.37,
    0.34,
    0.34,
    0.37,
    0.34,
    0.36999962999963,
    0.34,
    0.35,
    0.3400001414290462,
    0.37,
    0.34,
    0.37,
    0.34,
    0.34,
    0.37,
    0.37,
    0.34,
    0.37,
    0.34,
    0.34,
    0.37,
    0.3400008800105601,
    0.37,
    0.34,
    0.37,
    0.34,
    0.37,
    0.34,
    0.36999999198333305,
    0.34,
    0.37,
    0.3545758916699465,
    0.3499999562499945,
    0.35,
    0.3499999562499945,
    0.34,
    0.3400000158400012,
    0.349999929999979,
    0.3499999562499945,
    0.34999807499133745,
    0.3400002640020064,
    0.34000003960001346,
    0.3400000264000065,
    0.36999996947499486,
    0.36999996947499486,
    0.36999996947499486,
    0.36999996947499486,
    0.36999996947499486,
    0.36999986309991373,
    0.36999992723332337,
    0.34,
    0.3300000067000044,
    0.3300000804000707,
    0.3300000804000707,
    0.3300000804000707,
    0.34,
    0.3400001056000359,
    0.3400000158400012,
    0.3400000421918167,
    0.40999996924999715,
    0.34,
    0.34,
    0.41,
    0.5,
    0.5,
    0.5,
    0.33000000055008216,
    0.33000000228085125,
    0.39,
    0.38000008328363305,
    0.3800003792056274,
    0.38,
    0.38,
    0.38002232142857145,
    0.370000018900007,
    0.37000000202500005,
    0.3200001088000914,
    0.2100018057875491,
    0.5799974866356685,
    0.5799934265220501,
    0.1700000013833337,
    0.49640281555818383,
    0.05
]
