[
    0.999,
    0.999,
    0.999,
    0.999,
    0.999,
    0.999,
    0.999,
    0.999,
    0.999,
    0.991,
    0.94,
    0.99,
    0.97,
    0.9506075630876787,
    0.95,
    0.93,
    0.8699999678099948,
    0.8,
    0.86,
    0.79,
    0.78,
    0.79,
    0.75,
    0.7100000365765785,
    0.7299998101998596,
    0.779999971513042,
    0.75,
    0.78,
    0.82,
    0.8,
    0.7700000044982993,
    0.8,
    0.75,
    0.83,
    0.84,
    0.7300001458000671,
    0.7300000104400003,
    0.7300000061902755,
    0.77,
    0.8299999975099996,
    0.84,
    0.77,
    0.6900000679970897,
    0.7,
    0.71,
    0.69,
    0.6899999585999611,
    0.6600000070266667,
    0.66,
    0.57,
    0.5,
    0.5,
    0.48999998039999687,
    0.48,
    0.48,
    0.48,
    0.47,
    0.36999999803899997,
    0.2799999514666589,
    0.2899999948439767,
    0.3899999859599991,
    0.4,
    0.4,
    0.31000001295774865,
    0.32000002720000437,
    0.39,
    0.3900000099157139,
    0.3900000549000088,
    0.43,
    0.48000001890909194,
    0.5,
    0.43000009405007855,
    0.570000001462,
    0.6,
    0.55,
    0.5599999988462199,
    0.55,
    0.53,
    0.5299999936399998,
    0.52,
    0.53,
    0.53,
    0.52,
    0.52,
    0.5299999883399997,
    0.52,
    0.5200000171428596,
    0.52,
    0.5299996575381559,
    0.5299999964440378,
    0.5100000215600077,
    0.5299999994432774,
    0.5299998780999061,
    0.5299999885166663,
    0.5299999899299992,
    0.5100001413605281,
    0.51,
    0.5100000186200011,
    0.5100000084280002,
    0.5100001143336877,
    0.52,
    0.5100000060762607,
    0.520000019200003,
    0.5399999846999992,
    0.5100000098000007,
    0.54,
    0.52,
    0.52,
    0.51,
    0.5100001715001115,
    0.54,
    0.5100001715001115,
    0.54,
    0.54,
    0.54,
    0.54,
    0.54,
    0.5399994109070558,
    0.5100001497962771,
    0.53999997839999,
    0.51,
    0.51,
    0.5399991599966399,
    0.5313092301751441,
    0.5299998780999061,
    0.5299999505333215,
    0.5299981246075945,
    0.5299981690805894,
    0.5100001715001115,
    0.51,
    0.5,
    0.5,
    0.51,
    0.51,
    0.5299999650199954,
    0.5,
    0.51,
    0.53,
    0.539999936470222,
    0.51,
    0.54,
    0.5399999189998097,
    0.54,
    0.5399999915999997,
    0.5399998559990784,
    0.5399987657082905,
    0.5,
    0.5100000465500188,
    0.5100000465500188,
    0.5299999995222355,
    0.5100000465500188,
    0.5,
    0.53999997839999,
    0.5,
    0.539999971199992,
    0.53999997839999,
    0.5,
    0.5399999902799992,
    0.5,
    0.5399999902799992,
    0.5,
    0.5,
    0.5,
    0.5399999654399953,
    0.5,
    0.539999988153563,
    0.5,
    0.5399996072694426,
    0.5399999673767854,
    0.52,
    0.54,
    0.5399999654399953,
    0.53999997839999,
    0.5399999654399953,
    0.5399999523529314,
    0.53999997839999,
    0.5399999654399953,
    0.52,
    0.5200000480000192,
    0.539999998056,
    0.53999997839999,
    0.5399999634672252,
    0.53999997839999,
    0.5399999654399953,
    0.5399999986499998,
    0.5200001728001106,
    0.52,
    0.54,
    0.52,
    0.53999997839999,
    0.54,
    0.52,
    0.5200000480000192,
    0.53999997839999,
    0.5399902792028947,
    0.53,
    0.53,
    0.53,
    0.53,
    0.55,
    0.5300001222000904,
    0.5499999724999877,
    0.5300008420214639,
    0.5499999724999877,
    0.55,
    0.5499999724999877,
    0.530000011280002,
    0.5578800557880056,
    0.5300001577997375,
    0.55,
    0.5499992142812244,
    0.55,
    0.55,
    0.54,
    0.56,
    0.5599999775999964,
    0.53,
    0.52,
    0.55999999888,
    0.5566600372160672,
    0.56,
    0.5533596518614524,
    0.53,
    0.52,
    0.5539367217355439,
    0.55,
    0.5599999984727272,
    0.5599997311990538,
    0.53,
    0.559999843199887,
    0.4700001219000939,
    0.4700001219000939,
    0.559999843199887,
    0.4700000578182105,
    0.55999985999986,
    0.4700001490626444,
    0.5599999253332935,
    0.4700001219000939,
    0.52,
    0.47000000713461665,
    0.44000014000014,
    0.45,
    0.45,
    0.6099999755999961,
    0.21000000790002363,
    0.21000000790002363,
    0.22,
    0.220002228660575,
    0.22,
    0.22000208002912042,
    0.22,
    0.6299928598429165,
    0.64,
    0.2,
    0.2,
    0.65,
    0.2,
    0.6930692904617133,
    0.1100002472249005,
    0.1,
    0.1,
    0.1
]
