[
    0.01,
    0.01,
    0.01,
    0.5,
    0.05,
    0.5,
    0.51,
    0.45,
    0.49019607843137253,
    0.47,
    0.45,
    0.27,
    0.32,
    0.34000000088000004,
    0.58,
    0.58,
    0.47,
    0.52,
    0.06,
    0.1,
    0.01,
    0.2,
    0.1,
    0.2,
    0.28,
    0.28,
    0.16,
    0.30999999778571424,
    0.38,
    0.49,
    0.49,
    0.49,
    0.45,
    0.38,
    0.5,
    0.57,
    0.57,
    0.5700000046336208,
    0.54,
    0.44000000152727275,
    0.5,
    0.5,
    0.33,
    0.26,
    0.28,
    0.27,
    0.1700000033200013,
    0.19,
    0.2,
    0.2,
    0.2,
    0.2,
    0.18,
    0.2,
    0.18999987839995622,
    0.1,
    0.1,
    0.05,
    0.07,
    0.1,
    0.2,
    0.2,
    0.16,
    0.25,
    0.18000000491312249,
    0.41999998991999926,
    0.45999995951999545,
    0.46,
    0.40000002400000384,
    0.4524590137726417,
    0.41999999327999976,
    0.34,
    0.25,
    0.26,
    0.19,
    0.4199999453999798,
    0.55,
    0.5600000352000042,
    0.56,
    0.55,
    0.55,
    0.48,
    0.48,
    0.5499993124974218,
    0.48999995589999296,
    0.4100000022071546,
    0.42,
    0.42,
    0.32,
    0.3300000072647862,
    0.349999999125,
    0.3499999570552068,
    0.35,
    0.35000000117753627,
    0.35,
    0.41,
    0.4299999996707207,
    0.5099999785799988,
    0.5208333333333334,
    0.4300000090476203,
    0.46,
    0.55,
    0.689999998965,
    0.67,
    0.669999962479987,
    0.6,
    0.6,
    0.6699999911258264,
    0.5900000011900667,
    0.610000109200024,
    0.6699999195999292,
    0.6100002123334537,
    0.6599999841599988,
    0.6599999984888378,
    0.6599999953799998,
    0.66,
    0.64,
    0.65,
    0.57,
    0.57,
    0.56,
    0.5,
    0.46,
    0.46,
    0.5199999812799988,
    0.46000000648000017,
    0.51,
    0.5400000003386087,
    0.5,
    0.64,
    0.63,
    0.6699999971859999,
    0.62,
    0.6199999947538458,
    0.5600000152533339,
    0.5600000806107338,
    0.5500000375000094,
    0.5600000352000042,
    0.62,
    0.76,
    0.76,
    0.76,
    0.76,
    0.76,
    0.76,
    0.7600000144000005,
    0.8,
    0.7998808018782735,
    0.76,
    0.8,
    0.78,
    0.78,
    0.77,
    0.7700000115000005,
    0.8,
    0.7800000880000235,
    0.79,
    0.7700001725000432,
    0.7700000131100005,
    0.7991922862170192,
    0.77,
    0.76,
    0.76,
    0.77,
    0.7700001725000432,
    0.79,
    0.7899999920999764,
    0.77,
    0.76,
    0.7400000353600023,
    0.7599993090821155,
    0.7599999878399966,
    0.7599999961990497,
    0.7400000161200007,
    0.7599999918933329,
    0.7599999918933329,
    0.7599999087998286,
    0.7400000156000005,
    0.76,
    0.7599999982834554,
    0.7599999910588231,
    0.74,
    0.7599999990928081,
    0.7400001352000649,
    0.76,
    0.7400001188571734,
    0.75,
    0.7599999878399966,
    0.7599999087998286,
    0.7599999087998286,
    0.7599994571413061,
    0.7599999878399966,
    0.7599999969599999,
    0.7599999087998286,
    0.76,
    0.7599993919956224,
    0.76,
    0.7599999878399966,
    0.75,
    0.76,
    0.7599999087998286,
    0.7400000011298616,
    0.7599999594666418,
    0.74,
    0.74,
    0.7599999087998286,
    0.76,
    0.7599999087998286,
    0.7599999695999891,
    0.76,
    0.740000072800016,
    0.7599999975679997,
    0.7400001352000649,
    0.75999999848,
    0.7599999087998286,
    0.75,
    0.7400001352000649,
    0.76,
    0.7599994472580545,
    0.7599999087998286,
    0.7599995657083297,
    0.76,
    0.74,
    0.7566497536945813,
    0.75,
    0.7599999087998286,
    0.7400000353600023,
    0.75999999848,
    0.7400006066672733,
    0.7400001352000649,
    0.7400000440125455,
    0.74,
    0.739999989639998,
    0.7300001458000671,
    0.7399999457333192,
    0.7399999457333192,
    0.7399988159900543,
    0.74,
    0.74,
    0.71,
    0.7399988159900543,
    0.7100000110315317,
    0.74,
    0.7399991431453576,
    0.7399993657102988,
    0.74,
    0.739999989639998,
    0.74,
    0.7399999457333192,
    0.74,
    0.74,
    0.73,
    0.7299996349965324,
    0.73,
    0.7299999188884473,
    0.74,
    0.74,
    0.7374188838416612,
    0.7299999687828755,
    0.7299998101998596,
    0.7299998101998596,
    0.7299998101998596,
    0.7299998101998596,
    0.74,
    0.75,
    0.75,
    0.75,
    0.74,
    0.74,
    0.7099999502999869,
    0.9,
    0.91,
    0.7,
    0.6930693062444858
]
