[
    0.999,
    0.999,
    0.999,
    0.999,
    0.999,
    0.999,
    0.999,
    0.999,
    0.999,
    0.991,
    0.991,
    0.991,
    0.991,
    0.991,
    0.999,
    0.994,
    0.993,
    0.99,
    0.99,
    0.99,
    0.99,
    0.99,
    0.99,
    0.99,
    0.99,
    0.99,
    0.99,
    0.99,
    0.99,
    0.99,
    0.99,
    0.99,
    0.99,
    0.92,
    0.85,
    0.84,
    0.85,
    0.92,
    0.6,
    0.31,
    0.6,
    0.01,
    0.04,
    0.31,
    0.31,
    0.67,
    0.67,
    0.61,
    0.55,
    0.62,
    0.6999992631509141,
    0.72,
    0.73,
    0.73,
    0.68,
    0.65,
    0.6481934959349593,
    0.58,
    0.54,
    0.5,
    0.51,
    0.51,
    0.5999999939999998,
    0.5,
    0.5,
    0.48,
    0.48,
    0.43,
    0.43,
    0.43,
    0.6699999927202168,
    0.5900000031160001,
    0.61,
    0.56,
    0.5400000001825397,
    0.7899999912334612,
    0.78,
    0.7799999998537317,
    0.7799999995319999,
    0.78,
    0.71,
    0.7000000075000001,
    0.7,
    0.71,
    0.73,
    0.7300000061560001,
    0.75,
    0.8199999835999839,
    0.74,
    0.73,
    0.75,
    0.62,
    0.5859625144175317,
    0.57,
    0.6,
    0.6,
    0.5999999919946627,
    0.47000000282666676,
    0.449999997975,
    0.42,
    0.42,
    0.45,
    0.47,
    0.559999999328,
    0.53,
    0.47,
    0.5,
    0.49,
    0.47,
    0.4699998777999096,
    0.41,
    0.42,
    0.42,
    0.43,
    0.42,
    0.45,
    0.47999982719988943,
    0.4799999827199989,
    0.42,
    0.4730042494233013,
    0.46,
    0.47,
    0.45,
    0.41,
    0.42,
    0.45,
    0.42,
    0.45000004400000526,
    0.45999995951999545,
    0.45,
    0.4100000043435584,
    0.42,
    0.44999999549999997,
    0.45,
    0.4499998982411779,
    0.4499999549999955,
    0.48,
    0.48999982849988855,
    0.5699999555399857,
    0.6,
    0.69,
    0.6899999868899976,
    0.6,
    0.58,
    0.56,
    0.5299999650199954,
    0.45999988499997124,
    0.45987307328298693,
    0.4,
    0.36999986309991373,
    0.4,
    0.35,
    0.3899999800124985,
    0.3899999997777,
    0.34,
    0.4,
    0.3642290636581346,
    0.30844364477573577,
    0.29,
    0.31,
    0.3,
    0.3,
    0.34,
    0.29,
    0.32,
    0.27,
    0.26,
    0.29,
    0.29,
    0.35,
    0.37,
    0.37,
    0.37,
    0.42,
    0.4,
    0.37,
    0.26999996984999836,
    0.25,
    0.25,
    0.24,
    0.24,
    0.23,
    0.27,
    0.23,
    0.3299999480249952,
    0.41999999529599996,
    0.39,
    0.4399999295999761,
    0.46999998871999804,
    0.34,
    0.41999999529599996,
    0.34,
    0.45,
    0.4799999980363636,
    0.45,
    0.47,
    0.46999999821399996,
    0.48,
    0.47999998079999695,
    0.47999982719988943,
    0.47999999806278026,
    0.46,
    0.47,
    0.479999999808,
    0.47999998079999695,
    0.4799999694267438,
    0.45000007006373,
    0.47999999308799984,
    0.48,
    0.45000000002254525,
    0.46,
    0.46,
    0.47948164053384584,
    0.47,
    0.46,
    0.4599997607998852,
    0.45,
    0.46,
    0.46,
    0.45999998435999895,
    0.45999967872987313,
    0.4500000002357244,
    0.4500000300546514,
    0.46,
    0.48,
    0.47,
    0.47,
    0.4699999962482538,
    0.45000004489797385,
    0.47999996081631374,
    0.48,
    0.47999999808,
    0.4799999988,
    0.450000000275,
    0.48,
    0.47999982719988943,
    0.4799998079996928,
    0.48,
    0.48,
    0.4799998079996928,
    0.48,
    0.479999999952,
    0.4799999965536497,
    0.47058823529411764,
    0.46999999821399996,
    0.46999999177499985,
    0.46,
    0.4599997607998852,
    0.45999999386666657,
    0.45999988499997124,
    0.45999992639998727,
    0.46,
    0.43,
    0.4599999907999998,
    0.4532778793120329,
    0.449999996654275,
    0.4499999831249964,
    0.4499997974998886,
    0.4499999212499744,
    0.4200001740002958,
    0.45999988499997124,
    0.44,
    0.4699999697424782,
    0.44000252002016016,
    0.46999998531249865,
    0.46999999153999933,
    0.45,
    0.45,
    0.46,
    0.46,
    0.4799999827199989,
    0.4600000235321118,
    0.47524751604744603,
    0.46,
    0.4799999519999808,
    0.48,
    0.46000000151200005,
    0.4600000097200008,
    0.47999951999808,
    0.4600002521158031,
    0.47,
    0.47,
    0.47,
    0.47999982719988943,
    0.48,
    0.4700001219000939,
    0.48,
    0.4899999975499998,
    0.49,
    0.48999982849988855,
    0.48000000382493574,
    0.49573666468372,
    0.48999995344998115,
    0.48999982849988855,
    0.4700000100700008,
    0.4700001219000939,
    0.48999982849988855,
    0.47000004946667856,
    0.4899999950999984,
    0.48999995344998115,
    0.4700001219000939,
    0.4700001219000939,
    0.48999982849988855,
    0.48,
    0.4899999977133332,
    0.5016420873601755,
    0.48999999656999993,
    0.48,
    0.49,
    0.48,
    0.4700001219000939,
    0.4899999459649047,
    0.49,
    0.4799999827199989,
    0.47999982719988943,
    0.48,
    0.47,
    0.48,
    0.4799999823853185,
    0.48,
    0.47000038277962786,
    0.48,
    0.47,
    0.47,
    0.48,
    0.47999998079999695,
    0.47000000636000017,
    0.48,
    0.4799999827199989,
    0.4700001413337668,
    0.4799999827199989,
    0.4799999519999808,
    0.479999999808,
    0.47999827198894074,
    0.47999982719988943,
    0.48,
    0.4799999827199989,
    0.48,
    0.48,
    0.48,
    0.48,
    0.48,
    0.47999998079999695,
    0.47,
    0.48999991366664075,
    0.48999982849988855,
    0.4600002492325714,
    0.46,
    0.48999995589999296,
    0.4823270980424361,
    0.48,
    0.48999995589999296,
    0.48999995589999296,
    0.48999982849988855,
    0.5,
    0.49,
    0.5,
    0.5099998316998873,
    0.5099998316998873,
    0.51,
    0.509996123951937,
    0.5,
    0.5,
    0.51,
    0.5099998882856855,
    0.51,
    0.509996123951937,
    0.51,
    0.51,
    0.5,
    0.5,
    0.49,
    0.5,
    0.49,
    0.4817559002870435,
    0.4799999567999931,
    0.4600000216000099,
    0.47999998079999695,
    0.47074972325793724,
    0.4699998777999096,
    0.46,
    0.47,
    0.4600000115453077,
    0.47999999308799984,
    0.4799999951999998,
    0.4799999567999931,
    0.47999930879823055,
    0.4799999951999998,
    0.4799999827199989,
    0.4799999567999931,
    0.4700001413337668,
    0.4799999519999808,
    0.4799999827199989,
    0.48,
    0.4700018020118933,
    0.4700001219000939,
    0.48,
    0.4799999567999931,
    0.47999998079999695,
    0.4799999567999931,
    0.48999998039999687,
    0.4899999977133332,
    0.47999998079999695,
    0.46,
    0.47999998079999695,
    0.47999982719988943,
    0.48999982849988855,
    0.4899995785995196,
    0.48,
    0.46,
    0.48,
    0.47,
    0.48,
    0.49,
    0.48,
    0.48,
    0.49,
    0.48999998039999687,
    0.49,
    0.47000004946667856,
    0.48,
    0.55,
    0.4600007020025974,
    0.6
]
