[
    0.995,
    0.999,
    0.998,
    0.997,
    0.997,
    0.997,
    0.999,
    0.996,
    0.996,
    0.99,
    0.99,
    0.99,
    0.99,
    0.99,
    0.99,
    0.99,
    0.99,
    0.99,
    0.78,
    0.36,
    0.01,
    0.35999987039991704,
    0.36,
    0.36,
    0.33,
    0.32,
    0.3200000002323198,
    0.39,
    0.39,
    0.39,
    0.38,
    0.39,
    0.39,
    0.38,
    0.39,
    0.25,
    0.19,
    0.18999987839995622,
    0.19,
    0.1899998265216461,
    0.19,
    0.24,
    0.25,
    0.18,
    0.22999996032499692,
    0.27,
    0.14,
    0.2,
    0.2,
    0.289999866599928,
    0.42,
    0.42,
    0.42,
    0.42,
    0.4200000002347228,
    0.45999999263999963,
    0.41,
    0.37,
    0.5,
    0.4800000187200012,
    0.415,
    0.64,
    0.59,
    0.5900000005904,
    0.55,
    0.5899994099946899,
    0.5899998465998865,
    0.5800000100800008,
    0.5800000003192,
    0.5800000007624911,
    0.67,
    0.71,
    0.71,
    0.8,
    0.7404455647403344,
    0.6700000188100008,
    0.53,
    0.53,
    0.52,
    0.519999989599995,
    0.52,
    0.52,
    0.52,
    0.52,
    0.52,
    0.5,
    0.5,
    0.5,
    0.35,
    0.35,
    0.35,
    0.36999986309991373,
    0.3,
    0.32,
    0.32,
    0.27,
    0.27,
    0.21999985479995063,
    0.22,
    0.309999998016,
    0.3099999869357139,
    0.16,
    0.16,
    0.14,
    0.2,
    0.14,
    0.18000001640001606,
    0.19,
    0.2,
    0.2,
    0.22,
    0.18999987839995622,
    0.25,
    0.35,
    0.39,
    0.39,
    0.39,
    0.39,
    0.39,
    0.44,
    0.38,
    0.44,
    0.44,
    0.44,
    0.4399999295999761,
    0.38,
    0.42,
    0.42,
    0.42,
    0.42,
    0.42,
    0.42,
    0.42,
    0.42,
    0.42,
    0.42,
    0.43,
    0.43,
    0.43,
    0.43,
    0.5298273142995152,
    0.5,
    0.49,
    0.5,
    0.5,
    0.44,
    0.43,
    0.49,
    0.44,
    0.48999999656999993,
    0.46000000194400004,
    0.46000000316800005,
    0.4600000345600047,
    0.48999999902021774,
    0.47,
    0.47,
    0.47000000497224287,
    0.47,
    0.4700000116600003,
    0.48,
    0.5,
    0.5,
    0.5,
    0.5,
    0.5,
    0.4800000062400002,
    0.49,
    0.490000043350018,
    0.4900001683001128,
    0.5,
    0.5,
    0.49,
    0.5,
    0.5,
    0.490000043350018,
    0.5,
    0.49000000492650164,
    0.5,
    0.509999956649982,
    0.5,
    0.5,
    0.5,
    0.5,
    0.5099999853374986,
    0.5099999823461531,
    0.5,
    0.5,
    0.5,
    0.5,
    0.5099999790983444,
    0.5,
    0.5199999812799988,
    0.5,
    0.5199999243635786,
    0.5199999812799988,
    0.52,
    0.52,
    0.5,
    0.5,
    0.5199997503996207,
    0.51,
    0.5199999947999999,
    0.5100001715001115,
    0.52,
    0.51,
    0.5199999508661077,
    0.52,
    0.5199999861333291,
    0.5,
    0.51,
    0.52,
    0.5,
    0.52,
    0.5199999958399999,
    0.5,
    0.5161290322580645,
    0.5,
    0.5,
    0.5,
    0.5,
    0.5,
    0.5,
    0.5,
    0.5,
    0.5,
    0.5199999797566893,
    0.52,
    0.5199999820910193,
    0.5199999851561097,
    0.5,
    0.5,
    0.519999975659573,
    0.5,
    0.5,
    0.5,
    0.5,
    0.5,
    0.5,
    0.52,
    0.5199999797566893,
    0.51,
    0.5,
    0.5199999796477484,
    0.5199999805110723,
    0.5100000075127774,
    0.519999989599995,
    0.519999989599995,
    0.5,
    0.5,
    0.5,
    0.5,
    0.519999989599995,
    0.5,
    0.519999989599995,
    0.5,
    0.519999989599995,
    0.5,
    0.5,
    0.5,
    0.5,
    0.5,
    0.509999956649982,
    0.509999998572,
    0.5099999966618182,
    0.5,
    0.5099998316998873,
    0.5,
    0.5,
    0.4862095561801425,
    0.48,
    0.48,
    0.46,
    0.46,
    0.48,
    0.4600002880008064,
    0.46000000151200005,
    0.4600007020025974,
    0.46,
    0.47999999726018705,
    0.47999999308799984,
    0.45,
    0.48,
    0.47808764593577874,
    0.45,
    0.46,
    0.45,
    0.45,
    0.48,
    0.45000001078431406,
    0.46,
    0.48,
    0.45,
    0.45,
    0.47,
    0.4699998777999096,
    0.45,
    0.47999982719988943,
    0.45,
    0.45,
    0.469999341987761,
    0.4770896547775806,
    0.4500011000051334,
    0.45,
    0.45,
    0.46999998871999804,
    0.45,
    0.4699998777999096,
    0.4500000275000124,
    0.4699998777999096,
    0.46999998531249865,
    0.45,
    0.45,
    0.4699999864071179,
    0.46999999153999933,
    0.45,
    0.45,
    0.4400000111832305,
    0.45000003666667643,
    0.46999999153999933,
    0.4400000017806043,
    0.4699999702333253,
    0.46999999569166634,
    0.4400000104533338,
    0.44,
    0.44,
    0.45,
    0.44,
    0.44,
    0.45,
    0.47999999308799984,
    0.45000003432352115,
    0.45,
    0.48,
    0.45000001100000053,
    0.45,
    0.45,
    0.47265803834611897,
    0.469771369149373,
    0.44000007941014146,
    0.44,
    0.45999995951999545,
    0.4400001568001129,
    0.4400011200089601,
    0.4400001235658637,
    0.44,
    0.46999999821399996,
    0.4400011200089601,
    0.4400011200089601,
    0.4400001568001129,
    0.48,
    0.44000052266792106,
    0.4799998322329055,
    0.48,
    0.4799999951999998,
    0.47999982719988943,
    0.47999982719988943,
    0.47999930879823055,
    0.47999982719988943,
    0.47999982719988943,
    0.9,
    0.03,
    0.02,
    0.03,
    0.9299999704759571,
    0.95,
    0.030000016724281816
]
