[
    0.9987052056861782,
    0.99,
    0.99,
    0.991,
    0.992,
    0.99,
    0.991,
    0.999,
    0.996,
    0.99,
    0.99,
    0.99,
    0.99,
    0.99,
    0.99,
    0.99,
    0.99,
    0.99,
    0.99,
    0.99,
    0.9,
    0.8975317839792478,
    0.63,
    0.5,
    0.57,
    0.57,
    0.6499999962882594,
    0.48,
    0.44999996249999064,
    0.43,
    0.4,
    0.41,
    0.4,
    0.4497602846187525,
    0.26999998055999946,
    0.2647272727272727,
    0.28,
    0.28999999798933335,
    0.16,
    0.16,
    0.16,
    0.1699999993285,
    0.17999939999914286,
    0.2,
    0.2,
    0.2,
    0.2,
    0.2,
    0.2,
    0.21,
    0.20999998613999954,
    0.21,
    0.2099999285999886,
    0.16999996089999597,
    0.21,
    0.209999998425,
    0.21,
    0.2,
    0.2,
    0.2,
    0.26,
    0.299999969999997,
    0.30961249922499845,
    0.30975,
    0.31,
    0.33,
    0.33,
    0.32999234298960894,
    0.32,
    0.57,
    0.5199999812799988,
    0.58,
    0.64,
    0.5499999931249997,
    0.4,
    0.3900000015390751,
    0.4,
    0.4399999974827175,
    0.43999999834697434,
    0.44999996249999064,
    0.5199999999779661,
    0.5,
    0.5,
    0.5,
    0.66,
    0.67,
    0.67,
    0.67,
    0.670000065800611,
    0.5699999999824962,
    0.62,
    0.62,
    0.619999986359999,
    0.6199999627999948,
    0.62,
    0.62,
    0.62,
    0.6183174327840416,
    0.61,
    0.61,
    0.61,
    0.62,
    0.65,
    0.64,
    0.65,
    0.7,
    0.74,
    0.74,
    0.74,
    0.74,
    0.75,
    0.74,
    0.74,
    0.7400002860001621,
    0.7,
    0.7646309183990248,
    0.7000000750000187,
    0.73,
    0.7,
    0.700000011277348,
    0.7,
    0.74,
    0.700000030000003,
    0.77,
    0.77,
    0.75,
    0.7799999866285641,
    0.7,
    0.6300000888000231,
    0.6662220759455153,
    0.6699999839199988,
    0.6900000599333417,
    0.67,
    0.67,
    0.66,
    0.66,
    0.67,
    0.71,
    0.7599574338704773,
    0.7525497571804067,
    0.73,
    0.73,
    0.73,
    0.72,
    0.7300001044000293,
    0.7300005184010783,
    0.759999996695652,
    0.6900000033214286,
    0.620000002083871,
    0.67,
    0.62,
    0.6100000052838711,
    0.7,
    0.72,
    0.7,
    0.7,
    0.7199999711999867,
    0.7,
    0.7,
    0.7,
    0.7,
    0.7,
    0.7,
    0.7,
    0.71,
    0.71,
    0.7,
    0.7,
    0.69,
    0.68,
    0.68,
    0.7,
    0.68,
    0.66,
    0.66,
    0.67,
    0.67,
    0.65999999912,
    0.5800000450574837,
    0.62,
    0.75,
    0.75,
    0.74,
    0.7399999352499652,
    0.73,
    0.7299999987304348,
    0.72,
    0.729999904187333,
    0.72000000336,
    0.72,
    0.73,
    0.7299998101998596,
    0.7299998101998596,
    0.73,
    0.729999967879995,
    0.7200000032908913,
    0.7299999974449999,
    0.720000044800004,
    0.7200000952000152,
    0.73,
    0.7299998101998596,
    0.7299999415999852,
    0.7100000725000182,
    0.729999987589999,
    0.729999987589999,
    0.7299998101998596,
    0.7299999087499658,
    0.7100000092800002,
    0.7100001334000721,
    0.7100000359600027,
    0.7399999457333192,
    0.739999989639998,
    0.7100000681138873,
    0.71,
    0.7399999674399819,
    0.7399999594520348,
    0.72,
    0.73,
    0.72,
    0.74,
    0.74,
    0.74,
    0.74,
    0.74,
    0.720000156800069,
    0.7399999994056224,
    0.720000156800069,
    0.7390200573151451,
    0.720000416744535,
    0.7299998101998596,
    0.720000156800069,
    0.74,
    0.73,
    0.7300002595793235,
    0.73,
    0.73,
    0.7300000837000159,
    0.74,
    0.74,
    0.73,
    0.74,
    0.7399994573301135,
    0.73999999852,
    0.74,
    0.75,
    0.75,
    0.75,
    0.7300000837000159,
    0.7300000837000159,
    0.7300000837000159,
    0.7300000318600026,
    0.75,
    0.7300000630000063,
    0.7300000837000159,
    0.7300002540779511,
    0.7599999918933329,
    0.7599999810591846,
    0.7599999878399966,
    0.76,
    0.75,
    0.76,
    0.76,
    0.76,
    0.7599999980999997,
    0.7599999918933329,
    0.7599999878399966,
    0.7300000837000159,
    0.7300003937225937,
    0.7599999087998286,
    0.76,
    0.7606252721612983,
    0.7300000837000159,
    0.7300006243811936,
    0.76,
    0.7649715795170978,
    0.76,
    0.720000156800069,
    0.7200001527273283,
    0.8799999647998255,
    0.8799996479895805,
    0.8799999647998255,
    0.8799999647998255,
    0.9199999406450694,
    0.73000063000063,
    0.9699999393693196,
    0.73,
    0.7300002191765506,
    0.9699999797911618,
    0.02,
    0.97,
    0.98
]
