[
    0.002,
    0.002,
    0.011,
    0.021,
    0.03,
    0.03,
    0.03,
    0.03,
    0.031,
    0.05,
    0.04,
    0.06,
    0.03,
    0.02,
    0.02,
    0.041,
    0.041,
    0.08,
    0.05,
    0.05,
    0.05,
    0.05,
    0.09,
    0.12,
    0.12,
    0.12848101265822784,
    0.12,
    0.12,
    0.12,
    0.13000002836962596,
    0.1291190476190476,
    0.13,
    0.11,
    0.08,
    0.08,
    0.10999995214999689,
    0.13,
    0.032,
    0.0899999599499978,
    0.08,
    0.08,
    0.05,
    0.02,
    0.02,
    0.02,
    0.03,
    0.01,
    0.05,
    0.05,
    0.08,
    0.04,
    0.06,
    0.06,
    0.04,
    0.060869538223060855,
    0.05,
    0.05,
    0.06,
    0.07,
    0.12,
    0.11,
    0.11,
    0.11,
    0.11,
    0.11,
    0.11,
    0.11,
    0.11,
    0.12,
    0.11,
    0.11,
    0.11,
    0.11,
    0.12,
    0.12,
    0.12,
    0.12,
    0.12,
    0.11333333333333333,
    0.12,
    0.12,
    0.12,
    0.12,
    0.11,
    0.11,
    0.11,
    0.12,
    0.12,
    0.12,
    0.1,
    0.1,
    0.1,
    0.1,
    0.1,
    0.1,
    0.07,
    0.1,
    0.1,
    0.1,
    0.12,
    0.09,
    0.08,
    0.08,
    0.09,
    0.12,
    0.1,
    0.1,
    0.1,
    0.1,
    0.1,
    0.1,
    0.11,
    0.11,
    0.11,
    0.07,
    0.12,
    0.12,
    0.12,
    0.12,
    0.12,
    0.12,
    0.13999994259999485,
    0.07000001805846247,
    0.13,
    0.12,
    0.11,
    0.11,
    0.09,
    0.06,
    0.06,
    0.05,
    0.08,
    0.125,
    0.13,
    0.13,
    0.08,
    0.12,
    0.11,
    0.11,
    0.13,
    0.11,
    0.13,
    0.15,
    0.14,
    0.16,
    0.16,
    0.15,
    0.149999939999994,
    0.14999954999955,
    0.07,
    0.12,
    0.12,
    0.12999960999961,
    0.12,
    0.15,
    0.14,
    0.14,
    0.14,
    0.16,
    0.1699999758599986,
    0.16,
    0.16999946279954875,
    0.17,
    0.16,
    0.17,
    0.16,
    0.16,
    0.16999988609996242,
    0.16000000100800002,
    0.17,
    0.16,
    0.1600000168584479,
    0.16,
    0.16000000336000167,
    0.16,
    0.1799998703999637,
    0.1500000850003315,
    0.1799998703999637,
    0.15,
    0.1799998703999637,
    0.15,
    0.17999998703999964,
    0.17999998703999964,
    0.17999927999928,
    0.15000001700002005,
    0.1500000850003315,
    0.16000000067200004,
    0.16,
    0.17,
    0.17,
    0.17,
    0.17,
    0.16000000005759113,
    0.1700000207500306,
    0.1700000442667381,
    0.17000009130017255,
    0.18999993729998935,
    0.1899994213627684,
    0.18999987839995622,
    0.18999995693332875,
    0.1700000098090917,
    0.18999987839995622,
    0.16,
    0.19,
    0.18,
    0.18,
    0.18,
    0.18,
    0.18,
    0.18,
    0.18,
    0.2,
    0.2,
    0.2,
    0.2,
    0.2,
    0.19000004455008665,
    0.2,
    0.19,
    0.18000000054666673,
    0.2,
    0.19320666060641775,
    0.18999998802999957,
    0.18999993729998935,
    0.18999993729998935,
    0.18000001640001606,
    0.18999993729998935,
    0.180000008200003,
    0.19,
    0.1800000098400048,
    0.18000001640001606,
    0.18000001640001606,
    0.1800000098400048,
    0.18,
    0.18,
    0.18,
    0.1899999939199999,
    0.18000001490911774,
    0.18000001640001606,
    0.18999997263999846,
    0.1800000098400048,
    0.2,
    0.190857906288768,
    0.18000000111299636,
    0.18000001640001606,
    0.19,
    0.19,
    0.19000002430009647,
    0.190000000729,
    0.2,
    0.19,
    0.18,
    0.18,
    0.19,
    0.19,
    0.19,
    0.19,
    0.19000175502544786,
    0.19000175502544786,
    0.19,
    0.19000004455008665,
    0.19000008250014438,
    0.2,
    0.19000364534813075,
    0.19000005311492477,
    0.19000002430009647,
    0.19,
    0.19000012272799793,
    0.19000004455008665,
    0.19,
    0.19,
    0.2,
    0.1900000043200001,
    0.19000002430009647,
    0.2,
    0.19000004455008665,
    0.19000004455008665,
    0.20999986769995105,
    0.20999986769995105,
    0.2099999285999886,
    0.19000002430009647,
    0.19000004455008665,
    0.19000004455008665,
    0.2,
    0.2,
    0.19,
    0.2,
    0.19000004455008665,
    0.1900000145800012,
    0.2,
    0.19000002430009647,
    0.2,
    0.19000000835625966,
    0.19,
    0.2,
    0.19000002592001472,
    0.19000002592001472,
    0.19000004455008665,
    0.19000004455008665,
    0.19000004455008665,
    0.19000002430009647,
    0.19000004455008665,
    0.19000004455008665,
    0.2,
    0.1900000145800012,
    0.2,
    0.19000004455008665,
    0.19000002592001472,
    0.2,
    0.2,
    0.2,
    0.19,
    0.19000004455008665,
    0.19000004455008665,
    0.19,
    0.19000004455008665,
    0.19000004455008665,
    0.19000002430009647,
    0.19000004455008665,
    0.19,
    0.19,
    0.19000000083405316,
    0.19000004455008665,
    0.19000002430009647,
    0.2,
    0.19000033000231,
    0.2,
    0.19000001104250538,
    0.19,
    0.1800000065600016,
    0.2,
    0.19,
    0.2,
    0.18,
    0.2,
    0.19,
    0.19,
    0.2,
    0.19,
    0.2,
    0.19,
    0.2,
    0.19,
    0.19,
    0.19,
    0.2,
    0.2,
    0.19,
    0.19,
    0.19,
    0.19,
    0.2,
    0.21,
    0.19,
    0.19,
    0.19,
    0.21,
    0.19000021600138242,
    0.19,
    0.19,
    0.21,
    0.19,
    0.19,
    0.21,
    0.19,
    0.21,
    0.20999986769995105,
    0.21,
    0.21833333333333332,
    0.19,
    0.19,
    0.19,
    0.19,
    0.2,
    0.19000030375748003,
    0.19,
    0.19,
    0.2,
    0.2,
    0.19,
    0.18,
    0.2,
    0.21,
    0.19,
    0.18000001640001606,
    0.18000001640001606,
    0.21,
    0.19,
    0.18000656060357553,
    0.18,
    0.2,
    0.1800000098400048,
    0.21,
    0.19,
    0.18,
    0.2,
    0.18000000482352996,
    0.21,
    0.19,
    0.19,
    0.21,
    0.21,
    0.2,
    0.21,
    0.19,
    0.19000002430009647,
    0.20999986769995105,
    0.20999986769995105,
    0.19000002430009647,
    0.19,
    0.2,
    0.19000097203771507,
    0.1900000068850003,
    0.1900000067500022,
    0.21,
    0.19,
    0.21,
    0.19,
    0.19,
    0.19000004860007486,
    0.21999991639998998,
    0.2099999285999886,
    0.2099999285999886,
    0.20077434688825205,
    0.19,
    0.19,
    0.2,
    0.19000002430009647,
    0.21999991639998998,
    0.21999991639998998,
    0.21999991639998998,
    0.21999991639998998,
    0.21999991639998998,
    0.21999991639998998,
    0.21999985479995063,
    0.19000052071581067,
    0.19000000810000153,
    0.21999995929999736,
    0.19,
    0.22,
    0.19,
    0.21999985479995063,
    0.1900000145800012,
    0.19000010681364224,
    0.19,
    0.1900016204829039,
    0.21286103818536645,
    0.21,
    0.20994001640809198,
    0.1900000145800012,
    0.19,
    0.19000002592001472,
    0.19000000303750006,
    0.19,
    0.1900000145800012,
    0.19000002430009647,
    0.1900000012461539,
    0.2099999285999886,
    0.19000000159737068,
    0.19000000226800004,
    0.20999950999951,
    0.19000004455008665,
    0.19000002430009647,
    0.2,
    0.19000000229185857,
    0.2,
    0.20999986769995105,
    0.2,
    0.2,
    0.2099999285999886,
    0.2,
    0.21999985479995063,
    0.2199993619986602,
    0.2,
    0.2,
    0.2,
    0.19000004455008665,
    0.2,
    0.19000002430009647,
    0.19000002430009647,
    0.19000051841003643,
    0.19000002430009647,
    0.19000002430009647,
    0.19000002430009647,
    0.19000000736365638,
    0.25,
    0.11000000030647387,
    0.425225217228309,
    0.09
]
