[
    0.25999939333272665,
    0.25999996463999775,
    0.1,
    0.02,
    0.01,
    0.02,
    0.1,
    0.03,
    0.03,
    0.04,
    0.04119242723933315,
    0.01,
    0.06363630694214258,
    0.02,
    0.02,
    0.23,
    0.25999999029333304,
    0.2862121212121212,
    0.3399999996192,
    0.4867394694142586,
    0.49,
    0.56,
    0.52,
    0.4195,
    0.37,
    0.37,
    0.37,
    0.3700000132167848,
    0.37,
    0.409999928933322,
    0.4099999909799993,
    0.3599999895399514,
    0.36,
    0.38,
    0.428,
    0.39,
    0.39,
    0.4,
    0.42,
    0.4499997974998886,
    0.44999996249999064,
    0.4953270838239136,
    0.45,
    0.4,
    0.4,
    0.35,
    0.35,
    0.405138330761299,
    0.43,
    0.39,
    0.38,
    0.3500000325000114,
    0.389999995866,
    0.36,
    0.6,
    0.669999962479987,
    0.55,
    0.45,
    0.45,
    0.45,
    0.47999998079999695,
    0.45967803330344115,
    0.5,
    0.5,
    0.51,
    0.52,
    0.6,
    0.59,
    0.570000049450019,
    0.54,
    0.55,
    0.58,
    0.4800000010677448,
    0.47000000169600004,
    0.48999998039999687,
    0.54,
    0.55,
    0.5896497929318241,
    0.45,
    0.47,
    0.47,
    0.48,
    0.46,
    0.47,
    0.47,
    0.47,
    0.47,
    0.54,
    0.540000015640001,
    0.6090952768885378,
    0.56,
    0.57,
    0.5200000075457529,
    0.55,
    0.5700001946316957,
    0.62,
    0.64,
    0.69,
    0.67,
    0.6500000382281604,
    0.65,
    0.65,
    0.62,
    0.65,
    0.67,
    0.6200000167200009,
    0.67,
    0.7299998101998596,
    0.69,
    0.67,
    0.64,
    0.63,
    0.64,
    0.67,
    0.64,
    0.64,
    0.63,
    0.68,
    0.64,
    0.68,
    0.63,
    0.68,
    0.63,
    0.68,
    0.68,
    0.63,
    0.68,
    0.66,
    0.6,
    0.6413448585232113,
    0.65,
    0.65,
    0.6999999719999955,
    0.64,
    0.65,
    0.57,
    0.63,
    0.6199999914335054,
    0.62,
    0.62,
    0.62,
    0.63,
    0.64,
    0.64,
    0.64,
    0.64,
    0.64,
    0.64,
    0.6200001379110611,
    0.64,
    0.63,
    0.64,
    0.64,
    0.6300002466669133,
    0.64,
    0.64,
    0.63,
    0.6300007955022672,
    0.64,
    0.6300000727666766,
    0.64,
    0.64,
    0.63,
    0.64,
    0.64,
    0.64,
    0.64,
    0.6200008290928688,
    0.64,
    0.64,
    0.6200000532000192,
    0.6200000532000192,
    0.6200000532000192,
    0.64,
    0.6200001686584582,
    0.62,
    0.64,
    0.6200000049400002,
    0.64,
    0.64,
    0.6200000532000192,
    0.64,
    0.64,
    0.64,
    0.64,
    0.64,
    0.65,
    0.64,
    0.64,
    0.64,
    0.6599998943999641,
    0.6400001296000829,
    0.66,
    0.66,
    0.6400001296000829,
    0.6599998943999641,
    0.6599999461224314,
    0.65,
    0.6400000272125997,
    0.6599999841599988,
    0.65,
    0.6400001296000829,
    0.6499983749878124,
    0.64,
    0.64,
    0.6400000288281916,
    0.6499999909722214,
    0.6400000792000222,
    0.6400001296000829,
    0.6499999966915507,
    0.649999739999064,
    0.6400001296000829,
    0.65,
    0.64,
    0.6499999326424242,
    0.6499999629277305,
    0.65,
    0.64,
    0.65,
    0.64000054000054,
    0.6499998937907976,
    0.65,
    0.6400000230400031,
    0.6499991874807026,
    0.6400001296000829,
    0.64,
    0.65,
    0.6400001296000829,
    0.6499999869999994,
    0.6499999024999659,
    0.6400001296000829,
    0.65,
    0.6499999024999659,
    0.6499999024999659,
    0.64,
    0.6499999909722214,
    0.6400001296000829,
    0.6560801385273857,
    0.65,
    0.6499999024999659,
    0.6499999674999887,
    0.6400000792000222,
    0.6599998943999641,
    0.6599997908909483,
    0.66,
    0.66,
    0.6400000792000222,
    0.6400000062400001,
    0.6599999969989506,
    0.6599998943999641,
    0.64,
    0.6400000792000222,
    0.6400002304003134,
    0.6400002304003134,
    0.6400002304003134,
    0.6599998943999641,
    0.6699999195999292,
    0.6699999195999292,
    0.64,
    0.64,
    0.6699999949749997,
    0.6699999712857019,
    0.6599998774285066,
    0.6599999119997184,
    0.6599999949714277,
    0.659999997624,
    0.64,
    0.66,
    0.6400001296000829,
    0.66,
    0.64,
    0.64,
    0.66,
    0.66,
    0.66,
    0.64,
    0.66,
    0.64,
    0.66,
    0.64,
    0.64,
    0.66,
    0.66,
    0.64,
    0.64000006240001,
    0.66,
    0.66,
    0.64,
    0.6599873277364169,
    0.6599998943999641,
    0.6599999953799998,
    0.66,
    0.6599998411764239,
    0.6500000525000096,
    0.6500000525000096,
    0.6500000525000096,
    0.6500000525000096,
    0.65,
    0.65,
    0.65,
    0.66,
    0.6500031818535358,
    0.65,
    0.65,
    0.65,
    0.66,
    0.65,
    0.67,
    0.6699999352265532,
    0.6500000525000096,
    0.6699999712857019,
    0.6500000525000096,
    0.6699999195999292,
    0.6699999195999292,
    0.6500000525000096,
    0.6500000525000096,
    0.6500000525000096,
    0.6500001225000797,
    0.65,
    0.6699999602962693,
    0.67,
    0.6699999800743426,
    0.6699999839199988,
    0.67,
    0.669999918642809,
    0.6500000157500009,
    0.6500000157500009,
    0.6699999181110756,
    0.6699999915133323,
    0.660293619513535,
    0.66,
    0.6500000525000096,
    0.6599999206014835,
    0.65,
    0.6671711926673078,
    0.64000006240001,
    0.64000006240001,
    0.64000006240001,
    0.64000006240001,
    0.66,
    0.6400001296000829,
    0.6400006240009984,
    0.6400001296000829,
    0.6699943719347144,
    0.64000006240001,
    0.64000006240001,
    0.6699943719347144,
    0.6699998726999733,
    0.64000006240001,
    0.6699943719347144,
    0.6699943719347144,
    0.6699943719347144,
    0.6699991670258113,
    0.6400001296000829,
    0.67999931999388,
    0.6400006240009984,
    0.6899999585999611,
    0.6899998895991345,
    0.6899999585999611,
    0.6799998911999086,
    0.5500000204545492,
    0.62,
    0.61,
    0.939999946284643,
    0.9399999802104225,
    0.95,
    0.95,
    0.5400001812123244,
    0.05,
    0.95,
    0.9699999640718132
]
