[
    0.96,
    0.999,
    0.96,
    0.999,
    0.999,
    0.999,
    0.999,
    0.999,
    0.999,
    0.999,
    0.993,
    0.999,
    0.999,
    0.999,
    0.999,
    0.999,
    0.999,
    0.992,
    0.999,
    0.993,
    0.999,
    0.999,
    0.999,
    0.999,
    0.9989999929507559,
    0.99,
    0.99,
    0.95,
    0.972426238189009,
    0.9699999838327139,
    0.97,
    0.95,
    0.9699999980204029,
    0.95,
    0.98,
    0.95,
    0.93,
    0.910000004005,
    0.910000003024,
    0.4660058427253938,
    0.36999996743999636,
    0.36,
    0.4,
    0.389999998245,
    0.17000000003186364,
    0.18,
    0.19,
    0.2,
    0.2,
    0.219999998548,
    0.2,
    0.23,
    0.23,
    0.2099998879999664,
    0.39,
    0.35,
    0.35,
    0.35,
    0.4,
    0.340000000396,
    0.3699999990528,
    0.4099999992346667,
    0.27,
    0.27999999159999983,
    0.3,
    0.3,
    0.35,
    0.3941158503542116,
    0.4199999737803454,
    0.42,
    0.3,
    0.33000001608000123,
    0.389999998245,
    0.3,
    0.33,
    0.3,
    0.2,
    0.23,
    0.2399998559999424,
    0.22549019576451365,
    0.21999985479995063,
    0.16,
    0.14999988749997187,
    0.16,
    0.1300000012419702,
    0.2899999997999,
    0.36,
    0.5600000352000042,
    0.629999998965,
    0.6299997706693476,
    0.6,
    0.63,
    0.629999901724121,
    0.63,
    0.62,
    0.6299999453999683,
    0.610000001755,
    0.629999976311999,
    0.63,
    0.6,
    0.6,
    0.6,
    0.61,
    0.629999901719976,
    0.6,
    0.629999998236,
    0.6,
    0.6,
    0.6,
    0.6,
    0.6,
    0.6,
    0.61,
    0.6100000497250061,
    0.6,
    0.6,
    0.6,
    0.6188361037633597,
    0.6,
    0.609999859699892,
    0.6,
    0.6099999993899999,
    0.6099999942210521,
    0.6,
    0.6,
    0.609999859699892,
    0.6,
    0.609999859699892,
    0.6,
    0.61,
    0.6,
    0.6,
    0.6,
    0.61,
    0.6,
    0.6099999959333327,
    0.6,
    0.5900000553500202,
    0.6199998511998869,
    0.6199999657668678,
    0.5900000531991102,
    0.59,
    0.62,
    0.6200000988000731,
    0.6200000038716982,
    0.6299999180999697,
    0.6299999180999697,
    0.6200000136800005,
    0.6200000532000192,
    0.6200003344003745,
    0.6200000532000192,
    0.6200000988000731,
    0.6200000167200009,
    0.6200000988000731,
    0.64,
    0.633245382585752,
    0.629999981099993,
    0.6200000988000731,
    0.6200000258400035,
    0.63,
    0.62,
    0.62,
    0.6299980399843199,
    0.62,
    0.63,
    0.6200000380000089,
    0.6200000380000089,
    0.6200000380000089,
    0.6200000258400035,
    0.6200000380000089,
    0.6200000380000089,
    0.6200000167200009,
    0.6200000380000089,
    0.64,
    0.62,
    0.6200000380000089,
    0.62,
    0.64,
    0.62,
    0.6200000167200009,
    0.6200000167200009,
    0.64,
    0.64,
    0.64,
    0.64,
    0.6200000167200009,
    0.6200000152000007,
    0.6200000167200009,
    0.64,
    0.64,
    0.6200000532000192,
    0.6100001521000927,
    0.6100001521000927,
    0.6100001521000927,
    0.62,
    0.610000015874353,
    0.64,
    0.6200000988000731,
    0.64,
    0.6200000380000089,
    0.6200000380000089,
    0.64,
    0.64,
    0.6200000380000089,
    0.6200000057000001,
    0.64,
    0.64,
    0.6100001521000927,
    0.610000403000927,
    0.64,
    0.59,
    0.95,
    0.5300002068007362,
    0.95,
    0.9699999793615708,
    0.97,
    0.96,
    0.96,
    0.52,
    0.96,
    0.03,
    0.02,
    0.030000037308838837,
    0.99,
    0.01
]
