[
    0.001,
    0.005022219875640161,
    0.01,
    0.01,
    0.03,
    0.03,
    0.04,
    0.04,
    0.06,
    0.08,
    0.08,
    0.04,
    0.03000000246820154,
    0.04,
    0.08,
    0.04,
    0.04,
    0.04,
    0.04,
    0.04,
    0.04,
    0.030000002219690295,
    0.04,
    0.04,
    0.04,
    0.030000004850053327,
    0.04,
    0.04,
    0.04,
    0.04,
    0.08,
    0.08,
    0.07000001116000433,
    0.0899999599499978,
    0.07000000930010221,
    0.09,
    0.08000000368000108,
    0.09,
    0.15,
    0.15,
    0.15000001700002005,
    0.19,
    0.22999982749995687,
    0.1400000344000502,
    0.15,
    0.149999939999994,
    0.1633213019974195,
    0.14,
    0.16,
    0.16,
    0.16,
    0.18,
    0.12,
    0.14,
    0.14,
    0.14,
    0.15,
    0.15,
    0.15,
    0.07,
    0.06,
    0.11,
    0.11,
    0.14,
    0.09,
    0.14,
    0.13,
    0.08,
    0.13,
    0.1,
    0.1,
    0.1,
    0.1,
    0.1,
    0.07,
    0.1,
    0.1,
    0.1,
    0.1,
    0.1,
    0.09,
    0.08,
    0.08,
    0.08,
    0.12,
    0.1099999684666652,
    0.11,
    0.13,
    0.16,
    0.11000000901733041,
    0.12,
    0.13,
    0.13000000870001732,
    0.14,
    0.16,
    0.16,
    0.17999927999928,
    0.1500000850003315,
    0.18,
    0.2,
    0.21,
    0.18,
    0.22,
    0.25,
    0.2599998647999351,
    0.18,
    0.18,
    0.18,
    0.13,
    0.18000001640001606,
    0.21,
    0.22,
    0.22,
    0.22,
    0.22,
    0.22999998688999942,
    0.23,
    0.25,
    0.25,
    0.28,
    0.31,
    0.29,
    0.28,
    0.27,
    0.3,
    0.31,
    0.29,
    0.3,
    0.3,
    0.32,
    0.32,
    0.33,
    0.31,
    0.34,
    0.3982231707317073,
    0.389999995866,
    0.3399999889748952,
    0.3520965792726767,
    0.35,
    0.38999995579999025,
    0.36,
    0.35,
    0.35,
    0.3799999950599998,
    0.33,
    0.35,
    0.35,
    0.36,
    0.33,
    0.36,
    0.33,
    0.36,
    0.3851998157109235,
    0.389999997452,
    0.399,
    0.399,
    0.3930672,
    0.27492807059961316,
    0.27,
    0.26,
    0.26999985419993294,
    0.24,
    0.24,
    0.24,
    0.24,
    0.2300001092903776,
    0.23999965276572102,
    0.2200000065684217,
    0.2699999998128,
    0.29,
    0.3,
    0.27,
    0.26,
    0.23000000072187504,
    0.2300000046200006,
    0.23000000053708444,
    0.25,
    0.25,
    0.25,
    0.25,
    0.25,
    0.30999998356999925,
    0.25,
    0.3,
    0.3000000070000006,
    0.31,
    0.32,
    0.35,
    0.45,
    0.40000000150000004,
    0.3900000610000346,
    0.3900000610000346,
    0.39000000610000013,
    0.4,
    0.39,
    0.4,
    0.47999999394703624,
    0.39,
    0.4,
    0.4,
    0.47999998079999695,
    0.370000026578128,
    0.4,
    0.4,
    0.4,
    0.4,
    0.4,
    0.39000016266675885,
    0.4,
    0.4,
    0.39000016266675885,
    0.39000002135000994,
    0.4,
    0.36,
    0.36,
    0.39022106023062064,
    0.37,
    0.36,
    0.36,
    0.37,
    0.3799997339998537,
    0.38,
    0.38,
    0.38,
    0.38,
    0.38000003100001395,
    0.39,
    0.3899999700999973,
    0.4,
    0.39,
    0.38,
    0.38,
    0.38,
    0.3700000002691721,
    0.4,
    0.3800000055800001,
    0.38,
    0.38000000017560753,
    0.380000000124,
    0.38,
    0.38,
    0.4099999835999974,
    0.380000000124,
    0.4087241529219788,
    0.3899999773799968,
    0.39,
    0.4099999958999999,
    0.41,
    0.39,
    0.3900000014418182,
    0.41,
    0.3900000073200003,
    0.4,
    0.3900000073200003,
    0.4,
    0.40999998233846097,
    0.4,
    0.4,
    0.4,
    0.3900000156499448,
    0.4,
    0.4,
    0.409999928933322,
    0.4000000001480896,
    0.3900000161214304,
    0.41,
    0.40999999758315786,
    0.4099999446499798,
    0.40999998915917474,
    0.39,
    0.41,
    0.4099998236998995,
    0.39000001330909306,
    0.3900000588596951,
    0.4099999859004517,
    0.4099999835999974,
    0.39,
    0.39000000061000006,
    0.4099999909799993,
    0.40999999204117615,
    0.4099998236998995,
    0.390000003904,
    0.39000002135000994,
    0.39,
    0.3900000039311113,
    0.4099998415908503,
    0.39000014030010804,
    0.40999990681811826,
    0.3900000085954552,
    0.4099999909799993,
    0.39,
    0.39,
    0.40999999540799986,
    0.3900000085954552,
    0.3900003782005219,
    0.4099999835999974,
    0.40999999343999965,
    0.3900000014814286,
    0.3900000610000346,
    0.4099999958999999,
    0.4099995817995902,
    0.39000000061000006,
    0.4099999909799993,
    0.41,
    0.3900000066304355,
    0.4084377010917745,
    0.39000014030010804,
    0.39000010675011476,
    0.4,
    0.4,
    0.4,
    0.4,
    0.39000002135000994,
    0.4,
    0.39,
    0.390000003904,
    0.39,
    0.39000000818059927,
    0.4099998236998995,
    0.41,
    0.39,
    0.3900000143932613,
    0.3900000002652174,
    0.40999999916368157,
    0.39000000105637167,
    0.4099999991620757,
    0.39,
    0.3900000013008616,
    0.4099999973974863,
    0.3900000251625021,
    0.4,
    0.4,
    0.3900000001281,
    0.39,
    0.409999983014284,
    0.409999983014284,
    0.4099998236998995,
    0.4099999630999941,
    0.40999996924999715,
    0.39000014030010804,
    0.39000014030010804,
    0.40999999820919536,
    0.3900000033784616,
    0.3900001500795664,
    0.4099998236998995,
    0.40999990538456443,
    0.39,
    0.4099999909799993,
    0.4099999909799993,
    0.4099999595774574,
    0.39000014030010804,
    0.4,
    0.40999999540799986,
    0.4,
    0.39000000125219536,
    0.40999999766396555,
    0.409999928933322,
    0.4099998236998995,
    0.4099995284981847,
    0.4099993713322017,
    0.4,
    0.4,
    0.4099990979983764,
    0.4099998236998995,
    0.400000240000384,
    0.4,
    0.41,
    0.41,
    0.40999996924999715,
    0.4,
    0.40999999688399996,
    0.4,
    0.4000000150000015,
    0.4,
    0.3700000029557642,
    0.38,
    0.3700000007269231,
    0.40927240197309683,
    0.3700000089526319,
    0.38,
    0.3700000092807632,
    0.40822156492631156,
    0.38,
    0.37000001291371787,
    0.37,
    0.38,
    0.4,
    0.38,
    0.3800000003263158,
    0.38000000145882357,
    0.4,
    0.4,
    0.380000005786667,
    0.4,
    0.3800000018600001,
    0.3800000372000052,
    0.37,
    0.4,
    0.37,
    0.4,
    0.4,
    0.37,
    0.38,
    0.38,
    0.37,
    0.3700000002829499,
    0.38,
    0.380000005786667,
    0.3800000056588706,
    0.4,
    0.4,
    0.38,
    0.3800000046053854,
    0.4,
    0.4,
    0.38000000516666677,
    0.380000005786667,
    0.4,
    0.38000000268108114,
    0.4,
    0.4,
    0.38000000061938066,
    0.4,
    0.4,
    0.3800000058663514,
    0.4,
    0.4,
    0.4,
    0.3800000018600001,
    0.4,
    0.38000014880011307,
    0.3800000136400011,
    0.4,
    0.4,
    0.3800001860005642,
    0.38000003100001395,
    0.3800000372000052,
    0.4,
    0.380000005786667,
    0.4,
    0.4,
    0.4,
    0.38000033066869476,
    0.4,
    0.380000005786667,
    0.4,
    0.38,
    0.4,
    0.380000005786667,
    0.38,
    0.3800000046500001,
    0.4099993713322017,
    0.38000003100001395,
    0.4099998236998995,
    0.38000000272510714,
    0.38,
    0.4,
    0.4099999446499798,
    0.40999999742558135,
    0.42999995054998097,
    0.4,
    0.4,
    0.38,
    0.38000049402843133,
    0.4,
    0.4,
    0.38000003100001395,
    0.4,
    0.3800001193583296,
    0.4,
    0.4,
    0.38000009033123233,
    0.4,
    0.4,
    0.38000000652631605,
    0.3800000056235829,
    0.38000033066869476,
    0.4,
    0.3800001690912473,
    0.3800000136400011,
    0.38,
    0.4,
    0.38000014880011307,
    0.39,
    0.3899999859599991,
    0.39,
    0.38999880399569437,
    0.3899995969990731,
    0.38999976689642313,
    0.36,
    0.38999986297283595,
    0.3899999806020927,
    0.38999991026542796,
    0.36,
    0.36,
    0.36,
    0.389999871940245,
    0.36,
    0.36,
    0.3899998833644119,
    0.3899999773799968,
    0.3899998478999072,
    0.38999983904755775,
    0.36,
    0.3899998478999072,
    0.38999995579999025,
    0.36,
    0.3899998132977631,
    0.3899998971817518,
    0.3899998478999072,
    0.36,
    0.3899998833644119,
    0.36,
    0.38999983113391967,
    0.36,
    0.36,
    0.37,
    0.38999981936831457,
    0.37,
    0.38999998537499964,
    0.389999995866,
    0.3899999953526569,
    0.38,
    0.38,
    0.389999414999415,
    0.3899998478999072,
    0.389999988083333,
    0.3899999859599991,
    0.3899998478999072,
    0.36,
    0.36,
    0.36,
    0.3899998328569757,
    0.36,
    0.36,
    0.36,
    0.36,
    0.38999999537441854,
    0.36,
    0.36,
    0.36,
    0.3899999967499999,
    0.36,
    0.36,
    0.36,
    0.36,
    0.3899999911079998,
    0.36,
    0.36,
    0.36,
    0.36,
    0.38999999024999976,
    0.36,
    0.38999976689642313,
    0.36,
    0.36,
    0.36,
    0.36,
    0.3899999967499999,
    0.38999999024999976,
    0.37,
    0.3600000011546615,
    0.3700000199367208,
    0.38999983683663647,
    0.37000000850500075,
    0.3700001193684613,
    0.3700000717074255,
    0.38999995579999025,
    0.38999995579999025,
    0.37000000781200054,
    0.37000001197000215,
    0.370000009658754,
    0.38999995579999025,
    0.389999811499934,
    0.3700001193684613,
    0.3899999502749939,
    0.3700000261290432,
    0.38999995579999025,
    0.3899999859599991,
    0.387428125,
    0.37,
    0.37,
    0.37999996199999114,
    0.37000030240106446,
    0.3700000368182036,
    0.38999999474999986,
    0.3700000231192758,
    0.38,
    0.38,
    0.36,
    0.38999998855434753,
    0.38999995579999025,
    0.36,
    0.36,
    0.36,
    0.36,
    0.36,
    0.38363167607485177,
    0.36,
    0.36,
    0.36,
    0.36,
    0.36,
    0.37999996405404934,
    0.36,
    0.36,
    0.36,
    0.36,
    0.3899999859599991,
    0.36,
    0.38999995579999025,
    0.38,
    0.38,
    0.37,
    0.389999890799976,
    0.3899999888199996,
    0.35000000519833685,
    0.3500000059090919,
    0.3500000054166668,
    0.35000009750003414,
    0.4,
    0.35,
    0.34,
    0.4,
    0.35000007222229446,
    0.4,
    0.4,
    0.37,
    0.3400000016167984,
    0.3700000055371095,
    0.3974365343534204,
    0.37000000176400005,
    0.3899998478999072,
    0.39,
    0.37,
    0.3899999859599991,
    0.37000001197000215,
    0.35,
    0.3500000204730894,
    0.37,
    0.370000018900007,
    0.37999994679998084,
    0.37,
    0.37,
    0.36999998939333295,
    0.37,
    0.36999986309991373,
    0.36,
    0.36,
    0.36999997705999915,
    0.36,
    0.3500000406250076,
    0.389999890799976,
    0.35000000650000057,
    0.34,
    0.35,
    0.34,
    0.3400000345992627,
    0.3400001603739427,
    0.34000012257149337,
    0.3400002064808437,
    0.3899998478999072,
    0.38999801099025383,
    0.3899999773799968,
    0.34,
    0.33000001608000123,
    0.3300000804000707,
    0.4,
    0.30000140001120007,
    0.4,
    0.409999928933322,
    0.4099998236998995,
    0.4,
    0.40999912532936816,
    0.26,
    0.1
]
