[
    0.998,
    0.998,
    0.999,
    0.999,
    0.999,
    0.999,
    0.999,
    0.999,
    0.999,
    0.999,
    0.999,
    0.999,
    0.999,
    0.999,
    0.999,
    0.999,
    0.999,
    0.999,
    0.999,
    0.999,
    0.999,
    0.992,
    0.995,
    0.995,
    0.993,
    0.995,
    0.995,
    0.995,
    0.995,
    0.991000000891,
    0.995,
    0.9970724798989004,
    0.994,
    0.991,
    0.991,
    0.99,
    0.9700000057000001,
    0.9943361611635801,
    0.99,
    0.9885138165968431,
    0.99,
    0.99,
    0.9896769693390064,
    0.98,
    0.9691205375892482,
    0.96,
    0.96,
    0.95,
    0.96,
    0.96,
    0.96,
    0.96,
    0.96,
    0.96,
    0.96,
    0.96,
    0.96,
    0.96,
    0.96,
    0.96,
    0.96,
    0.9693674873982163,
    0.96,
    0.97,
    0.9699999999853585,
    0.97,
    0.9699999992239992,
    0.97,
    0.97,
    0.96,
    0.97,
    0.97,
    0.9699999996119998,
    0.96,
    0.96,
    0.96,
    0.96,
    0.96,
    0.95,
    0.96,
    0.95,
    0.943939393939394,
    0.94,
    0.9284842883548984,
    0.88,
    0.92,
    0.9000379672548698,
    0.8999298812534474,
    0.8700000097500002,
    0.8899999804394856,
    0.88,
    0.8653047839506173,
    0.86,
    0.85,
    0.8597,
    0.84,
    0.84,
    0.85,
    0.85,
    0.8500001125000282,
    0.85,
    0.8300001305050821,
    0.83,
    0.83,
    0.82,
    0.8200000129600004,
    0.8699999912999827,
    0.84,
    0.83,
    0.85,
    0.81,
    0.8254545454545454,
    0.81,
    0.81,
    0.79,
    0.8,
    0.8,
    0.8,
    0.8,
    0.8,
    0.8,
    0.8,
    0.809999999271,
    0.8,
    0.77,
    0.7700001725000432,
    0.770000030820002,
    0.85,
    0.85,
    0.85,
    0.85,
    0.85,
    0.8300000129200004,
    0.8,
    0.78,
    0.7700001725000432,
    0.77,
    0.7600000076759064,
    0.77,
    0.7700000107333336,
    0.76,
    0.75,
    0.75,
    0.76,
    0.7600000360000037,
    0.7600000144000005,
    0.7699999996623794,
    0.740000052000007,
    0.74,
    0.74,
    0.69,
    0.7,
    0.7,
    0.63,
    0.5900000553500202,
    0.61,
    0.609999991459999,
    0.6042217406496919,
    0.5999999478260688,
    0.6,
    0.570000049450019,
    0.5999999759999961,
    0.5200000054528243,
    0.5800000060480002,
    0.5899999998631884,
    0.587428237856604,
    0.5700000032680002,
    0.5799999982599999,
    0.5799998259997042,
    0.5899990559952171,
    0.570000001462,
    0.5899999675499855,
    0.57,
    0.5899999895248038,
    0.58,
    0.57,
    0.59,
    0.59,
    0.5900000090200007,
    0.59,
    0.6,
    0.6,
    0.6,
    0.6,
    0.6,
    0.6099999538655303,
    0.6,
    0.6,
    0.61,
    0.6199999940016123,
    0.6199999958129869,
    0.62,
    0.6199999964571427,
    0.62,
    0.6199999990927714,
    0.61999999814,
    0.6199999987984496,
    0.61,
    0.61,
    0.610000001755,
    0.6100000442000098,
    0.61,
    0.610000001755,
    0.6199982949833761,
    0.6199999530599256,
    0.61,
    0.6199999627999948,
    0.6199999917333316,
    0.61000000325,
    0.6199999627999948,
    0.61,
    0.6100000097500002,
    0.6100000654545573,
    0.6199999801599992,
    0.619999986359999,
    0.6,
    0.6199999156799777,
    0.6,
    0.6199999613840721,
    0.6199999401608477,
    0.6199998253519159,
    0.6199998449998235,
    0.6,
    0.62,
    0.6,
    0.6199999323636027,
    0.6199999984759563,
    0.6,
    0.6,
    0.6,
    0.6,
    0.6199999666153736,
    0.6,
    0.6199978742626349,
    0.6199965279500025,
    0.6,
    0.6,
    0.6,
    0.6,
    0.6,
    0.6,
    0.6,
    0.62,
    0.6199999627999948,
    0.6199999970148148,
    0.61,
    0.61,
    0.619999999752,
    0.61,
    0.6193479793386468,
    0.5900000048254219,
    0.5900000053300002,
    0.590000002378,
    0.6,
    0.59,
    0.5900000037272728,
    0.6299999971999988,
    0.629999981099993,
    0.6299998636566442,
    0.6299999369999866,
    0.6299998755088575,
    0.6299998998461184,
    0.63,
    0.6299998912229621,
    0.6299999768807242,
    0.629999981099993,
    0.6299999914949993,
    0.6299999180999697,
    0.63,
    0.6299999568084932,
    0.6299999492499759,
    0.629999981099993,
    0.6299999986,
    0.63,
    0.63,
    0.63,
    0.6300000727666766,
    0.6300001369000863,
    0.64,
    0.63,
    0.6300001369000863,
    0.6300000027467898,
    0.64,
    0.64,
    0.630000004292,
    0.63,
    0.63,
    0.6299999225408661,
    0.63,
    0.64,
    0.64,
    0.64,
    0.63,
    0.63,
    0.63,
    0.63,
    0.63,
    0.6299999453999683,
    0.6299999180999697,
    0.6299999914949993,
    0.63,
    0.63,
    0.6299999180999697,
    0.64,
    0.63,
    0.64,
    0.64,
    0.64,
    0.64,
    0.64,
    0.64,
    0.64,
    0.63,
    0.64,
    0.64,
    0.64,
    0.6100001521000927,
    0.64,
    0.6100000094354844,
    0.64,
    0.63,
    0.6299999926499996,
    0.6299999951225805,
    0.6299999880299978,
    0.6299999369999866,
    0.6299998974417579,
    0.629999918884061,
    0.6100000140400009,
    0.62999992999993,
    0.6299999990549999,
    0.6,
    0.6,
    0.63,
    0.6299999369999866,
    0.629999981099993,
    0.6299999127272092,
    0.6299999216417618,
    0.6299999509425865,
    0.6299999180999697,
    0.6299999168749533,
    0.6,
    0.6299999564633822,
    0.629999910749864,
    0.6,
    0.6299999927586187,
    0.6,
    0.6299999369999866,
    0.6,
    0.6299998985591664,
    0.6,
    0.6299998804378916,
    0.6,
    0.6299999880299978,
    0.6,
    0.629999998236,
    0.6299999815789425,
    0.6299999936040607,
    0.6299999950575311,
    0.6,
    0.6299999596153768,
    0.6,
    0.6300855946162457,
    0.629999981099993,
    0.6,
    0.6,
    0.629999981099993,
    0.63,
    0.6299999926499996,
    0.6,
    0.6299999944366624,
    0.6,
    0.629999981099993,
    0.6,
    0.6,
    0.6299999934001794,
    0.6299999926499996,
    0.6,
    0.63,
    0.6234146616576821,
    0.6,
    0.5800000304768517,
    0.6,
    0.6199997674986341,
    0.6,
    0.6131716992983182,
    0.6199982949833761,
    0.6,
    0.6199999627999948,
    0.6,
    0.5800001764001023,
    0.5800000261333376,
    0.619999968999986,
    0.57,
    0.5600000061754391,
    0.5600000079200003,
    0.57,
    0.5200000376733287,
    0.53,
    0.57,
    0.619999968999986,
    0.570000049450019,
    0.57,
    0.6,
    0.6299999981010289,
    0.6200000167200009,
    0.6200000988000731,
    0.6200002736001679,
    0.6299999282925745,
    0.62,
    0.61,
    0.6,
    0.5700000013437501,
    0.57,
    0.570000232200339,
    0.5700001720001032,
    0.5700000068800006,
    0.62,
    0.52,
    0.37,
    0.55,
    0.350000011605072,
    0.6699998673264962,
    0.5500000787500255,
    0.35,
    0.31,
    0.3000000221169064,
    0.6299982989875826,
    0.2600000103600019,
    0.25,
    0.6499999934999994,
    0.2400005527419455,
    0.22,
    0.21000003950001597,
    0.23000001232000472
]
