[
    0.999,
    0.994,
    0.994,
    0.994,
    0.994,
    0.994,
    0.999,
    0.999,
    0.999,
    0.999,
    0.999,
    0.999,
    0.999,
    0.999,
    0.999,
    0.999,
    0.999,
    0.999,
    0.999,
    0.999,
    0.999,
    0.999,
    0.997,
    0.99,
    0.99,
    0.99,
    0.99,
    0.99,
    0.99,
    0.99,
    0.99,
    0.99,
    0.99,
    0.99,
    0.99,
    0.72,
    0.789999997428994,
    0.79,
    0.829999219799173,
    0.829999219799173,
    0.829999998765891,
    0.84,
    0.79,
    0.79,
    0.64,
    0.31,
    0.37,
    0.37,
    0.42,
    0.4699999929499998,
    0.53,
    0.63,
    0.59,
    0.5600000105600008,
    0.56,
    0.63,
    0.5600000293333411,
    0.48,
    0.4800000166400028,
    0.51,
    0.5,
    0.5099998316998873,
    0.47,
    0.5,
    0.46000008059706304,
    0.5,
    0.5,
    0.45,
    0.4300000005374944,
    0.44,
    0.5099999952399998,
    0.47,
    0.5099999785799988,
    0.77,
    0.7700001725000432,
    0.7700000131100005,
    0.700000002278481,
    0.71,
    0.65,
    0.51,
    0.51,
    0.510000000931,
    0.5100000186200011,
    0.5599999968639999,
    0.5100000034300001,
    0.5699999966939999,
    0.48,
    0.48,
    0.4499999549999955,
    0.45,
    0.48,
    0.44,
    0.41,
    0.4099999982313725,
    0.4,
    0.41,
    0.5099998316998873,
    0.4,
    0.48,
    0.42,
    0.43,
    0.42,
    0.47999998079999695,
    0.48,
    0.4799999827199989,
    0.43,
    0.41000000631937705,
    0.62,
    0.6200000059242764,
    0.6200000258400035,
    0.6200000258400035,
    0.65,
    0.68,
    0.68,
    0.6600000142800009,
    0.66,
    0.66,
    0.7300000021349318,
    0.76,
    0.7,
    0.700000180000072,
    0.74,
    0.7100001334000721,
    0.71,
    0.700000001361038,
    0.7,
    0.71,
    0.75,
    0.71,
    0.7,
    0.7100000725000182,
    0.75,
    0.7000000180000007,
    0.7100000064823531,
    0.66,
    0.62,
    0.59,
    0.5899998465998865,
    0.58,
    0.5899998465998865,
    0.5500002025001114,
    0.5699999966939999,
    0.53,
    0.5099998316998873,
    0.48,
    0.47999999808,
    0.48,
    0.57,
    0.5699990879968991,
    0.43,
    0.3800000000314938,
    0.39,
    0.41,
    0.4699998777999096,
    0.46999996232464475,
    0.45,
    0.45,
    0.47999998079999695,
    0.4699998777999096,
    0.45000003666667643,
    0.47999982719988943,
    0.45,
    0.47,
    0.47000000303866674,
    0.52,
    0.509999998572,
    0.509999998572,
    0.53,
    0.5300000070500003,
    0.5699999949661465,
    0.609999999268,
    0.6,
    0.5899998465998865,
    0.5844155834036093,
    0.54,
    0.54,
    0.54,
    0.5400000099076928,
    0.55,
    0.5799998259997042,
    0.5841584100578373,
    0.5500002025001114,
    0.55,
    0.55,
    0.55,
    0.56,
    0.55,
    0.57,
    0.64,
    0.6199999985119999,
    0.59,
    0.56,
    0.6,
    0.6599999880439936,
    0.66,
    0.660000170000085,
    0.67,
    0.6799998911999086,
    0.6767515918997729,
    0.62,
    0.67,
    0.67,
    0.5799998259997042,
    0.5700000048733336,
    0.61,
    0.6,
    0.5900000045920001,
    0.59,
    0.540000015640001,
    0.5599999997552982,
    0.56,
    0.5300000084600007,
    0.5300000084600007,
    0.5300000002585,
    0.5400000565110634,
    0.5300000278838273,
    0.54,
    0.559999843199887,
    0.5400002392001149,
    0.540000004232,
    0.5400000163145727,
    0.54,
    0.56,
    0.5400000068768339,
    0.5600000844800176,
    0.5699998232997013,
    0.5699998232997013,
    0.5600000456296418,
    0.57,
    0.579999997912,
    0.5700000032680002,
    0.58,
    0.5700000170297038,
    0.5899999272332938,
    0.5700003547505942,
    0.57,
    0.6,
    0.5999993999976,
    0.6,
    0.6199998511998869,
    0.59,
    0.6,
    0.5900001763001005,
    0.619999968999986,
    0.5900000086647461,
    0.5900004715018152,
    0.6172587660942508,
    0.61,
    0.5900001763001005,
    0.609999859699892,
    0.6099999989268519,
    0.5900000164000027,
    0.5900000794713852,
    0.6,
    0.6199998015999312,
    0.6,
    0.6161415372289444,
    0.6,
    0.6,
    0.609999859699892,
    0.6,
    0.6,
    0.6099999959333327,
    0.6,
    0.6,
    0.6,
    0.6,
    0.5900004182004098,
    0.6099999993899999,
    0.5900001763001005,
    0.5900000164000027,
    0.6099999934302632,
    0.62,
    0.61,
    0.61,
    0.62,
    0.61,
    0.62,
    0.61,
    0.6100000140400009,
    0.6100001094245084,
    0.6100000111800005,
    0.62,
    0.619999986359999,
    0.6199999156799777,
    0.619999968999986,
    0.6199999844999811,
    0.61000039000039,
    0.6199988839908487,
    0.61000001567376,
    0.6199998511998869,
    0.6100000030299106,
    0.6199999981819663,
    0.61999999565068,
    0.6100002876251474,
    0.6100000026346407,
    0.61,
    0.6100000163548407,
    0.61999999814,
    0.6199999891164419,
    0.6100000094837885,
    0.6100000088920001,
    0.6199999984143223,
    0.61,
    0.6199999297332944,
    0.610000109200024,
    0.6100000140400009,
    0.6100000226200032,
    0.6,
    0.6,
    0.6,
    0.6,
    0.6181455341592356,
    0.6,
    0.6,
    0.6,
    0.619999968999986,
    0.62,
    0.6,
    0.6199999627999948,
    0.6,
    0.6199999985720162,
    0.6,
    0.6199996693313052,
    0.6199978175902228,
    0.62,
    0.6,
    0.6299999984478261,
    0.6299999918624998,
    0.6199999944199999,
    0.6,
    0.6,
    0.6,
    0.6,
    0.6,
    0.6,
    0.6199999114285577,
    0.619999986359999,
    0.6100000226200032,
    0.619999986359999,
    0.619999986359999,
    0.619999986359999,
    0.62,
    0.620000539355813,
    0.62,
    0.62,
    0.62,
    0.62,
    0.62,
    0.6299999994523571,
    0.6299999993293548,
    0.6455048393241204,
    0.64,
    0.64,
    0.64,
    0.6200000988000731,
    0.6200006080020672,
    0.63,
    0.620000411667936,
    0.6200001165333753,
    0.64,
    0.64,
    0.62,
    0.62,
    0.62,
    0.6100000111800005,
    0.62,
    0.6199998511998869,
    0.6199998511998869,
    0.6100000442000098,
    0.610000109200024,
    0.62,
    0.61,
    0.6100000097500002,
    0.61,
    0.62,
    0.6100019890097461,
    0.62,
    0.6199988839908487,
    0.6100019890097461,
    0.62,
    0.62,
    0.6100000097500002,
    0.6100001521000927,
    0.619999968999986,
    0.62,
    0.6,
    0.6,
    0.6199998511998869,
    0.62,
    0.62,
    0.63,
    0.63,
    0.63,
    0.64,
    0.640000126315856,
    0.6400000129600009,
    0.64,
    0.6599999841599988,
    0.66,
    0.6300001369000863,
    0.66,
    0.66,
    0.6300001369000863,
    0.66,
    0.6599999691999963,
    0.6599999955999996,
    0.6599999603999865,
    0.6500000157500009,
    0.5600001936001084,
    0.6699999195999292,
    0.59,
    0.59,
    0.59,
    0.59,
    0.5899999981797872,
    0.59,
    0.5300006507733357,
    0.5899999952799998,
    0.5899999272332938,
    0.5899998869165941,
    0.5899999675499855,
    0.5899998465998865,
    0.5,
    0.5,
    0.5899999946899995,
    0.4900001683001128,
    0.4900013770100522,
    0.49,
    0.5899998465998865,
    0.4700001219000939,
    0.5899990994655794,
    0.4700001219000939,
    0.5899997049996012,
    0.5899999704999955,
    0.5283581768857173,
    0.47000026500069564,
    0.509999956649982,
    0.5099986229899478,
    0.5099999795999968,
    0.4699998918999708,
    0.4664857924900634,
    0.29,
    0.28,
    0.28000000642825656,
    0.29000005680010904,
    0.5099999982999994,
    0.25,
    0.5899978051906062,
    0.21000003686668953,
    0.1600000840002016,
    0.16000004480005733,
    0.6299985108990733,
    0.3,
    0.31,
    0.3100000414000389,
    0.09000007280086779
]
