[
    0.999,
    0.999,
    0.999,
    0.999,
    0.999,
    0.999,
    0.999,
    0.999,
    0.999,
    0.999,
    0.999,
    0.999,
    0.999,
    0.999,
    0.999,
    0.999,
    0.999,
    0.999,
    0.999,
    0.999,
    0.999,
    0.999,
    0.999,
    0.99,
    0.99,
    0.99,
    0.99,
    0.99,
    0.9,
    0.999,
    0.68,
    0.62,
    0.69,
    0.62,
    0.6699999195999292,
    0.67,
    0.84,
    0.84,
    0.84,
    0.84,
    0.84,
    0.84,
    0.84,
    0.7459215688299451,
    0.5799999993620766,
    0.58,
    0.7600000816000131,
    0.722,
    0.55,
    0.5,
    0.5,
    0.48,
    0.48000000138666676,
    0.5499999990350877,
    0.5,
    0.5,
    0.55,
    0.5099999957499997,
    0.55,
    0.66,
    0.6699988107461646,
    0.8,
    0.73,
    0.53,
    0.53,
    0.5399999980471845,
    0.55,
    0.5799999953599991,
    0.5999999996284829,
    0.48000001560000344,
    0.729999967879995,
    0.998,
    0.9699999999752645,
    0.94,
    0.94,
    0.7799999994866508,
    0.7799999407275616,
    0.8,
    0.9100000154800004,
    0.86,
    0.7800001452000493,
    0.7800000149600005,
    0.7600000816000131,
    0.75,
    0.6,
    0.51,
    0.66,
    0.77,
    0.76,
    0.760000032640002,
    0.780000003168,
    0.97,
    0.98,
    0.9,
    0.95,
    0.95,
    0.97,
    0.97,
    0.98,
    0.9700000288000011,
    0.98,
    0.95,
    0.95,
    0.94,
    0.94,
    0.9300000637000058,
    0.9399999623995127,
    0.9300000203000008,
    0.9,
    0.9223815422724405,
    0.9199997253728064,
    0.8600000373333359,
    0.9199995512190013,
    0.860000001148,
    0.9099989261969719,
    0.850000060000006,
    0.85,
    0.850000070312511,
    0.91,
    0.829999219799173,
    0.77,
    0.86,
    0.85,
    0.9099999827099968,
    0.8799999985436491,
    0.88,
    0.8500000112500002,
    0.8799999449998316,
    0.88,
    0.88,
    0.8899999925833025,
    0.8,
    0.82,
    0.82,
    0.82,
    0.82,
    0.82,
    0.8199999997376,
    0.81,
    0.79,
    0.76000000576,
    0.8,
    0.760000032640002,
    0.7800000149600005,
    0.7,
    0.7,
    0.66,
    0.64,
    0.61,
    0.62,
    0.6299982989875826,
    0.6315870220476174,
    0.6300000062160002,
    0.63,
    0.6,
    0.63,
    0.6100000097500002,
    0.6100000279622674,
    0.64,
    0.61,
    0.6100001521000927,
    0.61,
    0.64,
    0.63,
    0.6200000033559023,
    0.6457978035815316,
    0.6200000020401074,
    0.63,
    0.6300000888000231,
    0.6200000152000007,
    0.6200000988000731,
    0.6,
    0.59,
    0.5600000039111113,
    0.560000070400024,
    0.56,
    0.570000049450019,
    0.5100000186200011,
    0.5100000038841465,
    0.51,
    0.55,
    0.55,
    0.5899998465998865,
    0.55,
    0.56,
    0.5800000001231483,
    0.62999972999973,
    0.6,
    0.64,
    0.59,
    0.62,
    0.6100000011638559,
    0.61,
    0.61,
    0.6,
    0.59,
    0.64,
    0.65,
    0.6699999195999292,
    0.6300000080166669,
    0.64,
    0.6400000069120001,
    0.6300000106066671,
    0.66,
    0.6300000229400009,
    0.6,
    0.6,
    0.6499999972916665,
    0.6100001521000927,
    0.62,
    0.65,
    0.64,
    0.64,
    0.66,
    0.6,
    0.62,
    0.590000000836545,
    0.62,
    0.630305566196187,
    0.6100000140400009,
    0.61000000147107,
    0.6,
    0.61,
    0.64,
    0.62,
    0.6,
    0.6,
    0.6,
    0.5900000017263158,
    0.6,
    0.6,
    0.58,
    0.5899998465998865,
    0.56,
    0.5967008410170253,
    0.609999859699892,
    0.5799999991308691,
    0.6048780391909574,
    0.57,
    0.51,
    0.54,
    0.5765407518910394,
    0.59,
    0.61,
    0.6200000988000731,
    0.6200000136800005,
    0.6200000258400035,
    0.6200000012920001,
    0.6200000532000192,
    0.62,
    0.6299999453999683,
    0.62000038000057,
    0.63,
    0.63,
    0.6300000097368423,
    0.6300000074000001,
    0.63,
    0.630000001961,
    0.6300000727666766,
    0.6300000062160002,
    0.6300000727666766,
    0.63,
    0.6300000325600037,
    0.6300000229400009,
    0.6200000136800005,
    0.64,
    0.6100000140400009,
    0.62000000266,
    0.62,
    0.64,
    0.6200001893060985,
    0.63,
    0.6300000112850003,
    0.63,
    0.63,
    0.63,
    0.62,
    0.6200000988000731,
    0.6200000988000731,
    0.629999981099993,
    0.62,
    0.62000003420744,
    0.620000002083871,
    0.6200000146153852,
    0.6299999856916717,
    0.6200003344003745,
    0.64,
    0.6200000810152523,
    0.63,
    0.6200000012920001,
    0.64,
    0.6200000258400035,
    0.64,
    0.6499999024999659,
    0.64,
    0.6200000167200009,
    0.64,
    0.6200007600035466,
    0.6200000059878789,
    0.64,
    0.64,
    0.6200000532000192,
    0.62,
    0.62,
    0.62,
    0.620000022564535,
    0.6200000012920001,
    0.6200000062452594,
    0.6200000031296056,
    0.620000012288172,
    0.63,
    0.64,
    0.64,
    0.64,
    0.64,
    0.64,
    0.64,
    0.6493306359734586,
    0.64,
    0.64,
    0.64,
    0.62,
    0.6200000054720002,
    0.6200000988000731,
    0.6200000258400035,
    0.6299998728945395,
    0.62,
    0.6200000151711035,
    0.62,
    0.6100000140400009,
    0.62,
    0.62,
    0.6299998663635027,
    0.6299999180999697,
    0.6299999983680078,
    0.61,
    0.6100000304191731,
    0.6100007995023585,
    0.6299982989875826,
    0.6299999180999697,
    0.6100011960043056,
    0.61000039000039,
    0.6299994031553189,
    0.63,
    0.6100003309098129,
    0.6100000230163959,
    0.61,
    0.62,
    0.6100000097500002,
    0.619999997063351,
    0.6100000299000027,
    0.6100000226200032,
    0.6199998511998869,
    0.6100000226200032,
    0.6100000226200032,
    0.6100000226200032,
    0.6100001609524422,
    0.6100005796877416,
    0.62,
    0.61,
    0.6199998511998869,
    0.61,
    0.6100000226200032,
    0.610000109200024,
    0.61,
    0.6199994276884336,
    0.5900000956667081,
    0.5900000046215782,
    0.6199998511998869,
    0.619999994213333,
    0.6199998511998869,
    0.590001681009918,
    0.6199998511998869,
    0.6199998511998869,
    0.5900000710666781,
    0.5900001012249779,
    0.6199999627999948,
    0.6170837116112131,
    0.5800000031226766,
    0.5800056700652058,
    0.6199999961422221,
    0.58,
    0.5800000994924464,
    0.5800000054193551,
    0.61999999814,
    0.580000004704,
    0.58,
    0.58,
    0.58,
    0.6,
    0.61,
    0.6100001521000927,
    0.61,
    0.62,
    0.62,
    0.619999986359999,
    0.6199998511998869,
    0.6199998371715955,
    0.61375,
    0.5900001763001005,
    0.6108374342109731,
    0.59,
    0.6,
    0.59,
    0.5900000553500202,
    0.6,
    0.5900001763001005,
    0.59,
    0.6099926793557833,
    0.5800000100800008,
    0.609999859699892,
    0.6099996514282726,
    0.609999859699892,
    0.5800000294000016,
    0.58,
    0.5800026880365573,
    0.5800000307317145,
    0.58,
    0.5800000100800008,
    0.5800000245538485,
    0.6299999880299978,
    0.6299999880299978,
    0.58,
    0.58,
    0.58,
    0.5800020160104833,
    0.5800000168000027,
    0.5800000728000116,
    0.5800001764001023,
    0.5800001221818937,
    0.6,
    0.3100000039583518,
    0.58,
    0.58,
    0.5068898252184769,
    0.3300000804000707,
    0.3200001088000914,
    0.32000038857398205,
    0.3200002040004488,
    0.3200002417787664,
    0.45871559633027525,
    0.32000012363690317,
    0.40000070588567477,
    0.4000006000024,
    0.34000007040003943,
    0.5,
    0.25,
    0.5,
    0.25,
    0.25,
    0.5,
    0.5,
    0.5,
    0.26,
    0.22000001300002145,
    0.99,
    0.99,
    0.8099999178256189,
    0.11,
    0.1100000539396631,
    0.1
]
