[
    0.999,
    0.999,
    0.999,
    0.999,
    0.999,
    0.999,
    0.999,
    0.999,
    0.999,
    0.999,
    0.999,
    0.999,
    0.999,
    0.999,
    0.999,
    0.999,
    0.999,
    0.999,
    0.999,
    0.999,
    0.999,
    0.9989999384990585,
    0.99,
    0.999,
    0.999,
    0.999,
    0.9979999079843901,
    0.9988888,
    0.999,
    0.999000000999,
    0.99,
    0.99,
    0.99,
    0.99,
    0.99,
    0.9899999999416892,
    0.98,
    0.98,
    0.98,
    0.98,
    0.87,
    0.8899999893685899,
    0.8899998859846746,
    0.88,
    0.86,
    0.88,
    0.9099999908999992,
    0.9099999974485963,
    0.86,
    0.8599999934639998,
    0.8899999109995639,
    0.88,
    0.84,
    0.86,
    0.84668993194232,
    0.8100000109271718,
    0.8499999885914098,
    0.84,
    0.81,
    0.8399999943050819,
    0.8447204951629952,
    0.84,
    0.81,
    0.81,
    0.8,
    0.8,
    0.848421052631579,
    0.8,
    0.8,
    0.78,
    0.69,
    0.69,
    0.7,
    0.660000002176,
    0.6300001369000863,
    0.6899999839919991,
    0.7,
    0.71,
    0.7000000019715225,
    0.66,
    0.6190375991721283,
    0.6599995379980134,
    0.5600000206837619,
    0.6382059536187098,
    0.56,
    0.55,
    0.5500000051590714,
    0.55,
    0.59,
    0.55,
    0.57,
    0.56,
    0.5999999939999998,
    0.6,
    0.6099999993222223,
    0.6599999919039999,
    0.6699999994975,
    0.6615938605956322,
    0.64,
    0.64,
    0.6599999968941176,
    0.6,
    0.6,
    0.61,
    0.6,
    0.62,
    0.63,
    0.63,
    0.6299999926499996,
    0.6,
    0.629999981099993,
    0.6,
    0.6199999627999948,
    0.63,
    0.629999948339994,
    0.63,
    0.62,
    0.5699999966939999,
    0.5300001222000904,
    0.5300000084600007,
    0.57,
    0.5371500008197662,
    0.5244470307567209,
    0.5299999999646666,
    0.55,
    0.4800000021852019,
    0.49,
    0.52,
    0.45,
    0.45,
    0.4473,
    0.4,
    0.4,
    0.4,
    0.4,
    0.39000002135000994,
    0.33,
    0.3223921101656819,
    0.25999996463999775,
    0.2699999681399974,
    0.2999999549999955,
    0.31,
    0.31,
    0.32,
    0.3499998774999204,
    0.32,
    0.3499999902777775,
    0.31,
    0.3300000701306534,
    0.36999986309991373,
    0.32,
    0.32,
    0.3,
    0.3,
    0.29,
    0.28,
    0.28,
    0.28999984975893295,
    0.29,
    0.28999998462999926,
    0.289999991493333,
    0.31,
    0.2999999988,
    0.30097086735790346,
    0.24,
    0.19000000084707186,
    0.2,
    0.26000018539461245,
    0.31,
    0.32,
    0.32,
    0.31,
    0.32999995968325374,
    0.3299999811899992,
    0.46,
    0.46,
    0.47,
    0.499071228443866,
    0.5,
    0.46000002325706807,
    0.5,
    0.5,
    0.5,
    0.49,
    0.4600004153858935,
    0.46,
    0.45,
    0.46,
    0.4500000004462354,
    0.48999995344998115,
    0.48999982849988855,
    0.4200001740002958,
    0.41999999529599996,
    0.320000000269227,
    0.3200000063466668,
    0.32,
    0.320000544010445,
    0.32000000791272776,
    0.29,
    0.3,
    0.28,
    0.28000000089491023,
    0.31818494579520584,
    0.26,
    0.29,
    0.2800000993105366,
    0.339999829999915,
    0.2800000145945968,
    0.28,
    0.25,
    0.2099999933908628,
    0.16,
    0.18,
    0.2,
    0.19000029160281104,
    0.22424016634099744,
    0.21,
    0.2600000325600181,
    0.29,
    0.29,
    0.29,
    0.29,
    0.29000005680010904,
    0.309999999845,
    0.3599999937599999,
    0.37,
    0.42999992976665474,
    0.3900000008268784,
    0.37,
    0.35,
    0.36,
    0.36911854254042564,
    0.3500000065869479,
    0.35643564095284774,
    0.3300000375200129,
    0.3599999870399992,
    0.36999999378399984,
    0.34,
    0.35,
    0.32,
    0.35,
    0.3799999011999269,
    0.3799999853846148,
    0.38,
    0.38000005131035236,
    0.38,
    0.38,
    0.38,
    0.39,
    0.39,
    0.36,
    0.39,
    0.4371975631195328,
    0.35000001857143337,
    0.3599999920799998,
    0.38,
    0.39,
    0.39,
    0.4099998236998995,
    0.40999999688399996,
    0.39000000823996844,
    0.4,
    0.41,
    0.41,
    0.4,
    0.4,
    0.4,
    0.38000007026670557,
    0.4,
    0.38000003100001395,
    0.38,
    0.4,
    0.38,
    0.4,
    0.3800000338906788,
    0.38,
    0.37999977833300086,
    0.33,
    0.33934913609838735,
    0.31,
    0.3100000414000389,
    0.3599999920799998,
    0.3699997826981954,
    0.41999998991999926,
    0.37,
    0.39,
    0.39,
    0.39,
    0.39,
    0.3,
    0.26000000640375853,
    0.28,
    0.32,
    0.32,
    0.37,
    0.3799999945279999,
    0.379999962761688,
    0.4199998235998977,
    0.49,
    0.5393692072235657,
    0.5206286654868525,
    0.46999999821399996,
    0.46999998376363544,
    0.43,
    0.4200000004239675,
    0.463968407611027,
    0.46,
    0.46,
    0.5,
    0.35,
    0.44,
    0.4299999947227271,
    0.42999780698925427,
    0.41000015340011353,
    0.4232442430385735,
    0.4199999453999798,
    0.4100000727667062,
    0.4100000186833343,
    0.41,
    0.41000000531000047,
    0.40000002400000384,
    0.4,
    0.4,
    0.4299998279998968,
    0.4,
    0.41,
    0.43999975359964516,
    0.4399999964799999,
    0.4399992079974656,
    0.4200000008506582,
    0.44,
    0.4399999155199824,
    0.44,
    0.43,
    0.43,
    0.42,
    0.4199999453999798,
    0.4199999453999798,
    0.4,
    0.4,
    0.4199999453999798,
    0.4,
    0.42175717474777064,
    0.41,
    0.4199999831999973,
    0.39000002135000994,
    0.39000000353281866,
    0.3900005824129676,
    0.4199999705999984,
    0.4,
    0.4000000141309481,
    0.4,
    0.4,
    0.400000060000024,
    0.42,
    0.4,
    0.41999981999982,
    0.4,
    0.41999998991999926,
    0.41999938399679676,
    0.41999938399679676,
    0.40000002400000384,
    0.41999957999958,
    0.4,
    0.4000006000024,
    0.4,
    0.41999999495775897,
    0.4000000017647059,
    0.41999838999275496,
    0.4,
    0.4,
    0.41,
    0.4,
    0.4099998236998995,
    0.4099999909799993,
    0.41,
    0.4,
    0.40000000600000024,
    0.4,
    0.41,
    0.4,
    0.4,
    0.4099999958999999,
    0.39000018769297184,
    0.4,
    0.39000018769297184,
    0.40999990433329186,
    0.390000000102498,
    0.40087684113917527,
    0.4,
    0.4,
    0.39000014030010804,
    0.3900000549000088,
    0.4,
    0.4,
    0.4,
    0.3900000610000346,
    0.39,
    0.4099998236998995,
    0.409999928933322,
    0.409999928933322,
    0.4099999446499798,
    0.409999928933322,
    0.4099999446499798,
    0.4099999446499798,
    0.3900000244000039,
    0.3900000073200003,
    0.39,
    0.39,
    0.41,
    0.4099999946699998,
    0.39000079300689916,
    0.40999990514920487,
    0.38000017856009144,
    0.38000014880011307,
    0.4,
    0.38000007026670557,
    0.39,
    0.39,
    0.4,
    0.4,
    0.4,
    0.4,
    0.400000060000024,
    0.41999992719998835,
    0.4,
    0.41999999327999976,
    0.41999999495999996,
    0.4199998235998977,
    0.4,
    0.4199998235998977,
    0.4,
    0.4199998235998977,
    0.4199998235998977,
    0.4199998235998977,
    0.4,
    0.42999992976665474,
    0.4299999870999978,
    0.42,
    0.43,
    0.4300001767002986,
    0.4300001767002986,
    0.4300001767002986,
    0.4399999295999761,
    0.43,
    0.430000000855,
    0.44,
    0.4300210934382304,
    0.4399999894399992,
    0.4300001767002986,
    0.4300000570000461,
    0.44,
    0.43000342002833736,
    0.43000022009936073,
    0.4899999979157804,
    0.42000000787142877,
    0.42,
    0.42,
    0.48999999403478217,
    0.48,
    0.4899999994654545,
    0.4800000187200012,
    0.4899999977133332,
    0.48000000138666676,
    0.48,
    0.4200001740002958,
    0.47999827198894074,
    0.4200022040357054,
    0.48,
    0.44,
    0.43,
    0.43000000342000033,
    0.46,
    0.44,
    0.42000001623664585,
    0.46,
    0.46,
    0.4600012342917094,
    0.48999982849988855,
    0.4600002362506349,
    0.48999998039999687,
    0.42000054588505026,
    0.3900006458835687,
    0.39000079300689916,
    0.39000014030010804,
    0.48999982849988855,
    0.3900000610000346,
    0.3900000610000346,
    0.3200007214942145,
    0.33,
    0.3300000804000707,
    0.3300000804000707,
    0.33000000834291215,
    0.34,
    0.3300000244456496,
    0.5742839832186388,
    0.5699999925899997,
    0.34,
    0.34,
    0.3400001056000359,
    0.5699983307072508,
    0.3400011169383704,
    0.3300000804000707,
    0.33,
    0.5699789065617695,
    0.5699994299720686,
    0.5799962878752726,
    0.5799996685668832,
    0.33000046385296894,
    0.5699998232997013,
    0.30000087502078177,
    0.18,
    0.2,
    0.1800005963740458,
    0.09000026000364005,
    0.09000003324208382,
    0.09000008878156185,
    0.0900000395656744,
    0.82,
    0.84,
    0.91,
    0.92
]
