[
    0.002,
    0.002,
    0.002,
    0.002,
    0.005,
    0.005,
    0.01,
    0.06999999691999999,
    0.021,
    0.021,
    0.05,
    0.05,
    0.099,
    0.05,
    0.059999994599999946,
    0.05,
    0.1,
    0.06,
    0.05510191066554425,
    0.05,
    0.049348051948051946,
    0.05,
    0.001996402993223496,
    0.001,
    0.001,
    0.002,
    0.01,
    0.011,
    0.01,
    0.01,
    0.05999986499996625,
    0.056245299827851064,
    0.01,
    0.02,
    0.03,
    0.03,
    0.04,
    0.04,
    0.07,
    0.07,
    0.06000000037600005,
    0.06999999390999992,
    0.060000000417777845,
    0.03000000646670327,
    0.07,
    0.09,
    0.02,
    0.01,
    0.05,
    0.05,
    0.05,
    0.05,
    0.05,
    0.05,
    0.05,
    0.05,
    0.05,
    0.05,
    0.06,
    0.06,
    0.07,
    0.09,
    0.13,
    0.14,
    0.13000000174000104,
    0.15,
    0.16,
    0.15,
    0.16,
    0.15,
    0.16,
    0.17,
    0.17,
    0.17,
    0.21,
    0.20999986769995105,
    0.17000009130017255,
    0.19662921054475443,
    0.17,
    0.19,
    0.18,
    0.16000040320141926,
    0.16,
    0.18,
    0.2,
    0.16000001765324265,
    0.2,
    0.2,
    0.2,
    0.2,
    0.17000003364865865,
    0.1600000006859495,
    0.18,
    0.17,
    0.17000000565587828,
    0.2,
    0.18,
    0.18,
    0.2,
    0.18000000192941196,
    0.18000000546666753,
    0.180000002745919,
    0.1800000065600016,
    0.18,
    0.18000001640001606,
    0.2,
    0.18,
    0.18,
    0.2199999943679999,
    0.18,
    0.18,
    0.18,
    0.2,
    0.2,
    0.22,
    0.32,
    0.24000456065673456,
    0.3,
    0.2999819992799712,
    0.2999819992799712,
    0.2,
    0.23610809921916712,
    0.2,
    0.24,
    0.21,
    0.22,
    0.22,
    0.22,
    0.22,
    0.23,
    0.23,
    0.23,
    0.27,
    0.26999985419993294,
    0.27,
    0.23000000233449513,
    0.24,
    0.25,
    0.31000001311000236,
    0.35538005806178125,
    0.40755467064748685,
    0.29000005680010904,
    0.32,
    0.310000000851852,
    0.39,
    0.32,
    0.32,
    0.270000032120005,
    0.3,
    0.26,
    0.26,
    0.26,
    0.26,
    0.25,
    0.24,
    0.24,
    0.28,
    0.28,
    0.23,
    0.22000003264352133,
    0.25,
    0.19,
    0.19,
    0.19,
    0.19,
    0.190000000729,
    0.259999927199984,
    0.25998439937597506,
    0.3,
    0.30000008433744085,
    0.32,
    0.32,
    0.32,
    0.21,
    0.26,
    0.26,
    0.26,
    0.26,
    0.2599999838799994,
    0.30999998356999925,
    0.3,
    0.4,
    0.4452296794503614,
    0.43999980639989156,
    0.41000000258017527,
    0.44,
    0.40000002400000384,
    0.4000006000024,
    0.44999999212499975,
    0.44,
    0.44,
    0.44,
    0.44,
    0.4,
    0.41,
    0.38000000669822903,
    0.39,
    0.410000000944,
    0.41,
    0.41,
    0.4,
    0.439999714594394,
    0.39,
    0.39000000061000006,
    0.4,
    0.39000000692985004,
    0.4299998725923944,
    0.4,
    0.40000002400000384,
    0.41,
    0.4,
    0.4,
    0.4,
    0.4,
    0.4,
    0.39000000254166667,
    0.41,
    0.42,
    0.43,
    0.43,
    0.43,
    0.43000051300466835,
    0.43999980639989156,
    0.43,
    0.43974108006456797,
    0.42999999612999984,
    0.42999999469603506,
    0.4299999831307686,
    0.42,
    0.42,
    0.4200001933335374,
    0.4200000828572494,
    0.4299999268084712,
    0.42999999994195,
    0.41000001062000035,
    0.42,
    0.41000004720009064,
    0.41,
    0.41,
    0.41000000531000047,
    0.42,
    0.41,
    0.4199999921599996,
    0.41000001062000035,
    0.41000008165181084,
    0.42,
    0.41999798398951677,
    0.4199998235998977,
    0.40000002400000384,
    0.41999998090909,
    0.40000002400000384,
    0.40000002400000384,
    0.400000060000024,
    0.4,
    0.400000060000024,
    0.4,
    0.41999999589767434,
    0.40000000184615386,
    0.4,
    0.4,
    0.4,
    0.4,
    0.41,
    0.40000000024,
    0.4,
    0.409999928933322,
    0.4,
    0.4099999835999974,
    0.4099998236998995,
    0.40000000222634513,
    0.4,
    0.4,
    0.4,
    0.4000001034483472,
    0.4099998052498491,
    0.4,
    0.40000000600000024,
    0.4,
    0.41,
    0.4,
    0.4,
    0.41,
    0.400000060000024,
    0.41,
    0.4,
    0.400000060000024,
    0.4,
    0.400000060000024,
    0.41,
    0.4,
    0.41,
    0.4,
    0.39000002135000994,
    0.39,
    0.4,
    0.4,
    0.38000014880011307,
    0.38000014880011307,
    0.3800001860005642,
    0.4,
    0.4,
    0.4,
    0.4,
    0.38000008065052715,
    0.38000014880011307,
    0.39403949589213827,
    0.39712509795161455,
    0.370000015843506,
    0.37,
    0.37,
    0.3700000072413813,
    0.38,
    0.3899998478999072,
    0.38723342041640246,
    0.36,
    0.36,
    0.36,
    0.37,
    0.3700000042000007,
    0.3700000892501361,
    0.37999980219161283,
    0.37999893599233914,
    0.3700000323513672,
    0.37,
    0.37999998946882185,
    0.3799999011999269,
    0.37999998859287015,
    0.36,
    0.39,
    0.36,
    0.36,
    0.36,
    0.389999890799976,
    0.36,
    0.37,
    0.3899999773799968,
    0.35,
    0.3500000325000114,
    0.38999995579999025,
    0.35,
    0.36,
    0.36,
    0.3500000180555584,
    0.36,
    0.38,
    0.38,
    0.35000004236736404,
    0.4,
    0.38000003100001395,
    0.3700000271430084,
    0.38,
    0.4099998236998995,
    0.38000003100001395,
    0.3700000892501361,
    0.4099998052498491,
    0.5,
    0.36,
    0.6799992746626048,
    0.8,
    0.15
]
