[
    0.002,
    0.001,
    0.002,
    0.002,
    0.01,
    0.003,
    0.01,
    0.01,
    0.019,
    0.03,
    0.04899985250995231,
    0.04899995403799715,
    0.02,
    0.02,
    0.02,
    0.0190000002937127,
    0.01,
    0.006,
    0.009,
    0.009000000048877979,
    0.05999999315136469,
    0.11,
    0.12,
    0.12,
    0.071,
    0.12476007576729381,
    0.09726286865333637,
    0.0330000067690338,
    0.09899998315019949,
    0.098999438999439,
    0.09899991179099038,
    0.09899991179099038,
    0.09041591320072333,
    0.052,
    0.051,
    0.030000000010402927,
    0.055,
    0.12999999794599998,
    0.1,
    0.1,
    0.05,
    0.02,
    0.07,
    0.05,
    0.024,
    0.02,
    0.01,
    0.02,
    0.02,
    0.009,
    0.02,
    0.008,
    0.008,
    0.02,
    0.007,
    0.007,
    0.02,
    0.02,
    0.009,
    0.006000000497007641,
    0.006,
    0.006,
    0.007360382739902475,
    0.002,
    0.002,
    0.002,
    0.002,
    0.002,
    0.001,
    0.01216574612520986,
    0.01,
    0.01,
    0.01,
    0.01,
    0.02,
    0.01,
    0.02,
    0.03,
    0.04,
    0.04,
    0.06,
    0.06,
    0.05,
    0.09,
    0.1073355,
    0.07,
    0.06,
    0.05,
    0.07,
    0.113269,
    0.08,
    0.09,
    0.09,
    0.10999997779582299,
    0.1,
    0.1,
    0.16,
    0.1,
    0.1,
    0.19626996206356057,
    0.15,
    0.15,
    0.12,
    0.12000000352000104,
    0.12,
    0.11,
    0.13,
    0.14,
    0.13,
    0.1200000030430092,
    0.13,
    0.14,
    0.16,
    0.16,
    0.18999997987538841,
    0.16,
    0.19,
    0.2,
    0.2,
    0.2,
    0.2,
    0.19943396226415094,
    0.19,
    0.19,
    0.1900000145800012,
    0.2,
    0.2,
    0.2,
    0.21,
    0.25,
    0.25,
    0.25,
    0.269999998299,
    0.25,
    0.22,
    0.25,
    0.22,
    0.296269,
    0.2769809106323289,
    0.24,
    0.2200000001705097,
    0.24,
    0.24000001216000344,
    0.24,
    0.23000029260164442,
    0.210000000316,
    0.35,
    0.33,
    0.38,
    0.3100002015732013,
    0.3599993759990016,
    0.42,
    0.43,
    0.44,
    0.48,
    0.45,
    0.4499999990492958,
    0.4,
    0.3900000025579849,
    0.45,
    0.45,
    0.4615957160962905,
    0.42,
    0.42,
    0.43000009405007855,
    0.474640673275901,
    0.4300000028663795,
    0.43,
    0.43,
    0.420000008810127,
    0.46999998871999804,
    0.42,
    0.46999957795870134,
    0.45,
    0.4,
    0.47,
    0.47,
    0.46,
    0.4100000004369319,
    0.49,
    0.49,
    0.49,
    0.45999815998895993,
    0.46000001047696104,
    0.4600004536014334,
    0.43,
    0.44,
    0.44,
    0.4699998918999708,
    0.44000000112000004,
    0.45000001925000127,
    0.48999998137999884,
    0.5100000150076577,
    0.54,
    0.52,
    0.5100000004815225,
    0.54,
    0.6,
    0.6,
    0.56,
    0.6099999967613111,
    0.6899999890204584,
    0.66,
    0.6600000070266667,
    0.6600000258637105,
    0.66,
    0.66,
    0.67,
    0.7199999519999232,
    0.7199998079999232,
    0.6900000053733334,
    0.73,
    0.7499999718749982,
    0.72,
    0.6900000013019935,
    0.7566711596771011,
    0.72,
    0.690000010015385,
    0.73,
    0.7299999988806667,
    0.68,
    0.7,
    0.6600000142800009,
    0.7129942003947959,
    0.7164179101269771,
    0.64,
    0.6400000001224698,
    0.69,
    0.7200003173335026,
    0.7200002177779109,
    0.71,
    0.7100000153700007,
    0.74,
    0.7100000008555,
    0.71,
    0.7,
    0.69,
    0.63,
    0.65,
    0.68,
    0.69,
    0.69,
    0.69,
    0.68,
    0.68,
    0.68,
    0.6700000188100008,
    0.67,
    0.66,
    0.68,
    0.68,
    0.68,
    0.699998879997312,
    0.67,
    0.6700000039586805,
    0.67000000495,
    0.68,
    0.670000010541667,
    0.68,
    0.68,
    0.71,
    0.68,
    0.68,
    0.6900001313559878,
    0.6900000005587175,
    0.7,
    0.690000037820003,
    0.690000037820003,
    0.6900002589874532,
    0.6900000152409054,
    0.690000001984,
    0.7099982959870496,
    0.7099999793203867,
    0.690000013064286,
    0.7099999955624997,
    0.6900000105400002,
    0.69000093000186,
    0.7099999431998909,
    0.69,
    0.6900000074400001,
    0.6900000052210526,
    0.7099999815399987,
    0.7099999701799893,
    0.6900001705000767,
    0.6900001705000767,
    0.6900001705000767,
    0.690001519007747,
    0.6900002347144433,
    0.690000003162,
    0.6900000046752616,
    0.7029702608371674,
    0.7099999918349997,
    0.7059087539293277,
    0.69,
    0.69,
    0.7,
    0.7,
    0.68,
    0.68,
    0.6899999585999611,
    0.68,
    0.68,
    0.69,
    0.67,
    0.67,
    0.67,
    0.6700000409200031,
    0.69,
    0.67,
    0.67,
    0.6899999868899976,
    0.67000033000033,
    0.6899999585999611,
    0.6899999727407351,
    0.68,
    0.69,
    0.68,
    0.6899999585999611,
    0.68999999954,
    0.68,
    0.68,
    0.68,
    0.6700000055440001,
    0.6700000188100008,
    0.6799997959995512,
    0.68,
    0.670000002552,
    0.6700000077550002,
    0.67,
    0.6799999954666659,
    0.6700000704000084,
    0.6700000188100008,
    0.67,
    0.67,
    0.670000022067407,
    0.67,
    0.6899997929992341,
    0.67,
    0.670000217800074,
    0.67,
    0.67,
    0.670000002875688,
    0.69,
    0.67,
    0.6700004070008547,
    0.6700000409200031,
    0.6700002070588966,
    0.6899999917199968,
    0.6700001078000366,
    0.6700000409200031,
    0.69,
    0.6999999439999597,
    0.670000217800074,
    0.68,
    0.68,
    0.69,
    0.69,
    0.69,
    0.68,
    0.69,
    0.69,
    0.7,
    0.6900008060032777,
    0.6900000599333417,
    0.690001519007747,
    0.6999999929999994,
    0.6900000584426359,
    0.6900000074400001,
    0.69,
    0.6700000409200031,
    0.6700001072500188,
    0.6700000409200031,
    0.7,
    0.6700000122479695,
    0.69,
    0.6900000283428586,
    0.6900001705000767,
    0.6999999929999994,
    0.690000037820003,
    0.7,
    0.690000009189353,
    0.690000037820003,
    0.690001519007747,
    0.699999859999468,
    0.6900000164300008,
    0.699999649998425,
    0.7,
    0.699999859999468,
    0.699999649998425,
    0.7,
    0.7,
    0.7,
    0.670000217800074,
    0.7,
    0.6999999995333334,
    0.67,
    0.6700000067572693,
    0.68,
    0.68,
    0.6999999936363626,
    0.7,
    0.68,
    0.68,
    0.68,
    0.6999999719999955,
    0.6800000510288646,
    0.69,
    0.690000037820003,
    0.68,
    0.6999995483859314,
    0.68,
    0.7,
    0.7,
    0.69,
    0.670000010306059,
    0.7,
    0.6999991249792182,
    0.69,
    0.699999859999468,
    0.6900001705000767,
    0.69,
    0.6999994615347337,
    0.6900000164300008,
    0.69,
    0.6900000992000344,
    0.71,
    0.69,
    0.7099999431998909,
    0.7199999980799999,
    0.7199999654399878,
    0.7199998559995968,
    0.7199998559995968,
    0.7199999807999877,
    0.7,
    0.7000000750000187,
    0.7,
    0.7199999807999877,
    0.7000000072000001,
    0.719999985599996,
    0.719999985599996,
    0.7199999635442964,
    0.7,
    0.7,
    0.72,
    0.7199999965439999,
    0.7000000450000045,
    0.7000000720000116,
    0.7000018000072,
    0.719999985599996,
    0.7,
    0.71,
    0.7000000038015105,
    0.71,
    0.709999998012,
    0.7199999654399878,
    0.73,
    0.73,
    0.75,
    0.75,
    0.7200000485333411,
    0.72,
    0.7200000485333411,
    0.720000358400258,
    0.72,
    0.72,
    0.7100001334000721,
    0.75,
    0.7100000250795483,
    0.75,
    0.7599999087998286,
    0.7199995391993733,
    0.7199995391993733,
    0.7199995391993733,
    0.7199995391993733,
    0.71,
    0.7099994390993213,
    0.7,
    0.69,
    0.6300000145582022,
    0.7,
    0.7,
    0.6300000023727419,
    0.63,
    0.7,
    0.66999999933,
    0.6300002960006089,
    0.63000037000037,
    0.6300000229400009,
    0.6999999222221445,
    0.7,
    0.63,
    0.63,
    0.630000015328573,
    0.7199995199923199,
    0.6300000888000231,
    0.64,
    0.6300001369000863,
    0.64,
    0.63,
    0.6300000229400009,
    0.64,
    0.64,
    0.6300000185000014,
    0.64,
    0.6300000112850003,
    0.63,
    0.6300000125305746,
    0.63,
    0.63,
    0.6300019610092168,
    0.64,
    0.6300000064946811,
    0.6300000727666766,
    0.6300000076150752,
    0.6699999839199988,
    0.6454635207496653,
    0.52,
    0.5899998465998865,
    0.5899998465998865,
    0.5899990994655794,
    0.5899997049996012,
    0.5899999704999955,
    0.6069831728449271,
    0.5200001728001106,
    0.5899995992447991,
    0.5100000026924068,
    0.5899994837491611,
    0.5899997917635544,
    0.5899999675499855,
    0.6290322492715911,
    0.6899999585999611,
    0.6346106753154466,
    0.5699985530694658,
    0.32000038857398205,
    0.3200047602046888,
    0.5799883990719258,
    0.5799883990719258,
    0.32000136001994695,
    0.32000136001994695,
    0.32000136001994695,
    0.5799998259997042,
    0.5799998404998444,
    0.5899999675499855,
    0.3,
    0.26,
    0.25,
    0.21000017380065697,
    0.5899998465998865,
    0.36,
    0.58,
    0.36,
    0.19000002592001472,
    0.13000011472538567,
    0.7799991599815196,
    0.8099998234604453
]
