[
    0.999,
    0.999,
    0.999,
    0.999,
    0.999,
    0.999,
    0.999,
    0.999,
    0.999,
    0.999,
    0.999,
    0.999,
    0.999,
    0.999,
    0.999,
    0.999,
    0.999,
    0.999,
    0.99,
    0.99,
    0.99,
    0.99,
    0.99,
    0.99,
    0.99,
    0.95,
    0.95,
    0.9399999998553623,
    0.93,
    0.9299999996899999,
    0.938296990940156,
    0.85,
    0.74,
    0.7300000006338555,
    0.7400000257425768,
    0.74,
    0.74,
    0.8199999988552815,
    0.82,
    0.74,
    0.74,
    0.74,
    0.8001567486245699,
    0.7939409090909091,
    0.74,
    0.7400001352000649,
    0.7762638224898352,
    0.6500001225000797,
    0.8200000720000072,
    0.8499999771680725,
    0.85,
    0.85,
    0.85,
    0.85,
    0.8500006000006,
    0.85,
    0.8500001125000282,
    0.85,
    0.85,
    0.85,
    0.65,
    0.63,
    0.64,
    0.57,
    0.61999999814,
    0.57,
    0.57,
    0.57,
    0.21,
    0.2,
    0.18,
    0.18,
    0.2,
    0.21,
    0.22,
    0.22,
    0.21999991639998998,
    0.28999984869556666,
    0.5,
    0.46,
    0.41,
    0.44999999459999984,
    0.45,
    0.49,
    0.49418190453573974,
    0.45,
    0.45,
    0.46,
    0.45,
    0.45,
    0.45,
    0.44,
    0.43,
    0.35,
    0.29,
    0.29,
    0.33,
    0.37,
    0.35,
    0.25,
    0.25,
    0.25,
    0.25,
    0.25,
    0.25,
    0.25,
    0.25,
    0.25,
    0.25,
    0.25,
    0.2549019571856978,
    0.25,
    0.32,
    0.41,
    0.4,
    0.34999999299999984,
    0.29053691275167787,
    0.35467979710257447,
    0.28000003456001216,
    0.24,
    0.299999969999997,
    0.29,
    0.26,
    0.26,
    0.289999866599928,
    0.31,
    0.3599999308799856,
    0.3599999997696,
    0.36,
    0.37,
    0.37,
    0.37,
    0.36999999963,
    0.37,
    0.299999819999928,
    0.27999999152432414,
    0.28,
    0.27,
    0.27,
    0.27,
    0.270000032120005,
    0.27000018980014046,
    0.24000000202666674,
    0.28,
    0.28,
    0.28,
    0.3,
    0.3,
    0.34649578570603856,
    0.2900000049733157,
    0.39,
    0.4,
    0.4,
    0.42,
    0.4000000266370747,
    0.45,
    0.45999998435999895,
    0.48999998039999687,
    0.5,
    0.45000004400000526,
    0.6050406240211482,
    0.5999999960655736,
    0.54,
    0.52,
    0.5,
    0.51,
    0.4900000321805463,
    0.5099999925093749,
    0.46,
    0.46,
    0.48,
    0.48999998137999884,
    0.48,
    0.48000000067118426,
    0.48999999288709667,
    0.48999982849988855,
    0.48,
    0.47999982719988943,
    0.48,
    0.4799999519999808,
    0.4799999827199989,
    0.47999982719988943,
    0.47,
    0.4799999519999808,
    0.47,
    0.47,
    0.46,
    0.44,
    0.4400001568001129,
    0.47,
    0.48,
    0.43,
    0.4699998918999708,
    0.44,
    0.4400001568001129,
    0.4100000295000044,
    0.30000002800000447,
    0.4099999988650057,
    0.37,
    0.37,
    0.41,
    0.4100000295000044,
    0.44,
    0.45,
    0.47,
    0.49,
    0.5,
    0.5299999650199954,
    0.5343510944583495,
    0.49,
    0.5299999650199954,
    0.5299999650199954,
    0.49,
    0.54,
    0.5399999654399953,
    0.54,
    0.46,
    0.48,
    0.48,
    0.49,
    0.52,
    0.52,
    0.52,
    0.5999998909090116,
    0.5300001253334392,
    0.64,
    0.6008757615277138,
    0.56,
    0.5300000756322587,
    0.56,
    0.5599999878260858,
    0.6199995659995805,
    0.56,
    0.55,
    0.54,
    0.4700001219000939,
    0.4995004995004995,
    0.48999999724375,
    0.4899999995775862,
    0.47,
    0.4700000076589598,
    0.48999999724375,
    0.48999998039999687,
    0.5,
    0.4941860465116279,
    0.49000002142000126,
    0.5,
    0.5,
    0.509999998572,
    0.5099999795999968,
    0.5499999963333333,
    0.5499999963333333,
    0.53,
    0.5699999990228571,
    0.587909638288595,
    0.54,
    0.5300001128000481,
    0.54,
    0.53999997839999,
    0.54,
    0.54,
    0.5399999992216216,
    0.5100000196000032,
    0.5499999707835302,
    0.5499999931249997,
    0.55,
    0.51,
    0.53,
    0.55,
    0.5,
    0.539999998056,
    0.530000011280002,
    0.54,
    0.530000001786,
    0.5399999902799992,
    0.5399999985599999,
    0.54,
    0.5200000034156949,
    0.5307176068659567,
    0.5299998780999061,
    0.53,
    0.52,
    0.5299999899299992,
    0.5299998780999061,
    0.5299999650199954,
    0.5299999883399997,
    0.529999965451849,
    0.52,
    0.5299998780999061,
    0.53,
    0.5299999990383618,
    0.5299999899299992,
    0.53,
    0.5299998780999061,
    0.5200000132923084,
    0.52999999630662,
    0.529999999710909,
    0.5,
    0.51,
    0.5299999505333215,
    0.5100000465500188,
    0.5299998780999061,
    0.5100000084280002,
    0.529999999608133,
    0.53,
    0.52999999947,
    0.5299998780999061,
    0.5299999945674999,
    0.5,
    0.5,
    0.51,
    0.529999998622,
    0.53,
    0.5,
    0.5,
    0.5,
    0.51,
    0.51,
    0.5100000016343753,
    0.51,
    0.51,
    0.51,
    0.51,
    0.5100016961610222,
    0.5299999971733332,
    0.510000002650559,
    0.52,
    0.5100000465500188,
    0.5199999986133332,
    0.5100000047727278,
    0.5199999915188576,
    0.5299999949523808,
    0.52,
    0.52,
    0.52,
    0.5299999990290076,
    0.52,
    0.5299999518181424,
    0.5200000073531917,
    0.53,
    0.53,
    0.5200000048000002,
    0.5200000093607804,
    0.5299999883399997,
    0.53,
    0.5200000040885862,
    0.5299999936399998,
    0.5299996981010556,
    0.5299999518181424,
    0.529999981709468,
    0.5299998780999061,
    0.5200000480000192,
    0.53,
    0.5299999883399997,
    0.5299998780999061,
    0.52,
    0.53,
    0.5299999235051263,
    0.5299999883399997,
    0.5299999899299992,
    0.5299998780999061,
    0.5299999945674999,
    0.5299998780999061,
    0.5299999712285689,
    0.5299999518181424,
    0.5200017280110593,
    0.5299999650199954,
    0.5299999518181424,
    0.5299999518181424,
    0.5299999505333215,
    0.51,
    0.51,
    0.529999999306319,
    0.51,
    0.51,
    0.52,
    0.5100000011356083,
    0.5299996289995177,
    0.52999999841,
    0.5200000172800011,
    0.5299998780999061,
    0.5299999650199954,
    0.53,
    0.5299999899299992,
    0.5299999650199954,
    0.5299998780999061,
    0.5299999920499988,
    0.51,
    0.5224042381194519,
    0.52,
    0.5199999996918804,
    0.5199999965246447,
    0.5100004214004804,
    0.529999998304,
    0.5100000084280002,
    0.52,
    0.52,
    0.53,
    0.52,
    0.5100000266412117,
    0.52,
    0.52,
    0.5299999899299992,
    0.5299998780999061,
    0.5299999883399997,
    0.5200001728001106,
    0.5299999712285689,
    0.5299999946999987,
    0.5299999650199954,
    0.5299999971581763,
    0.5299999899299992,
    0.5299999650199954,
    0.5200000172800011,
    0.5299999505333215,
    0.5299999712285689,
    0.5299999830490374,
    0.5299999946999987,
    0.5299999650199954,
    0.5299999505333215,
    0.52,
    0.53,
    0.5299999650199954,
    0.5299999946999987,
    0.5299999505333215,
    0.5299999946999987,
    0.5299998780999061,
    0.52,
    0.5299999946999987,
    0.5299998509373556,
    0.5299999899299992,
    0.5299998780999061,
    0.5299999650199954,
    0.5299999995495,
    0.5299998780999061,
    0.5299998586662332,
    0.5299994434978018,
    0.5200000987428932,
    0.53,
    0.52,
    0.5299999650199954,
    0.53999963999964,
    0.5357141465676276,
    0.5299999843503926,
    0.5299999650199954,
    0.5299999896409083,
    0.5399999990742858,
    0.529999805666414,
    0.5299999505333215,
    0.52,
    0.5299998780999061,
    0.53,
    0.5399999654399953,
    0.5399999654399953,
    0.5399999654399953,
    0.53999997839999,
    0.5299999936399998,
    0.53,
    0.5399999935199998,
    0.5399999970656604,
    0.54,
    0.530000004376164,
    0.5399999675999938,
    0.53999999847,
    0.5300000012536915,
    0.53999999964,
    0.5399998551219017,
    0.5399999654399953,
    0.5300001222000904,
    0.5300000065800001,
    0.5399999985599999,
    0.5300000171214292,
    0.5399999959499998,
    0.5399999950897929,
    0.5399999902799992,
    0.5399998863155142,
    0.539999971199992,
    0.5399999983939724,
    0.5399999902799992,
    0.54,
    0.54,
    0.54,
    0.5399999902799992,
    0.5399999902799992,
    0.5399999788695614,
    0.5499999633333236,
    0.54,
    0.54,
    0.54,
    0.54,
    0.54,
    0.546535329077702,
    0.5100000196000032,
    0.5399999902799992,
    0.5499999889999995,
    0.54,
    0.538,
    0.510000088200043,
    0.5499999724999877
]
