[
    0.999,
    0.999,
    0.999,
    0.999,
    0.999,
    0.999,
    0.999,
    0.999,
    0.9989999990532087,
    0.997,
    0.999,
    0.999,
    0.999,
    0.999,
    0.998,
    0.999,
    0.999,
    0.98,
    0.99,
    0.99,
    0.99,
    0.99,
    0.99,
    0.99,
    0.99,
    0.99,
    0.99,
    0.99,
    0.99,
    0.99,
    0.99,
    0.96,
    0.9551104376632831,
    0.94,
    0.9100002640001056,
    0.9100001548000434,
    0.92,
    0.91,
    0.9100000400500022,
    0.9269410935693334,
    0.9099999827099968,
    0.9099998312280169,
    0.85,
    0.88,
    0.8500000018001296,
    0.8899994125992129,
    0.88,
    0.87,
    0.81,
    0.8199999835999839,
    0.86,
    0.86,
    0.9,
    0.8828012258608977,
    0.8699992343991425,
    0.8666813141048297,
    0.8608304284968622,
    0.85,
    0.84,
    0.88,
    0.8510241294578722,
    0.8499998583332625,
    0.84,
    0.84,
    0.8,
    0.8,
    0.7800000056320001,
    0.7700000087807883,
    0.7700000069000001,
    0.7600000081600001,
    0.77,
    0.75,
    0.72,
    0.72,
    0.7000000180000007,
    0.6900000051925,
    0.72,
    0.7200000084000001,
    0.6600000142800009,
    0.7000000750000187,
    0.640000002304,
    0.58,
    0.5700000229251877,
    0.5886302569185069,
    0.579999998066022,
    0.5,
    0.55,
    0.5500000015340909,
    0.5500002025001114,
    0.56,
    0.560000070400024,
    0.5600001936001084,
    0.5600000159637201,
    0.5600001936001084,
    0.5600000352000042,
    0.560000070400024,
    0.5600000105600008,
    0.56,
    0.55,
    0.55,
    0.54,
    0.54,
    0.5300000005540229,
    0.55,
    0.559999843199887,
    0.56,
    0.559999843199887,
    0.5599999950222221,
    0.5500002025001114,
    0.55,
    0.55,
    0.55,
    0.5899999675499855,
    0.5600001936001084,
    0.55,
    0.4857142857142857,
    0.49,
    0.47,
    0.41000001139806846,
    0.41000015340011353,
    0.41000015340011353,
    0.41000001314763324,
    0.44,
    0.4600000014896552,
    0.47,
    0.45,
    0.41000000531000047,
    0.41000001062000035,
    0.44,
    0.39,
    0.3300000050250002,
    0.320000001904,
    0.23000001232000472,
    0.28999972933313484,
    0.24,
    0.27,
    0.3,
    0.3,
    0.39,
    0.386,
    0.35,
    0.36,
    0.38,
    0.38,
    0.4,
    0.4,
    0.4,
    0.42999981640436646,
    0.4299997204998323,
    0.419999894999895,
    0.4,
    0.43,
    0.48999998039999687,
    0.48999999656999993,
    0.4841897139042945,
    0.4899999950999984,
    0.44999999549999997,
    0.41,
    0.42,
    0.4799999827199989,
    0.46000001188000034,
    0.5,
    0.45,
    0.45270218572266574,
    0.4391519809220748,
    0.42,
    0.41000011800013375,
    0.4199998235998977,
    0.4199999995303226,
    0.4100000002107143,
    0.42,
    0.4200001740002958,
    0.4200001740002958,
    0.4299999870999978,
    0.43,
    0.4499999797499989,
    0.42,
    0.4299999870999978,
    0.42000000208800004,
    0.42,
    0.4200001740002958,
    0.4200001740002958,
    0.43,
    0.4300001767002986,
    0.4300001767002986,
    0.43999980639989156,
    0.43000009405007855,
    0.4300001767002986,
    0.43000000342000033,
    0.4498228695497202,
    0.4300001767002986,
    0.43999980639989156,
    0.43,
    0.4300001767002986,
    0.4300000082080002,
    0.4300001767002986,
    0.43,
    0.45,
    0.43000000342000033,
    0.43,
    0.4300000019930073,
    0.44999996515486224,
    0.43,
    0.43000009405007855,
    0.4300001767002986,
    0.430000007930435,
    0.4487603206201759,
    0.43000000608000033,
    0.44,
    0.43,
    0.43000000345324907,
    0.4400000224000036,
    0.44,
    0.4400000224000036,
    0.44000000269987954,
    0.44999999212499975,
    0.4400001568001129,
    0.4400001568001129,
    0.44999999549999997,
    0.440000003136,
    0.4499999212499744,
    0.44,
    0.4400000007012043,
    0.4499997974998886,
    0.44000134400573443,
    0.4400000104533338,
    0.4499999212499744,
    0.44999999459999984,
    0.44000000103450554,
    0.44000005040000806,
    0.44000000112000004,
    0.4400000080640002,
    0.4499999797499989,
    0.44000000112000004,
    0.4499999962499999,
    0.4499997974998886,
    0.44,
    0.4400000095319152,
    0.44,
    0.4499999947058821,
    0.45,
    0.4499997974998886,
    0.45,
    0.45,
    0.45,
    0.45000000152777786,
    0.4599999896148734,
    0.46,
    0.46,
    0.46,
    0.46999999247999963,
    0.460000000702,
    0.4699998589998073,
    0.4699998777999096,
    0.4600000225213282,
    0.4600000056700001,
    0.4600004536014334,
    0.4600000013500002,
    0.4600000360000036,
    0.4699998777999096,
    0.46999962399654077,
    0.4699998777999096,
    0.46,
    0.46000002440678545,
    0.4699998777999096,
    0.46000002880000807,
    0.47999999952,
    0.46,
    0.48,
    0.46000001188000034,
    0.47999982719988943,
    0.4799999827199989,
    0.4600000345600047,
    0.4600000345600047,
    0.48,
    0.4600000097200008,
    0.45000000023171555,
    0.45,
    0.47,
    0.46,
    0.48,
    0.4700000068703705,
    0.48,
    0.47,
    0.47000002023636656,
    0.4700000106000007,
    0.4700003710004823,
    0.4700000106000007,
    0.4799999995449997,
    0.47,
    0.47999982719988943,
    0.47999998079999695,
    0.47000000636000017,
    0.4700000100700008,
    0.4700001219000939,
    0.47999982719988943,
    0.470000009275001,
    0.47999998079999695,
    0.47999998079999695,
    0.4700000100700008,
    0.4799999827199989,
    0.4700000100700008,
    0.4700000100700008,
    0.4799999567999931,
    0.4799999827199989,
    0.48,
    0.4700000100700008,
    0.47000001695096255,
    0.48,
    0.47000000169600004,
    0.4700000349800047,
    0.47000000530000124,
    0.47,
    0.4700000197889619,
    0.4799999567999931,
    0.47000000019272725,
    0.48,
    0.48,
    0.47000000530000124,
    0.48,
    0.4899999950999984,
    0.4700000100700008,
    0.48999982849988855,
    0.48999995344998115,
    0.48999982849988855,
    0.47000000132706804,
    0.48,
    0.4800000138666709,
    0.48000000155572176,
    0.489999999118,
    0.4800002496003794,
    0.49,
    0.48000008509093384,
    0.48,
    0.48,
    0.4800000166400028,
    0.48,
    0.48000000416000005,
    0.48999982849988855,
    0.4899999940655105,
    0.4800000187200012,
    0.48,
    0.4800000166400028,
    0.48,
    0.4800000007563637,
    0.48,
    0.48,
    0.49,
    0.49,
    0.4700000287714311,
    0.4899999988451178,
    0.48,
    0.48,
    0.47000000015815746,
    0.48999999790299564,
    0.4800000076089127,
    0.4899999928126144,
    0.48000000640218893,
    0.4899999940211496,
    0.4800000042073326,
    0.48999998039999687,
    0.48999982849988855,
    0.48999999656999993,
    0.48999982849988855,
    0.48,
    0.4800000166400028,
    0.48,
    0.48,
    0.4899999982031029,
    0.4899999941183773,
    0.4899999391723794,
    0.48999999690607726,
    0.48,
    0.48999999660115595,
    0.48999999665243377,
    0.48999991179995706,
    0.49180650364920425,
    0.4800000138666709,
    0.4800000094784813,
    0.4899995785995196,
    0.48999999869680844,
    0.48000000208000004,
    0.48,
    0.48999999194999955,
    0.4800000166400028,
    0.48000000138666676,
    0.48000000166400003,
    0.48000001733333564,
    0.48,
    0.48000000473495946,
    0.4800000062400002,
    0.48,
    0.49,
    0.48,
    0.4800004926324086,
    0.480000010400005,
    0.49,
    0.48999991179995706,
    0.48,
    0.4800000187200012,
    0.4800000138666709,
    0.49556737588652483,
    0.48,
    0.48,
    0.48,
    0.48,
    0.48000001065050063,
    0.48,
    0.4800000166400028,
    0.4800000166400028,
    0.48,
    0.49,
    0.49000000442000025,
    0.5,
    0.4800000001124835,
    0.4800000062400002,
    0.4700000116600003
]
