[
    0.999,
    0.999,
    0.999,
    0.999,
    0.999,
    0.999,
    0.999,
    0.999,
    0.999,
    0.999,
    0.999,
    0.999,
    0.999,
    0.999,
    0.99,
    0.99,
    0.99,
    0.99,
    0.99,
    0.99,
    0.99,
    0.97,
    0.9100000121439282,
    0.98,
    0.98,
    0.95,
    0.9699999999593837,
    0.95,
    0.95,
    0.97,
    0.95,
    0.94,
    0.93,
    0.8900000968000116,
    0.93,
    0.9300000637000058,
    0.92,
    0.929999993024993,
    0.9299999992559999,
    0.92,
    0.92,
    0.910000001548,
    0.9399999498662682,
    0.93,
    0.93,
    0.9300000311500017,
    0.9300000311500017,
    0.93,
    0.9299999767499715,
    0.92,
    0.92,
    0.92,
    0.9,
    0.88,
    0.88,
    0.88,
    0.83,
    0.8899999998125132,
    0.8,
    0.76,
    0.7,
    0.75,
    0.7,
    0.65,
    0.58,
    0.59,
    0.5899999893799996,
    0.5700000702333453,
    0.5700000068800006,
    0.57,
    0.5600000352000042,
    0.55,
    0.54,
    0.29,
    0.11,
    0.11,
    0.5399999902799992,
    0.1,
    0.1,
    0.48999998039999687,
    0.48999995344998115,
    0.5299999946999987,
    0.2,
    0.24,
    0.5399999654399953,
    0.24,
    0.76,
    0.45,
    0.51,
    0.31,
    0.5,
    0.5399999985599999,
    0.5700000344000058,
    0.56,
    0.6325110689437066,
    0.6299996975989356,
    0.55,
    0.74,
    0.76,
    0.8,
    0.81,
    0.8499999149996685,
    0.8599999996559999,
    0.76,
    0.659999999296,
    0.6549256355503282,
    0.6499999945833332,
    0.65,
    0.54,
    0.54,
    0.5400000032200002,
    0.42,
    0.42,
    0.4799998079996928,
    0.42,
    0.34000000282857146,
    0.41,
    0.4,
    0.45454545454545453,
    0.48,
    0.5,
    0.49,
    0.5499999957692304,
    0.5100000040398344,
    0.52,
    0.5699999972825908,
    0.7,
    0.72,
    0.8,
    0.83,
    0.9,
    0.9,
    0.92,
    0.8800000480000048,
    0.880000001008,
    0.8800000100800002,
    0.88,
    0.9,
    0.9,
    0.9,
    0.88,
    0.8800000040320001,
    0.87,
    0.87,
    0.89,
    0.9,
    0.87,
    0.85,
    0.82,
    0.83,
    0.85,
    0.84,
    0.7900000036225,
    0.82,
    0.7600000144000005,
    0.77,
    0.7851321529381575,
    0.779999804999805,
    0.77,
    0.77,
    0.77,
    0.77,
    0.770000003174,
    0.77,
    0.77,
    0.770000030820002,
    0.7100000013613538,
    0.72,
    0.72,
    0.71,
    0.7599999701960504,
    0.71,
    0.7100004736674719,
    0.75,
    0.75,
    0.7300001458000671,
    0.7834677108863636,
    0.7634492315080873,
    0.740000003432,
    0.74,
    0.74,
    0.66948406676783,
    0.66,
    0.62,
    0.6,
    0.59,
    0.5900000553500202,
    0.5100000007433826,
    0.5700000068800006,
    0.570000002064,
    0.6599998732799737,
    0.580000002268,
    0.6300000325600037,
    0.6700000076137116,
    0.6700000097765075,
    0.550000002025,
    0.640000002304,
    0.63,
    0.65,
    0.64,
    0.65,
    0.65,
    0.6999999878260866,
    0.65,
    0.67,
    0.5200001010527167,
    0.58,
    0.5,
    0.53,
    0.49,
    0.43,
    0.37,
    0.37000001197000215,
    0.42,
    0.42,
    0.42,
    0.42,
    0.43,
    0.32,
    0.2700004797153411,
    0.260000000421953,
    0.27,
    0.32608695283553873,
    0.26,
    0.26,
    0.27,
    0.3299999811899992,
    0.26,
    0.23158077591198611,
    0.14000000137600016,
    0.22,
    0.18838574139333153,
    0.21999985479995063,
    0.15,
    0.15,
    0.17,
    0.17,
    0.17000024900191732,
    0.18,
    0.2,
    0.2093718829629755,
    0.15000000356131368,
    0.22999996917999796,
    0.25,
    0.25,
    0.2600003062099375,
    0.26,
    0.3103541917213019,
    0.31,
    0.31,
    0.31,
    0.26,
    0.26,
    0.26,
    0.28,
    0.26,
    0.26,
    0.25,
    0.3189616570223352,
    0.32,
    0.26,
    0.25,
    0.29,
    0.29,
    0.3099999997074522,
    0.3099999642606468,
    0.44,
    0.39,
    0.31,
    0.31,
    0.31,
    0.31,
    0.34,
    0.3400000046200002,
    0.34,
    0.35,
    0.34,
    0.34,
    0.32000002720000437,
    0.34,
    0.34,
    0.34,
    0.34,
    0.34,
    0.33999999514285706,
    0.34,
    0.39947886616166317,
    0.39,
    0.45,
    0.49,
    0.4900001683001128,
    0.53,
    0.53,
    0.54,
    0.54,
    0.54,
    0.49,
    0.49,
    0.52,
    0.53,
    0.5300000084600007,
    0.55,
    0.54,
    0.5400000006412868,
    0.57,
    0.6,
    0.6,
    0.64,
    0.6,
    0.6100001521000927,
    0.5800020160104833,
    0.62,
    0.64999999922,
    0.62,
    0.61,
    0.62,
    0.59,
    0.57,
    0.57,
    0.57,
    0.57,
    0.56,
    0.54,
    0.54,
    0.5300001222000904,
    0.56,
    0.6,
    0.6,
    0.6,
    0.59,
    0.6499998829999742,
    0.5700000068800006,
    0.6199998622219467,
    0.6899995783324198,
    0.65,
    0.65,
    0.7,
    0.72,
    0.700000030000003,
    0.7,
    0.700000003,
    0.7,
    0.7099999991885714,
    0.7000018750117188,
    0.71,
    0.71,
    0.71,
    0.7,
    0.69,
    0.69,
    0.69,
    0.7,
    0.7,
    0.7099999701799893,
    0.7,
    0.6999999363636132,
    0.7,
    0.69,
    0.69,
    0.7,
    0.7,
    0.7,
    0.7,
    0.6999999929999994,
    0.6900000468444478,
    0.6900000164300008,
    0.6999999719999955,
    0.69,
    0.69,
    0.6899999706382367,
    0.68,
    0.68,
    0.68,
    0.68,
    0.689999996826,
    0.6899999967194926,
    0.68,
    0.68,
    0.68,
    0.68,
    0.6899999995671358,
    0.6899999997583484,
    0.69,
    0.6899999585999611,
    0.6899999753571366,
    0.68,
    0.68,
    0.68,
    0.68,
    0.68,
    0.68999953999724,
    0.68,
    0.68,
    0.6899999868899976,
    0.68,
    0.6899999585999611,
    0.68,
    0.68,
    0.6899999868899976,
    0.68,
    0.68,
    0.7,
    0.68,
    0.68,
    0.6999999766666597,
    0.68,
    0.68,
    0.68,
    0.68,
    0.68,
    0.68,
    0.68,
    0.6999999766666597,
    0.68,
    0.68,
    0.7,
    0.6999999766666597,
    0.68,
    0.68,
    0.68,
    0.68,
    0.68,
    0.68,
    0.68,
    0.69,
    0.7,
    0.69,
    0.7,
    0.7,
    0.699999859999958,
    0.6999997549998408,
    0.6999999719999955,
    0.7099999701799893,
    0.68,
    0.68,
    0.7099999502999869,
    0.7039227888525451,
    0.69,
    0.7,
    0.7,
    0.6977385216541843,
    0.7,
    0.7099999701799893,
    0.6900000008876607,
    0.68,
    0.68,
    0.71,
    0.69,
    0.69,
    0.7000000750000187,
    0.7199999654399878,
    0.6900000178643277,
    0.7199999654399878,
    0.7,
    0.7,
    0.7,
    0.7,
    0.69,
    0.6900001705000767,
    0.709999998012,
    0.6900000599333417,
    0.7099999431998909,
    0.70838134535721,
    0.7,
    0.6900000599333417,
    0.7,
    0.7,
    0.6900000635500187,
    0.6899999917199968,
    0.69,
    0.69,
    0.68,
    0.68,
    0.68,
    0.69,
    0.68,
    0.68,
    0.68,
    0.68,
    0.68,
    0.67,
    0.6600000455720488,
    0.67,
    0.6700018810080883,
    0.67000033000033,
    0.68,
    0.670000217800074,
    0.6700001072500188,
    0.68,
    0.68,
    0.67,
    0.6799999968914285,
    0.6799999873066652,
    0.6799999727999957,
    0.6799999945599995,
    0.67,
    0.6799998911999086,
    0.68,
    0.66,
    0.6600000142800009,
    0.660000014506667,
    0.6600000367200034,
    0.68,
    0.68,
    0.66,
    0.67,
    0.67,
    0.6899999983657894,
    0.67,
    0.6899999917199968,
    0.6899999917199968,
    0.689999986126983,
    0.6899999925479998,
    0.6600000142800009,
    0.6899999951699998,
    0.6899999868899976,
    0.6899999917199968,
    0.69,
    0.660000057800019,
    0.6856674374463617,
    0.66,
    0.6799999945599995,
    0.6799999945599995,
    0.6799999945599995,
    0.6600000021160948,
    0.68,
    0.6799999936533332,
    0.673020768120423,
    0.6600003885720946,
    0.6699999930135544,
    0.6699999195999292,
    0.6600005975765181,
    0.6699999195999292,
    0.6699999329996716,
    0.6600000367200034,
    0.660000057800019,
    0.6500000385000034,
    0.6699999195999292,
    0.6400000792000222,
    0.6400000792000222,
    0.6699999195999292,
    0.6400000230400031,
    0.65,
    0.6400000518529714,
    0.6799998911999086,
    0.6500000067307693,
    0.6500000178774131,
    0.6500000525000096,
    0.6500000385000034,
    0.6500001468345279,
    0.6899935139312476,
    0.6899991029966811,
    0.6899935139312476,
    0.6899999771586198,
    0.6899935139312476,
    0.67,
    0.6899997205498337,
    0.6700000409200031,
    0.6700001072500188,
    0.6899988407973107,
    0.6700000335500021,
    0.6899999424999856,
    0.6899999424999856,
    0.6899999662666608,
    0.6700000151250005,
    0.6899999925479998,
    0.6899999424999856,
    0.6899999585999611,
    0.67,
    0.6700000517896065,
    0.6899999951699998,
    0.6700000188100008,
    0.670000217800074,
    0.670000217800074,
    0.67,
    0.6700001072500188,
    0.6899999585999611,
    0.6700000519750048,
    0.6700000519750048,
    0.6700000704000084,
    0.6899997205498337,
    0.6899985871390222,
    0.6899999585999611,
    0.6886367495091293,
    0.6600000367200034,
    0.6400000006707346,
    0.65,
    0.65,
    0.66,
    0.66,
    0.65,
    0.65,
    0.6100005616014377,
    0.66,
    0.65,
    0.6100000059137256,
    0.65,
    0.67,
    0.6,
    0.6,
    0.61,
    0.68,
    0.6736675248442986,
    0.5,
    0.6699977838364368,
    0.4,
    0.36,
    0.3500001083336764,
    0.59,
    0.6882417709316258,
    0.679999611426018,
    0.679999611426018,
    0.62,
    0.6899999585999611,
    0.6,
    0.7,
    0.72,
    0.7199985599596789,
    0.72,
    0.7199998559995968,
    0.74,
    0.739999989639998,
    0.5800001764001023,
    0.75,
    0.7899995338993427,
    0.6,
    0.58,
    0.5700000957490053
]
