[
    0.001,
    0.001,
    0.05,
    0.05,
    0.054,
    0.0599999459999946,
    0.06,
    0.09,
    0.07,
    0.0599999459999946,
    0.031000000368584593,
    0.09,
    0.10999995214999689,
    0.09129425420777713,
    0.07,
    0.07,
    0.09,
    0.07,
    0.08,
    0.08,
    0.09,
    0.1,
    0.1,
    0.11,
    0.11,
    0.11,
    0.11,
    0.1,
    0.11,
    0.1,
    0.058041036393589936,
    0.01,
    0.02,
    0.02,
    0.02,
    0.01,
    0.01,
    0.03,
    0.03,
    0.03,
    0.030000001940002324,
    0.030000000030040892,
    0.04,
    0.06,
    0.04,
    0.04,
    0.04,
    0.04,
    0.06,
    0.04,
    0.04,
    0.04,
    0.04,
    0.04,
    0.05,
    0.04,
    0.05,
    0.08,
    0.09,
    0.1,
    0.12999999024999975,
    0.11,
    0.12,
    0.13,
    0.13,
    0.13,
    0.13,
    0.16,
    0.1699999870799997,
    0.13000000121800007,
    0.1300000428572041,
    0.13,
    0.13000001419752735,
    0.13,
    0.16999994219999076,
    0.16,
    0.16,
    0.15,
    0.14,
    0.13,
    0.17,
    0.16999988609996242,
    0.23000059231179293,
    0.24,
    0.25,
    0.24,
    0.26999998055999946,
    0.24000000185970646,
    0.23529411764705882,
    0.26,
    0.25,
    0.26,
    0.26000000888000036,
    0.279999998096,
    0.28,
    0.28,
    0.28,
    0.28,
    0.27999999818,
    0.28,
    0.2799999731199972,
    0.26,
    0.25,
    0.25999999933955353,
    0.27999964159974194,
    0.28,
    0.34,
    0.34,
    0.35,
    0.40999997121854126,
    0.41,
    0.4,
    0.46,
    0.46,
    0.46,
    0.46,
    0.47,
    0.6,
    0.6,
    0.660000005417191,
    0.68,
    0.6600000363523512,
    0.660000005417191,
    0.660000005417191,
    0.6600000074578928,
    0.6600000074578928,
    0.6400000114030377,
    0.66,
    0.63,
    0.67,
    0.6500000082256171,
    0.6479058975309414,
    0.6,
    0.6,
    0.6,
    0.6,
    0.57,
    0.49224990629500304,
    0.49035905070410657,
    0.46999998403773335,
    0.46,
    0.46,
    0.45,
    0.4499999549999955,
    0.45,
    0.42,
    0.42,
    0.39,
    0.4,
    0.41,
    0.4,
    0.4,
    0.4,
    0.4,
    0.49,
    0.49,
    0.45,
    0.53,
    0.54,
    0.649999997075,
    0.5900000057227048,
    0.6099999755999961,
    0.5900000057227048,
    0.58,
    0.56,
    0.54,
    0.54,
    0.54,
    0.54,
    0.569999995898578,
    0.54,
    0.54,
    0.56,
    0.56,
    0.56,
    0.5999999939999998,
    0.54,
    0.559999963987129,
    0.56,
    0.56,
    0.5700000266617937,
    0.6,
    0.57,
    0.58,
    0.55,
    0.49,
    0.54,
    0.61,
    0.61,
    0.6099999993899999,
    0.5900000086543538,
    0.5900000158293524,
    0.59,
    0.62,
    0.590000009076336,
    0.6199996457139259,
    0.5900000532852109,
    0.6199999940952368,
    0.5900000090200007,
    0.59,
    0.5900000014203944,
    0.59,
    0.59,
    0.590000009076336,
    0.5900000159234758,
    0.6199996502557108,
    0.6199999945969495,
    0.5900000030984978,
    0.59,
    0.6199999925107846,
    0.59,
    0.61,
    0.65,
    0.65,
    0.6599999809422483,
    0.65,
    0.6400000069120001,
    0.65,
    0.7,
    0.7,
    0.69,
    0.67,
    0.670000217800074,
    0.66,
    0.626665320862212,
    0.59,
    0.5805908290399105,
    0.540000004292166,
    0.5699999950209642,
    0.540000006086669,
    0.57,
    0.540000006086669,
    0.54,
    0.5699999984368266,
    0.5400002705883945,
    0.54,
    0.5699999059499214,
    0.569999860666546,
    0.5100000065744237,
    0.58,
    0.61,
    0.62,
    0.6499999931578945,
    0.66,
    0.63,
    0.64,
    0.6899999975618373,
    0.6899998964999742,
    0.6899999993928,
    0.6899999977737447,
    0.7,
    0.68,
    0.7099999914799989,
    0.7099999935236481,
    0.7099999995898325,
    0.72,
    0.72,
    0.72,
    0.7100000089979894,
    0.72,
    0.69,
    0.69,
    0.68,
    0.6700000001881,
    0.6700018810080883,
    0.67,
    0.67,
    0.6593150059366152,
    0.64,
    0.64,
    0.64,
    0.64,
    0.63,
    0.63,
    0.62,
    0.61,
    0.6,
    0.65,
    0.64,
    0.64,
    0.6500000453367935,
    0.6500000072148422,
    0.65,
    0.6500000088754898,
    0.6500000072148422,
    0.6500000072148422,
    0.6500000157500009,
    0.65,
    0.6699999855189742,
    0.6911392402820061,
    0.7,
    0.6700000188100008,
    0.6500000350000024,
    0.65,
    0.65,
    0.64,
    0.63,
    0.62,
    0.57,
    0.57,
    0.5824033391170669,
    0.5952380952380952,
    0.58,
    0.5799999964785714,
    0.57,
    0.5699999975933333,
    0.58,
    0.58,
    0.5799999990885715,
    0.56,
    0.56,
    0.54,
    0.53,
    0.53,
    0.5100000004606706,
    0.52,
    0.5100000041676793,
    0.53,
    0.5100005286850314,
    0.53,
    0.5400005111124362,
    0.5499991851833744,
    0.54,
    0.51,
    0.54,
    0.509999999949,
    0.5099999670574105,
    0.5,
    0.51,
    0.509999998572,
    0.51,
    0.4879224084438932,
    0.4400000066686517,
    0.45,
    0.46,
    0.5,
    0.5,
    0.5,
    0.47,
    0.45999992639998727,
    0.44,
    0.449999862244659,
    0.4699999992878788,
    0.4400011200089601,
    0.46999976499894247,
    0.44999999299065385,
    0.45,
    0.49,
    0.47,
    0.46,
    0.5,
    0.49,
    0.5299999938535452,
    0.5,
    0.4900001275006056,
    0.5299994434978018,
    0.5199999812799988,
    0.48000000300578044,
    0.5370736976228402,
    0.49,
    0.48,
    0.49,
    0.49,
    0.49,
    0.48000000300578044,
    0.48999999896751534,
    0.48000000300578044,
    0.48000000300578044,
    0.4700000001531792,
    0.4700000001531792,
    0.48,
    0.47000001025453697,
    0.48999998039999687,
    0.48,
    0.48,
    0.47,
    0.5,
    0.4700000626363847,
    0.48,
    0.5099999980617577,
    0.48,
    0.48,
    0.49,
    0.49,
    0.48,
    0.4800000187200012,
    0.48999998137999884,
    0.48000000138666676,
    0.48999999387499976,
    0.4800000166400028,
    0.48000000453248814,
    0.48999998137999884,
    0.49,
    0.48999998039999687,
    0.48999998137999884,
    0.48999999387499976,
    0.48999999387499976,
    0.4800000081743481,
    0.48,
    0.48999982849988855,
    0.48999999956879997,
    0.48,
    0.48,
    0.48999999795833327,
    0.489999999069,
    0.4800002496003794,
    0.48999999993466664,
    0.48,
    0.48000005698632114,
    0.48999998688188906,
    0.4899999487052254,
    0.48,
    0.48,
    0.4899999999608,
    0.48,
    0.4899999861381574,
    0.48,
    0.4800000064065711,
    0.48,
    0.4899999997772727,
    0.49,
    0.48000000323987585,
    0.48000002234156963,
    0.48999998137999884,
    0.49,
    0.48,
    0.48,
    0.48999999344526335,
    0.4800000026652999,
    0.4899999735445993,
    0.48999998460157,
    0.48,
    0.4899999915719998,
    0.48999999792498483,
    0.48,
    0.48,
    0.49,
    0.48,
    0.49,
    0.49,
    0.49,
    0.49,
    0.49,
    0.49,
    0.49,
    0.490000043350018,
    0.4900001683001128,
    0.49,
    0.4900000856204861,
    0.5,
    0.4900000095625058,
    0.5,
    0.49000011171431446,
    0.490000000051,
    0.5,
    0.49000011171431446,
    0.5,
    0.5,
    0.509999984750826,
    0.5,
    0.51,
    0.51,
    0.5,
    0.5,
    0.5,
    0.5,
    0.51,
    0.5,
    0.5099999885089458,
    0.5099999795999968,
    0.5,
    0.5099999879405028,
    0.49,
    0.5099999887665189,
    0.4900004182004935,
    0.49000002142000126,
    0.5099999540999927,
    0.5099999950923786,
    0.49,
    0.49000042697737967,
    0.5099995730226203,
    0.4900001683001128,
    0.49000011171431446,
    0.49000004606454167,
    0.5099999953857141,
    0.49000000442000025,
    0.5099999785799988,
    0.49000002142000126,
    0.4900000104311778,
    0.49000000442000025,
    0.5099999955799998,
    0.4900000090000009,
    0.509999956649982,
    0.49000000941691035,
    0.5099999727697395,
    0.49000000340000055,
    0.5099999907923763,
    0.4900000004818518,
    0.4900000047600001,
    0.5099999795999968,
    0.51,
    0.5099999982999994,
    0.5099999982999994,
    0.509999953309847,
    0.509999956649982,
    0.509999956649982,
    0.5199999843999966,
    0.4900000204000033,
    0.49000000373883174,
    0.5156853892060201,
    0.5099999540999927,
    0.5099999938952616,
    0.5099999795999968,
    0.5199999843999966,
    0.51,
    0.5099999540999927,
    0.49000000171332597,
    0.5099999540999927,
    0.5099999785799988,
    0.5099999785799988,
    0.5099999910376564,
    0.5099999910749997,
    0.49,
    0.49,
    0.5099999586243347,
    0.49,
    0.49000004137566533,
    0.4900000053235919,
    0.5099999946764081,
    0.49,
    0.49000003906832806,
    0.5099999609316719,
    0.4900004182004935,
    0.49000000340000055,
    0.4900000146625014,
    0.49000004590000734,
    0.49000000340000055,
    0.4900000111272745,
    0.5099999443636172,
    0.5099999795999968,
    0.5099999996175956,
    0.49000000340000055,
    0.49,
    0.51,
    0.51,
    0.5,
    0.49,
    0.49,
    0.49,
    0.49,
    0.49,
    0.49,
    0.49,
    0.49,
    0.49,
    0.49,
    0.49,
    0.49,
    0.49,
    0.5099999785799988,
    0.49,
    0.49,
    0.49,
    0.49,
    0.49,
    0.49,
    0.49,
    0.49,
    0.49,
    0.49,
    0.49,
    0.49,
    0.49,
    0.5099999785799988,
    0.49,
    0.49,
    0.49,
    0.49,
    0.49,
    0.49,
    0.49,
    0.49,
    0.49,
    0.49,
    0.49,
    0.49,
    0.49,
    0.49,
    0.49,
    0.49,
    0.49,
    0.49,
    0.49,
    0.49,
    0.49,
    0.49,
    0.4900000201758256,
    0.5099999875736031,
    0.5099999812672166,
    0.4900000187327834,
    0.4900000148750011,
    0.5099999801017803,
    0.5099999790032489,
    0.5099999851249989,
    0.49000002099675116,
    0.4900000022329249,
    0.49,
    0.5099999977670752,
    0.49000001989821973,
    0.49,
    0.49,
    0.4900000124263969,
    0.4900000124263969,
    0.5099999875736031,
    0.5099999852008916,
    0.5099999916469512,
    0.5099999850907248,
    0.4900000147991084,
    0.5099999975480767,
    0.5099999798241744,
    0.4900000024519233,
    0.4900000058005254,
    0.49000001096774276,
    0.49000001490927525,
    0.49000001310492614,
    0.5099999890322572,
    0.5099999941994746,
    0.49000000821634143,
    0.49000000835304885,
    0.49000000225165585,
    0.4900000198973319,
    0.5099999917836585,
    0.5099999908273375,
    0.5099999977483441,
    0.5099999868950739,
    0.5099999801026681,
    0.49000000059233456,
    0.4900000049156632,
    0.5099999820487354,
    0.4900000179512645,
    0.4900000091726625,
    0.5099999994076654,
    0.5099999950843368,
    0.49000000102512575,
    0.4900000166179789,
    0.5099999833820211,
    0.5099999912713927,
    0.4900000057735854,
    0.4900000087286073,
    0.5099999815384602,
    0.5099999942264146,
    0.5099999753677262,
    0.5099999989748742,
    0.49000000045698927,
    0.5099999995430107,
    0.4900000184615399,
    0.49000001377250485,
    0.5099999862274952,
    0.49000002145486515,
    0.5099999814436604,
    0.49000002463227377,
    0.51,
    0.49000002003184845,
    0.5099999822093014,
    0.49,
    0.4900000185563395,
    0.49000002528925796,
    0.4900000177906985,
    0.5099999799681515,
    0.5099999785451349,
    0.49000002003184845,
    0.4900000123085005,
    0.5099999922391297,
    0.5099999799681515,
    0.5099999912404574,
    0.4900000087595427,
    0.509999997002938,
    0.5099999747107421,
    0.5099999965253593,
    0.49000000776087027,
    0.5099999876914996,
    0.49000001310492614,
    0.509999976949151,
    0.490000002997062,
    0.4900000034746407,
    0.4900000172328777,
    0.509999991964285,
    0.5099999842754357,
    0.49000001572456436,
    0.490000023050849,
    0.4900000070452806,
    0.5099999929547194,
    0.49000000803571503,
    0.5099999827671223,
    0.49000000430581653,
    0.5099999868950739,
    0.5099999956941835,
    0.49000000284009565,
    0.5099999971599043,
    0.49,
    0.49,
    0.49,
    0.49,
    0.49,
    0.49,
    0.49,
    0.49,
    0.49,
    0.49,
    0.49,
    0.49,
    0.49,
    0.49,
    0.49,
    0.49,
    0.49,
    0.49,
    0.49,
    0.49,
    0.49,
    0.49,
    0.49,
    0.49,
    0.49,
    0.49,
    0.49,
    0.49,
    0.49,
    0.49,
    0.49,
    0.49,
    0.49,
    0.49,
    0.49,
    0.49,
    0.49,
    0.49,
    0.49,
    0.4900000201758256,
    0.5099999876914996,
    0.49,
    0.49,
    0.49000000776087027,
    0.4900000123085005,
    0.5099999916469512,
    0.4900000024519233,
    0.49,
    0.49,
    0.5099999975480767,
    0.4900000148750011,
    0.4900000070452806,
    0.5099999851249989,
    0.5099999929547194,
    0.5099999922391297,
    0.49000000045698927,
    0.49000000284009565,
    0.5099999798241744,
    0.5099999995430107,
    0.49000000803571503,
    0.5099999753677262,
    0.509999991964285,
    0.4900000022329249,
    0.5099999971599043,
    0.4900000058005254,
    0.49000000835304885,
    0.5099999842754357,
    0.5099999790032489,
    0.49,
    0.4900000184615399,
    0.49000002463227377,
    0.5099999850907248,
    0.49000001989821973,
    0.5099999977670752,
    0.5099999815384602,
    0.49000001572456436,
    0.49000002099675116,
    0.5099999827671223,
    0.5099999941994746,
    0.4900000172328777,
    0.5099999801017803,
    0.49000001490927525,
    0.49000002528925796,
    0.5099999814436604,
    0.5099999747107421,
    0.49,
    0.5099999912713927,
    0.5099999812672166,
    0.5099999912404574,
    0.4900000087595427,
    0.4900000185563395,
    0.4900000187327834,
    0.49000002003184845,
    0.5099999942264146,
    0.5099999977483441,
    0.4900000087286073,
    0.5099999799681515,
    0.49000000225165585,
    0.51,
    0.5099999994076654,
    0.4900000179512645,
    0.4900000057735854,
    0.5099999917836585,
    0.5099999820487354,
    0.49000000821634143,
    0.5099999875736031,
    0.49000000059233456,
    0.5099999833820211,
    0.4900000166179789,
    0.4900000124263969,
    0.5034474912135626,
    0.49000002003184845,
    0.5099999890322572,
    0.5099999799681515,
    0.5099999785451349,
    0.5099999956941835,
    0.4900000124263969,
    0.49000002145486515,
    0.49000001096774276,
    0.49000000430581653,
    0.5,
    0.490000023050849,
    0.49000001377250485,
    0.4900000198973319,
    0.49000001310492614,
    0.4900000049156632,
    0.49000001310492614,
    0.4900000147991084,
    0.4900000091726625,
    0.49000000102512575,
    0.5,
    0.4900000034746407,
    0.490000002997062,
    0.5,
    0.5,
    0.4900000177906985,
    0.5,
    0.5,
    0.49,
    0.4900000011140339,
    0.49,
    0.49,
    0.49000002817309174,
    0.5,
    0.51,
    0.51,
    0.51,
    0.5,
    0.509999998572,
    0.49,
    0.5099999982999994,
    0.49000004590000734,
    0.5,
    0.50999999847,
    0.49,
    0.49,
    0.49000000747785993,
    0.5099999795999968,
    0.509999956649982,
    0.509999998776,
    0.5099986229899478,
    0.51,
    0.5099999930359579,
    0.49,
    0.48000000133296594,
    0.49,
    0.51,
    0.4900000006954546,
    0.509999997630303,
    0.490000000595,
    0.49000000267750005,
    0.5099999965706896,
    0.5054413575982811,
    0.5,
    0.5,
    0.5099999785799988,
    0.5,
    0.509999958232753,
    0.5,
    0.49000000548571443,
    0.4900001683001128,
    0.49,
    0.5,
    0.5,
    0.5,
    0.5,
    0.5,
    0.5099999948663101,
    0.51,
    0.5099999785799988,
    0.5,
    0.49,
    0.49000000804230787,
    0.51,
    0.49,
    0.49,
    0.5099999994747954,
    0.49,
    0.49,
    0.49,
    0.51,
    0.49,
    0.49,
    0.51,
    0.49,
    0.49,
    0.49,
    0.49,
    0.51,
    0.49,
    0.49,
    0.51,
    0.51,
    0.51,
    0.49,
    0.51,
    0.509999998776,
    0.49,
    0.49,
    0.49,
    0.49,
    0.49,
    0.49,
    0.49,
    0.49,
    0.49,
    0.49,
    0.49,
    0.49,
    0.49,
    0.49,
    0.51,
    0.49,
    0.49,
    0.51,
    0.49,
    0.51,
    0.49,
    0.49,
    0.49,
    0.49,
    0.51,
    0.51,
    0.49,
    0.51,
    0.49,
    0.49,
    0.49,
    0.49,
    0.49,
    0.49,
    0.49,
    0.49,
    0.49,
    0.49,
    0.49,
    0.49,
    0.51,
    0.51,
    0.49,
    0.49,
    0.49,
    0.49,
    0.49,
    0.49,
    0.51,
    0.49,
    0.51,
    0.49,
    0.49,
    0.51,
    0.49,
    0.49,
    0.51,
    0.51,
    0.49,
    0.51,
    0.51,
    0.49,
    0.51,
    0.51,
    0.51,
    0.51,
    0.51,
    0.49,
    0.51,
    0.49,
    0.49,
    0.51,
    0.51,
    0.51,
    0.51,
    0.51,
    0.51,
    0.51,
    0.51,
    0.49,
    0.51,
    0.51,
    0.49,
    0.51,
    0.51,
    0.51,
    0.51,
    0.51,
    0.49,
    0.51,
    0.49,
    0.51,
    0.51,
    0.51,
    0.51,
    0.51,
    0.51,
    0.51,
    0.49,
    0.51,
    0.49,
    0.49,
    0.49,
    0.49,
    0.51,
    0.49,
    0.49,
    0.49,
    0.49,
    0.49,
    0.49,
    0.49,
    0.49,
    0.49,
    0.49,
    0.49,
    0.49,
    0.49,
    0.49,
    0.49,
    0.49,
    0.49,
    0.49,
    0.49,
    0.49,
    0.49,
    0.49,
    0.49,
    0.49,
    0.51,
    0.51,
    0.49,
    0.51,
    0.51,
    0.49,
    0.49,
    0.51,
    0.51,
    0.51,
    0.51,
    0.51,
    0.51,
    0.51,
    0.51,
    0.51,
    0.51,
    0.51,
    0.49,
    0.51,
    0.51,
    0.51,
    0.51,
    0.51,
    0.51,
    0.51,
    0.51,
    0.51,
    0.51,
    0.51,
    0.51,
    0.51,
    0.51,
    0.51,
    0.51,
    0.51,
    0.51,
    0.51,
    0.51,
    0.51,
    0.51,
    0.51,
    0.5099999993236074,
    0.49,
    0.49,
    0.49,
    0.49,
    0.52,
    0.52,
    0.49,
    0.49,
    0.49,
    0.52,
    0.49,
    0.49,
    0.49,
    0.49,
    0.49,
    0.52,
    0.49,
    0.49,
    0.49,
    0.49,
    0.49,
    0.49,
    0.49,
    0.49,
    0.49,
    0.49,
    0.49,
    0.49,
    0.49,
    0.49,
    0.49,
    0.49,
    0.49,
    0.49,
    0.49,
    0.49,
    0.49,
    0.49,
    0.49,
    0.49,
    0.49,
    0.49,
    0.49,
    0.49,
    0.49,
    0.49,
    0.49,
    0.52,
    0.5199999971379429,
    0.51,
    0.51,
    0.51,
    0.51,
    0.51,
    0.51,
    0.51,
    0.51,
    0.51,
    0.51,
    0.51,
    0.51,
    0.51,
    0.51,
    0.51,
    0.51,
    0.51,
    0.51,
    0.51,
    0.51,
    0.51,
    0.51,
    0.51,
    0.51,
    0.51,
    0.51,
    0.51,
    0.51,
    0.51,
    0.51,
    0.51,
    0.51,
    0.51,
    0.51,
    0.51,
    0.51,
    0.51,
    0.51,
    0.51,
    0.5099999180356982,
    0.5099999697777684,
    0.5099999795999968,
    0.49,
    0.49,
    0.5099999911757764,
    0.5,
    0.5099999816399933,
    0.4900000005592106,
    0.5199999459740176,
    0.52,
    0.52,
    0.5199999802843562,
    0.51,
    0.5199999961795918,
    0.5,
    0.4900000048733334,
    0.5166062253480763,
    0.5099999985470082,
    0.5099999795999968,
    0.5,
    0.51,
    0.51,
    0.51,
    0.51,
    0.5,
    0.49,
    0.49,
    0.49,
    0.4900000306846518,
    0.5099999693153482,
    0.49000003320072716,
    0.5099999667992728,
    0.49,
    0.4900000170000024,
    0.5099999829999976,
    0.5099999620212713,
    0.49000003797872865,
    0.49,
    0.49,
    0.4900000009189191,
    0.49,
    0.509999999081081,
    0.49000005374440103,
    0.509999946255599,
    0.5099999634262902,
    0.49000003657370983,
    0.5199999597419256,
    0.49,
    0.49,
    0.49000004108055484,
    0.5,
    0.4900000285029981,
    0.5,
    0.5,
    0.5,
    0.5,
    0.5,
    0.5,
    0.52,
    0.5,
    0.52,
    0.5,
    0.52,
    0.52,
    0.5199999279207664,
    0.5199999958399999,
    0.49,
    0.52,
    0.49000001205454624,
    0.52,
    0.52,
    0.5199999375375263,
    0.51,
    0.5099999991925989,
    0.5099999957499997,
    0.5,
    0.49000002142000126,
    0.5,
    0.5,
    0.49000000081600004,
    0.5,
    0.5,
    0.51,
    0.50999990999991,
    0.5,
    0.49,
    0.51,
    0.49,
    0.51,
    0.5,
    0.49,
    0.51,
    0.5099999982999994,
    0.5099999994168651,
    0.5099981724913193,
    0.49,
    0.51,
    0.4900001275006056,
    0.49000002142000126,
    0.5099999785799988,
    0.490000043350018,
    0.509999956649982,
    0.5099999864301549,
    0.4900000089250003,
    0.5099998316998873,
    0.5,
    0.5099999846999995,
    0.4900001683001128,
    0.49,
    0.5099999785799988,
    0.49,
    0.4900000048733334,
    0.5099999951266666,
    0.49000001205454624,
    0.5099999879454538,
    0.5,
    0.5099999990116278,
    0.51,
    0.4900000043802229,
    0.509999996091954,
    0.4900001683001128,
    0.4900000176538469,
    0.509999998381295,
    0.4900000052307694,
    0.5,
    0.5099999973368139,
    0.5099995817995066,
    0.5099999965999995,
    0.5,
    0.5,
    0.5099999993940594,
    0.5099986229899478,
    0.51,
    0.51,
    0.51,
    0.51,
    0.51,
    0.5100000186200011,
    0.53,
    0.5100000186200011,
    0.51,
    0.5100000196000032,
    0.53,
    0.5100000644000283,
    0.51,
    0.5100000186200011,
    0.5100000186200011,
    0.5299999899299992,
    0.51,
    0.51,
    0.53,
    0.53,
    0.51,
    0.5100000186200011,
    0.5100000010103093,
    0.5299999969126213,
    0.5299999939026547,
    0.52,
    0.5100000005246252,
    0.5299999957716279,
    0.53,
    0.5100000186200011,
    0.51,
    0.5100000186200011,
    0.5100000186200011,
    0.5100000186200011,
    0.5100000186200011,
    0.5100000186200011,
    0.5100000186200011,
    0.5100000186200011,
    0.5299998780999061,
    0.5299999945674999,
    0.5100000021777779,
    0.510000008292308,
    0.5299999899299992,
    0.5299999899299992,
    0.5299999899299992,
    0.5299999899299992,
    0.5299999899299992,
    0.5299999899299992,
    0.5299999899299992,
    0.5299999899299992,
    0.5299999899299992,
    0.5299999899299992,
    0.5100000095030307,
    0.5100000084280002,
    0.52999999682,
    0.5100000098000007,
    0.5299999893999994,
    0.53,
    0.51,
    0.510000017864823,
    0.5100000022866668,
    0.5299999971733332,
    0.5100000069176474,
    0.5263129602606962,
    0.5100000069176474,
    0.519999989599995,
    0.5100000080500005,
    0.5100000021000001,
    0.5199999947999999,
    0.5100000196000032,
    0.5199999833599972,
    0.5199999833599972,
    0.5100000010103093,
    0.5199999979805825,
    0.5100000156383007,
    0.5100000067853612,
    0.5199999986133332,
    0.5199999963294116,
    0.5100000186200011,
    0.5100000035132076,
    0.5100000019600001,
    0.5199999975733333,
    0.5100000010103093,
    0.5199999979805825,
    0.5100000186200011,
    0.5100000186200011,
    0.5100000186200011,
    0.5100000186200011,
    0.5100000186200011,
    0.5100000186200011,
    0.5100000186200011,
    0.5100000186200011,
    0.52,
    0.5100000022866668,
    0.5100000186200011,
    0.5100000093545457,
    0.5100000186200011,
    0.5100000186200011,
    0.5199999812799988,
    0.5199999812799988,
    0.5199999812799988,
    0.5199999812799988,
    0.5199999812799988,
    0.5199999812799988,
    0.5199999812799988,
    0.5199999812799988,
    0.5199999812799988,
    0.5199999833599972,
    0.5199999812799988,
    0.5199999812799988,
    0.52,
    0.5199999810909081,
    0.5100000062306999,
    0.5199999992436364,
    0.5100000044406251,
    0.5100000061250002,
    0.5100000010103093,
    0.5199999979805825,
    0.52,
    0.529999997802439,
    0.5100000055391306,
    0.5100000022866668,
    0.5299998780999061,
    0.5100000196000032,
    0.5299999899299992,
    0.5299997376498675,
    0.5299998780999061,
    0.51,
    0.5,
    0.51,
    0.5,
    0.5399999998626828,
    0.5100000186200011,
    0.5399999740799909,
    0.53,
    0.5399999985517241,
    0.5100000025789474,
    0.52,
    0.5399999902799992,
    0.54,
    0.5399999977499997,
    0.5100000275977028,
    0.52,
    0.51,
    0.5100000006806493,
    0.5379953063679423,
    0.5200000172800011,
    0.5299999899299992,
    0.5200000120000012,
    0.5200000036378948,
    0.5299999993942857,
    0.53,
    0.5299999893999994,
    0.52,
    0.53,
    0.5299998780999061,
    0.5200000036378948,
    0.5299999993942857,
    0.5299999946589143,
    0.5299998780999061,
    0.54,
    0.54,
    0.5399999902799992,
    0.54,
    0.54,
    0.5100000061250002,
    0.51,
    0.54,
    0.54,
    0.5100000186200011,
    0.5399999920421046,
    0.51,
    0.53999963999964,
    0.5100000178181974,
    0.54,
    0.54,
    0.51,
    0.54,
    0.54,
    0.5299998780999061,
    0.5100000196000032,
    0.529999805666414,
    0.5100000098000007,
    0.5399999846999992,
    0.5100000067062046,
    0.52,
    0.5399999902799992,
    0.5200000172800011,
    0.54,
    0.5399999943299999,
    0.52,
    0.52,
    0.52,
    0.53999997839999,
    0.54,
    0.52,
    0.5100001715001115,
    0.55,
    0.5100001715001115,
    0.5,
    0.5499999724999877,
    0.5402656469699062,
    0.5495429393452594,
    0.5399999976964724,
    0.53,
    0.54,
    0.53999997839999,
    0.52,
    0.52,
    0.5499999724999877,
    0.52,
    0.52,
    0.52,
    0.52,
    0.5499999964878671,
    0.5433746425166825,
    0.53,
    0.52,
    0.54,
    0.5300000043462366,
    0.5399999957607476,
    0.53,
    0.53,
    0.54,
    0.53,
    0.54,
    0.54,
    0.54,
    0.54,
    0.54,
    0.54,
    0.54,
    0.54,
    0.55,
    0.54,
    0.5300000090666624,
    0.53,
    0.53,
    0.53,
    0.53,
    0.53,
    0.53,
    0.53,
    0.53,
    0.53,
    0.53,
    0.55,
    0.53,
    0.55,
    0.55,
    0.55,
    0.5300001222000904,
    0.55,
    0.55,
    0.530000011280002,
    0.5499999559999947,
    0.5499999724999877,
    0.5499999559999947,
    0.55,
    0.530000011280002,
    0.5499980749874874,
    0.5300000171214292,
    0.5499993124974218,
    0.5499999889999995,
    0.55,
    0.5499980749874874,
    0.5499999559999947,
    0.5499999957692304,
    0.5300000084600007,
    0.5499980749874874,
    0.5499999807499988,
    0.549999984722221,
    0.5300000146875014,
    0.5499999807499988,
    0.5499999816666551,
    0.5300000084600007,
    0.5499999807499988,
    0.5300000327259285,
    0.55,
    0.53,
    0.5300000023758242,
    0.549999981339285,
    0.5499999959633027,
    0.5300000064041427,
    0.5499989549978055,
    0.5599999982769229,
    0.56,
    0.5510341709320052,
    0.5599999663999852,
    0.55,
    0.5599999663999852,
    0.5300000016269232,
    0.5599999919359998,
    0.5300001222000904,
    0.5599999775999964,
    0.5599999900127384,
    0.5300005624202921,
    0.54,
    0.5400002392001149,
    0.5599999775999964,
    0.5400000159331714,
    0.55999999776,
    0.5599993411733702,
    0.559999999328,
    0.56,
    0.5599999495999919,
    0.5580610114493898,
    0.5300000290326607,
    0.54,
    0.54,
    0.54,
    0.5400000006039414,
    0.5699999913636234,
    0.5699998232997013,
    0.5699999966749999,
    0.5699999939199997,
    0.5400001009756492,
    0.5400000404800045,
    0.5400000010222222,
    0.5681251860247958,
    0.5599999663999852,
    0.5400000019933333,
    0.5400000001765689,
    0.5599999910399965,
    0.5400000265469772,
    0.55,
    0.5599999253332935,
    0.5500000102645988,
    0.5599999956923075,
    0.5500000055720656,
    0.5599999956923075,
    0.5500002025001114,
    0.5400002392001149,
    0.5400000100193068,
    0.5699999928614798,
    0.5699999917919998,
    0.57,
    0.5699993811417609,
    0.5400005980022126,
    0.54,
    0.5699990879968991,
    0.57,
    0.54,
    0.57,
    0.57,
    0.57,
    0.57,
    0.53,
    0.56,
    0.56,
    0.53,
    0.53,
    0.56,
    0.6,
    0.6,
    0.52,
    0.64,
    0.64,
    0.64,
    0.6599999973599998,
    0.7399999703998827,
    0.74,
    0.74,
    0.74,
    0.74,
    0.74,
    0.520000019200003,
    0.520000019200003,
    0.520000019200003,
    0.520000019200003,
    0.520000019200003,
    0.7599999695999891,
    0.7599999695999891,
    0.7599999695999891,
    0.52,
    0.7599999695999891,
    0.6215950941089193,
    0.5699999555399857,
    0.52,
    0.5200001728001106,
    0.5699998232997013,
    0.5699998064149775,
    0.5699994869953317,
    0.52000012000012,
    0.5699994933309689,
    0.54,
    0.5699998783998638,
    0.5699994869953317,
    0.5699994869953317,
    0.5300003760034593,
    0.5,
    0.49000054400304643,
    0.5699994869953317,
    0.5606557310260679,
    0.5699994869953317,
    0.579998839989431,
    0.5799990842071523,
    0.48000014022483883,
    0.5684415055592641,
    0.48,
    0.5,
    0.492106,
    0.46,
    0.46,
    0.48999982849988855,
    0.48999998039999687,
    0.46,
    0.46,
    0.46,
    0.4600005254063142,
    0.48999901999215995,
    0.4600000216000099,
    0.46,
    0.4899999540129344,
    0.46,
    0.4400001568001129,
    0.5,
    0.4400000224000036,
    0.44,
    0.5,
    0.5,
    0.5899998465998865,
    0.6199998511998869,
    0.64,
    0.65
]
