[
    0.002,
    0.002,
    0.002,
    0.003,
    0.003,
    0.003,
    0.01,
    0.01,
    0.0180325,
    0.02,
    0.02,
    0.01,
    0.01,
    0.02,
    0.02,
    0.02,
    0.02,
    0.03,
    0.02,
    0.04,
    0.05,
    0.06,
    0.06,
    0.08,
    0.07,
    0.07,
    0.07,
    0.06,
    0.07,
    0.13999997871999897,
    0.13999997871999897,
    0.15,
    0.15,
    0.17,
    0.21,
    0.21,
    0.2,
    0.21,
    0.2,
    0.19,
    0.21,
    0.2099999992545,
    0.219999999164,
    0.2,
    0.17,
    0.1699999870799997,
    0.14,
    0.14,
    0.14,
    0.12,
    0.11,
    0.11999998854545434,
    0.09,
    0.06,
    0.06,
    0.07000000012400001,
    0.07,
    0.06,
    0.06,
    0.06000002088919016,
    0.07,
    0.06000000229548439,
    0.06,
    0.07,
    0.07,
    0.08,
    0.08,
    0.06,
    0.06,
    0.05,
    0.1299999789399992,
    0.09,
    0.13718805533168027,
    0.12999989859997768,
    0.09,
    0.09,
    0.1,
    0.14,
    0.14,
    0.20999986769995105,
    0.2,
    0.2,
    0.15,
    0.15,
    0.18417223787686243,
    0.15,
    0.15,
    0.15,
    0.16,
    0.16,
    0.1600001344002473,
    0.19,
    0.2,
    0.22999991604998868,
    0.21,
    0.2,
    0.2,
    0.25,
    0.26,
    0.35,
    0.37,
    0.35,
    0.4,
    0.45,
    0.45,
    0.4499999797499989,
    0.4499997974998886,
    0.4499999797499989,
    0.4499998392856569,
    0.39793394986735425,
    0.35,
    0.35,
    0.35000000650000057,
    0.35,
    0.3,
    0.32,
    0.31666666666666665,
    0.28,
    0.27,
    0.26000000888000036,
    0.27,
    0.27,
    0.2600000012312812,
    0.28,
    0.32,
    0.26000000261176515,
    0.29,
    0.29964911665116933,
    0.25,
    0.25,
    0.24,
    0.22,
    0.21999985479995063,
    0.21,
    0.2,
    0.2,
    0.21999991639998998,
    0.21999977266652268,
    0.21999999911999998,
    0.22,
    0.2199999850399995,
    0.2,
    0.21,
    0.2199996831998226,
    0.22,
    0.21,
    0.21,
    0.20999997395999803,
    0.20999986769995105,
    0.2,
    0.22999982749995687,
    0.22999999682599997,
    0.2,
    0.2299995553327108,
    0.2,
    0.17,
    0.17,
    0.17,
    0.1699999758599986,
    0.16999993523808907,
    0.1100000890004361,
    0.16377648098091377,
    0.13999998879999978,
    0.1494525347640425,
    0.14,
    0.14999999887634838,
    0.1499997187498242,
    0.09,
    0.15,
    0.15,
    0.14999997599999904,
    0.12,
    0.16,
    0.13,
    0.12999999024999975,
    0.14,
    0.12,
    0.12,
    0.13,
    0.17,
    0.1200001173337088,
    0.1100000890004361,
    0.1,
    0.1,
    0.13,
    0.13,
    0.14,
    0.14,
    0.16,
    0.15,
    0.15,
    0.15,
    0.16,
    0.16,
    0.1400000191111956,
    0.14999997599999904,
    0.16,
    0.16,
    0.16999998941850922,
    0.2,
    0.2,
    0.2,
    0.27,
    0.21000017380065697,
    0.21,
    0.25588235232906575,
    0.2599999927199999,
    0.2,
    0.23999991839998694,
    0.23856858521554566,
    0.15,
    0.18999993729998935,
    0.18,
    0.14,
    0.14,
    0.18000026594801602,
    0.19,
    0.18999987839995622,
    0.19,
    0.19,
    0.22999991604998868,
    0.22,
    0.219999998548,
    0.18999998802999957,
    0.1899999994015,
    0.1896207569653109,
    0.2148132012372525,
    0.14,
    0.15,
    0.15,
    0.15,
    0.15,
    0.14999997599999904,
    0.14,
    0.14999997599999904,
    0.14,
    0.16,
    0.13,
    0.13,
    0.1300000001545293,
    0.15,
    0.15,
    0.13,
    0.2,
    0.18999998802999957,
    0.2,
    0.21,
    0.27999999686399996,
    0.28,
    0.25999999349999986,
    0.25999998942372865,
    0.22,
    0.22,
    0.24,
    0.25,
    0.25,
    0.25,
    0.26,
    0.3,
    0.31,
    0.26,
    0.26,
    0.28,
    0.28,
    0.27,
    0.27,
    0.2600000029600002,
    0.27964923578422957,
    0.26999999807999997,
    0.269999999841375,
    0.25,
    0.269999996328,
    0.26999996984999836,
    0.26999999041499984,
    0.269999998299,
    0.269999998299,
    0.2799999731199972,
    0.2799999731199972,
    0.279999998096,
    0.27999999686399996,
    0.2799999854399993,
    0.279999998096,
    0.28,
    0.279999843199931,
    0.2700003650034675,
    0.28,
    0.279999843199931,
    0.28,
    0.279999998096,
    0.279999843199931,
    0.28,
    0.2700003650034675,
    0.27000018250125796,
    0.27000025326676885,
    0.28,
    0.2799999854399993,
    0.27999999044176693,
    0.28,
    0.2799999854399993,
    0.279999843199931,
    0.25,
    0.25,
    0.25,
    0.2799999731199972,
    0.279999843199931,
    0.27999991649121636,
    0.2799999854399993,
    0.26,
    0.25,
    0.28,
    0.28,
    0.27,
    0.2699999980830923,
    0.27,
    0.2699999681399974,
    0.2699998375220779,
    0.26,
    0.26,
    0.26,
    0.26999999369999994,
    0.2699999369999937,
    0.27,
    0.26,
    0.26999996984999836,
    0.26,
    0.26999999369999994,
    0.26999985419993294,
    0.26999999041499984,
    0.25,
    0.25,
    0.26999999369999994,
    0.27,
    0.27,
    0.27,
    0.279999843199931,
    0.27,
    0.279999843199931,
    0.279999998096,
    0.2799999930578511,
    0.2700000017353408,
    0.2700000811115527,
    0.2799999981333333,
    0.28,
    0.27000000058400003,
    0.28,
    0.279999955199996,
    0.26,
    0.26,
    0.26,
    0.26,
    0.27,
    0.27,
    0.27,
    0.27,
    0.279999998096,
    0.279999843199931,
    0.27999990479998477,
    0.2799999854399993,
    0.279999955199996,
    0.27,
    0.27,
    0.27,
    0.27,
    0.27,
    0.27,
    0.26999998055999946,
    0.2699999992845,
    0.27,
    0.2699999655749958,
    0.26999998055999946,
    0.27,
    0.26000013454604165,
    0.2699999938439999,
    0.26999936999937,
    0.26999829899370625,
    0.26,
    0.26,
    0.27,
    0.26999985419993294,
    0.27,
    0.27,
    0.2699997749999196,
    0.26999985419993294,
    0.29,
    0.28,
    0.27999999865586556,
    0.2600011840099457,
    0.27999865599301116,
    0.27999998318318253,
    0.2799999803999989,
    0.26999999881218273,
    0.27,
    0.269999996985,
    0.27,
    0.2799999514666589,
    0.27999964159974194,
    0.2799999945931034,
    0.27000001241000104,
    0.28,
    0.27999993279998925,
    0.28,
    0.27,
    0.27000000015066483,
    0.279999843199931,
    0.27000001241000104,
    0.279999843199931,
    0.28,
    0.27000007838941115,
    0.279999998656,
    0.2700000584000148,
    0.2799999389090765,
    0.2799999731199972,
    0.279999955199996,
    0.27999990479998477,
    0.2799999514666589,
    0.2700000584000148,
    0.279999955199996,
    0.27000002555000335,
    0.27999995073313205,
    0.27999992663754175,
    0.279999955199996,
    0.270000032120005,
    0.27999990776468203,
    0.270000032120005,
    0.2700000912500342,
    0.27999990479998477,
    0.27000002555000335,
    0.279999019997305,
    0.28,
    0.27999947733256675,
    0.27,
    0.279999955199996,
    0.2799999731199972,
    0.279999955199996,
    0.28,
    0.28,
    0.27,
    0.2799999731199972,
    0.27,
    0.28,
    0.279999955199996,
    0.279999843199931,
    0.2700000584000148,
    0.2799999731199972,
    0.2700000584000148,
    0.270000032120005,
    0.2799999965129402,
    0.27999990479998477,
    0.279999955199996,
    0.28,
    0.27,
    0.2799999990293333,
    0.279999843199931,
    0.279999843199931,
    0.28,
    0.28,
    0.28,
    0.28,
    0.28,
    0.29,
    0.29,
    0.2899998818517906,
    0.289999998115,
    0.28999998462999926,
    0.2899999640399973,
    0.2899999274999819,
    0.289999947799992,
    0.29,
    0.29999992499998124,
    0.2999999819999993,
    0.3,
    0.3,
    0.29,
    0.3,
    0.299999969999997,
    0.3,
    0.3,
    0.3,
    0.299999819999928,
    0.29999992499998124,
    0.28999999920300956,
    0.2999999819999993,
    0.29,
    0.3,
    0.2999999812499988,
    0.2999999819999993,
    0.2900099403578529,
    0.3,
    0.29000005680010904,
    0.29,
    0.2800001440004032,
    0.29,
    0.28999998462999926,
    0.2800001440004032,
    0.29,
    0.28,
    0.28,
    0.28999999441196006,
    0.289999947799992,
    0.2899999993986262,
    0.299999819999928,
    0.3,
    0.3,
    0.29,
    0.28,
    0.2999999819999993,
    0.299999819999928,
    0.29,
    0.29,
    0.29,
    0.29,
    0.29,
    0.29,
    0.29,
    0.29,
    0.29,
    0.29,
    0.29,
    0.29,
    0.29,
    0.29,
    0.29,
    0.29,
    0.29,
    0.29,
    0.3,
    0.29,
    0.29,
    0.3,
    0.3,
    0.3,
    0.3,
    0.29999999699999996,
    0.299999819999928,
    0.29999999699999996,
    0.2800000029856936,
    0.299999819999928,
    0.2999999924999998,
    0.2800000015335464,
    0.3,
    0.28,
    0.29,
    0.29,
    0.29,
    0.29,
    0.29,
    0.299999819999928,
    0.29,
    0.29,
    0.29,
    0.29,
    0.29000005680010904,
    0.3,
    0.29,
    0.29,
    0.2999981999928,
    0.29,
    0.29,
    0.29,
    0.29,
    0.29,
    0.2999999819999993,
    0.299999819999928,
    0.3,
    0.3,
    0.299999249998125,
    0.2999999733570136,
    0.2999981999928,
    0.3,
    0.3,
    0.2900000063495945,
    0.2999999653846127,
    0.299999819999928,
    0.299999819999928,
    0.29999992499998124,
    0.2900000047333335,
    0.29999997169811055,
    0.29999997169811055,
    0.29999992499998124,
    0.2900000093114768,
    0.2999999708737836,
    0.3,
    0.3,
    0.29000001040517315,
    0.29999996326530315,
    0.2999999819999993,
    0.2999999819999993,
    0.29000001159183747,
    0.2999999710424682,
    0.2999999982,
    0.2999999653846127,
    0.2900000063495945,
    0.29999999699999996,
    0.2999999982,
    0.299999969999997,
    0.2900000063495945,
    0.2999999653846127,
    0.29999997169811055,
    0.29000000056800007,
    0.3,
    0.2900000063495945,
    0.2999999653846127,
    0.3,
    0.2999999350180412,
    0.299999819999928,
    0.29999998636363573,
    0.2999999819999993,
    0.2999999924999998,
    0.2999999982,
    0.29999999699999996,
    0.2999999819999993,
    0.3,
    0.29,
    0.299999969999997,
    0.29000000301750006,
    0.2900000081650003,
    0.3,
    0.2999999861538457,
    0.29,
    0.3,
    0.29,
    0.29999992499998124,
    0.29000005680010904,
    0.29,
    0.29999954999955,
    0.29999999928,
    0.29,
    0.29999992499998124,
    0.299999969999997,
    0.299999969999997,
    0.29000005680010904,
    0.2999999686411128,
    0.3,
    0.3,
    0.29,
    0.29000005680010904,
    0.29,
    0.3,
    0.3099998294999233,
    0.3099998294999233,
    0.29000001846000134,
    0.29000005680010904,
    0.300178131742565,
    0.29,
    0.29999983486232473,
    0.29000005680010904,
    0.30999993644998125,
    0.3,
    0.3,
    0.32,
    0.32,
    0.32,
    0.32,
    0.32,
    0.32,
    0.32,
    0.32,
    0.32,
    0.3137254901960784,
    0.3,
    0.3,
    0.32,
    0.32,
    0.32,
    0.31,
    0.31,
    0.31,
    0.31,
    0.31,
    0.32,
    0.31,
    0.31,
    0.31,
    0.310001725030188,
    0.31,
    0.32,
    0.32,
    0.32,
    0.3399999857199992,
    0.35,
    0.34135608727292754,
    0.33999994106665726,
    0.33999994106665726,
    0.3499999842499991,
    0.34999999754999994,
    0.32,
    0.34418691122655176,
    0.3399999632799966,
    0.32,
    0.34999999183333297,
    0.32,
    0.3499999614999965,
    0.35,
    0.33,
    0.35,
    0.35000009750003414,
    0.35,
    0.3300000086541673,
    0.3548003900888564,
    0.35,
    0.3499999614999965,
    0.3200000054400005,
    0.3499999842499991,
    0.35,
    0.35,
    0.349999929999979,
    0.32000002720000437,
    0.3200000063466668,
    0.3547441083476505,
    0.3399999693999951,
    0.3399999693999951,
    0.3399999857199992,
    0.35999999423999995,
    0.35999997230769065,
    0.3100000481396435,
    0.31,
    0.35999998559999924,
    0.3100000414000389,
    0.35999997695999686,
    0.3599999459999946,
    0.35999997695999686,
    0.35999992246152535,
    0.31,
    0.35999997695999686,
    0.35999992079997784,
    0.3599999537142751,
    0.35999992079997784,
    0.3599999537142751,
    0.33,
    0.37,
    0.33,
    0.36999943759860526,
    0.3798001012067349,
    0.36,
    0.32,
    0.34231974064680926,
    0.33,
    0.33,
    0.33,
    0.34,
    0.389999890799976,
    0.389999414999415,
    0.389999890799976,
    0.389999890799976,
    0.389999890799976,
    0.389999890799976,
    0.389999890799976,
    0.3899998478999072,
    0.389999890799976,
    0.389999890799976,
    0.389999890799976,
    0.389999890799976,
    0.48999982849988855,
    0.2900000020766943,
    0.34,
    0.34000000289597077,
    0.37,
    0.5,
    0.3700000819000303,
    0.370000023625005,
    0.37000001276682126,
    0.4,
    0.41,
    0.4,
    0.4,
    0.5,
    0.5,
    0.42023869557908894,
    0.38,
    0.4599999907999998,
    0.45999995951999545,
    0.45,
    0.41,
    0.4100009005344206,
    0.4100009005344206,
    0.450937063470367,
    0.42,
    0.41,
    0.46,
    0.4599997607998852,
    0.41000032551818427,
    0.38000111600915126,
    0.38000111600915126,
    0.38000003100001395,
    0.38000111600915126,
    0.48999982849988855,
    0.36,
    0.48999998137999884,
    0.5,
    0.65,
    0.6633663300656786,
    0.66
]
