[
    0.999,
    0.999,
    0.999,
    0.999,
    0.999,
    0.999,
    0.999,
    0.999,
    0.999,
    0.999,
    0.999,
    0.999,
    0.999,
    0.999,
    0.999,
    0.999,
    0.999,
    0.999,
    0.999,
    0.999,
    0.999,
    0.999,
    0.999,
    0.999,
    0.9988,
    0.99,
    0.96,
    0.9879999999677388,
    0.92,
    0.7800004675004675,
    0.821,
    0.9829383290924699,
    0.83,
    0.82,
    0.81,
    0.93,
    0.932,
    0.942,
    0.98,
    0.96,
    0.96779071381705,
    0.9,
    0.9,
    0.9,
    0.85,
    0.8600000382252586,
    0.86,
    0.85,
    0.919999996319999,
    0.92,
    0.8100000084685716,
    0.8,
    0.8,
    0.760000000816,
    0.76,
    0.84,
    0.9,
    0.9399999661599877,
    0.9,
    0.91,
    0.9,
    0.9699999986891835,
    0.9100001548000434,
    0.9584664536251263,
    0.9696981827656131,
    0.9,
    0.9299999888399957,
    0.89,
    0.8899995784168147,
    0.86,
    0.86,
    0.8799999371423004,
    0.8300000421851903,
    0.9108909628467468,
    0.8700000210600008,
    0.9199998955675512,
    0.9199999815999912,
    0.8700000372666684,
    0.95,
    0.9100000810000081,
    0.91,
    0.93,
    0.9099999929639121,
    0.81,
    0.82,
    0.8,
    0.811,
    0.801,
    0.8472595382977245,
    0.8199999855718351,
    0.82,
    0.83,
    0.85,
    0.84,
    0.8699998694999673,
    0.84,
    0.86,
    0.9299997116995128,
    0.9299999906998978,
    0.9499999920833327,
    0.9570217473691464,
    0.9399999607953422,
    0.9399999992104,
    0.92,
    0.9199999043199717,
    0.919999998528,
    0.92,
    0.92,
    0.95,
    0.98,
    0.9699999921773121,
    0.97,
    0.9699998156998507,
    0.9608462776425902,
    0.9649891969603933,
    0.95,
    0.9399996991994947,
    0.91,
    0.9399999623995127,
    0.9199999576402775,
    0.88999995549998,
    0.8600000356687921,
    0.88,
    0.88,
    0.88,
    0.88,
    0.9089931676991483,
    0.88,
    0.8799999647998255,
    0.8600000044085107,
    0.87,
    0.8799999964799989,
    0.86,
    0.8500000065502185,
    0.88,
    0.8700000351910845,
    0.8700000097500002,
    0.9,
    0.8899999985939967,
    0.860000021280001,
    0.8500000806018378,
    0.88,
    0.88999995549998,
    0.8800001008000161,
    0.88999995549998,
    0.8800001008000161,
    0.8800001008000161,
    0.9,
    0.8800001008000161,
    0.88,
    0.83,
    0.83,
    0.8280284640417954,
    0.8499999829999799,
    0.790000026040002,
    0.809999999784,
    0.83,
    0.8299999992529999,
    0.82,
    0.8799999890488885,
    0.8499999149996685,
    0.85,
    0.85,
    0.82,
    0.8199999835999839,
    0.82,
    0.810000008147513,
    0.8712871285403392,
    0.8299999086998274,
    0.77,
    0.74,
    0.7399999674399819,
    0.6700000116394517,
    0.7,
    0.6100000226200032,
    0.6100000162594106,
    0.61,
    0.66,
    0.61,
    0.6200000258400035,
    0.6100000199875015,
    0.66,
    0.6100000226200032,
    0.63,
    0.66,
    0.6899999585999611,
    0.67,
    0.67,
    0.66,
    0.67,
    0.7299998101998596,
    0.6600000272000017,
    0.65,
    0.6300001369000863,
    0.65,
    0.65,
    0.6499999674999887,
    0.65,
    0.649999999604061,
    0.69,
    0.69,
    0.75,
    0.75,
    0.75,
    0.77,
    0.7899999672538826,
    0.8099996273994262,
    0.8008473883043528,
    0.75,
    0.77,
    0.75,
    0.77,
    0.75,
    0.78,
    0.768348623853211,
    0.76,
    0.75,
    0.75,
    0.739999989639998,
    0.73,
    0.71,
    0.71,
    0.7,
    0.6900001705000767,
    0.68,
    0.6800000014399833,
    0.7,
    0.6900000004271111,
    0.6900001705000767,
    0.69,
    0.6999999929999994,
    0.6900001705000767,
    0.7099998693599718,
    0.6900000164300008,
    0.71,
    0.72,
    0.71,
    0.71,
    0.71,
    0.7100000127738411,
    0.72,
    0.710000003944,
    0.7199999519999232,
    0.72,
    0.719999985599996,
    0.7100000359600027,
    0.7199999945999997,
    0.72,
    0.7100000044466668,
    0.7199999881155419,
    0.71,
    0.7100000051313509,
    0.7100001334000721,
    0.7199999933691477,
    0.7199999980799999,
    0.7100001334000721,
    0.72,
    0.7100000522000081,
    0.7199997407998341,
    0.71,
    0.7100001334000721,
    0.7100000153700007,
    0.7100000127883314,
    0.7199995391993733,
    0.7100001334000721,
    0.7100000082000733,
    0.7299999087499658,
    0.7299985156597892,
    0.7298441760043479,
    0.719999997695539,
    0.71,
    0.7100000359600027,
    0.7199997119986752,
    0.71,
    0.72,
    0.71,
    0.71,
    0.72,
    0.7199999807999877,
    0.7100004736674719,
    0.7100001334000721,
    0.7299999087499658,
    0.7299999982589663,
    0.7299999974449999,
    0.7100001334000721,
    0.729999987589999,
    0.729999987589999,
    0.73,
    0.7299998101998596,
    0.7100010261581087,
    0.71,
    0.72,
    0.7100000358603674,
    0.73,
    0.720000156800069,
    0.7299976639607545,
    0.72,
    0.72,
    0.7100000044466668,
    0.72,
    0.7199998559995968,
    0.7100001334000721,
    0.71,
    0.719999994763636,
    0.7100000219300234,
    0.7100000617490597,
    0.7100000153700007,
    0.7199999807999877,
    0.73,
    0.7100000242287928,
    0.729999991801939,
    0.73,
    0.7299999684324253,
    0.73,
    0.7100000131992087,
    0.729999967879995,
    0.71,
    0.7299999087499658,
    0.7286992710529603,
    0.7100000044466668,
    0.7100001334000721,
    0.710000003944,
    0.7299998101998596,
    0.7299999949812497,
    0.7100000148308423,
    0.73,
    0.7100000153700007,
    0.72999998672727,
    0.7248000755448776,
    0.710000008506667,
    0.7199998559995968,
    0.7199998559995968,
    0.72,
    0.7299999941599996,
    0.7299999826624982,
    0.73,
    0.72,
    0.7000018000072,
    0.7199999276380892,
    0.7199999965439999,
    0.7197320430266357,
    0.7199999276380892,
    0.7,
    0.7199999807999877,
    0.7000000072000001,
    0.72,
    0.7,
    0.71,
    0.7000000046534234,
    0.7100000008555,
    0.71,
    0.71,
    0.7100000153700007,
    0.7199999965439999,
    0.7100000041325001,
    0.7100000153700007,
    0.72,
    0.7100000359600027,
    0.72,
    0.7199999825718559,
    0.7100000718695787,
    0.72,
    0.71,
    0.7100000014016666,
    0.719999999808,
    0.7100000153700007,
    0.7199999654399878,
    0.7199996543987834,
    0.7000000180000007,
    0.700000180000072,
    0.7,
    0.700000003,
    0.7,
    0.7,
    0.7,
    0.7199998559995968,
    0.7000000580645236,
    0.719999985599996,
    0.7000000003,
    0.700000180000072,
    0.7199998559995968,
    0.7000000180000007,
    0.71,
    0.7,
    0.7000000180000007,
    0.7000000750000187,
    0.71,
    0.7099999884624973,
    0.7099999918349997,
    0.7,
    0.700000180000072,
    0.719999985599996,
    0.719999985599996,
    0.71999999856,
    0.719999985599996,
    0.72,
    0.7199999692963569,
    0.7199999807999877,
    0.719999985599996,
    0.7000000180000007,
    0.7,
    0.7199998559995968,
    0.72,
    0.7199997407998341,
    0.7,
    0.7199995391993733,
    0.7,
    0.7199995391993733,
    0.7000000018,
    0.7,
    0.7199998617599712,
    0.71,
    0.709999998012,
    0.7099999431998909,
    0.7099996686657168,
    0.69,
    0.690000037820003,
    0.71,
    0.7,
    0.7,
    0.6900000093000004,
    0.690000037820003,
    0.72,
    0.6900000011579459,
    0.71,
    0.7299999087499658,
    0.729999987589999,
    0.7299999840437075,
    0.729999987589999,
    0.7299998101998596,
    0.6900000117276623,
    0.7210431995745268,
    0.719999985599996,
    0.7299999415999852,
    0.7296554565033841,
    0.72,
    0.7292488724645182,
    0.7199999711999867,
    0.71,
    0.72,
    0.710000065662097,
    0.72,
    0.7200000145600007,
    0.72,
    0.7250119155732155,
    0.7199999819999982,
    0.7099998131574522,
    0.7199999807999877,
    0.7199998559995968,
    0.7299999982990291,
    0.6900000283428586,
    0.7299998101998596,
    0.7281795497965808,
    0.7248951489801742,
    0.7,
    0.7199995391993733,
    0.7000000180000007,
    0.6900000341000048,
    0.6900000164300008,
    0.7099999502999869,
    0.7099999918349997,
    0.71,
    0.71,
    0.71,
    0.69,
    0.71,
    0.68,
    0.7099999914799989,
    0.68,
    0.68,
    0.719999985599996,
    0.68,
    0.72,
    0.68
]
