[
    0.002,
    0.002,
    0.001,
    0.003,
    0.003,
    0.003,
    0.003,
    0.0030000000203614843,
    0.003000000019940047,
    0.003,
    0.01,
    0.01,
    0.01,
    0.01,
    0.01,
    0.02,
    0.02,
    0.02,
    0.01,
    0.02,
    0.03,
    0.03,
    0.02,
    0.03,
    0.03,
    0.030000001940002324,
    0.05,
    0.03,
    0.03,
    0.03,
    0.03,
    0.03,
    0.04,
    0.030000000383654288,
    0.04,
    0.06999998739999974,
    0.04,
    0.04,
    0.03,
    0.04,
    0.1,
    0.06,
    0.04,
    0.05,
    0.06,
    0.06,
    0.09,
    0.09,
    0.08,
    0.09,
    0.11,
    0.09,
    0.15,
    0.15,
    0.15,
    0.15,
    0.15,
    0.15,
    0.15000000425000104,
    0.15,
    0.15,
    0.15,
    0.15,
    0.15,
    0.15000056668140038,
    0.15,
    0.15,
    0.16,
    0.2,
    0.18999993729998935,
    0.16,
    0.18999987839995622,
    0.17999999361818175,
    0.2,
    0.18,
    0.18,
    0.18,
    0.18,
    0.18,
    0.18,
    0.19,
    0.19,
    0.18,
    0.18,
    0.18,
    0.18,
    0.18,
    0.18,
    0.18,
    0.18,
    0.18,
    0.21,
    0.18,
    0.18,
    0.18,
    0.21910203973584338,
    0.18,
    0.18000001640001606,
    0.19,
    0.2,
    0.2,
    0.2,
    0.2,
    0.2,
    0.2,
    0.21,
    0.21,
    0.21,
    0.22,
    0.21,
    0.22,
    0.25,
    0.21,
    0.21,
    0.21,
    0.23,
    0.23,
    0.24,
    0.24,
    0.2812820835187377,
    0.25,
    0.28,
    0.28000003456001216,
    0.28,
    0.3599999876571426,
    0.28,
    0.2799999889926285,
    0.28,
    0.28,
    0.28,
    0.3099998294999233,
    0.26,
    0.3405200257081272,
    0.25,
    0.2999999927999999,
    0.29999999571428565,
    0.2999999976923077,
    0.29000001846000134,
    0.299999819999928,
    0.26999936999937,
    0.21000000790002363,
    0.21,
    0.21,
    0.21,
    0.21999985479995063,
    0.28,
    0.21,
    0.25,
    0.25,
    0.24,
    0.24,
    0.21,
    0.28,
    0.32,
    0.33,
    0.32,
    0.4,
    0.31000000019586377,
    0.4064394213854796,
    0.27,
    0.32,
    0.38,
    0.38,
    0.39,
    0.39,
    0.39,
    0.39,
    0.38,
    0.369999994003504,
    0.3632352914139273,
    0.31,
    0.38318776909574565,
    0.34,
    0.3400000158400012,
    0.36,
    0.36,
    0.36,
    0.387765,
    0.34,
    0.299999819999928,
    0.3,
    0.33,
    0.36,
    0.3400001056000359,
    0.3599999870399992,
    0.35999999423999995,
    0.3599999975630769,
    0.35999999308799985,
    0.34,
    0.35,
    0.3,
    0.28,
    0.29,
    0.3,
    0.3,
    0.33999999759384614,
    0.3157894736842105,
    0.3,
    0.26785713596938765,
    0.23,
    0.25,
    0.2,
    0.2,
    0.2,
    0.1800000065600016,
    0.21,
    0.21653543053041105,
    0.21,
    0.20999998613999954,
    0.1800000172631666,
    0.2,
    0.2,
    0.18,
    0.2099999285999886,
    0.2,
    0.21,
    0.21,
    0.20999997395999803,
    0.2,
    0.21,
    0.20999998613999954,
    0.2,
    0.21,
    0.21,
    0.21,
    0.2,
    0.2,
    0.2,
    0.2099999488999954,
    0.19000003780009903,
    0.19000003780009903,
    0.19000004455008665,
    0.19000004455008665,
    0.19,
    0.19000003780009903,
    0.19000004455008665,
    0.19000004455008665,
    0.19000004455008665,
    0.2,
    0.2,
    0.2,
    0.2,
    0.2,
    0.21,
    0.21,
    0.21,
    0.21,
    0.22,
    0.21999735998767994,
    0.210000000316,
    0.22,
    0.21,
    0.22,
    0.22,
    0.22,
    0.23,
    0.23,
    0.23,
    0.23,
    0.22,
    0.22,
    0.23,
    0.22999996917999796,
    0.22000001872000705,
    0.22000000624000088,
    0.2299999455666614,
    0.22,
    0.22999991604998868,
    0.22000000195000025,
    0.22000024960141773,
    0.22000000156000046,
    0.22,
    0.22,
    0.22000000156000046,
    0.22000000208000015,
    0.220000000468,
    0.22000001872000705,
    0.21,
    0.21,
    0.21000003686668953,
    0.22999991604998868,
    0.22999991604998868,
    0.21000001404444577,
    0.22999991604998868,
    0.21,
    0.21000008151544194,
    0.21000001738001353,
    0.21000001738001353,
    0.2299999066470418,
    0.21000001738001353,
    0.22999982749995687,
    0.22999895062322917,
    0.22999855099463867,
    0.21000000790002363,
    0.2299995553327108,
    0.21000001343000516,
    0.22999996917999796,
    0.21,
    0.229999998597,
    0.22,
    0.22,
    0.2299999455666614,
    0.22000000183529445,
    0.22,
    0.22000000156000046,
    0.22999991604998868,
    0.22000001560000748,
    0.22000000119963706,
    0.22999991604998868,
    0.22999991604998868,
    0.22999993962499068,
    0.23,
    0.23,
    0.23,
    0.23,
    0.23,
    0.23,
    0.22999982749995687,
    0.23,
    0.22999982749995687,
    0.23,
    0.2399998559999424,
    0.23,
    0.23,
    0.2399997959999184,
    0.22999961459419876,
    0.22999982749995687,
    0.22,
    0.22,
    0.22000000624000088,
    0.22000000195000025,
    0.22,
    0.22,
    0.22999998926666645,
    0.22,
    0.23,
    0.23,
    0.23,
    0.23,
    0.23000005216130362,
    0.24,
    0.24,
    0.24,
    0.2400002026686393,
    0.24000001216000344,
    0.24000000760000562,
    0.24000007663877654,
    0.24,
    0.24,
    0.23000009753358105,
    0.24,
    0.24,
    0.23,
    0.2300000005236,
    0.23,
    0.25,
    0.25,
    0.25,
    0.25,
    0.25,
    0.23000000015400002,
    0.23000001232000472,
    0.23000011550056018,
    0.25,
    0.23,
    0.23000000054707026,
    0.23000005216130362,
    0.23000000063627954,
    0.24,
    0.24000009120017146,
    0.24,
    0.23000100100870877,
    0.2300000176000021,
    0.23000000459482173,
    0.24,
    0.24000001013333827,
    0.24000001013333827,
    0.2400000405333582,
    0.2400002280016416,
    0.24000015200224964,
    0.24000003040001094,
    0.24000001013333827,
    0.24,
    0.24000015200224964,
    0.25,
    0.24,
    0.24000003040001094,
    0.25,
    0.25,
    0.23000000654500125,
    0.23,
    0.23,
    0.23000000242000013,
    0.24,
    0.25,
    0.23,
    0.23,
    0.2300000046200006,
    0.2449832333475097,
    0.23,
    0.23999991839998694,
    0.2399999673599979,
    0.24000000152000003,
    0.25,
    0.23,
    0.24,
    0.24,
    0.24,
    0.25,
    0.24000003040001094,
    0.25,
    0.25,
    0.25,
    0.23000001540000353,
    0.23000000015400002,
    0.23000000365750034,
    0.23,
    0.23,
    0.23,
    0.23000000042973948,
    0.259999927199984,
    0.25999999445333327,
    0.259999927199984,
    0.25999996463999775,
    0.2546190232524072,
    0.25,
    0.24405958958939414,
    0.24,
    0.24,
    0.25,
    0.25,
    0.23000000079875524,
    0.23,
    0.2599999838799994,
    0.23,
    0.25300189802516526,
    0.25,
    0.22000000195000025,
    0.25,
    0.22000001872000705,
    0.22,
    0.22000001332881042,
    0.22,
    0.22,
    0.25,
    0.25,
    0.22000000156000046,
    0.22000093600823686,
    0.22000001560000748,
    0.24023675109695586,
    0.22000093600823686,
    0.2399999795999992,
    0.23494016645448698,
    0.22000001872000705,
    0.22000001560000748,
    0.23,
    0.22,
    0.2299999792999989,
    0.2100000132006156,
    0.22,
    0.22000000104,
    0.22999996917999796,
    0.22000002340000516,
    0.22,
    0.23,
    0.2200000070406198,
    0.22,
    0.22999998552304926,
    0.22,
    0.22000000199886108,
    0.22999998688999942,
    0.22,
    0.22,
    0.22000000214383894,
    0.2200000582090812,
    0.22,
    0.22000000156000046,
    0.22,
    0.22000000624000088,
    0.22,
    0.22999982749995687,
    0.21000000790002363,
    0.22762358426638157,
    0.21000000316000045,
    0.21000000790002363,
    0.21000007110010024,
    0.21000000790002363,
    0.21000000790002363,
    0.21000000316000045,
    0.2,
    0.2,
    0.2,
    0.2,
    0.22999982749995687,
    0.22999999328399992,
    0.2,
    0.2,
    0.2,
    0.2,
    0.2,
    0.2,
    0.22999999883466665,
    0.2,
    0.22999982749995687,
    0.22,
    0.2,
    0.2,
    0.2,
    0.2,
    0.2,
    0.2,
    0.22,
    0.21590216314773814,
    0.2,
    0.21000000105333355,
    0.19000000592321967,
    0.34262353263526446,
    0.3399996089994721,
    0.19000004455008665,
    0.19000002430009647,
    0.19000043031765038,
    0.339999829999915,
    0.19000002430009647,
    0.3198254044902414,
    0.279999955199996,
    0.24,
    0.24000060800437764,
    0.1700000823665298,
    0.2899999274999819,
    0.30999634197000414,
    0.2,
    0.2,
    0.2,
    0.2,
    0.18000001490911774,
    0.18000001640001606,
    0.17000000128436252,
    0.21,
    0.3399996055996687,
    0.21000003434785447,
    0.33999896380774747,
    0.22909623736196003,
    0.21999995306666104,
    0.21000001738001353,
    0.21,
    0.21000000442400052,
    0.21000158002844052,
    0.22,
    0.21000013473638826,
    0.22999982749995687,
    0.2200000367059022,
    0.22000000195000025,
    0.21000000311212158,
    0.2100002370005214,
    0.21000001738001353,
    0.21000000391185955,
    0.21000000311212158,
    0.21000002257144001,
    0.21000158002844052,
    0.21000007110010024,
    0.21000001343000516,
    0.22,
    0.2100000070775215,
    0.22,
    0.2200000780003822,
    0.22,
    0.22,
    0.22000000624000088,
    0.22,
    0.248,
    0.22,
    0.22,
    0.22,
    0.27999990479998477,
    0.21000001343000516,
    0.22,
    0.23,
    0.21000000105333355,
    0.2,
    0.2,
    0.14,
    0.15,
    0.16,
    0.2,
    0.2,
    0.2,
    0.2,
    0.2,
    0.5970149253731343
]
