[
    0.01,
    0.01,
    0.01,
    0.01,
    0.01,
    0.01,
    0.03,
    0.06,
    0.04,
    0.01,
    0.02,
    0.02,
    0.05,
    0.07,
    0.09,
    0.36,
    0.29,
    0.13,
    0.1,
    0.21,
    0.12,
    0.15,
    0.18,
    0.389999995866,
    0.12,
    0.12,
    0.11532151148155399,
    0.11,
    0.13,
    0.15,
    0.12,
    0.11,
    0.85,
    0.85,
    0.85,
    0.85,
    0.8772091510790792,
    0.8,
    0.5299999883399997,
    0.55,
    0.54,
    0.54,
    0.5470238095238096,
    0.54,
    0.54,
    0.5,
    0.5,
    0.5,
    0.54,
    0.7933731168915634,
    0.5,
    0.62,
    0.6200001076667259,
    0.62,
    0.67,
    0.58,
    0.33000001608000123,
    0.32,
    0.32,
    0.32,
    0.43,
    0.4300000454787319,
    0.53,
    0.51,
    0.57999999884,
    0.52,
    0.52,
    0.53,
    0.52,
    0.53,
    0.55,
    0.6088216666666667,
    0.6,
    0.6099999993899999,
    0.61,
    0.65,
    0.65,
    0.64,
    0.68,
    0.75,
    0.75,
    0.76,
    0.78,
    0.8299999966799987,
    0.8325896075713575,
    0.84,
    0.84,
    0.83,
    0.84,
    0.8199999835999839,
    0.84,
    0.83,
    0.82,
    0.82,
    0.83,
    0.8399999911423544,
    0.85,
    0.8599998820735554,
    0.78,
    0.8299999980048072,
    0.75,
    0.8641625797535685,
    0.8243159087270361,
    0.75,
    0.75,
    0.7654694615636745,
    0.76,
    0.77,
    0.8,
    0.8,
    0.81,
    0.81,
    0.819999999933313,
    0.83,
    0.83,
    0.82,
    0.8,
    0.8,
    0.7,
    0.7,
    0.62,
    0.62,
    0.63,
    0.6599999988335787,
    0.61,
    0.63,
    0.62,
    0.62,
    0.64,
    0.59,
    0.6,
    0.5400000404800045,
    0.6,
    0.66,
    0.6,
    0.59,
    0.59,
    0.54,
    0.5400002392001149,
    0.51,
    0.51,
    0.49000000017395556,
    0.44,
    0.44,
    0.43,
    0.43,
    0.43,
    0.43,
    0.43,
    0.43,
    0.4491825,
    0.43,
    0.43,
    0.43,
    0.42,
    0.42,
    0.43,
    0.43,
    0.44999999559782605,
    0.49,
    0.5,
    0.5,
    0.51,
    0.54,
    0.56,
    0.56,
    0.55,
    0.59,
    0.62,
    0.63,
    0.68,
    0.7099999986983333,
    0.73,
    0.739999998816,
    0.75,
    0.75944871315433,
    0.76,
    0.75,
    0.76,
    0.7699999949432828,
    0.76,
    0.76,
    0.8,
    0.8,
    0.8099999854199988,
    0.8,
    0.8,
    0.7961643835616439,
    0.740000052000007,
    0.78,
    0.7400001352000649,
    0.69,
    0.68,
    0.6610737102056155,
    0.63,
    0.63,
    0.62,
    0.62,
    0.62,
    0.61,
    0.559734088558007,
    0.5400000025718276,
    0.52,
    0.53,
    0.5200000480000192,
    0.53,
    0.52,
    0.5299999899299992,
    0.5199999812799988,
    0.5499998826219047,
    0.52,
    0.51,
    0.51,
    0.53,
    0.52,
    0.52,
    0.52,
    0.52,
    0.6099999958442822,
    0.6200000258400035,
    0.6184846397575423,
    0.61,
    0.5889690721649484,
    0.590000000710075,
    0.57,
    0.51,
    0.47,
    0.49,
    0.4827834994154651,
    0.466,
    0.4600000345600047,
    0.46,
    0.43999980639989156,
    0.4383799393835421,
    0.44,
    0.45,
    0.43000000251009185,
    0.4599999907999998,
    0.46,
    0.46,
    0.46,
    0.47,
    0.47,
    0.47,
    0.5099999910749997,
    0.5,
    0.5,
    0.53,
    0.55,
    0.53,
    0.54,
    0.55,
    0.5799999988079051,
    0.5799999886274401,
    0.5899999541603815,
    0.6100001521000927,
    0.61,
    0.61,
    0.61,
    0.6199999707853341,
    0.58,
    0.58,
    0.58,
    0.6,
    0.6,
    0.5615485794689716,
    0.5699994983994382,
    0.53,
    0.57,
    0.5899999675499855,
    0.57,
    0.6,
    0.6,
    0.61,
    0.6287425140815375,
    0.6299997920384998,
    0.62,
    0.6,
    0.6,
    0.6,
    0.5900001763001005,
    0.6,
    0.59,
    0.61,
    0.6,
    0.59,
    0.59,
    0.59,
    0.6,
    0.5800000078400004,
    0.57,
    0.58,
    0.54,
    0.585,
    0.58,
    0.57,
    0.57,
    0.57,
    0.57,
    0.55,
    0.55,
    0.55,
    0.55,
    0.55,
    0.55,
    0.55,
    0.55,
    0.55,
    0.57000000172,
    0.57,
    0.57,
    0.5899999946899995,
    0.57,
    0.58,
    0.58,
    0.602060110553204,
    0.5800000100800008,
    0.61,
    0.6099998296395337,
    0.6,
    0.57,
    0.6,
    0.6,
    0.59,
    0.6199999995866666,
    0.6199999997410608,
    0.61,
    0.6,
    0.6,
    0.6,
    0.6,
    0.6,
    0.6,
    0.6,
    0.6,
    0.6,
    0.6099999973385689,
    0.6099999904433332,
    0.6,
    0.6,
    0.6,
    0.6,
    0.6,
    0.61,
    0.6100000226200032,
    0.6100000185061519,
    0.61,
    0.6099999947091835,
    0.6099999993899999,
    0.61,
    0.6199999910719994,
    0.59,
    0.6247942115264338,
    0.629999948339994,
    0.6,
    0.6,
    0.6199999986816525,
    0.59,
    0.6,
    0.59,
    0.61,
    0.5900000164000027,
    0.59,
    0.58,
    0.5899999952799998,
    0.5899999988909774,
    0.5899999974433333,
    0.61,
    0.6255460998176142,
    0.5800000165499585,
    0.6099999825133327,
    0.64,
    0.62,
    0.610000188500066,
    0.61,
    0.6,
    0.57,
    0.56,
    0.55,
    0.55,
    0.52,
    0.52,
    0.52,
    0.52,
    0.5200000107654708,
    0.53,
    0.53,
    0.48,
    0.49,
    0.49,
    0.5220358213258046,
    0.46999999821399996,
    0.48,
    0.529999998304,
    0.5,
    0.49,
    0.48000000020741923,
    0.48,
    0.4400000336000148,
    0.46,
    0.45,
    0.44,
    0.44,
    0.44,
    0.44000000112000004,
    0.4400000000881855,
    0.4300000021182433,
    0.42,
    0.42,
    0.38,
    0.3899999859599991,
    0.38,
    0.38,
    0.38,
    0.39,
    0.4,
    0.4,
    0.4,
    0.4,
    0.37,
    0.38,
    0.4,
    0.37999996199999114,
    0.37,
    0.37,
    0.36,
    0.37377048816769676,
    0.3400000232031333,
    0.35999997695999686,
    0.3300000047081083,
    0.37999997937142677,
    0.38,
    0.38,
    0.38,
    0.41,
    0.44,
    0.44,
    0.48999995344998115,
    0.489999999118,
    0.48991837922551984,
    0.4799999951999998,
    0.49,
    0.4899995785995196,
    0.49,
    0.59,
    0.59,
    0.5900000090200007,
    0.58,
    0.58,
    0.53,
    0.53,
    0.49,
    0.4861025182379349,
    0.4713971111111111,
    0.47,
    0.46,
    0.45999999420057297,
    0.47,
    0.46,
    0.45,
    0.46,
    0.46,
    0.47999982719988943,
    0.48,
    0.48,
    0.5,
    0.5,
    0.51,
    0.5239370326913381,
    0.5199999833599972,
    0.5100000186200011,
    0.52,
    0.52,
    0.549999851351291,
    0.5100000465500188,
    0.5549632761098164,
    0.52,
    0.51,
    0.51,
    0.514637474916567,
    0.5699998251999371,
    0.5599999887999996,
    0.53,
    0.54,
    0.54,
    0.5500000112500011,
    0.5599999944730347,
    0.5856660705874503,
    0.48999999972,
    0.49590623041299525,
    0.47,
    0.47,
    0.46,
    0.4899999956713779,
    0.48887997508589404,
    0.47999982719988943,
    0.45,
    0.45,
    0.46,
    0.44,
    0.45,
    0.43000000128250004,
    0.44999999021739107,
    0.4199999823870947,
    0.41999938399679676,
    0.4199999921599996,
    0.3899999888199996,
    0.38999998213740267,
    0.3900000244000039,
    0.41,
    0.41,
    0.41,
    0.44999999549999997,
    0.45,
    0.43,
    0.44,
    0.44,
    0.41,
    0.39,
    0.41,
    0.39,
    0.3900000610000346,
    0.35,
    0.41,
    0.41,
    0.39,
    0.39,
    0.35,
    0.3499999842499991,
    0.29,
    0.29,
    0.28,
    0.27999999663999997,
    0.279999843199931,
    0.2799999936533333,
    0.2799999936533333,
    0.27,
    0.28,
    0.27,
    0.27,
    0.29,
    0.2900000013840156,
    0.3,
    0.3,
    0.29000005680010904,
    0.2999996999997,
    0.290000001988,
    0.290000001988,
    0.3,
    0.29000005680010904,
    0.29000001846000134,
    0.29,
    0.29,
    0.29999999571428565,
    0.3,
    0.299999819999928,
    0.29999999805194805,
    0.28,
    0.29,
    0.28,
    0.29,
    0.28,
    0.28,
    0.2900000048252428,
    0.29999999699999996,
    0.29000000044375,
    0.2998775200824738,
    0.29,
    0.29,
    0.29,
    0.309999998016,
    0.2997725037666789,
    0.29977255722297164,
    0.29,
    0.3,
    0.30999997211296737,
    0.3006531311008738,
    0.3,
    0.3,
    0.30460662568992686,
    0.2800000004784146,
    0.29,
    0.28,
    0.2999999819999993,
    0.29,
    0.29,
    0.29,
    0.29,
    0.3,
    0.3,
    0.2900000003611122,
    0.299999819999928,
    0.3,
    0.2900000213000085,
    0.29,
    0.289999947799992,
    0.29,
    0.29,
    0.29,
    0.28000001440000405,
    0.28,
    0.289999991493333,
    0.2800000034560001,
    0.2800000034560001,
    0.29,
    0.28999999963522743,
    0.2800000000482752,
    0.2800000000592849,
    0.29,
    0.28,
    0.28,
    0.28000000723230484,
    0.28999999605599996,
    0.28000000144000003,
    0.28999998462999926,
    0.29,
    0.28999998462999926,
    0.2899993371420049,
    0.2899995577495688,
    0.29,
    0.2800000132413852,
    0.2800000192000123,
    0.28,
    0.28000000144000003,
    0.28000003456001216,
    0.28,
    0.29010035297414477,
    0.290100352129279,
    0.2901003522977523,
    0.29411764705882354,
    0.28,
    0.2800000192000123,
    0.2899999274999819,
    0.29,
    0.29,
    0.2800003456012165,
    0.28,
    0.28000001440000405,
    0.28,
    0.29,
    0.28999999621224487,
    0.28000001213909614,
    0.289999947799992,
    0.28999995794999556,
    0.2899999640399973,
    0.289999866599928,
    0.29,
    0.29,
    0.28000001440000405,
    0.28000000192000013,
    0.29045787779856164,
    0.28000001440000405,
    0.29,
    0.2800001440004032,
    0.2899999907199998,
    0.28000003456001216,
    0.28,
    0.28000027428822205,
    0.28000001440000405,
    0.28999998462999926,
    0.2800000015559158,
    0.28000003456001216,
    0.2800008861663888,
    0.28999998462999926,
    0.2899999987505875,
    0.28000001440000405,
    0.28999997901315666,
    0.289999947799992,
    0.28999999844124996,
    0.28000019200122883,
    0.28,
    0.289999866599928,
    0.2899997447997142,
    0.29,
    0.28000003456001216,
    0.289999866599928,
    0.2899999274999819,
    0.28000000276038345,
    0.28,
    0.28,
    0.28,
    0.28000000233184796,
    0.3,
    0.2960867155114358,
    0.2899999274999819,
    0.289999866599928,
    0.2800000054000003,
    0.3,
    0.2800001440004032,
    0.28000001440000405,
    0.2999999905263156,
    0.28,
    0.29002999339734664,
    0.299999819999928,
    0.299999819999928,
    0.299999969999997,
    0.2999999819999993,
    0.28,
    0.3,
    0.2900299926979548,
    0.2900299629766438,
    0.299999819999928,
    0.3,
    0.29003009565434085,
    0.290029962581101,
    0.29999992499998124,
    0.29411764705882354,
    0.28,
    0.28000003456001216,
    0.299999969999997,
    0.2999999924999998,
    0.3,
    0.3,
    0.29,
    0.29,
    0.299999969999997,
    0.299999969999997,
    0.299999969999997,
    0.29999992499998124,
    0.299999969999997,
    0.299999969999997,
    0.299999969999997,
    0.299999969999997,
    0.2999999861538457,
    0.299999969999997,
    0.299999969999997,
    0.299999969999997,
    0.299999969999997,
    0.299999969999997,
    0.299999969999997,
    0.29999996435643284,
    0.299999969999997,
    0.299999969999997,
    0.28000000480000076,
    0.29058501458591773,
    0.2899999640399973,
    0.28,
    0.2899999640399973,
    0.2899999640399973,
    0.2899999640399973,
    0.28999998616052025,
    0.2899999640399973,
    0.28,
    0.2899999640399973,
    0.2899999640399973,
    0.2899999640399973,
    0.2800001440004032,
    0.2899999640399973,
    0.289999866599928,
    0.2899999640399973,
    0.2899999640399973,
    0.2899999640399973,
    0.2899999640399973,
    0.2899999640399973,
    0.29,
    0.2899999640399973,
    0.289999866599928,
    0.28999998462999926,
    0.2899999640399973,
    0.2899999640399973,
    0.2899999640399973,
    0.28999998462999926,
    0.28999998462999926,
    0.2899999640399973,
    0.2899999640399973,
    0.2800001440004032,
    0.2899999640399973,
    0.2899999640399973,
    0.2899999640399973,
    0.28999999560606055,
    0.28000000123428576,
    0.2899999640399973,
    0.28000003456001216,
    0.29,
    0.2899999640399973,
    0.2899999640399973,
    0.2899999640399973,
    0.28999996383219584,
    0.2899999640399973,
    0.289999866599928,
    0.2800000993105366,
    0.2899999640399973,
    0.2800001440004032,
    0.2899999640399973,
    0.28,
    0.2899999640399973,
    0.2800001440004032,
    0.28,
    0.289999866599928,
    0.28999843399279635,
    0.28999998462999926,
    0.28,
    0.28999878562249537,
    0.2899997447997142,
    0.2899999640399973,
    0.2800005236407432,
    0.2899999640399973,
    0.2899999640399973,
    0.2899999640399973,
    0.289999866599928,
    0.28,
    0.29999992499998124,
    0.2899999640399973,
    0.289999866599928,
    0.28999992647885736,
    0.28,
    0.28999999883421773,
    0.2800003456012165,
    0.28,
    0.28,
    0.29002144468013996,
    0.29002179250771615,
    0.29002144395384505,
    0.299998615380355,
    0.299998928567602,
    0.29000033956800775,
    0.2900010972909822,
    0.290000008520001,
    0.2900002169449808,
    0.2999999982,
    0.28,
    0.29999992499998124,
    0.3,
    0.3099984809922531,
    0.3000005833352778,
    0.30000046667257785,
    0.30999996217999704,
    0.3,
    0.3,
    0.30999998109358484,
    0.30000025926012347,
    0.30000006363638676,
    0.3,
    0.3,
    0.3,
    0.30999997571666454,
    0.30999994006665826,
    0.3,
    0.3099999288823274,
    0.3099999960621621,
    0.3099999743936707,
    0.3,
    0.30000031818456613,
    0.30999998356999925,
    0.3,
    0.3000008235332872,
    0.3000000070000006,
    0.30999998356999925,
    0.3,
    0.3,
    0.3000000630631142,
    0.3,
    0.29000005680010904,
    0.29000000959958433,
    0.3,
    0.2900001183333925,
    0.2999999819999993,
    0.3004376673877231,
    0.29999992499998124,
    0.29999992499998124,
    0.29999992499998124,
    0.29,
    0.29,
    0.29999992499998124,
    0.29000001846000134,
    0.29,
    0.29999992499998124,
    0.299999819999928,
    0.3,
    0.29999992499998124,
    0.3,
    0.29000001846000134,
    0.29,
    0.29,
    0.29,
    0.2899999640399973,
    0.2899999640399973,
    0.29999992499998124,
    0.28,
    0.28,
    0.29,
    0.299999969999997,
    0.3,
    0.3,
    0.30999986714278754,
    0.35,
    0.35999987039991704,
    0.3,
    0.3,
    0.3,
    0.3,
    0.3,
    0.3000000070000006,
    0.37,
    0.36,
    0.6299997666658889,
    0.6299997974993419,
    0.3100011643803125,
    0.31000046000276,
    0.64,
    0.39,
    0.3100002435321909,
    0.64,
    0.64999969047339,
    0.36216442061536974,
    0.3,
    0.30999906999814,
    0.3,
    0.30999996751331915,
    0.3,
    0.3,
    0.30999998356999925,
    0.30999998356999925,
    0.30999998356999925,
    0.30999998356999925,
    0.30999998356999925,
    0.30999998356999925,
    0.30999998356999925,
    0.30999998356999925,
    0.30999998356999925,
    0.30999999683799995,
    0.3099999681112964,
    0.28,
    0.28,
    0.29,
    0.3,
    0.28,
    0.3,
    0.46046387133161704,
    0.3499999614999965,
    0.33995361213774133,
    0.2800014400403211,
    0.34999998468749877,
    0.2600000103600019,
    0.2600011840099457,
    0.35999997695999686,
    0.31,
    0.3100000057050992,
    0.310000003638182,
    0.33,
    0.36,
    0.36,
    0.36,
    0.34007602351160043,
    0.34007602414766713,
    0.429999767799661,
    0.38,
    0.35,
    0.3300000113180469,
    0.3900548847420417,
    0.39998769665592543,
    0.39988818807871285,
    0.39,
    0.39988812580908034,
    0.4099999835999974,
    0.39,
    0.379911072928126,
    0.37991105599786795,
    0.37,
    0.37,
    0.37,
    0.37000001197000215,
    0.37000018015264935,
    0.3899998478999072,
    0.389999890799976,
    0.4199357892742481,
    0.41993562380449456,
    0.42427928726159214,
    0.4199999831999973,
    0.41981529637777454,
    0.43,
    0.43,
    0.42715231057300107,
    0.4399999295999761,
    0.4499997576920654,
    0.4499996999997,
    0.48999988566631225,
    0.4899997465509813,
    0.4899997759994624,
    0.4899995853839031,
    0.4899993874988516,
    0.4899997759994624,
    0.3800001860005642,
    0.39000989775617867,
    0.38000021017013275,
    0.390024557956778,
    0.4899995785995196,
    0.489999614999615,
    0.48999998039999687,
    0.4899995785995196,
    0.48999982849988855,
    0.3800003052310886,
    0.48999990666657334,
    0.48999982849988855,
    0.380000015500019,
    0.4699248120300752,
    0.4699998777999096,
    0.3900554529566242,
    0.3900554547215427,
    0.4001043841336117,
    0.40010438413894034,
    0.45664762050280283,
    0.44999954999955,
    0.44875221261000725,
    0.39000014030010804,
    0.38000111600915126,
    0.38000111600915126,
    0.38000111600915126,
    0.4000041118441798,
    0.4000041118427457,
    0.400004111843771,
    0.41,
    0.4,
    0.4,
    0.4,
    0.47,
    0.39,
    0.4,
    0.4,
    0.4,
    0.47,
    0.39,
    0.39000000061000006,
    0.4,
    0.4698328143121452,
    0.4399992079974656,
    0.43999980639989156,
    0.4,
    0.4,
    0.4399999295999761,
    0.4,
    0.4,
    0.4,
    0.4,
    0.4,
    0.4399998239996304,
    0.39,
    0.3800000476923652,
    0.3700002025006581,
    0.37000030240106446,
    0.37000009843779225,
    0.37000030240106446,
    0.3700001470004557,
    0.4,
    0.400000060000024,
    0.4,
    0.5308056851157881,
    0.5165982077596027,
    0.390000025294939,
    0.44,
    0.5399996528561262,
    0.3700002665393739,
    0.37000092400480483,
    0.3700014891009267,
    0.53999963999964,
    0.5399991806880731,
    0.53999963999964,
    0.3700004060015428,
    0.5399996089651262,
    0.5799996751988827,
    0.36,
    0.5799995857126088,
    0.35,
    0.5799999941999997,
    0.3300011390208441,
    0.5399999883092774,
    0.54,
    0.5399999971199999,
    0.310001725030188,
    0.3100008970033189,
    0.310001725030188,
    0.3100008970033189,
    0.3100005573115292,
    0.36,
    0.3700000892501361,
    0.37000048000192,
    0.5799999953599991,
    0.2800001440004032,
    0.26,
    0.21000011490917866,
    0.5899998033328526
]
