[
    0.999,
    0.999,
    0.999,
    0.999,
    0.999,
    0.999,
    0.999,
    0.999,
    0.999,
    0.999,
    0.999,
    0.999,
    0.999,
    0.999,
    0.999,
    0.999,
    0.999,
    0.999,
    0.999,
    0.999,
    0.98,
    0.98,
    0.99,
    0.95,
    0.99,
    0.95,
    0.99,
    0.96,
    0.98,
    0.96,
    0.97,
    0.98,
    0.98,
    0.97,
    0.98,
    0.98,
    0.98,
    0.9700000288000011,
    0.94,
    0.9424345,
    0.9299999813999167,
    0.94,
    0.93,
    0.9,
    0.9,
    0.91,
    0.89,
    0.89,
    0.89,
    0.9,
    0.89,
    0.88,
    0.8600000058871795,
    0.87,
    0.83,
    0.82,
    0.84,
    0.8100001216000438,
    0.82,
    0.8,
    0.82,
    0.83,
    0.7900000504000081,
    0.78,
    0.8,
    0.8,
    0.8219373416263533,
    0.84,
    0.7200000145600007,
    0.6925949367088607,
    0.69,
    0.69,
    0.58,
    0.6,
    0.6,
    0.6,
    0.6,
    0.65,
    0.65,
    0.7,
    0.72,
    0.7599998023998538,
    0.8,
    0.76,
    0.76,
    0.74,
    0.78,
    0.74,
    0.7400000353600023,
    0.7,
    0.69,
    0.6900001089075484,
    0.72,
    0.72,
    0.72,
    0.7200001005128489,
    0.7,
    0.7,
    0.76,
    0.76,
    0.76,
    0.7600000081600001,
    0.76,
    0.72,
    0.72,
    0.7400000819394178,
    0.74,
    0.78,
    0.7777010833644645,
    0.8,
    0.82,
    0.82,
    0.869999999839838,
    0.9,
    0.8500001125000282,
    0.8799999964799989,
    0.87000052000052,
    0.8700000096390246,
    0.87,
    0.88,
    0.8699999970999976,
    0.84,
    0.86,
    0.86,
    0.85,
    0.85,
    0.85,
    0.87,
    0.88,
    0.88,
    0.8800000371955742,
    0.9,
    0.9379047199795252,
    0.9299999953499987,
    0.9190013906054176,
    0.9199999815999912,
    0.92,
    0.9100000400500022,
    0.85,
    0.87,
    0.9,
    0.9,
    0.87,
    0.8500000112500002,
    0.84,
    0.82,
    0.82,
    0.81,
    0.8199999998688,
    0.82,
    0.7800000149600005,
    0.8071509230241862,
    0.8,
    0.780000046933339,
    0.7546976245307423,
    0.74,
    0.74,
    0.72,
    0.7,
    0.67,
    0.66,
    0.7,
    0.7047214116914329,
    0.64,
    0.6494097531538262,
    0.63,
    0.63,
    0.63,
    0.63,
    0.63,
    0.63,
    0.63,
    0.63,
    0.6300000112850003,
    0.64,
    0.63,
    0.63,
    0.6300000229400009,
    0.63,
    0.64,
    0.61,
    0.6458279514337381,
    0.63,
    0.6368157619782079,
    0.61,
    0.6,
    0.61,
    0.6100001521000927,
    0.64,
    0.64,
    0.6227815536378372,
    0.61,
    0.6,
    0.61,
    0.61,
    0.6100000822449365,
    0.63,
    0.61,
    0.64,
    0.64,
    0.64,
    0.64,
    0.6583317618045985,
    0.65,
    0.65,
    0.6499999934999994,
    0.64,
    0.66,
    0.7,
    0.719999995392,
    0.680000009737885,
    0.69,
    0.6999999964999999,
    0.7,
    0.7299999875744677,
    0.690000037820003,
    0.7,
    0.67,
    0.67,
    0.64,
    0.7399998963999731,
    0.7399991431453576,
    0.73,
    0.7510389529761854,
    0.71999999952,
    0.66,
    0.65,
    0.64,
    0.6400000230400031,
    0.6400000129600009,
    0.64,
    0.63,
    0.64,
    0.67,
    0.67,
    0.7299999918483332,
    0.73,
    0.7299998101998596,
    0.7,
    0.7,
    0.68,
    0.7,
    0.7,
    0.71,
    0.7,
    0.7,
    0.7,
    0.7,
    0.6939033642260737,
    0.68,
    0.669999962479987,
    0.6500001225000797,
    0.65,
    0.63,
    0.67,
    0.67,
    0.70999999955625,
    0.690000037820003,
    0.7299999979142856,
    0.69,
    0.690000037820003,
    0.7199999991138462,
    0.6500000525000096,
    0.67,
    0.68,
    0.7200000018666667,
    0.72,
    0.6900003844002921,
    0.6900000164300008,
    0.7100000359600027,
    0.71,
    0.63,
    0.62,
    0.61999999814,
    0.5900000065600003,
    0.619999999876,
    0.619999986359999,
    0.6199998511998869,
    0.5800000119000006,
    0.6199999627999948,
    0.61,
    0.6099999949166663,
    0.609999999496087,
    0.6,
    0.6,
    0.6,
    0.6,
    0.6099999389999654,
    0.609999859699892,
    0.6,
    0.6,
    0.6,
    0.6,
    0.60999999878,
    0.6,
    0.6,
    0.61,
    0.6099999353030175,
    0.6099999892803332,
    0.6,
    0.6,
    0.6099999993899999,
    0.6099999979739397,
    0.6,
    0.6,
    0.6,
    0.6099996217994781,
    0.6,
    0.61,
    0.6,
    0.6,
    0.6,
    0.6099999926799997,
    0.6099999926799997,
    0.6,
    0.6,
    0.6,
    0.6,
    0.6,
    0.6,
    0.6,
    0.61,
    0.6,
    0.6,
    0.6,
    0.6,
    0.6,
    0.6,
    0.5800001038629569,
    0.5900970744252055,
    0.5900970357570118,
    0.5800001764001023,
    0.580000305864181,
    0.5901675451070054,
    0.5901675641316202,
    0.5900190159258379,
    0.6,
    0.6,
    0.61,
    0.61,
    0.61,
    0.6100000140400009,
    0.61,
    0.61000026000026,
    0.61,
    0.61,
    0.6100000164587179,
    0.6199998511998869,
    0.6299999942669999,
    0.6299998130999308,
    0.6200818125893842,
    0.629999948339994,
    0.6373443983402489,
    0.609999859699892,
    0.6,
    0.6,
    0.5999999759999961,
    0.5883321760866547,
    0.57,
    0.5699991190842622,
    0.5500000037616433,
    0.5699999995824175,
    0.56,
    0.5600000043945071,
    0.5699999922272725,
    0.560000002675934,
    0.5699999965426229,
    0.5600000041607567,
    0.569999991501818,
    0.5699998896770848,
    0.5699998337493558,
    0.5500000073806796,
    0.5699999919957445,
    0.5699999966939999,
    0.5699999059499214,
    0.5698220973782772,
    0.55,
    0.5500000020286516,
    0.5600738787218944,
    0.569999999145,
    0.5600739428456294,
    0.5500000213490502,
    0.56,
    0.57,
    0.57,
    0.56,
    0.5600001936001084,
    0.560000070400024,
    0.5500001035367258,
    0.56,
    0.5699999965799997,
    0.5600000079200003,
    0.5600001936001084,
    0.5600000572000069,
    0.5600001936001084,
    0.56,
    0.5500002025001114,
    0.5500000450000045,
    0.5500000202500012,
    0.56,
    0.56,
    0.5699999555399857,
    0.56,
    0.56,
    0.5699999965799997,
    0.56,
    0.55,
    0.5699999555399857,
    0.5643088839692625,
    0.5500000720000461,
    0.5500000787500255,
    0.5500000345563172,
    0.550000120000048,
    0.5699999965799997,
    0.5699999805442775,
    0.5699994869953317,
    0.5500007875025594,
    0.56,
    0.5500000202500012,
    0.55000045000045,
    0.56,
    0.5599999663999852,
    0.5599998821046674,
    0.5500014318266426,
    0.5599982769018695,
    0.5599999138458357,
    0.5500000330882377,
    0.5500000526755967,
    0.5599999138458357,
    0.5599997311990538,
    0.5599995762153915,
    0.5599999868235281,
    0.5500003068193673,
    0.5500003750009375,
    0.55,
    0.55,
    0.5599986559942656,
    0.5599986559942656,
    0.5599999775999964,
    0.56,
    0.5599999775999964,
    0.5599988799910399,
    0.5599993182587354,
    0.550000030000003,
    0.5500002025001114,
    0.5500000375000094,
    0.5500000450000045,
    0.5500000120000005,
    0.5500000037500001,
    0.5599990836336979,
    0.5500000202500012,
    0.5599999253332935,
    0.5599999775999964,
    0.57,
    0.55,
    0.55,
    0.55,
    0.55,
    0.5488471736540752,
    0.54,
    0.55,
    0.5499999724999877,
    0.5499999633333236,
    0.54,
    0.5499999895499997,
    0.5499999724999877,
    0.53,
    0.55,
    0.53,
    0.53,
    0.54,
    0.5499999896874989,
    0.53,
    0.54,
    0.55,
    0.54,
    0.54,
    0.54,
    0.54,
    0.55,
    0.5499999633333236,
    0.54,
    0.55,
    0.53,
    0.56,
    0.5500000032162384,
    0.55,
    0.56,
    0.5500000450000045,
    0.5699998232997013,
    0.5500000202500012,
    0.56,
    0.57,
    0.5799994895994284,
    0.56,
    0.57,
    0.57,
    0.55,
    0.56,
    0.5600000035200001,
    0.57,
    0.5600000352000042,
    0.57,
    0.5699999939199997,
    0.5699998232997013,
    0.569999999145,
    0.5761200065510724,
    0.57,
    0.57,
    0.5600003911129363,
    0.57,
    0.58,
    0.5699990879968991,
    0.5600011000041251,
    0.5699992060696989,
    0.5699989142826123,
    0.5600007920025344,
    0.5600007247089517,
    0.5699986699853699,
    0.5699998232997013,
    0.56,
    0.57,
    0.57,
    0.56,
    0.58,
    0.58,
    0.61,
    0.6199998511998869,
    0.6335999874969561,
    0.5900001763001005,
    0.5900000968466723,
    0.6699999226921679,
    0.669999734309534,
    0.6699995103812069,
    0.6699997051989505,
    0.6600724979675267,
    0.6499997214282929,
    0.61,
    0.61000039000039,
    0.649999856617257,
    0.6499998374998375,
    0.6100001521000927,
    0.6499998374998375,
    0.65,
    0.649999390617954,
    0.6100001521000927,
    0.64,
    0.64,
    0.63,
    0.64,
    0.63,
    0.64,
    0.63,
    0.63,
    0.63,
    0.64,
    0.63,
    0.64,
    0.62,
    0.63,
    0.61,
    0.62,
    0.64,
    0.62,
    0.61,
    0.59,
    0.64,
    0.61,
    0.61,
    0.6,
    0.61,
    0.61,
    0.64,
    0.5800020160104833,
    0.61,
    0.61,
    0.61,
    0.62,
    0.61,
    0.63,
    0.63,
    0.64,
    0.63,
    0.64,
    0.649999856617257,
    0.6499998916663237,
    0.65,
    0.6499998916663237,
    0.6499998916663237,
    0.6499999024999659,
    0.6199998511998869,
    0.6899999014283039,
    0.6899997929992341,
    0.6789200200906033,
    0.609999996096,
    0.6099998123070282,
    0.6099996108609753,
    0.6099996108609753,
    0.6,
    0.6099996691521611,
    0.5600001936001084,
    0.5600000352000042,
    0.5600010830825884,
    0.5600011115819896,
    0.6099998431424493,
    0.5600015253382145,
    0.6099999450999912,
    0.5600026400171602,
    0.5600003911129363,
    0.5600011000041251,
    0.6,
    0.5600003911129363,
    0.56,
    0.5600001936001084,
    0.59,
    0.59,
    0.59,
    0.59,
    0.59,
    0.6099992069931008,
    0.6099992069931008,
    0.6099992069931008,
    0.6099992069931008,
    0.6099992069931008,
    0.6099994471862734,
    0.6099997966664924,
    0.6199998511998869,
    0.6199997638090514,
    0.6299998424998425,
    0.6699999839199988,
    0.6799998911999086,
    0.6899999585999611,
    0.6899975685568399,
    0.5
]
