[
    0.999,
    0.999,
    0.999,
    0.999,
    0.999,
    0.999,
    0.999,
    0.999,
    0.999,
    0.999,
    0.999,
    0.999,
    0.999,
    0.999,
    0.999,
    0.999,
    0.999,
    0.999,
    0.999,
    0.999,
    0.999,
    0.999,
    0.999,
    0.999,
    0.998,
    0.99,
    0.99,
    0.99,
    0.99,
    0.99,
    0.9400000540000054,
    0.92,
    0.930000001274,
    0.9,
    0.95,
    0.9689351187548088,
    0.9300000203000008,
    0.9399999925243003,
    0.9499999762499982,
    0.9385627639888554,
    0.9,
    0.9,
    0.91,
    0.9,
    0.91,
    0.91,
    0.92,
    0.92,
    0.91,
    0.88,
    0.89,
    0.87,
    0.86,
    0.84,
    0.87,
    0.87,
    0.87,
    0.8700000141142862,
    0.8682047915982934,
    0.84,
    0.85,
    0.83,
    0.83,
    0.82,
    0.8100000627000107,
    0.81,
    0.8,
    0.79,
    0.81,
    0.8233261170444384,
    0.8100005472006129,
    0.82,
    0.83,
    0.8300003853337443,
    0.81,
    0.81,
    0.8299998664842226,
    0.82000072000072,
    0.82000042000042,
    0.8200000129600004,
    0.8200000217495,
    0.8500003629035184,
    0.850000060000006,
    0.869999998259999,
    0.8699999998785595,
    0.86000056000056,
    0.89,
    0.89,
    0.89000044000044,
    0.9199999556620652,
    0.8900000086900002,
    0.88,
    0.86,
    0.86,
    0.84,
    0.8100004686670729,
    0.8499999962784586,
    0.8,
    0.81,
    0.81,
    0.85,
    0.83,
    0.85,
    0.85,
    0.86,
    0.88,
    0.8799999647998255,
    0.88,
    0.88,
    0.9,
    0.9,
    0.92,
    0.9520303599439277,
    0.92,
    0.95,
    0.9300000221582744,
    0.9300000637000058,
    0.95,
    0.95,
    0.93,
    0.93,
    0.93,
    0.92,
    0.939998843072414,
    0.9399999899726105,
    0.9100000810000081,
    0.9100000810000081,
    0.9,
    0.94,
    0.95,
    0.9,
    0.9,
    0.8989212944035675,
    0.86,
    0.91,
    0.9,
    0.8600000407919346,
    0.89,
    0.9,
    0.9,
    0.91,
    0.9399999257894646,
    0.9299998860877237,
    0.91,
    0.9354249882184782,
    0.9325132733424699,
    0.91,
    0.9,
    0.8899999760268883,
    0.89,
    0.8800000100800002,
    0.8876318625957967,
    0.86,
    0.8623326283757599,
    0.84,
    0.8200000720000072,
    0.82,
    0.84,
    0.84,
    0.8399999941632873,
    0.83,
    0.81,
    0.8,
    0.7800000149600005,
    0.7800000061248317,
    0.78,
    0.8,
    0.7800000149600005,
    0.8,
    0.7800000009744301,
    0.79,
    0.8199999983599999,
    0.78,
    0.8199999903101879,
    0.7800000041825096,
    0.79,
    0.7900001202564442,
    0.8188551988237799,
    0.8099999854199988,
    0.7900000133000002,
    0.790000026040002,
    0.81,
    0.8199999985450673,
    0.81,
    0.81,
    0.8199999835999839,
    0.819999992502857,
    0.8199999835999839,
    0.81,
    0.8,
    0.8,
    0.7900000015633334,
    0.8199999835999839,
    0.8,
    0.8,
    0.8199999998633334,
    0.81,
    0.83,
    0.83,
    0.8399999949599988,
    0.84,
    0.82,
    0.82,
    0.82,
    0.8200001296000363,
    0.83,
    0.8299999993615383,
    0.8299999086998274,
    0.8200000129600004,
    0.8299999966799987,
    0.8299999999493254,
    0.8299999783478078,
    0.8299999975099996,
    0.8200000630927939,
    0.8299999888797909,
    0.829999926880924,
    0.8299999560099935,
    0.8200001296000363,
    0.8299999221872641,
    0.8299999537571322,
    0.8299999934788768,
    0.8100000720693761,
    0.82,
    0.83,
    0.82,
    0.82,
    0.8200006381824564,
    0.829999219799173,
    0.83999999874,
    0.8200001296000363,
    0.82,
    0.84,
    0.83,
    0.8200001296000363,
    0.8200000072000001,
    0.8353512640413185,
    0.8299999901909083,
    0.839999999328,
    0.84,
    0.8200000420000042,
    0.84,
    0.83,
    0.83,
    0.82,
    0.8399995199865596,
    0.82999999965244,
    0.8299999833999961,
    0.8299999996348,
    0.820380893573683,
    0.8299999086998274,
    0.8203807580896649,
    0.8203807415434231,
    0.8299999992529999,
    0.8262052392979569,
    0.8199999376799798,
    0.8199998359997048,
    0.8247103077098195,
    0.8199999835999839,
    0.8100000627000107,
    0.8100000627000107,
    0.81,
    0.8199999835999839,
    0.8199999998688,
    0.8199999835999839,
    0.8100000119700005,
    0.8379954311231965,
    0.83,
    0.8399999969716083,
    0.82,
    0.8399997759963264,
    0.8344526286062585,
    0.8100000005550825,
    0.83,
    0.8299999966799987,
    0.829999997394033,
    0.8241123426614134,
    0.82,
    0.8299997509980827,
    0.8200495337578338,
    0.8204826648538409,
    0.8299999966799987,
    0.8299999792499694,
    0.8299999966799987,
    0.83,
    0.8299999988371277,
    0.81,
    0.8299999086998274,
    0.8299999086998274,
    0.82,
    0.8100000102893177,
    0.8100004686670729,
    0.8100001216000438,
    0.81,
    0.82,
    0.81,
    0.83,
    0.8299999086998274,
    0.8299999966799987,
    0.8100001447751011,
    0.83,
    0.8299999792499694,
    0.8199765257532955,
    0.819976450252799,
    0.819958890023289,
    0.8199588890690663,
    0.8199588900048714,
    0.8261446525601154,
    0.8299999086998274,
    0.8299994071263413,
    0.8299999975099996,
    0.8299999966799987,
    0.8299999966799987,
    0.8299999966799987,
    0.829999982016655,
    0.83,
    0.8199439987999743,
    0.81994400325354,
    0.8199440031295053,
    0.829999982016655,
    0.8299999976759997,
    0.8299999654166026,
    0.8299999557332619,
    0.8299999833999961,
    0.82,
    0.8299999889333236,
    0.8299999976759997,
    0.8299999833999961,
    0.8286410273429275,
    0.8199999945333325,
    0.8199999945333325,
    0.8199999671999948,
    0.8199999945333325,
    0.8199999945333325,
    0.8199999671999948,
    0.8199998969142692,
    0.8,
    0.8299999086998274,
    0.8299999966799987,
    0.8299999966799987,
    0.8299999966799987,
    0.8299999999665929,
    0.8299999537571322,
    0.8299999560099935,
    0.829999219799173,
    0.8299980909853006,
    0.8299998588999675,
    0.8299999086998274,
    0.8299999916999942,
    0.8299999966799987,
    0.8299999916999942,
    0.829999982016655,
    0.8299999916999942,
    0.829999982016655,
    0.8299999086998274,
    0.829999982016655,
    0.8299999086998274,
    0.8299998654050634,
    0.8239521672504919,
    0.8199998969142692,
    0.8199998969142692,
    0.8199998969142692,
    0.8199999945333325,
    0.8199998969142692,
    0.8199999376799798,
    0.8199999671999948,
    0.8199999671999948,
    0.8199999982961039,
    0.8199932908419993,
    0.82,
    0.8199999671999948,
    0.82,
    0.8199840095122901,
    0.8199971885542922,
    0.8,
    0.82,
    0.81,
    0.81,
    0.81,
    0.81,
    0.81,
    0.8,
    0.8144171635493898,
    0.8099999549997525,
    0.8102415019512469,
    0.8102414659356018,
    0.8102415308000982,
    0.8199979499794998,
    0.82,
    0.8,
    0.8200000244800015,
    0.8299993913134901,
    0.83,
    0.8299994189858814,
    0.82,
    0.83,
    0.8299999966799987,
    0.83,
    0.8299994861883475,
    0.8228779875362761,
    0.8200404224779659,
    0.8200404634964552,
    0.8299999427580325,
    0.8299994718137162,
    0.8203329418215843,
    0.82033294687958,
    0.83,
    0.8292071676212489,
    0.82,
    0.8199999901599953,
    0.8199999901599953,
    0.8199999835999839,
    0.8199999988575978,
    0.8199999998083273,
    0.8199999901599953,
    0.82,
    0.8199999983599999,
    0.8199999835999839,
    0.819999957402489,
    0.81,
    0.81,
    0.8199999835999839,
    0.81,
    0.82,
    0.819987549606233,
    0.8187668634001539,
    0.8099999976315783,
    0.809999832599923,
    0.81,
    0.81,
    0.8356751688052994,
    0.819897893268417,
    0.8198978927713767,
    0.8225865211887085,
    0.81,
    0.8199999997401363,
    0.8199999835999839,
    0.82,
    0.8199999835999839,
    0.8116320708392684,
    0.81,
    0.8199999835999839,
    0.81,
    0.8299999086998274,
    0.82,
    0.82,
    0.8299999086998274,
    0.8299999976759997,
    0.8299999916999942,
    0.8299999977866666,
    0.8299999992529999,
    0.8254238499609985,
    0.81,
    0.82,
    0.81,
    0.81,
    0.81,
    0.8199999934399984,
    0.819999999900606,
    0.8100000119700005,
    0.81,
    0.8099997534751203,
    0.80999969624252,
    0.8199999625142446,
    0.8,
    0.82,
    0.81,
    0.8199999835999839,
    0.8,
    0.82,
    0.8399946239268854,
    0.8399946239268854,
    0.8399946239268854,
    0.8399946239268854,
    0.8644897848211411,
    0.82,
    0.8299999086998274,
    0.8699999912999827,
    0.869999998259999,
    0.8699999912999827,
    0.8699999912999827,
    0.85,
    0.8699999912999827,
    0.8500001090909289,
    0.8699999912999827,
    0.84,
    0.8399999966399984,
    0.8399999966399984,
    0.8399974799445588,
    0.84,
    0.839999995549668,
    0.84,
    0.8399999966399984,
    0.84,
    0.84,
    0.83,
    0.84,
    0.84,
    0.84,
    0.84,
    0.83,
    0.8299999446663937,
    0.8299998339994107,
    0.8299997786647583,
    0.8325239254984032,
    0.8299999221872641,
    0.8299999169989016,
    0.8299994861883475,
    0.84,
    0.84,
    0.8286720530350113,
    0.809999027962285,
    0.8031799502655315,
    0.8,
    0.8,
    0.8,
    0.8,
    0.8,
    0.8199987426644034,
    0.819999647399799,
    0.8199999835999839,
    0.8199998177776158,
    0.79,
    0.8199990017374522,
    0.8199996537771546,
    0.8199996537771546,
    0.8199994259989668,
    0.8199971885542922,
    0.8199999671999948,
    0.8299999792499694,
    0.8299999557332619,
    0.8320044349168834,
    0.82,
    0.82,
    0.8000699757802249,
    0.8,
    0.76,
    0.7599999087998286,
    0.76,
    0.75,
    0.7599999878399966,
    0.7599997567986186,
    0.7599999475859394,
    0.76,
    0.8,
    0.8,
    0.78,
    0.7800001452000493,
    0.8099997812998403,
    0.8099997812998403,
    0.809999832599923,
    0.81,
    0.76,
    0.8099978890836168,
    0.8099988489429459,
    0.76,
    0.8099982449745521,
    0.8099993195978499,
    0.8099975193515889,
    0.8099993956149057,
    0.8099987710321096,
    0.8099995742299013,
    0.8099999854199988,
    0.8099999668636317,
    0.80999945999946,
    0.8299999584999674,
    0.8699992343991425,
    0.8699992343991425,
    0.8699990081971635,
    0.8,
    0.869999998259999,
    0.8699994779794324,
    0.8699994779794324,
    0.7300000712800097,
    0.8699998101794437,
    0.8699994779794324,
    0.8699994779794324,
    0.7000073771701175,
    0.8699998135708027,
    0.8699999912999827,
    0.869999998259999,
    0.8299999577964693,
    0.8499999716666203,
    0.8499999149996685,
    0.8699997721402042,
    0.88999995549998,
    0.8527476584508455,
    0.8499999966770901,
    0.8499997874989906,
    0.6,
    0.8899999109995639,
    0.92,
    0.9199996654455429,
    0.919999948168871,
    0.92,
    0.92,
    0.96,
    0.939999957272535,
    0.94
]
