[
    0.001,
    0.002,
    0.001,
    0.002,
    0.04,
    0.002,
    0.002,
    0.01,
    0.01,
    0.050955414012738856,
    0.01,
    0.01,
    0.02,
    0.02,
    0.02,
    0.03,
    0.03,
    0.03,
    0.03,
    0.03,
    0.03,
    0.030000001940002324,
    0.03,
    0.03,
    0.03,
    0.03,
    0.03,
    0.04,
    0.030000000329036845,
    0.03,
    0.04,
    0.03,
    0.04,
    0.03,
    0.030000012125136255,
    0.030000012125136255,
    0.03,
    0.03,
    0.0599999459999946,
    0.04,
    0.04,
    0.04,
    0.05,
    0.05,
    0.05,
    0.05,
    0.06,
    0.06,
    0.06,
    0.06,
    0.07,
    0.07,
    0.1199999519999952,
    0.07,
    0.11999989919998387,
    0.1,
    0.12,
    0.1,
    0.12,
    0.11999989919998387,
    0.12999989859997768,
    0.13,
    0.060000037600487305,
    0.06,
    0.11971268877847197,
    0.11,
    0.07000001550010307,
    0.07000000930010221,
    0.09,
    0.1,
    0.1,
    0.1,
    0.1,
    0.1,
    0.08,
    0.08,
    0.1,
    0.09,
    0.08,
    0.09000006791125358,
    0.13,
    0.08,
    0.09,
    0.08000006133445371,
    0.11,
    0.08,
    0.08,
    0.07000004043557198,
    0.09,
    0.07000000930010221,
    0.1,
    0.09,
    0.1,
    0.1,
    0.1,
    0.1,
    0.09,
    0.09,
    0.1,
    0.11,
    0.11,
    0.11000000664183064,
    0.12,
    0.15,
    0.15000000531250096,
    0.16,
    0.19,
    0.19000097203771507,
    0.2,
    0.2,
    0.19000021600138242,
    0.19,
    0.19,
    0.19,
    0.21,
    0.2599999838799994,
    0.25,
    0.28,
    0.28,
    0.28,
    0.28,
    0.27,
    0.25,
    0.27,
    0.27,
    0.26,
    0.29000005680010904,
    0.327815112276676,
    0.2999996999997,
    0.3,
    0.29,
    0.28999983083329106,
    0.29,
    0.29,
    0.29,
    0.29,
    0.29,
    0.2899999640399973,
    0.29,
    0.29,
    0.2799999866893034,
    0.27000000629310383,
    0.2799999928319999,
    0.2799999839823974,
    0.27000000091250004,
    0.2700000912500342,
    0.27,
    0.26999999812799996,
    0.26999999807999997,
    0.27,
    0.2600000024666667,
    0.2699999074285503,
    0.27,
    0.2600000925001536,
    0.27,
    0.26,
    0.2699999991291751,
    0.26999985419993294,
    0.27,
    0.27,
    0.26999972999973,
    0.269999998956,
    0.2699999989610945,
    0.26,
    0.26000000110098737,
    0.26,
    0.2600000190285764,
    0.26,
    0.2699999982972973,
    0.26,
    0.26999998055999946,
    0.269999970507691,
    0.2600002690957039,
    0.26000000082222224,
    0.26,
    0.27,
    0.269999998956,
    0.2600000407000181,
    0.2600002220010434,
    0.2600008568546424,
    0.2600002690957039,
    0.2600011840099457,
    0.2600000029600002,
    0.26000010090919184,
    0.27,
    0.2799999731199972,
    0.2700000811115527,
    0.26,
    0.27999999632356387,
    0.26000000592000067,
    0.26,
    0.279999843199931,
    0.26,
    0.27999957999958,
    0.27999865599301116,
    0.26,
    0.28,
    0.28,
    0.26,
    0.27,
    0.260000001184,
    0.26000011840006,
    0.26,
    0.26000000592000067,
    0.27,
    0.2600001718537868,
    0.27,
    0.28,
    0.279999843199931,
    0.27000001733750173,
    0.27,
    0.27,
    0.2799999854399993,
    0.2700000912500342,
    0.2700000912500342,
    0.26000005426668077,
    0.29,
    0.289999998115,
    0.2899999274999819,
    0.289999991493333,
    0.2838406228827258,
    0.2600000029600002,
    0.279999955199996,
    0.27999990479998477,
    0.279999843199931,
    0.27999990479998477,
    0.26000005426668077,
    0.26000001096297093,
    0.27,
    0.27999990479998477,
    0.26,
    0.26000000888000036,
    0.26,
    0.26000005426668077,
    0.2600000029600002,
    0.26000000888000036,
    0.26,
    0.28,
    0.27999990479998477,
    0.2799999514666589,
    0.279999843199931,
    0.26000005426668077,
    0.279999843199931,
    0.2600000166500059,
    0.27999990479998477,
    0.2600002220010434,
    0.279999843199931,
    0.28,
    0.279999843199931,
    0.2600000325600181,
    0.26,
    0.26,
    0.2799999854399993,
    0.27,
    0.27,
    0.2700000912500342,
    0.26000005426668077,
    0.28542743519076874,
    0.2600000022658032,
    0.26,
    0.2799999803999989,
    0.26,
    0.279999843199931,
    0.2799999514666589,
    0.27999993279998925,
    0.26,
    0.279999955199996,
    0.27,
    0.2700000958126671,
    0.27999990479998477,
    0.270000070253451,
    0.27,
    0.27999990479998477,
    0.279999843199931,
    0.28999995794999556,
    0.2899999274999819,
    0.2700004797153411,
    0.289999947799992,
    0.28999995794999556,
    0.289999947799992,
    0.28999989773682433,
    0.28,
    0.2700004277403901,
    0.2899999274999819,
    0.2800003456012165,
    0.2800003456012165,
    0.28,
    0.28000019862131975,
    0.2800014400403211,
    0.29,
    0.28,
    0.29,
    0.28,
    0.28,
    0.29,
    0.28,
    0.28,
    0.2800000088615397,
    0.30999961559970785,
    0.29,
    0.26,
    0.2600002907157289,
    0.26,
    0.2600000103600019,
    0.26,
    0.26000024298572016,
    0.289999866599928,
    0.28999998462999926,
    0.29,
    0.290000008520001,
    0.3,
    0.2900001597503634,
    0.29000005680010904,
    0.32,
    0.32,
    0.32,
    0.29,
    0.32,
    0.32,
    0.29,
    0.32,
    0.32,
    0.309999998016,
    0.30999999911233933,
    0.29999999960869567,
    0.29999999699999996,
    0.29999999699999996,
    0.28,
    0.29,
    0.29,
    0.2899999907199998,
    0.2800001440004032,
    0.28,
    0.2800001440004032,
    0.280000009690446,
    0.28,
    0.2700000265454777,
    0.27000018980014046,
    0.27000018980014046,
    0.28,
    0.28,
    0.27999999159999983,
    0.27,
    0.2699999681399974,
    0.26,
    0.2899994591887361,
    0.28999996579486703,
    0.2899992145821879,
    0.289999866599928,
    0.29,
    0.2600002220010434,
    0.26,
    0.26,
    0.2600000103600019,
    0.26000001322740923,
    0.2899999274999819,
    0.260000000222,
    0.260000185000185,
    0.2899999274999819,
    0.2899999614068419,
    0.289999947799992,
    0.260000002135971,
    0.26,
    0.27,
    0.2899999640399973,
    0.27000000912500066,
    0.279999843199931,
    0.27000018980014046,
    0.2700000584000148,
    0.2700000584000148,
    0.270000032120005,
    0.27000002236769355,
    0.27000001241000104,
    0.2999999819999993,
    0.2700000912500342,
    0.3,
    0.3,
    0.2958607745551447,
    0.279999843199931,
    0.27,
    0.27,
    0.25,
    0.2700000758836173,
    0.31,
    0.30999906999814,
    0.30979274710115307,
    0.299999819999928,
    0.299999969999997,
    0.3,
    0.3,
    0.2999981999928,
    0.299999969999997,
    0.299999969999997,
    0.3007372125345528,
    0.289999866599928,
    0.299999819999928,
    0.27000018980014046,
    0.299999819999928,
    0.29999988749997186,
    0.27000018980014046,
    0.27000018980014046,
    0.2999996999997,
    0.299999969999997,
    0.28,
    0.2700000497050008,
    0.299999819999928,
    0.29999991176467994,
    0.28000001440000405,
    0.3,
    0.28,
    0.29,
    0.28,
    0.3,
    0.3,
    0.3,
    0.29,
    0.3,
    0.33999994106665726,
    0.30000002333334036,
    0.3,
    0.3899998478999072,
    0.31,
    0.33,
    0.39,
    0.3300011390208441,
    0.3300000670003283,
    0.3300000670003283,
    0.3300011390208441,
    0.3300000670003283,
    0.3300002948010495,
    0.33000049820731264,
    0.33000007178596297,
    0.40387722132471726,
    0.35999976959968666,
    0.33,
    0.34,
    0.34,
    0.33,
    0.3200001088000914,
    0.3200005627620361,
    0.35999975314267374,
    0.2800001440004032,
    0.33,
    0.47999982719988943,
    0.25,
    0.48999998039999687,
    0.25,
    0.25,
    0.3,
    0.3
]
