[
    0.001,
    0.001,
    0.002,
    0.002,
    0.00629221025427612,
    0.004,
    0.0220000001232,
    0.002,
    0.002,
    0.02299998895999978,
    0.022999955032649205,
    0.0230000000368,
    0.02799973231988222,
    0.02799999464639995,
    0.028620152,
    0.01,
    0.01,
    0.01,
    0.002,
    0.01,
    0.005,
    0.004,
    0.01,
    0.01,
    0.029,
    0.01,
    0.02,
    0.02,
    0.029999985749999642,
    0.02,
    0.02,
    0.02,
    0.02,
    0.02,
    0.02,
    0.02,
    0.04,
    0.03,
    0.02,
    0.0599999459999946,
    0.04,
    0.04,
    0.04,
    0.07,
    0.04,
    0.06999999792333332,
    0.069999997424,
    0.05,
    0.05,
    0.06,
    0.04,
    0.04,
    0.07,
    0.08,
    0.13999997871999897,
    0.06,
    0.11,
    0.11,
    0.11,
    0.10369511908361047,
    0.06,
    0.1,
    0.1,
    0.1,
    0.12,
    0.12,
    0.12,
    0.12,
    0.14999988749997187,
    0.15,
    0.12,
    0.14999988749997187,
    0.15,
    0.15,
    0.15,
    0.15,
    0.14999997599999904,
    0.14999998874999973,
    0.16,
    0.16,
    0.16,
    0.16,
    0.1899999994015,
    0.20999998613999954,
    0.2076332146770532,
    0.18,
    0.18,
    0.15,
    0.17,
    0.17,
    0.1500000003828829,
    0.15956,
    0.15,
    0.15,
    0.15000000037282338,
    0.18,
    0.18,
    0.2,
    0.2,
    0.21,
    0.16,
    0.17,
    0.18,
    0.21,
    0.18,
    0.2,
    0.20999997395999803,
    0.18,
    0.24,
    0.25,
    0.2799999854399993,
    0.3,
    0.34,
    0.3399999421999809,
    0.35,
    0.33,
    0.34,
    0.37,
    0.38,
    0.38,
    0.38,
    0.38,
    0.39,
    0.39,
    0.39,
    0.43,
    0.41,
    0.44,
    0.4099998236998995,
    0.41,
    0.4,
    0.44999996249999064,
    0.4100000007866667,
    0.44,
    0.41,
    0.409999997622,
    0.4,
    0.42,
    0.4,
    0.4299999827999966,
    0.42999999713333326,
    0.37,
    0.38,
    0.35,
    0.36,
    0.32,
    0.320000001904,
    0.36,
    0.32,
    0.35043178453645546,
    0.35,
    0.35,
    0.33,
    0.32,
    0.32,
    0.34999999754999994,
    0.3499998925437984,
    0.35,
    0.3200000054400005,
    0.3399999632799966,
    0.33999994106665726,
    0.34,
    0.3399999996536885,
    0.339999829999915,
    0.33999999795999997,
    0.3499999614999965,
    0.34,
    0.3300006700067745,
    0.3300000375200129,
    0.34,
    0.3200001088000914,
    0.33999999894599997,
    0.3200000058285718,
    0.32000002720000437,
    0.3399999857199992,
    0.33999998917412916,
    0.34,
    0.34,
    0.3200001088000914,
    0.3399999911599998,
    0.3399999911599998,
    0.32000000068,
    0.3200000054400005,
    0.33,
    0.33,
    0.33,
    0.3300000767709845,
    0.3499998774999204,
    0.3499998774999204,
    0.33,
    0.340034903345142,
    0.35,
    0.34003494003494006,
    0.3499999614999965,
    0.3499998618420689,
    0.3300000375200129,
    0.35,
    0.34,
    0.35,
    0.34,
    0.36,
    0.35,
    0.35999987039991704,
    0.35,
    0.35,
    0.35,
    0.35000000650000057,
    0.3599999870399992,
    0.3500000325000114,
    0.3597766537607712,
    0.35977665365491124,
    0.37,
    0.36,
    0.36999943759860526,
    0.37,
    0.37,
    0.37,
    0.38,
    0.3700000003652174,
    0.4,
    0.39,
    0.39,
    0.4,
    0.39,
    0.41,
    0.4,
    0.42,
    0.4,
    0.42,
    0.43,
    0.43,
    0.4300000665000366,
    0.43,
    0.43,
    0.43,
    0.44,
    0.44,
    0.44,
    0.44,
    0.44,
    0.44,
    0.44,
    0.44,
    0.44,
    0.44,
    0.44,
    0.4400000003246377,
    0.45,
    0.44999999212499975,
    0.45,
    0.45,
    0.45,
    0.4499999212499744,
    0.45,
    0.45,
    0.45,
    0.45,
    0.45999995951999545,
    0.44000000891719804,
    0.45999999576799994,
    0.46,
    0.4599997239996136,
    0.4400001568001129,
    0.4400009163663022,
    0.45,
    0.44000001301568975,
    0.44000000082526314,
    0.45,
    0.45999999942171427,
    0.44000134400573443,
    0.44,
    0.4599999983621566,
    0.449985014985015,
    0.4400004032005161,
    0.44000000521421356,
    0.45,
    0.45000004400000526,
    0.4500000275000124,
    0.45,
    0.46999998871999804,
    0.4699998777999096,
    0.45,
    0.4499999212499744,
    0.44,
    0.45,
    0.45988715865305096,
    0.45988715848050393,
    0.4699998777999096,
    0.4699998918999708,
    0.4699858764530144,
    0.46999998871999804,
    0.4400000823529896,
    0.46999998871999804,
    0.4602043164307737,
    0.4602043357076079,
    0.46020436000364856,
    0.4699999764999986,
    0.4699998918999708,
    0.4699998918999708,
    0.45,
    0.46999998871999804,
    0.46,
    0.46,
    0.45,
    0.4600000192325728,
    0.46,
    0.46,
    0.469999954174993,
    0.46000003240000614,
    0.4699999702333253,
    0.469999954174993,
    0.4699998777999096,
    0.46000001530000084,
    0.4600000345600047,
    0.4699999702333253,
    0.4699998918999708,
    0.46,
    0.46999999917749996,
    0.4699998777999096,
    0.469999954174993,
    0.4699998777999096,
    0.4699999702333253,
    0.469999954174993,
    0.46999998871999804,
    0.4699998871999519,
    0.469999954174993,
    0.4600000345600047,
    0.46999962399654077,
    0.46,
    0.4600003927305574,
    0.46999976499894247,
    0.4699998119994485,
    0.4600009860937306,
    0.4600009860937306,
    0.460000033845214,
    0.46,
    0.4600011314369764,
    0.4600007020025974,
    0.4699999929499998,
    0.4699994576908476,
    0.46999999153999933,
    0.46,
    0.460000063529778,
    0.4600004950016088,
    0.460000150000375,
    0.4699998254281375,
    0.4600003927305574,
    0.4699998254281375,
    0.4699998119994485,
    0.4600007020025974,
    0.4601127725210221,
    0.46011277396487804,
    0.46,
    0.46,
    0.4699999749333305,
    0.45000001925000127,
    0.4500004459467896,
    0.45000001925000127,
    0.4500004230798521,
    0.46,
    0.46999998871999804,
    0.45,
    0.45,
    0.45000001100000053,
    0.45999992639998727,
    0.45999531768023366,
    0.4599953183461394,
    0.46,
    0.45000004400000526,
    0.45000004400000526,
    0.46999998871999804,
    0.46,
    0.46999999153999933,
    0.46,
    0.4500012941298271,
    0.46,
    0.45000017460325775,
    0.46,
    0.4699998777999096,
    0.46,
    0.45,
    0.46,
    0.4601552828949951,
    0.46,
    0.4817192349257271,
    0.45,
    0.45999992639998727,
    0.45999988499997124,
    0.45999998435999895,
    0.46,
    0.45999995951999545,
    0.45999992639998727,
    0.4599997607998852,
    0.4500001586541055,
    0.45999992639998727,
    0.46,
    0.46999988036355805,
    0.46,
    0.47,
    0.46,
    0.47,
    0.46,
    0.45000000440000015,
    0.46,
    0.45000000275000007,
    0.46,
    0.45,
    0.45,
    0.45,
    0.48,
    0.48,
    0.48,
    0.5,
    0.5,
    0.5,
    0.5,
    0.49,
    0.49,
    0.49000002443816654,
    0.5,
    0.5,
    0.5,
    0.5,
    0.5,
    0.5,
    0.490000327858103,
    0.5,
    0.5,
    0.49000182750868065,
    0.5,
    0.49,
    0.49,
    0.49,
    0.49000002142000126,
    0.5,
    0.5,
    0.5,
    0.5797101449275363,
    0.5299999899299992,
    0.49,
    0.49,
    0.51,
    0.5198832454841845,
    0.5198832456900191,
    0.5100000196000032,
    0.51,
    0.5502106766318939,
    0.550210575742993,
    0.5502106542534776,
    0.56,
    0.5899938612645795,
    0.5699999978711483,
    0.5700949971807444,
    0.6,
    0.6,
    0.6,
    0.6475209729785214,
    0.6,
    0.64,
    0.619909662152245,
    0.6199096605744125,
    0.6199096614296918,
    0.6,
    0.6,
    0.6,
    0.6,
    0.6299589308274522,
    0.6299589318941695,
    0.6,
    0.6,
    0.64,
    0.6398804500680713,
    0.6398804500378037,
    0.6499999288320726,
    0.6,
    0.6599999603999865,
    0.6599996939122982,
    0.6599998943999641,
    0.6599994133305955,
    0.6599993965702562,
    0.6599995599961028,
    0.6599996556493593,
    0.6599999119997184,
    0.6599998585709538,
    0.6599998862065238,
    0.6599999119997184,
    0.6599999796922771,
    0.6599998862065238,
    0.6599997623991352,
    0.6599998943999641,
    0.6599996939122982,
    0.6201330675527708,
    0.6201328034113548,
    0.6200255685084647,
    0.66,
    0.6599996894114541,
    0.6599992574961947,
    0.6584197747194418,
    0.6499999024999659,
    0.63,
    0.63,
    0.63,
    0.620025721144327,
    0.62,
    0.6499999986999999,
    0.620034549224787,
    0.62,
    0.6435834727764191,
    0.64,
    0.64,
    0.64,
    0.64,
    0.64,
    0.64,
    0.6,
    0.65,
    0.6699998350767099,
    0.6699999195999292,
    0.7,
    0.7099998985708634,
    0.7099998041366343,
    0.7099982959870496,
    0.7099999453843395,
    0.7099997159978416,
    0.71,
    0.71,
    0.7036036024510995,
    0.7199999127270188,
    0.5400002392001149,
    0.5400002760003864,
    0.7299998101998596,
    0.75,
    0.75,
    0.46,
    0.6199996084202695,
    0.6199988839908487,
    0.6199992766614827,
    0.619999986359999,
    0.55,
    0.7099999431998909,
    0.7099999834882956,
    0.71,
    0.7099999431998909,
    0.7099999431998909,
    0.7074743119563324,
    0.7,
    0.74,
    0.77,
    0.7699998844994398
]
