[
    0.999,
    0.999,
    0.999,
    0.999,
    0.998,
    0.999,
    0.99,
    0.987097922563554,
    0.98,
    0.98,
    0.9781190013778315,
    0.9710469443084978,
    0.98,
    0.975098965166916,
    0.97,
    0.97,
    0.9699998059495857,
    0.97,
    0.97,
    0.9699999980599977,
    0.97,
    0.95,
    0.97,
    0.9400000540000054,
    0.94,
    0.9699999832757182,
    0.94,
    0.9099989261969719,
    0.9099998835199683,
    0.92,
    0.96,
    0.96,
    0.91,
    0.96,
    0.92,
    0.94,
    0.92,
    0.9,
    0.9,
    0.92,
    0.86,
    0.9199999386655463,
    0.9,
    0.88,
    0.86,
    0.8300000009792,
    0.82,
    0.81,
    0.8099997541067784,
    0.76,
    0.759998175931415,
    0.660000040762949,
    0.6599991859982905,
    0.67,
    0.7299997517990916,
    0.73000027000027,
    0.76,
    0.75,
    0.8,
    0.8,
    0.730000001701,
    0.8199999835999839,
    0.8099997812998403,
    0.8099993195978499,
    0.8199999973885348,
    0.8,
    0.79,
    0.790000003234,
    0.790000026040002,
    0.8,
    0.79,
    0.76,
    0.76,
    0.75,
    0.7600000816000131,
    0.72,
    0.7196374972812296,
    0.679999455989555,
    0.6200003040002635,
    0.62,
    0.66,
    0.6200000002736,
    0.6599999119997184,
    0.69,
    0.63,
    0.62,
    0.63,
    0.6300000609411843,
    0.6499999783333305,
    0.63,
    0.64,
    0.63,
    0.63,
    0.63,
    0.6300000408275958,
    0.64,
    0.6499999024999659,
    0.6499999981690141,
    0.6300022200113468,
    0.6499999981690141,
    0.65,
    0.6499999981690141,
    0.65,
    0.65,
    0.65,
    0.6478998241233108,
    0.64,
    0.6499983749878124,
    0.65,
    0.6300000018253333,
    0.63000000222,
    0.6441638752898737,
    0.6300000884782782,
    0.64,
    0.64,
    0.630000004292,
    0.6499999783333305,
    0.6300000888000231,
    0.65,
    0.64,
    0.64,
    0.64,
    0.6499999829842901,
    0.6300000339166693,
    0.65,
    0.6499999999271415,
    0.6300000007722905,
    0.6300000007955,
    0.630000015328573,
    0.65,
    0.6499999934999994,
    0.6300002775005628,
    0.6499999934999994,
    0.6499999349999631,
    0.649999994090908,
    0.6499999869999994,
    0.6499999794736805,
    0.6499988181624791,
    0.6499999349999631,
    0.63,
    0.6499999674999887,
    0.6499999934999994,
    0.6482319471931325,
    0.64,
    0.649999390617954,
    0.6499998088224611,
    0.6499988181624791,
    0.6499999986999999,
    0.6499997880430866,
    0.6499989166624537,
    0.6499999674999887,
    0.6499998088224611,
    0.649999739999064,
    0.6499999986999999,
    0.65,
    0.6300000142954556,
    0.6300000727666766,
    0.63,
    0.6499999986999999,
    0.6430709092755874,
    0.64,
    0.6300001369000863,
    0.64,
    0.6300000325600037,
    0.6300000888000231,
    0.6499999024999659,
    0.6499999990249999,
    0.64,
    0.6499999593749923,
    0.6499999990249999,
    0.6300000888000231,
    0.6300000888000231,
    0.6300000229400009,
    0.6300001369000863,
    0.6499999349999631,
    0.6499999349999631,
    0.65,
    0.65,
    0.6300000352824536,
    0.63,
    0.6499997941665946,
    0.6300000888000231,
    0.6300000888000231,
    0.6599998943999641,
    0.6300000888000231,
    0.6300000727666766,
    0.6499999674999887,
    0.63,
    0.6499999349999631,
    0.65,
    0.6499999674999887,
    0.65,
    0.64,
    0.64,
    0.6499999024999659,
    0.65,
    0.65,
    0.66,
    0.65,
    0.63,
    0.65,
    0.6300000727666766,
    0.6300002775005628,
    0.6300000727666766,
    0.6300002270884147,
    0.6599997969223583,
    0.6599998634473624,
    0.6599998862065238,
    0.6599997623991352,
    0.65,
    0.6648844795931709,
    0.65,
    0.65,
    0.6499998916663237,
    0.6499999024999659,
    0.65,
    0.6499999024999659,
    0.6499999024999659,
    0.6597371286620879,
    0.63,
    0.6299999880299978,
    0.6200000258400035,
    0.6299999990549999,
    0.6200000085074628,
    0.6299999797101391,
    0.6299998529995443,
    0.6499996388874846,
    0.6499999024999659,
    0.6,
    0.6581702859012813,
    0.64,
    0.63,
    0.63,
    0.64,
    0.64,
    0.6499983749878124,
    0.65,
    0.6300000106066671,
    0.6300001369000863,
    0.6300000888000231,
    0.65,
    0.65,
    0.6300001504667058,
    0.6300001037383857,
    0.64,
    0.65,
    0.6300000112850003,
    0.66,
    0.66,
    0.6300001369000863,
    0.6300000325600037,
    0.63,
    0.6300006012515282,
    0.6599999119997184,
    0.66,
    0.6300000727666766,
    0.6599996773327741,
    0.6599995261529713,
    0.6300000727666766,
    0.6699999195999292,
    0.6300001369000863,
    0.6599998943999641,
    0.6699999932999956,
    0.6699999932999956,
    0.669999962479987,
    0.6699999881541711,
    0.6699999724397135,
    0.6699999839199988,
    0.6699999915133323,
    0.6699999839199988,
    0.6636554401141435,
    0.6499999024999659,
    0.6499999869999994,
    0.6499999869999994,
    0.6451548762331412,
    0.64,
    0.64,
    0.6338830156100047,
    0.63,
    0.6,
    0.6,
    0.63,
    0.6100000226200032,
    0.64,
    0.64,
    0.64,
    0.64,
    0.64,
    0.64,
    0.64,
    0.64,
    0.64,
    0.64,
    0.64,
    0.64,
    0.65,
    0.65,
    0.65,
    0.6499999024999659,
    0.65,
    0.6499999674999887,
    0.65,
    0.6499999349999631,
    0.65,
    0.6499999867075613,
    0.649999739999064,
    0.6467661656147121,
    0.57,
    0.5500002025001114,
    0.580000017690264,
    0.64,
    0.64,
    0.64,
    0.64,
    0.6321611356671083,
    0.6299998262063452,
    0.6299998780641464,
    0.61,
    0.6199990981749315,
    0.61,
    0.61,
    0.58,
    0.609999859699892,
    0.570000525556373,
    0.63,
    0.6599999841599988,
    0.66,
    0.5100001715001115,
    0.6799998911999086,
    0.5100000980001438,
    0.5100003112164391
]
