[
    0.999,
    0.999,
    0.999,
    0.999,
    0.999,
    0.999,
    0.999,
    0.999,
    0.999,
    0.999,
    0.999,
    0.999,
    0.999,
    0.999,
    0.999,
    0.999,
    0.9989999724275992,
    0.9989999995375074,
    0.999000000999,
    0.999000000999,
    0.9989999509990475,
    0.998999999894537,
    0.998,
    0.9963812297709953,
    0.995334959698667,
    0.995,
    0.9945678224079273,
    0.9939992147390498,
    0.992,
    0.991,
    0.99,
    0.981,
    0.99,
    0.981,
    0.9809999919210293,
    0.9809999974408473,
    0.945,
    0.969,
    0.99,
    0.986,
    0.995,
    0.987,
    0.99,
    0.9939997147217966,
    0.9949997359419716,
    0.994999114447246,
    0.9949999253749907,
    0.9910000044505001,
    0.995,
    0.991,
    0.988,
    0.986,
    0.9969990209430452,
    0.986,
    0.9971474545761501,
    0.996,
    0.9874833240887797,
    0.979,
    0.9789999999914231,
    0.979,
    0.961,
    0.965,
    0.961,
    0.9789999999840904,
    0.97,
    0.979,
    0.979,
    0.9789999977232314,
    0.979,
    0.9630000355940014,
    0.98,
    0.98,
    0.98,
    0.973,
    0.9769999999023,
    0.9795711415619205,
    0.98,
    0.97,
    0.97,
    0.96,
    0.96,
    0.95,
    0.9499995249992875,
    0.9499995249992875,
    0.9300000311500017,
    0.9300000637000058,
    0.9300000637000058,
    0.94,
    0.94,
    0.9499995249992875,
    0.94,
    0.96,
    0.95,
    0.9400000134634149,
    0.95,
    0.96,
    0.96,
    0.95,
    0.92,
    0.92,
    0.93,
    0.96,
    0.93,
    0.94,
    0.95,
    0.95,
    0.9590917401221044,
    0.95,
    0.95,
    0.94,
    0.95,
    0.95,
    0.9400000110400002,
    0.94,
    0.9538303071147861,
    0.95,
    0.95,
    0.94,
    0.93,
    0.9372047085382569,
    0.93,
    0.94,
    0.9399999981199973,
    0.91,
    0.9,
    0.92,
    0.9,
    0.92,
    0.92,
    0.8900000008900577,
    0.93,
    0.93,
    0.9,
    0.91,
    0.9,
    0.9,
    0.9,
    0.9,
    0.9,
    0.9,
    0.9,
    0.9,
    0.89,
    0.8899999996733545,
    0.8600000112000002,
    0.88,
    0.88,
    0.8899999941611991,
    0.8500001125000282,
    0.87,
    0.87,
    0.87,
    0.88,
    0.8799998826662911,
    0.85,
    0.86,
    0.8300000008828041,
    0.8300000155067571,
    0.86,
    0.8799996479895805,
    0.83,
    0.7900000174788909,
    0.81,
    0.8099999918999985,
    0.8099999860781187,
    0.77,
    0.77,
    0.7400012480023296,
    0.75,
    0.74,
    0.7400000353600023,
    0.7400001352000649,
    0.75,
    0.75,
    0.74,
    0.74,
    0.75,
    0.73,
    0.7399999999470728,
    0.75,
    0.7300000133407083,
    0.73,
    0.73,
    0.74,
    0.74,
    0.73,
    0.75,
    0.75,
    0.75,
    0.75,
    0.75,
    0.76,
    0.76,
    0.7899999981181515,
    0.8099999756999036,
    0.76,
    0.8,
    0.9074465730808285,
    0.8,
    0.8,
    0.8,
    0.8,
    0.78,
    0.8,
    0.76,
    0.76,
    0.76,
    0.76,
    0.75,
    0.75,
    0.7400156006240249,
    0.75,
    0.75,
    0.75,
    0.7599999962561576,
    0.74000000728,
    0.75,
    0.75,
    0.75,
    0.75,
    0.76,
    0.7300001458000671,
    0.75,
    0.75,
    0.75,
    0.75,
    0.75,
    0.75,
    0.75,
    0.75,
    0.7300000564705948,
    0.7300000768000123,
    0.75,
    0.7300000846818301,
    0.73,
    0.74,
    0.7400000065000002,
    0.74,
    0.75,
    0.75,
    0.75,
    0.73,
    0.74,
    0.73,
    0.74,
    0.74,
    0.7400000006618445,
    0.75,
    0.7400000751807313,
    0.75,
    0.7400000948427924,
    0.75,
    0.75,
    0.75,
    0.75,
    0.75,
    0.740000053216379,
    0.74,
    0.74,
    0.74,
    0.74,
    0.740000052374109,
    0.75,
    0.75,
    0.75,
    0.7400000556378711,
    0.75,
    0.75,
    0.75,
    0.74,
    0.75,
    0.7400000008657528,
    0.75,
    0.75,
    0.75,
    0.75,
    0.75,
    0.75,
    0.75,
    0.75,
    0.75,
    0.7400000161200007,
    0.75,
    0.74,
    0.7400000462222254,
    0.7599999692928685,
    0.74,
    0.74,
    0.75,
    0.7599999966803165,
    0.76,
    0.7599993919956224,
    0.76,
    0.7599998311106795,
    0.7599999930699078,
    0.75999999848,
    0.7599999695999891,
    0.7599999969599999,
    0.76,
    0.75,
    0.75,
    0.7599999950569098,
    0.75,
    0.75999999848,
    0.75,
    0.77,
    0.76,
    0.75,
    0.7699998690999699,
    0.7699999921459998,
    0.769999986989655,
    0.7699999926666665,
    0.75,
    0.7699999903749997,
    0.7619804662428714,
    0.76,
    0.7599999993531915,
    0.7599999969599999,
    0.7599999695999891,
    0.7599999969599999,
    0.7599999969599999,
    0.7599999969599999,
    0.7599999969599999,
    0.76,
    0.75,
    0.76,
    0.76,
    0.75,
    0.75,
    0.75,
    0.74000039000039,
    0.75,
    0.75,
    0.75,
    0.75,
    0.75,
    0.75,
    0.75,
    0.74000026000026,
    0.7400000004230622,
    0.74,
    0.74,
    0.74,
    0.75,
    0.75,
    0.75,
    0.75,
    0.75,
    0.74,
    0.7400000064116476,
    0.74,
    0.75,
    0.75,
    0.74,
    0.75,
    0.75,
    0.75,
    0.74,
    0.7400000616296378,
    0.7400000353600023,
    0.75,
    0.75,
    0.75,
    0.7400000065000002,
    0.75,
    0.74,
    0.75,
    0.75,
    0.75,
    0.75,
    0.75,
    0.76,
    0.75,
    0.75,
    0.7599999954399995,
    0.7599999878399966,
    0.7599999878399966,
    0.75,
    0.7599999918933329,
    0.7599999979733333,
    0.75,
    0.76,
    0.76,
    0.75999999848,
    0.75999999848,
    0.75,
    0.75,
    0.76,
    0.76,
    0.75,
    0.759999999392,
    0.76,
    0.75,
    0.75,
    0.75,
    0.7599999969599999,
    0.7599999972725641,
    0.7599999954399995,
    0.7599999087998286,
    0.76,
    0.75,
    0.7599999695999891,
    0.76,
    0.75,
    0.76,
    0.75,
    0.76,
    0.75,
    0.76,
    0.7599999975679997,
    0.75,
    0.7599999969599999,
    0.7599999878399966,
    0.75,
    0.7599999878399966,
    0.76,
    0.76,
    0.75,
    0.75,
    0.75,
    0.76,
    0.75,
    0.75,
    0.76,
    0.7599999979733333,
    0.75,
    0.75,
    0.75,
    0.7599999969599999,
    0.76,
    0.7599999087998286,
    0.75,
    0.75,
    0.76,
    0.76,
    0.76,
    0.7599999695999891,
    0.7599997567986186,
    0.76,
    0.7599999695999891,
    0.7599997719983584,
    0.76,
    0.75,
    0.75,
    0.75,
    0.7599999087998286,
    0.75,
    0.75,
    0.75,
    0.7599999087998286,
    0.7599999087998286,
    0.7599999087998286,
    0.7599999619999069,
    0.7599999954399995,
    0.77,
    0.75,
    0.75,
    0.77,
    0.769999989093483,
    0.76,
    0.76,
    0.76,
    0.76,
    0.77,
    0.77,
    0.77,
    0.77,
    0.760000032640002,
    0.7699999845999964,
    0.76,
    0.76,
    0.77,
    0.7699999845999964,
    0.7600001440000576,
    0.7699999845999964,
    0.7699999845999964,
    0.7699999845999964,
    0.77,
    0.7699999845999964,
    0.76,
    0.7699999876799952,
    0.7699999876799952,
    0.77,
    0.77,
    0.7600000013056,
    0.7699999845999964,
    0.77,
    0.7699999876799952,
    0.76,
    0.76,
    0.76,
    0.76,
    0.76,
    0.77,
    0.7699999845999964,
    0.7699999845999964,
    0.7699999969199998,
    0.7699999876799952,
    0.7600001440000576,
    0.7699997073983555,
    0.76,
    0.76,
    0.77,
    0.77,
    0.77,
    0.77,
    0.77,
    0.77,
    0.7600001440000576,
    0.7699999876799952,
    0.7600001440000576,
    0.77,
    0.7699999876799952,
    0.7600001440000576,
    0.7699999897333283,
    0.7699999876799952,
    0.77,
    0.7699998844994398,
    0.7699998844994398,
    0.7699997579986932,
    0.77,
    0.7699999876799952,
    0.7600000816000131,
    0.7699999649998425,
    0.7699998844994398,
    0.7699999994424834,
    0.7600003264002089,
    0.7699999876799952,
    0.7699999934549987,
    0.7699999876799952,
    0.76000144000576,
    0.7699999953799994,
    0.7699999876799952,
    0.76,
    0.75,
    0.7699997073983555,
    0.75,
    0.75,
    0.75,
    0.7699995893308146,
    0.75,
    0.77,
    0.75,
    0.75,
    0.7699999985505882,
    0.7699998844994398,
    0.7699999969199998,
    0.7699998844994398,
    0.75,
    0.77,
    0.7699996631230419,
    0.75,
    0.7699999876799952,
    0.77,
    0.77,
    0.75,
    0.75,
    0.75,
    0.77,
    0.75,
    0.76,
    0.7691139751275914,
    0.7599993311992509,
    0.7599993311992509,
    0.75,
    0.77,
    0.7699999682941003,
    0.75,
    0.6900001085941403,
    0.76,
    0.75,
    0.74,
    0.77,
    0.76,
    0.77,
    0.7700000544333386,
    0.7799999812799929,
    0.78,
    0.7799999979199999,
    0.7799999812799929,
    0.78,
    0.78,
    0.78,
    0.78,
    0.77,
    0.77,
    0.77,
    0.7699976129914864,
    0.7699998690999699,
    0.7699997035498177,
    0.769999078747812,
    0.7699999967338279,
    0.77,
    0.7799999946103638,
    0.78,
    0.76,
    0.76,
    0.76,
    0.76,
    0.7599999695999891,
    0.7599999087998286,
    0.7599993919956224,
    0.76,
    0.7599993919956224,
    0.7699999944915682,
    0.7699999482352758,
    0.77,
    0.7699994076882071,
    0.7699999876799952,
    0.7899996657642301,
    0.7750285791788573,
    0.75,
    0.75,
    0.75,
    0.75,
    0.75,
    0.75,
    0.77,
    0.7799999812799929,
    0.78,
    0.7799998266657422,
    0.78,
    0.7799999981654252,
    0.8,
    0.8399999816727244,
    0.83999971999776,
    0.8399999949599988,
    0.8,
    0.869999998259999,
    0.7700000733111437,
    0.8499997343717627,
    0.85,
    0.8699998949991075,
    0.8699999991343282,
    0.814814807572016,
    0.79,
    0.78,
    0.7780672776155162,
    0.7699998539647895,
    0.77,
    0.7699997579986932,
    0.77,
    0.7699998844994398,
    0.7699998074998075,
    0.7699998074998075,
    0.7699999526151688,
    0.78,
    0.7799998266657422,
    0.7799999496771791,
    0.7799998924132514,
    0.78,
    0.78,
    0.7699999144443589,
    0.78,
    0.7799999496771791,
    0.7699999876799952,
    0.99,
    0.99
]
