[
    0.01,
    0.01,
    0.01,
    0.01,
    0.02,
    0.02,
    0.01,
    0.19,
    0.26,
    0.26,
    0.25,
    0.19,
    0.19,
    0.26,
    0.27,
    0.28,
    0.30999993644998125,
    0.21,
    0.20999999835956346,
    0.21,
    0.21,
    0.18000000586762177,
    0.18,
    0.18,
    0.18,
    0.20999999796324656,
    0.20999997953846092,
    0.15000000317282577,
    0.15000000425000104,
    0.15,
    0.2,
    0.15,
    0.02,
    0.02,
    0.14,
    0.15,
    0.26,
    0.26,
    0.289999947799992,
    0.2899999912999997,
    0.2600000018694737,
    0.29,
    0.3,
    0.29,
    0.256621490803485,
    0.26,
    0.23,
    0.26,
    0.26,
    0.2600000325600181,
    0.26,
    0.29,
    0.2899999640399973,
    0.26,
    0.26,
    0.2899999986841899,
    0.27,
    0.23,
    0.29,
    0.27,
    0.27,
    0.3699999997634426,
    0.25,
    0.24953911644432528,
    0.29,
    0.25,
    0.25,
    0.2,
    0.09,
    0.02,
    0.03,
    0.05,
    0.06,
    0.04,
    0.01,
    0.07,
    0.08,
    0.1,
    0.1,
    0.20999997395999803,
    0.31,
    0.5,
    0.31000005078683696,
    0.710000019051096,
    0.69,
    0.65,
    0.67,
    0.6100000006710298,
    0.66,
    0.67,
    0.7399999348799927,
    0.74,
    0.85,
    0.84,
    0.85,
    0.86,
    0.87,
    0.9,
    0.87,
    0.86,
    0.87,
    0.9,
    0.8899998219975436,
    0.889999998590099,
    0.8899999995055555,
    0.8899999971401027,
    0.89,
    0.87,
    0.84,
    0.83,
    0.81,
    0.81,
    0.8091907959010017,
    0.7777048,
    0.8,
    0.8,
    0.8,
    0.790000132300049,
    0.8,
    0.8,
    0.8,
    0.77,
    0.770000030820002,
    0.77,
    0.75,
    0.73,
    0.7,
    0.75,
    0.77,
    0.74,
    0.7598684181364697,
    0.7699997073983555,
    0.77,
    0.7794,
    0.7899995338993427,
    0.77,
    0.79,
    0.81,
    0.8200000244800015,
    0.8300000391000041,
    0.82,
    0.8,
    0.8,
    0.79,
    0.8,
    0.8,
    0.8,
    0.8,
    0.79,
    0.7800000033946601,
    0.78,
    0.8,
    0.7800001452000493,
    0.8,
    0.78,
    0.78,
    0.7800000257355563,
    0.7800000802353121,
    0.78,
    0.78,
    0.78,
    0.7899999820250247,
    0.7800000272800021,
    0.7795838044092708,
    0.77,
    0.75,
    0.7518181818181818,
    0.7300000383145148,
    0.74,
    0.74,
    0.73,
    0.7069264959689813,
    0.68,
    0.72,
    0.719999985599996,
    0.72,
    0.65,
    0.6400000158048793,
    0.6400000129600009,
    0.65,
    0.64,
    0.65,
    0.7344371500030377,
    0.66,
    0.67,
    0.729999987589999,
    0.66,
    0.7299999998393968,
    0.7207211961518928,
    0.7300000194400006,
    0.73,
    0.75,
    0.73,
    0.73,
    0.7049262513417882,
    0.65,
    0.6791891891891891,
    0.63,
    0.63,
    0.6688,
    0.5900000056185186,
    0.67,
    0.6284615384615385,
    0.59,
    0.6,
    0.6,
    0.6,
    0.6,
    0.6,
    0.6,
    0.598077,
    0.57,
    0.56,
    0.555395215157202,
    0.5599999713920759,
    0.5499999559999947,
    0.59,
    0.5499999926240499,
    0.609999991459999,
    0.609999991459999,
    0.6,
    0.6,
    0.6,
    0.6,
    0.6,
    0.59,
    0.61,
    0.58,
    0.58,
    0.58,
    0.580000004704,
    0.57,
    0.66,
    0.65,
    0.55,
    0.6421541505337331,
    0.66,
    0.57,
    0.56,
    0.66,
    0.56,
    0.57,
    0.5,
    0.54,
    0.5,
    0.509999999269,
    0.5099999982173768,
    0.5,
    0.4878813559322034,
    0.42,
    0.39000044947571866,
    0.34,
    0.33,
    0.33,
    0.33,
    0.33,
    0.32,
    0.32,
    0.32999966999967,
    0.3299999811899992,
    0.3299999717142841,
    0.33,
    0.33,
    0.33,
    0.32,
    0.3299999295999915,
    0.32,
    0.32,
    0.30999994006665826,
    0.2981035598091878,
    0.27,
    0.3,
    0.24,
    0.21000000003766567,
    0.25,
    0.25,
    0.24,
    0.25867244411784207,
    0.2472943722943723,
    0.15,
    0.17000000027900347,
    0.2,
    0.17,
    0.15,
    0.17,
    0.17,
    0.1700000033200013,
    0.17,
    0.21329651668870345,
    0.19,
    0.18999999686499996,
    0.16,
    0.18,
    0.17,
    0.15,
    0.14,
    0.149475,
    0.11000023733801681,
    0.12,
    0.1,
    0.09,
    0.10999998151999942,
    0.1299999789399992,
    0.15,
    0.16,
    0.1,
    0.1,
    0.07000000465000138,
    0.1,
    0.07000000201998288,
    0.08,
    0.07,
    0.1,
    0.1,
    0.1,
    0.11,
    0.1,
    0.12,
    0.11,
    0.11,
    0.11000001417215484,
    0.12,
    0.14999988749997187,
    0.15,
    0.15,
    0.17,
    0.16,
    0.15000001824036643,
    0.16,
    0.16,
    0.16,
    0.16,
    0.15,
    0.17999997014633914,
    0.19,
    0.2,
    0.2,
    0.2,
    0.22999998688999942,
    0.2,
    0.2,
    0.22,
    0.23,
    0.23,
    0.23,
    0.24,
    0.25,
    0.24000000209294325,
    0.26,
    0.23,
    0.23,
    0.25,
    0.25,
    0.22999980538448064,
    0.21,
    0.21999985479995063,
    0.2,
    0.2,
    0.19,
    0.18,
    0.14,
    0.16,
    0.17,
    0.17999999279999992,
    0.17,
    0.17,
    0.17,
    0.17,
    0.17000000117706646,
    0.17999997551999844,
    0.17,
    0.17000000884861524,
    0.18,
    0.18999987839995622,
    0.19,
    0.1700000033200013,
    0.1700000033200013,
    0.1700000207500306,
    0.1799998703999637,
    0.15,
    0.16,
    0.16,
    0.17,
    0.15,
    0.15,
    0.17,
    0.1899999994832,
    0.1700000013758807,
    0.18999998802999957,
    0.2,
    0.2,
    0.18999999745399998,
    0.13,
    0.12,
    0.16,
    0.18,
    0.19,
    0.18999999588333327,
    0.18999993729998935,
    0.16,
    0.16,
    0.18,
    0.19,
    0.19,
    0.22,
    0.20999997395999803,
    0.16000000021960784,
    0.21,
    0.2,
    0.21,
    0.2,
    0.21,
    0.22,
    0.22,
    0.22,
    0.2799999854399993,
    0.23,
    0.2200000018470251,
    0.23000000074955754,
    0.24,
    0.23000000074955754,
    0.26999998055999946,
    0.27,
    0.2300000010814607,
    0.24,
    0.3,
    0.3,
    0.23000000081855246,
    0.32,
    0.32,
    0.3099999946266666,
    0.38,
    0.4,
    0.38,
    0.37999999678201196,
    0.35,
    0.299999969999997,
    0.2899999640399973,
    0.2899999640399973,
    0.2899999640399973,
    0.29,
    0.29,
    0.27999997759999834,
    0.32,
    0.31,
    0.32,
    0.33,
    0.34,
    0.3599999870399992,
    0.37,
    0.34000023760086484,
    0.46,
    0.41,
    0.42,
    0.45,
    0.47,
    0.51,
    0.51,
    0.5199999812799988,
    0.5299999899299992,
    0.5,
    0.5,
    0.5519996796922554,
    0.5,
    0.5299999650199954,
    0.5299999969289417,
    0.47,
    0.4800000029261981,
    0.5199999930142735,
    0.5199999812799988,
    0.52,
    0.64,
    0.6699988073973524,
    0.64,
    0.6699999824709256,
    0.64,
    0.64,
    0.66,
    0.640000001296,
    0.66,
    0.62,
    0.63,
    0.629999901719976,
    0.6099999991495404,
    0.62,
    0.58,
    0.5799990023977255,
    0.55,
    0.58,
    0.54,
    0.52,
    0.52,
    0.5199997503996207,
    0.5139477506115387,
    0.5,
    0.5,
    0.49,
    0.5,
    0.5,
    0.48999982849988855,
    0.43,
    0.43,
    0.429999998839,
    0.4299950549332416,
    0.4299999931199994,
    0.410000000191155,
    0.4299994409988634,
    0.43,
    0.4299994409988634,
    0.4299994409988634,
    0.43999929599877974,
    0.43999929599877974,
    0.4399942799313592,
    0.4399999894399992,
    0.4399992079974656,
    0.4399992079974656,
    0.439998899995875,
    0.4100000021445881,
    0.44,
    0.42999999168208525,
    0.43,
    0.4299999931199994,
    0.4399999995474286,
    0.44,
    0.4399999849829331,
    0.43,
    0.43,
    0.430000017874567,
    0.43,
    0.43,
    0.43,
    0.43,
    0.43,
    0.43,
    0.43,
    0.43,
    0.43,
    0.43,
    0.4300000080750002,
    0.43,
    0.43999975359964516,
    0.43999999753599994,
    0.43999995408694137,
    0.43000001589219583,
    0.44,
    0.4300000441140585,
    0.4300000033250001,
    0.44,
    0.4399999998832956,
    0.43999999559999986,
    0.44,
    0.41000003245001443,
    0.42,
    0.42,
    0.42,
    0.42,
    0.4200000139200011,
    0.4200000026514286,
    0.44,
    0.4200000139200011,
    0.42000009860008186,
    0.44,
    0.43999980639989156,
    0.43,
    0.4200000026514286,
    0.43999999207999974,
    0.43999999630096664,
    0.420000000459002,
    0.4399999992859627,
    0.4399999894399992,
    0.439999998064,
    0.44,
    0.44,
    0.4200002017394988,
    0.42000002625514826,
    0.43999994772276557,
    0.4380938181818182,
    0.42,
    0.4299994744436269,
    0.4200000220718854,
    0.4299999813043459,
    0.420000002283465,
    0.42000009860008186,
    0.42,
    0.42000001082666794,
    0.42000009860008186,
    0.4299999931199994,
    0.42999995054998097,
    0.42999999713333326,
    0.4299999706166638,
    0.42,
    0.43,
    0.4463289444320464,
    0.45,
    0.43000000342000033,
    0.43000000072722055,
    0.43,
    0.43,
    0.43000000342000033,
    0.43000000193402454,
    0.4399999894399992,
    0.43999997066665886,
    0.43999999207999974,
    0.43,
    0.4200000099428584,
    0.43,
    0.42999999713333326,
    0.42,
    0.43,
    0.43,
    0.42999993807998416,
    0.43,
    0.4299998279998968,
    0.4299999931199994,
    0.42000009666669086,
    0.4299999967319999,
    0.42,
    0.43,
    0.42,
    0.4299999951266664,
    0.43,
    0.4299998279998968,
    0.42999996559999415,
    0.43,
    0.42,
    0.43,
    0.42999999793599997,
    0.42999998106421927,
    0.43,
    0.4299999972541506,
    0.42000000464000087,
    0.42999999793599997,
    0.4299999706166638,
    0.42999999713333326,
    0.42000000591201725,
    0.429999998538,
    0.42000000838891144,
    0.4299999951836916,
    0.42000000208800004,
    0.42999992976665474,
    0.4299999931199994,
    0.4299999870999978,
    0.42,
    0.43,
    0.43,
    0.43000004446001433,
    0.44,
    0.43999980639989156,
    0.43999996479999576,
    0.4399999894399992,
    0.4200000017400001,
    0.44,
    0.42000001614561155,
    0.4200000022148032,
    0.43999996479999576,
    0.43970422800475417,
    0.42999995054998097,
    0.4299999870999978,
    0.4200000000975236,
    0.43,
    0.43999980639989156,
    0.44,
    0.420000000232,
    0.42,
    0.42,
    0.43996009930838803,
    0.43,
    0.42999995054998097,
    0.42,
    0.4200022040357054,
    0.4200022040357054,
    0.43,
    0.4200022040357054,
    0.42,
    0.42,
    0.4200000099428584,
    0.4200022040357054,
    0.4299998279998968,
    0.42999995054998097,
    0.41,
    0.41000059000531003,
    0.41000059000531003,
    0.41,
    0.41,
    0.41000059000531003,
    0.42999999827999996,
    0.41000059000531003,
    0.41000000531000047,
    0.41,
    0.41,
    0.4100000072244904,
    0.41000059000531003,
    0.41000059000531003,
    0.41000059000531003,
    0.41000059000531003,
    0.41000003245001443,
    0.4100000007866667,
    0.41000059000531003,
    0.41000000192712216,
    0.41,
    0.4299999870999978,
    0.4299999706166638,
    0.42999999612999984,
    0.4299999992160221,
    0.43,
    0.4299998279998968,
    0.43,
    0.42999999741999995,
    0.4,
    0.43999994279999316,
    0.4399989439919743,
    0.44,
    0.43999980639989156,
    0.43999999823999997,
    0.43999999295999986,
    0.43999997066665886,
    0.43,
    0.42999995054998097,
    0.4299999731249983,
    0.41000059000531003,
    0.4299999870999978,
    0.41000059000531003,
    0.42,
    0.4,
    0.44,
    0.42,
    0.41000059000531003,
    0.4299999934235291,
    0.43,
    0.41,
    0.41000059000531003,
    0.41,
    0.4399999655865853,
    0.43,
    0.43000051300466835,
    0.430000000304,
    0.43000051300466835,
    0.43000051300466835,
    0.44,
    0.43,
    0.439999999296,
    0.43999980639989156,
    0.42991735537190084,
    0.43000051300466835,
    0.43,
    0.43,
    0.4299998279998968,
    0.4299998279998968,
    0.4299998279998968,
    0.4299999951266664,
    0.4299999993995718,
    0.4299999250458502,
    0.42999992976665474,
    0.42999995054998097,
    0.4299998148609337,
    0.42999995054998097,
    0.41,
    0.41000000279259907,
    0.4299999967319999,
    0.4299999967319999,
    0.41000000472000014,
    0.429999998538,
    0.41000003245001443,
    0.4299998279998968,
    0.4299999870999978,
    0.42,
    0.41000015340011353,
    0.41,
    0.4199998235998977,
    0.4199999815384605,
    0.41000000998528385,
    0.41,
    0.42,
    0.4352135181499491,
    0.400000060000024,
    0.43,
    0.400000060000024,
    0.42,
    0.40000004897960784,
    0.4199999831999973,
    0.4199999453999798,
    0.40000000600000024,
    0.4,
    0.4199996079990592,
    0.4199999819999982,
    0.41999998090909,
    0.4,
    0.4,
    0.4199999453999798,
    0.4,
    0.4,
    0.4,
    0.4199999831999973,
    0.41,
    0.4199999972198581,
    0.41999986451608534,
    0.41999999845999997,
    0.41999998809999933,
    0.41999998809999933,
    0.4,
    0.4199999453999798,
    0.4199999677999971,
    0.4,
    0.4199952398952777,
    0.41999998090909,
    0.4199998235998977,
    0.4199998235998977,
    0.4,
    0.4,
    0.41999938399679676,
    0.4103237454351483,
    0.41,
    0.4099998236998995,
    0.40999995218361657,
    0.4099999835999974,
    0.40999998348993133,
    0.4,
    0.4,
    0.41,
    0.400000060000024,
    0.41,
    0.4099998236998995,
    0.41,
    0.4,
    0.41,
    0.409999997622,
    0.4,
    0.4,
    0.4,
    0.4099998236998995,
    0.4,
    0.4199998235998977,
    0.41999998991999926,
    0.4199999979799599,
    0.4,
    0.4199999858249996,
    0.4,
    0.4,
    0.42,
    0.42,
    0.4,
    0.4199998235998977,
    0.42,
    0.42,
    0.4,
    0.42,
    0.4,
    0.41999999327999976,
    0.42,
    0.4,
    0.4,
    0.4,
    0.41999999943370786,
    0.42,
    0.42,
    0.4,
    0.41776374083000817,
    0.4,
    0.4,
    0.40999998912770363,
    0.400000060000024,
    0.40000000240000005,
    0.400000060000024,
    0.4,
    0.4099999956004566,
    0.4,
    0.41,
    0.4099999849225802,
    0.4099999909799993,
    0.4099999909799993,
    0.4099999909799993,
    0.4099999909799993,
    0.40999990618638266,
    0.40999998248181735,
    0.4099999909799993,
    0.4099999909799993,
    0.4099999909799993,
    0.4099999909799993,
    0.40999999688399996,
    0.4099999909799993,
    0.4099999909799993,
    0.4099999909799993,
    0.40999999688399996,
    0.4,
    0.37000000183325094,
    0.4099999909799993,
    0.4099999835999974,
    0.4036700445037201,
    0.4,
    0.4,
    0.37,
    0.4,
    0.37,
    0.37,
    0.37,
    0.37,
    0.37,
    0.37,
    0.37,
    0.37,
    0.37,
    0.37,
    0.37,
    0.37,
    0.37,
    0.37,
    0.37,
    0.37,
    0.4,
    0.4,
    0.4,
    0.4,
    0.4099999909799993,
    0.3800000003963144,
    0.4199999697599901,
    0.4199998235998977,
    0.4195187841851904,
    0.4099999835999974,
    0.4188415019115285,
    0.3800000039923074,
    0.38,
    0.39,
    0.39,
    0.42,
    0.40999999722816893,
    0.40999999843130436,
    0.41,
    0.4199999967,
    0.41000000112207263,
    0.42,
    0.4200022040357054,
    0.43,
    0.4200022040357054,
    0.42,
    0.4299999987386667,
    0.42,
    0.42999780698925427,
    0.42000009860008186,
    0.42,
    0.42,
    0.4200022040357054,
    0.4200022040357054,
    0.43,
    0.42,
    0.42000000015466665,
    0.42,
    0.42999999327735927,
    0.43,
    0.42,
    0.43,
    0.4200000255882417,
    0.42,
    0.4299999870999978,
    0.43,
    0.42,
    0.4499999927477836,
    0.44,
    0.43,
    0.43999980639989156,
    0.43999999823999997,
    0.43,
    0.43999980639989156,
    0.43,
    0.42000004776473004,
    0.4200000100123309,
    0.43,
    0.43,
    0.4699999961294117,
    0.4200000041244446,
    0.42000000603200016,
    0.42000000603200016,
    0.42,
    0.43,
    0.4200000009373738,
    0.46999999917749996,
    0.45,
    0.44,
    0.42,
    0.4399999894399992,
    0.42,
    0.43,
    0.43999999207999974,
    0.42000000700377377,
    0.4399999786851185,
    0.43999997359999826,
    0.4200000139200011,
    0.4200000139200011,
    0.4399999894399992,
    0.4399992079974656,
    0.42000000591836767,
    0.43999980639989156,
    0.44,
    0.43999999295999986,
    0.42,
    0.4399999295999761,
    0.44,
    0.42,
    0.42,
    0.4299999706166638,
    0.42,
    0.42999995054998097,
    0.42,
    0.43,
    0.4200000017400001,
    0.43999997166368193,
    0.4399999964799999,
    0.42000000032492996,
    0.42000009860008186,
    0.43,
    0.4499999488636256,
    0.43,
    0.43,
    0.4699999943628185,
    0.4200000015696888,
    0.43,
    0.43,
    0.43,
    0.43,
    0.4299999978504299,
    0.42,
    0.4299998279998968,
    0.4299999870999978,
    0.42,
    0.42,
    0.4299998279998968,
    0.44,
    0.43999980639989156,
    0.43999996479999576,
    0.42000000464000087,
    0.42,
    0.4399999964799999,
    0.43,
    0.4200000662857446,
    0.42,
    0.44,
    0.43999980639989156,
    0.42,
    0.4299999750135116,
    0.43,
    0.42,
    0.42999999612999984,
    0.42,
    0.42,
    0.42,
    0.4200002743945313,
    0.4399999736752096,
    0.42,
    0.43999996479999576,
    0.43,
    0.4399999905149697,
    0.44,
    0.44999999249999983,
    0.44,
    0.46,
    0.45,
    0.4866388439018313,
    0.4699998918999708,
    0.46,
    0.49485711495662743,
    0.4699998777999096,
    0.4400000301538503,
    0.47999982719988943,
    0.47999982719988943,
    0.47999982719988943,
    0.47999982719988943,
    0.47999982719988943,
    0.47999982719988943,
    0.48999982849988855,
    0.48999982849988855,
    0.48999982849988855,
    0.48999999673333283,
    0.48999982849988855,
    0.5,
    0.5,
    0.5,
    0.5,
    0.5,
    0.5,
    0.5,
    0.5,
    0.5,
    0.5,
    0.5,
    0.5,
    0.5,
    0.45,
    0.42000000232,
    0.5,
    0.5,
    0.5,
    0.5,
    0.5,
    0.4200001378218859,
    0.5,
    0.5,
    0.5,
    0.5,
    0.5,
    0.5,
    0.5,
    0.4314288636591151,
    0.41000015340011353,
    0.4299998279998968,
    0.4300000527250215,
    0.49,
    0.5,
    0.58
]
