[
    0.999,
    0.999,
    0.999,
    0.999,
    0.999,
    0.999,
    0.999,
    0.999,
    0.999,
    0.999,
    0.999,
    0.999,
    0.999,
    0.999,
    0.999,
    0.999,
    0.999,
    0.999,
    0.999,
    0.999,
    0.999,
    0.999,
    0.999,
    0.999,
    0.999,
    0.995,
    0.998,
    0.993,
    0.996,
    0.998999999116971,
    0.995,
    0.995,
    0.998,
    0.998,
    0.998,
    0.998,
    0.998,
    0.999,
    0.998,
    0.999,
    0.998,
    0.996,
    0.991,
    0.998,
    0.998,
    0.998,
    0.999,
    0.999,
    0.999,
    0.999,
    0.999,
    0.991,
    0.98,
    0.9956952053727678,
    0.98,
    0.99,
    0.99,
    0.97,
    0.97,
    0.97,
    0.97,
    0.98,
    0.97,
    0.97,
    0.98,
    0.98,
    0.98,
    0.97,
    0.98,
    0.9799999793428386,
    0.97,
    0.9700000288000011,
    0.98,
    0.98,
    0.97,
    0.9700000288000011,
    0.97,
    0.97,
    0.98,
    0.97,
    0.9700000057000001,
    0.9700000288000011,
    0.97,
    0.98,
    0.97,
    0.97,
    0.96999997512642,
    0.97,
    0.9432410886742757,
    0.9299999992559999,
    0.9099997512665688,
    0.9099997512665688,
    0.91,
    0.92,
    0.92,
    0.9,
    0.9,
    0.9,
    0.919999996319999,
    0.92,
    0.91,
    0.91,
    0.9199999975466651,
    0.9099999597344082,
    0.9,
    0.89,
    0.89,
    0.85,
    0.85,
    0.85,
    0.85,
    0.85,
    0.85,
    0.84,
    0.85,
    0.84,
    0.84,
    0.84,
    0.84,
    0.84,
    0.84,
    0.84,
    0.84,
    0.84,
    0.84,
    0.84,
    0.84,
    0.8599999955717877,
    0.8599999862399988,
    0.8899999396231095,
    0.8820419891841883,
    0.88,
    0.8799999846956325,
    0.8799999846956325,
    0.88,
    0.8899999452306884,
    0.8799998057930124,
    0.8898887378136073,
    0.88,
    0.88,
    0.8799997563075723,
    0.8799999846956325,
    0.8799999832380556,
    0.8799999832380556,
    0.9,
    0.9,
    0.9,
    0.9,
    0.9,
    0.9,
    0.89,
    0.88,
    0.8899999965731568,
    0.89,
    0.89,
    0.89,
    0.89,
    0.9248340805041593,
    0.9,
    0.89,
    0.9,
    0.89,
    0.9,
    0.9194745272733944,
    0.9070223298629542,
    0.9,
    0.8800000192000008,
    0.89,
    0.88,
    0.8200001296000363,
    0.8898750468574285,
    0.82,
    0.8100001156522041,
    0.82,
    0.8199999915831028,
    0.8,
    0.8,
    0.8,
    0.8,
    0.7599999989567604,
    0.79,
    0.79,
    0.79,
    0.8,
    0.8,
    0.8,
    0.8,
    0.7904165424000122,
    0.7799999991109422,
    0.76,
    0.74,
    0.7100000522000081,
    0.71,
    0.74,
    0.74,
    0.74,
    0.7400000353600023,
    0.8,
    0.77,
    0.7799999984399996,
    0.7694456621218877,
    0.77,
    0.75,
    0.7699999935526305,
    0.75,
    0.72,
    0.72,
    0.7,
    0.72,
    0.7299997312271274,
    0.72,
    0.7199999879999952,
    0.72,
    0.72,
    0.72,
    0.69,
    0.69,
    0.69,
    0.69,
    0.69,
    0.69,
    0.7,
    0.7198078259198486,
    0.69,
    0.69,
    0.6899999842544539,
    0.6600000589333428,
    0.6899999392799931,
    0.66,
    0.6600000367200034,
    0.7,
    0.67,
    0.67,
    0.6999999684999982,
    0.6700000188100008,
    0.67,
    0.68,
    0.68,
    0.670000217800074,
    0.6700000025499435,
    0.67,
    0.67,
    0.670000217800074,
    0.69,
    0.690000003162,
    0.6900000051925,
    0.7099995495169058,
    0.6900001705000767,
    0.7,
    0.69,
    0.7,
    0.700000180000072,
    0.7399999348799927,
    0.700000180000072,
    0.729999987589999,
    0.7,
    0.8788154847415482,
    0.85,
    0.84,
    0.8499999943446418,
    0.8499994474992542,
    0.8499999973645561,
    0.85,
    0.830000002788,
    0.84,
    0.85,
    0.8799999964799989,
    0.85,
    0.85,
    0.82,
    0.82,
    0.8,
    0.8,
    0.8,
    0.8,
    0.8,
    0.79,
    0.76,
    0.7,
    0.7,
    0.7,
    0.73,
    0.73,
    0.75,
    0.75,
    0.73,
    0.75,
    0.75,
    0.7400000161200007,
    0.74,
    0.7,
    0.72,
    0.72,
    0.72,
    0.72,
    0.72,
    0.72,
    0.7200000090810814,
    0.72,
    0.72,
    0.71,
    0.73,
    0.720000001344,
    0.73,
    0.73,
    0.7200000001835508,
    0.73,
    0.67000033000033,
    0.7,
    0.72,
    0.72,
    0.72,
    0.72,
    0.7200000145600007,
    0.72,
    0.72,
    0.7,
    0.72,
    0.67,
    0.69,
    0.68,
    0.68,
    0.7199996543987834,
    0.69,
    0.7199998559995968,
    0.71,
    0.7000000180000007,
    0.7,
    0.67,
    0.72,
    0.69,
    0.67,
    0.7,
    0.66,
    0.68,
    0.6699999195999292,
    0.66,
    0.66,
    0.65,
    0.64,
    0.64,
    0.69,
    0.67,
    0.67,
    0.67,
    0.68,
    0.68,
    0.66,
    0.68,
    0.65,
    0.63,
    0.66,
    0.66,
    0.65,
    0.64,
    0.64,
    0.63,
    0.63,
    0.63,
    0.62,
    0.61,
    0.61999999752,
    0.6100000002223,
    0.6100000005950612,
    0.61,
    0.61,
    0.61,
    0.63,
    0.63,
    0.63,
    0.63,
    0.6299999180999697,
    0.61,
    0.6100019890097461,
    0.63,
    0.63,
    0.63,
    0.63,
    0.6100000140400009,
    0.61000039000039,
    0.63,
    0.61,
    0.6100000097500002,
    0.6100002876251474,
    0.6299999990549999,
    0.62,
    0.61,
    0.6100000044818701,
    0.63,
    0.6299999682260831,
    0.63,
    0.62,
    0.6200000199671615,
    0.62,
    0.6200000258400035,
    0.6200000008107027,
    0.64,
    0.64,
    0.62,
    0.63,
    0.63,
    0.63,
    0.63,
    0.63,
    0.63,
    0.63,
    0.64,
    0.63,
    0.63,
    0.63,
    0.630000004292,
    0.64,
    0.64,
    0.63,
    0.63,
    0.64,
    0.6400000129051536,
    0.63,
    0.6499999593749923,
    0.6499999984501669,
    0.6300002636251417,
    0.6492930582836371,
    0.64,
    0.64,
    0.64,
    0.64,
    0.64,
    0.6300000012524569,
    0.64,
    0.6300000058629005,
    0.64,
    0.6300000062160002,
    0.6300001369000863,
    0.63,
    0.64,
    0.64,
    0.6300000325600037,
    0.63,
    0.63,
    0.6300000054575,
    0.63,
    0.6300001369000863,
    0.630000001961,
    0.64,
    0.63,
    0.64,
    0.64,
    0.630000009501511,
    0.6300000179393958,
    0.6300000185000014,
    0.6300000046708748,
    0.63000000296,
    0.63,
    0.6300000325600037,
    0.6300000229400009,
    0.6300001033824001,
    0.64,
    0.64,
    0.64,
    0.6400000129600009,
    0.6400000792000222,
    0.6499999979600803,
    0.6400000459574532,
    0.6400000181512615,
    0.6499999934999994,
    0.6400000230400031,
    0.6499999808823521,
    0.64,
    0.64,
    0.64,
    0.65,
    0.6400000043756907,
    0.65,
    0.6499999934999994,
    0.6400001296000829,
    0.6499999945833332,
    0.6400000792000222,
    0.64,
    0.6400000033230769,
    0.6400000230400031,
    0.64,
    0.64,
    0.64,
    0.64,
    0.64,
    0.64,
    0.64,
    0.65,
    0.6400000079200002,
    0.6499999897151868,
    0.6499999934999994,
    0.6499994583292708,
    0.6400000230400031,
    0.6400006912014377,
    0.64999969047339,
    0.6400000230400031,
    0.65,
    0.64,
    0.6400001296000829,
    0.6400001296000829,
    0.64,
    0.64,
    0.6400000021122817,
    0.6499999349999631,
    0.64,
    0.64,
    0.649999739999064,
    0.6599999148381712,
    0.66,
    0.6502979304827584,
    0.6502979252451517,
    0.6502127777945451,
    0.6499700747691219,
    0.6499695130443933,
    0.64,
    0.640000000624,
    0.6499700748080646,
    0.6499700746801695,
    0.6400001296000829,
    0.65,
    0.65,
    0.6599998943999641,
    0.65,
    0.6400000094667645,
    0.6400000001139109,
    0.64,
    0.64,
    0.66,
    0.6581516511946564,
    0.6400000246857162,
    0.6400000129600009,
    0.6400001884112925,
    0.640000002304,
    0.64,
    0.64,
    0.6400001296000829,
    0.6400000017515881,
    0.64,
    0.6499988181624791,
    0.6400000044081633,
    0.64,
    0.6499999934999994,
    0.6400000230400031,
    0.66,
    0.6400001296000829,
    0.6599979935900482,
    0.6400001296000829,
    0.6599999986865671,
    0.65,
    0.6400000115384621,
    0.6400000792000222,
    0.65,
    0.6400000142776209,
    0.6599999979692307,
    0.6400000236453225,
    0.6599999878999993,
    0.6400000153409096,
    0.6599999932705878,
    0.6400000186839674,
    0.6548302869363074,
    0.66,
    0.66,
    0.6599999841599988,
    0.65,
    0.65,
    0.640000018635752,
    0.65,
    0.65,
    0.66,
    0.65000035000035,
    0.65,
    0.66,
    0.6500000045190446,
    0.6599999988421053,
    0.65,
    0.6500000024039783,
    0.6500000160673303,
    0.6599999972499999,
    0.65,
    0.66,
    0.6500064167629181,
    0.6500012727342149,
    0.6599998585709538,
    0.66,
    0.66,
    0.6500001225000797,
    0.6500001225000797,
    0.6599999295999606,
    0.66,
    0.65,
    0.6599999735999935,
    0.66,
    0.65,
    0.66,
    0.65,
    0.6500000437500054,
    0.65,
    0.6500000254545483,
    0.65,
    0.65,
    0.66,
    0.6599999603999865,
    0.6599998943999641,
    0.6599999603999865,
    0.6599999841599988,
    0.66,
    0.659999991199999,
    0.6500000030288462,
    0.6599999998679736,
    0.6599998943999641,
    0.6599999621599971,
    0.66,
    0.65,
    0.65999999912,
    0.650000070000021,
    0.6599998943999641,
    0.6599997843999267,
    0.65,
    0.6599998943999641,
    0.6500000385000034,
    0.6599983326270156,
    0.6599997843999267,
    0.6599998943999641,
    0.6599998943999641,
    0.6599983326270156,
    0.6500000157500009,
    0.6500000157500009,
    0.6599983613720778,
    0.6500000082460735,
    0.6599999946486486,
    0.66,
    0.6500000208747523,
    0.6599999944421048,
    0.65,
    0.6599999950779658,
    0.65,
    0.6599999917866664,
    0.6500001225000797,
    0.659999991199999,
    0.65,
    0.6500000105000002,
    0.6599999603999865,
    0.65000035000035,
    0.6500003589749113,
    0.65,
    0.6599999735999935,
    0.6500006363644077,
    0.6500001283333718,
    0.6599999796922771,
    0.65,
    0.6599999869629616,
    0.6500000385000034,
    0.6599999603999865,
    0.6599999587498737,
    0.65,
    0.66,
    0.65,
    0.6400000129600009,
    0.64,
    0.6300000004976534,
    0.63,
    0.61,
    0.61,
    0.61,
    0.61,
    0.62,
    0.6,
    0.64,
    0.63,
    0.61,
    0.61,
    0.61,
    0.64,
    0.6100000097500002,
    0.6100000140400009,
    0.61000000325,
    0.6100000138075585,
    0.61,
    0.6499999934999994,
    0.6100001521000927,
    0.6100001992392452,
    0.65,
    0.63,
    0.6,
    0.63,
    0.65,
    0.6,
    0.5900000030373584,
    0.6499999528984859,
    0.64,
    0.63,
    0.64,
    0.58,
    0.63,
    0.5899999527999094,
    0.5698813214840792,
    0.5698813223269623,
    0.5698813221620384,
    0.5799994895994284,
    0.52,
    0.5100000470336984,
    0.53,
    0.5200000173614276,
    0.6180379690242949,
    0.6299982989875826,
    0.6299982989875826,
    0.6299982989875826,
    0.6299994644977777,
    0.6299998529995443,
    0.6299999639998992,
    0.63,
    0.54,
    0.6199995177768133,
    0.54,
    0.61,
    0.6199988839908487,
    0.619999994213333,
    0.54,
    0.62,
    0.619999302498605,
    0.54,
    0.55,
    0.6299997334606261,
    0.63,
    0.669999928214037,
    0.669999928214037,
    0.669999928214037,
    0.6666666666666666,
    0.669999925555357,
    0.6699999842352852,
    0.6699999602962693,
    0.669999962479987,
    0.4900000302222316,
    0.669999956103436,
    0.49000008926499206,
    0.6571529147151044,
    0.64,
    0.64,
    0.64,
    0.649999739999064,
    0.64,
    0.6499992777732304,
    0.65,
    0.6599995379980134,
    0.679994831935916,
    0.669999962479987,
    0.65,
    0.6500007875021656,
    0.58,
    0.7199998559995968,
    0.75,
    0.7399978765093674,
    0.5900000449677515,
    0.5900002654679315,
    0.7399999953749986,
    0.7399999753333238,
    0.74,
    0.7399999753333238,
    0.7327011244998254,
    0.7299999561999676,
    0.73,
    0.7199991138336111,
    0.7199999519999232,
    0.6899997929992341,
    0.7199985230723787,
    0.64,
    0.649999739999064,
    0.44000000172307707,
    0.44,
    0.6599997359979936,
    0.6599999888307677,
    0.6552068947129734,
    0.6299994644977777,
    0.6299999824999519,
    0.6299994346129926,
    0.6299996975989356,
    0.6299999015622078,
    0.64,
    0.5877697974926316,
    0.42000005240966537,
    0.4200000077333345,
    0.48,
    0.42000004955726217,
    0.58,
    0.5618856339616337,
    0.48000016199392925,
    0.5599999077646668,
    0.5599986559942656,
    0.56,
    0.5599999751662927,
    0.5699989142826123,
    0.5699999615957336,
    0.5699975465109651,
    0.53999963999964,
    0.4200002259742314,
    0.5899990743086052,
    0.64,
    0.58,
    0.6299997334606261,
    0.32,
    0.33,
    0.76
]
