[
    0.002,
    0.002,
    0.001,
    0.01,
    0.01,
    0.04495408744549761,
    0.01,
    0.01,
    0.01,
    0.03,
    0.05,
    0.02,
    0.02,
    0.01,
    0.05,
    0.01,
    0.01,
    0.01,
    0.01,
    0.03,
    0.02,
    0.02,
    0.01,
    0.03000000194303677,
    0.06999936999937,
    0.06999999390999992,
    0.04,
    0.059999994599999946,
    0.08,
    0.09,
    0.03,
    0.03,
    0.04,
    0.07,
    0.1,
    0.07,
    0.07,
    0.07,
    0.06999991786665352,
    0.05,
    0.05,
    0.03,
    0.05,
    0.04,
    0.09,
    0.07,
    0.03,
    0.06,
    0.08,
    0.11,
    0.1,
    0.1,
    0.12,
    0.13,
    0.13,
    0.14,
    0.15,
    0.15,
    0.15,
    0.16,
    0.16,
    0.2,
    0.23,
    0.2,
    0.2,
    0.30999999480749996,
    0.29,
    0.299999819999928,
    0.3099998294999233,
    0.32,
    0.31974822974036193,
    0.32,
    0.27,
    0.299999819999928,
    0.32,
    0.33,
    0.3099998294999233,
    0.3194877535242103,
    0.349999929999979,
    0.35,
    0.36999986309991373,
    0.36999997705999915,
    0.36,
    0.35000002166666955,
    0.36,
    0.3599999870399992,
    0.35999992079997784,
    0.37,
    0.51,
    0.53,
    0.53,
    0.53,
    0.569999999145,
    0.53,
    0.53000000141,
    0.52,
    0.5,
    0.48,
    0.44166694449074845,
    0.41,
    0.42,
    0.42,
    0.38000003100001395,
    0.34,
    0.32,
    0.34,
    0.41,
    0.4,
    0.31,
    0.29,
    0.28085531920701945,
    0.250929354597089,
    0.23000000045540958,
    0.2592198235404543,
    0.25,
    0.28,
    0.28,
    0.289999866599928,
    0.3,
    0.33,
    0.35,
    0.37717121206706516,
    0.28,
    0.26,
    0.26,
    0.23,
    0.21,
    0.2600002907157289,
    0.26000888033745284,
    0.22705882352941176,
    0.22,
    0.21999997271999794,
    0.21989580325112873,
    0.21,
    0.24,
    0.24,
    0.27,
    0.31,
    0.3,
    0.3,
    0.31,
    0.31,
    0.32,
    0.35,
    0.38,
    0.38,
    0.4,
    0.41,
    0.41,
    0.43999999753599994,
    0.44,
    0.41000000531000047,
    0.42,
    0.4000000069484659,
    0.41,
    0.385,
    0.34,
    0.3499999614999965,
    0.330000265690466,
    0.36997705912824685,
    0.32,
    0.34,
    0.34,
    0.33,
    0.34,
    0.35,
    0.35,
    0.3799999695999948,
    0.38,
    0.39,
    0.4,
    0.42,
    0.44,
    0.48,
    0.48,
    0.4875730941409901,
    0.48,
    0.48999995589999296,
    0.4795812926150005,
    0.46999999247999963,
    0.45,
    0.47375,
    0.4577777777777778,
    0.4300001767002986,
    0.4300001767002986,
    0.43,
    0.42,
    0.38,
    0.350000260000936,
    0.35,
    0.36907729637875364,
    0.35,
    0.3699999781886377,
    0.34,
    0.3400000880002816,
    0.34,
    0.3400000096350392,
    0.36,
    0.34000000487985255,
    0.34,
    0.35,
    0.35,
    0.350000260000936,
    0.36,
    0.36,
    0.36,
    0.36,
    0.36,
    0.36,
    0.35,
    0.35,
    0.37,
    0.37999999635199994,
    0.3500000015294118,
    0.36,
    0.35,
    0.36,
    0.3500000006841546,
    0.35,
    0.38,
    0.36,
    0.36,
    0.35000000302708567,
    0.36,
    0.3862571588663993,
    0.38,
    0.37,
    0.38,
    0.36,
    0.35,
    0.39,
    0.4,
    0.36,
    0.3799999741599966,
    0.38,
    0.38,
    0.38,
    0.3800000136400011,
    0.4,
    0.39,
    0.38,
    0.4,
    0.4,
    0.42,
    0.41,
    0.42,
    0.41,
    0.44,
    0.44,
    0.46,
    0.47,
    0.47,
    0.47,
    0.48,
    0.48,
    0.48,
    0.4799999827199989,
    0.4600000097200008,
    0.46,
    0.46,
    0.460000000702,
    0.4600000097200008,
    0.45000036666703336,
    0.4699998918999708,
    0.45000001100000053,
    0.48,
    0.4852223047318885,
    0.46,
    0.48,
    0.48,
    0.48,
    0.5199999812799988,
    0.51,
    0.48,
    0.5,
    0.51,
    0.51,
    0.5,
    0.51,
    0.52,
    0.52,
    0.5399999902799992,
    0.55,
    0.5921745962845542,
    0.5099999997688,
    0.5099998724993944,
    0.51,
    0.5489671852265997,
    0.52,
    0.45000366676444703,
    0.48,
    0.46999999153999933,
    0.47,
    0.47,
    0.5,
    0.5,
    0.5,
    0.5,
    0.48,
    0.4699999929499998,
    0.42,
    0.43,
    0.43,
    0.44000052266792106,
    0.47,
    0.4602179338893285,
    0.4,
    0.4,
    0.39,
    0.3800000291764864,
    0.36,
    0.37,
    0.37,
    0.37,
    0.38,
    0.38,
    0.4040204962119636,
    0.4,
    0.4,
    0.3998352678696377,
    0.37,
    0.38,
    0.36,
    0.38547832834839135,
    0.37999999733999995,
    0.36,
    0.4,
    0.4,
    0.4,
    0.43,
    0.4,
    0.42,
    0.44,
    0.47761194029850745,
    0.44,
    0.45,
    0.45,
    0.46,
    0.5048511243028744,
    0.4499999549999955,
    0.45,
    0.45,
    0.45,
    0.44999999459999984,
    0.4400000099408297,
    0.45,
    0.44000002115425113,
    0.44,
    0.4499999990625,
    0.4499999856818173,
    0.4400000224000036,
    0.41,
    0.40000000305421235,
    0.45,
    0.41,
    0.44,
    0.45,
    0.45,
    0.4500000006781751,
    0.45,
    0.45,
    0.45,
    0.4599997607998852,
    0.46,
    0.4499999797499989,
    0.451,
    0.45,
    0.45,
    0.48,
    0.48,
    0.5,
    0.5,
    0.5,
    0.519999989599995,
    0.5199999833599972,
    0.52,
    0.52,
    0.5399999986499998,
    0.53,
    0.55,
    0.56,
    0.5699998896770848,
    0.57,
    0.5600000105600008,
    0.59,
    0.5899999893799996,
    0.59,
    0.560000070400024,
    0.57,
    0.57,
    0.57,
    0.58,
    0.58,
    0.580000025670631,
    0.58,
    0.58,
    0.58,
    0.56,
    0.56,
    0.5790312642530744,
    0.58,
    0.58,
    0.62,
    0.64,
    0.64,
    0.61,
    0.62,
    0.610000000351,
    0.610000004134,
    0.61,
    0.64,
    0.64,
    0.6199999990906666,
    0.61,
    0.619999993910714,
    0.63,
    0.62,
    0.6199999964571427,
    0.6100000140400009,
    0.6100000140400009,
    0.61,
    0.64,
    0.6100000187909099,
    0.64,
    0.6490800672601322,
    0.629999999748,
    0.61,
    0.61,
    0.6100000005641519,
    0.64,
    0.64,
    0.64,
    0.6499999934999994,
    0.649999998375,
    0.6366114870609849,
    0.63,
    0.6100000140400009,
    0.61,
    0.63,
    0.629999998236,
    0.62,
    0.61,
    0.6200395092195151,
    0.6299999880299978,
    0.6100000702000155,
    0.6299999952749997,
    0.63,
    0.629999998236,
    0.6299999926499996,
    0.62,
    0.619999999876,
    0.6100000007350667,
    0.6,
    0.6,
    0.62,
    0.6299999880299978,
    0.6200000136800005,
    0.6200000136800005,
    0.62,
    0.6200000167200009,
    0.6200000011520971,
    0.6200000040072727,
    0.6299996975989356,
    0.6299999880299978,
    0.6200000258400035,
    0.6299999880299978,
    0.63,
    0.62,
    0.62,
    0.62,
    0.62,
    0.62,
    0.62,
    0.629999999748,
    0.629999948339994,
    0.629999901719976,
    0.62999999748,
    0.6200000300990117,
    0.62,
    0.6299999453999683,
    0.6299992588200415,
    0.63,
    0.62,
    0.63,
    0.6299999631817964,
    0.6200000258400035,
    0.62,
    0.6299999942622946,
    0.6200000263650097,
    0.63,
    0.63,
    0.629999994339905,
    0.6299999986979999,
    0.6299998858695032,
    0.6200000532000192,
    0.6299998998461184,
    0.6200022800188916,
    0.63,
    0.620000003648,
    0.63,
    0.63,
    0.6299999975696202,
    0.6200000027830986,
    0.62,
    0.6299999763749949,
    0.6200000136800005,
    0.63,
    0.6299999369999866,
    0.6299999996318182,
    0.629999998236,
    0.6299999680298428,
    0.61,
    0.63,
    0.63,
    0.6100001521000927,
    0.6299999880299978,
    0.6299999676486329,
    0.61,
    0.6299999579999901,
    0.610000004134,
    0.6299999880299978,
    0.63,
    0.62,
    0.6100000008512186,
    0.6100002553572796,
    0.63,
    0.63,
    0.63,
    0.6100000081886122,
    0.6299999880299978,
    0.6299998806315388,
    0.63,
    0.61,
    0.62,
    0.61,
    0.61,
    0.63,
    0.6100000003490664,
    0.62,
    0.64,
    0.64,
    0.64,
    0.64,
    0.64,
    0.64,
    0.64,
    0.64,
    0.64,
    0.64,
    0.64,
    0.64,
    0.64,
    0.6200000167200009,
    0.6499999934999994,
    0.65,
    0.6470987278205658,
    0.63,
    0.6299982989875826,
    0.6200000258400035,
    0.6299982989875826,
    0.6299982989875826,
    0.6299982989875826,
    0.6100000226200032,
    0.63,
    0.63,
    0.629999948339994,
    0.6299982989875826,
    0.6100000638676076,
    0.6299982989875826,
    0.6299982989875826,
    0.61,
    0.6368539386808945,
    0.6299982989875826,
    0.6100000267558152,
    0.6299999180999697,
    0.63,
    0.6299982989875826,
    0.6100004303458366,
    0.6299982989875826,
    0.6199988839908487,
    0.6199998511998869,
    0.6199999627999948,
    0.6199988839908487,
    0.6199999627999948,
    0.6100000299000027,
    0.619999986359999,
    0.6199988839908487,
    0.6199988839908487,
    0.6199988839908487,
    0.6199999910719994,
    0.6199988839908487,
    0.6199988839908487,
    0.62,
    0.61,
    0.6199988839908487,
    0.62,
    0.62,
    0.62,
    0.62,
    0.62,
    0.6299982989875826,
    0.6200000258400035,
    0.6299982989875826,
    0.6200010640076609,
    0.6200000988000731,
    0.6299982989875826,
    0.62,
    0.62,
    0.63,
    0.64,
    0.64,
    0.6300007955022672,
    0.64,
    0.64,
    0.64,
    0.64,
    0.64,
    0.64,
    0.64,
    0.64,
    0.64,
    0.6499983749878124,
    0.63,
    0.63,
    0.65,
    0.6300014230823965,
    0.6499983749878124,
    0.6499983749878124,
    0.6499999674999887,
    0.6499983749878124,
    0.65,
    0.63,
    0.65,
    0.6499999904411761,
    0.6499983749878124,
    0.6499983749878124,
    0.6499999794736805,
    0.63,
    0.65,
    0.65,
    0.6499983749878124,
    0.6499999964545453,
    0.6416186950287968,
    0.64,
    0.64,
    0.64,
    0.64,
    0.64,
    0.64,
    0.64,
    0.64,
    0.6300000888000231,
    0.64,
    0.64,
    0.64,
    0.64,
    0.64,
    0.64,
    0.63,
    0.6300005549015645,
    0.6300000727666766,
    0.64,
    0.64,
    0.64,
    0.6300001369000863,
    0.64,
    0.6200001558975052,
    0.62,
    0.64,
    0.64,
    0.6200000054720002,
    0.6200000054720002,
    0.64,
    0.64,
    0.64,
    0.64,
    0.62,
    0.64,
    0.64,
    0.62,
    0.64,
    0.64,
    0.64,
    0.64,
    0.6499999024999659,
    0.65,
    0.649999739999064,
    0.64,
    0.64,
    0.64,
    0.6499999024999659,
    0.62,
    0.6200000258400035,
    0.6499999651785608,
    0.64,
    0.6200000532000192,
    0.6200000167200009,
    0.6499999934999994,
    0.6200000021955556,
    0.649999994090908,
    0.6499998916663237,
    0.649999994090908,
    0.65,
    0.6499999934999994,
    0.65,
    0.6499999972916665,
    0.649999994090908,
    0.6499999972916665,
    0.6499999990249999,
    0.65,
    0.6499999972916665,
    0.65,
    0.6499999869999994,
    0.65,
    0.65,
    0.6200000228000024,
    0.649999994090908,
    0.6497088853833795,
    0.6200000988000731,
    0.64,
    0.64,
    0.64,
    0.64,
    0.64,
    0.64,
    0.64,
    0.6200000258400035,
    0.64,
    0.6200000988000731,
    0.64,
    0.6200000988000731,
    0.64,
    0.64,
    0.6374501992031872,
    0.64,
    0.64,
    0.64,
    0.64,
    0.64,
    0.64,
    0.64,
    0.6200000988000731,
    0.6200000136098028,
    0.64,
    0.6200000652200852,
    0.64,
    0.6435643557984511,
    0.6499999593749923,
    0.64,
    0.6100001521000927,
    0.64,
    0.62,
    0.64,
    0.61,
    0.6414557816217237,
    0.6299999529923039,
    0.629999948339994,
    0.63,
    0.62,
    0.6299999954181814,
    0.6299999954181814,
    0.6100000046612803,
    0.62,
    0.64,
    0.6499999934999994,
    0.6499999934999994,
    0.6499999934999994,
    0.6499999869999994,
    0.6200000258400035,
    0.6499999934999994,
    0.6499999911828537,
    0.6424339927958153,
    0.64,
    0.64,
    0.6375172280029057,
    0.6200000141142862,
    0.629999998236,
    0.63,
    0.63,
    0.629999998236,
    0.61000039000039,
    0.610000001755,
    0.64,
    0.64,
    0.64,
    0.64,
    0.62,
    0.63,
    0.6200000988000731,
    0.62,
    0.6100000362756299,
    0.64,
    0.62,
    0.64,
    0.64,
    0.6100003322225545,
    0.63,
    0.64,
    0.64,
    0.6382352794523144,
    0.6299999180999697,
    0.6299982989875826,
    0.610000109200024,
    0.6299959679451641,
    0.6299982989875826,
    0.6299982989875826,
    0.6100000140400009,
    0.64,
    0.64,
    0.64,
    0.64,
    0.6100022500140626,
    0.62,
    0.64,
    0.64,
    0.64,
    0.64,
    0.64,
    0.6200001900001209,
    0.64,
    0.63,
    0.63,
    0.63,
    0.63,
    0.64,
    0.6300001369000863,
    0.64,
    0.64,
    0.6200001076667259,
    0.63,
    0.63,
    0.6200000258400035,
    0.6299997560424401,
    0.6388277433078715,
    0.629999991047368,
    0.6100000043727274,
    0.629999990697196,
    0.629999997975,
    0.6100000119895594,
    0.6100000087176474,
    0.6299999780072719,
    0.6299999763749949,
    0.61,
    0.62,
    0.6200000988000731,
    0.6200000258400035,
    0.6389689294359245,
    0.629999948339994,
    0.629999948339994,
    0.6299999180999697,
    0.6322511301488951,
    0.6299999919288252,
    0.63,
    0.6299999180999697,
    0.6100000226200032,
    0.6100000133714301,
    0.63,
    0.610000109200024,
    0.6100001521000927,
    0.629999948339994,
    0.63,
    0.6299998400768406,
    0.6100000159245431,
    0.6100000226200032,
    0.63,
    0.6100000111800005,
    0.6100000226200032,
    0.6364844796967278,
    0.6299999180999697,
    0.63,
    0.63,
    0.6100000180346838,
    0.634486312400582,
    0.63,
    0.6100000299000027,
    0.63,
    0.61,
    0.63,
    0.6100001521000927,
    0.6100001521000927,
    0.6100001521000927,
    0.610000004134,
    0.6299999180999697,
    0.63,
    0.629999998236,
    0.610000109200024,
    0.63,
    0.629999981099993,
    0.629999998236,
    0.61,
    0.63,
    0.63,
    0.6299999902403838,
    0.63,
    0.6299999880299978,
    0.6336633663366337,
    0.64,
    0.64,
    0.64,
    0.6100000018593024,
    0.62,
    0.61,
    0.6,
    0.61999999752,
    0.6,
    0.6,
    0.5999999759999961,
    0.5700000086974112,
    0.58,
    0.59597,
    0.6,
    0.59,
    0.5999999988004798,
    0.5900001763001005,
    0.5900001763001005,
    0.6,
    0.5900001763001005,
    0.5900001763001005,
    0.5900001763001005,
    0.5900001763001005,
    0.5900001763001005,
    0.5900001763001005,
    0.5900001763001005,
    0.6,
    0.59,
    0.6,
    0.5800001764001023,
    0.5800001764001023,
    0.5800001764001023,
    0.5800001764001023,
    0.5800001764001023,
    0.5800001764001023,
    0.5999999976,
    0.5800001764001023,
    0.5800001764001023,
    0.5999999759999961,
    0.6,
    0.58,
    0.59,
    0.57,
    0.5899998465998865,
    0.57,
    0.45000016041675356
]
