[
    0.001,
    0.001,
    0.001,
    0.001,
    0.001,
    0.003,
    0.01,
    0.01,
    0.02,
    0.02,
    0.02,
    0.02,
    0.02,
    0.02,
    0.04,
    0.030000064669249125,
    0.03,
    0.05,
    0.1,
    0.05,
    0.030000000388000193,
    0.03,
    0.03,
    0.0300001940504143,
    0.04,
    0.03,
    0.03,
    0.03000000030761249,
    0.09,
    0.0951579754601227,
    0.11999989919998387,
    0.09,
    0.07000000096307966,
    0.07,
    0.07000000074400017,
    0.08,
    0.08,
    0.09,
    0.11396681749622926,
    0.09,
    0.09,
    0.1299999466999952,
    0.09000000233333512,
    0.1,
    0.1299999858857138,
    0.1,
    0.12,
    0.11,
    0.15,
    0.20999997395999803,
    0.24,
    0.18000001136259694,
    0.25,
    0.18000000017342643,
    0.2,
    0.24,
    0.22,
    0.3,
    0.27,
    0.300000350001575,
    0.37999994679998084,
    0.36,
    0.35,
    0.3699999922863096,
    0.3150973798296408,
    0.32,
    0.230000001137438,
    0.24,
    0.3359723800716914,
    0.27,
    0.27,
    0.32,
    0.4,
    0.34000000856086693,
    0.5,
    0.5099999993992933,
    0.5299999893999994,
    0.5,
    0.5,
    0.5,
    0.5,
    0.5,
    0.5,
    0.5,
    0.5,
    0.5,
    0.5,
    0.5,
    0.5,
    0.5,
    0.5,
    0.4900000311212843,
    0.5,
    0.55,
    0.5,
    0.5,
    0.4800000027208678,
    0.5,
    0.5,
    0.5599999775999964,
    0.5499999807499988,
    0.5299998720687759,
    0.5,
    0.47,
    0.5,
    0.62,
    0.6599988911974276,
    0.63,
    0.71,
    0.6500000105000002,
    0.7199953919373303,
    0.68,
    0.7,
    0.7,
    0.7399999985050505,
    0.7,
    0.7000000075000001,
    0.7,
    0.75,
    0.71,
    0.69,
    0.67,
    0.7199999519999232,
    0.72,
    0.78,
    0.7278449831332863,
    0.7199993687659473,
    0.73,
    0.74,
    0.8,
    0.79,
    0.79,
    0.8,
    0.6999999977462975,
    0.66,
    0.660000007608735,
    0.66,
    0.66,
    0.69999999965,
    0.6600000088400002,
    0.6600000142800009,
    0.66,
    0.66,
    0.6323254029163469,
    0.62,
    0.6,
    0.62,
    0.58,
    0.6378721355681414,
    0.63,
    0.6200000167200009,
    0.5700000179103658,
    0.6,
    0.6,
    0.65,
    0.62,
    0.619999986359999,
    0.5687898925426194,
    0.5200000120000012,
    0.52,
    0.52,
    0.52,
    0.52,
    0.56,
    0.52,
    0.52,
    0.5,
    0.5,
    0.5,
    0.5,
    0.5,
    0.5,
    0.4919900922967312,
    0.44,
    0.4299999811573021,
    0.36,
    0.34000003960001346,
    0.4,
    0.4,
    0.4,
    0.44,
    0.4399999674073947,
    0.43999997066665886,
    0.4,
    0.4799951998079923,
    0.44,
    0.47,
    0.4799999827199989,
    0.4,
    0.42,
    0.42,
    0.4200000289168716,
    0.42,
    0.42000000464000087,
    0.42000000603200016,
    0.39,
    0.41,
    0.43,
    0.43,
    0.44,
    0.44,
    0.44,
    0.42,
    0.44,
    0.43,
    0.42,
    0.41,
    0.4099999953634893,
    0.3700000076034484,
    0.3900000048800001,
    0.4,
    0.39,
    0.38,
    0.36,
    0.36,
    0.36,
    0.34,
    0.35,
    0.34,
    0.37,
    0.36,
    0.35999999993839915,
    0.35,
    0.3500000406250076,
    0.35,
    0.3499999842499991,
    0.34999998534542875,
    0.3400000019555557,
    0.3400001056000359,
    0.34,
    0.34000058666940447,
    0.34,
    0.3400000158400012,
    0.34000003960001346,
    0.340000001056,
    0.3400000158400012,
    0.34,
    0.34,
    0.3399999958657587,
    0.32000000028729864,
    0.32000000349742846,
    0.3200000054400005,
    0.34,
    0.33,
    0.33,
    0.33,
    0.3200000038857144,
    0.3200001088000914,
    0.32,
    0.3200001088000914,
    0.32,
    0.32000000163200004,
    0.32,
    0.32,
    0.3200000033170733,
    0.339999829999915,
    0.32,
    0.320000000694991,
    0.33,
    0.3300000133002512,
    0.3399999632799966,
    0.32,
    0.32000000362365516,
    0.3200000093255167,
    0.33,
    0.33,
    0.3300000028140001,
    0.3300000804000707,
    0.35,
    0.3300000808621289,
    0.34,
    0.35,
    0.33,
    0.3300011390208441,
    0.3300011390208441,
    0.3300011390208441,
    0.3300011390208441,
    0.3300011390208441,
    0.3300011390208441,
    0.3300011390208441,
    0.3499998774999204,
    0.3300011390208441,
    0.3599999870399992,
    0.3300011390208441,
    0.35999997397590155,
    0.3300000804000707,
    0.3300011390208441,
    0.3300000804000707,
    0.3300000307339576,
    0.3300000804000707,
    0.36,
    0.3300011390208441,
    0.35999997695999686,
    0.3300011390208441,
    0.3300011390208441,
    0.3300011390208441,
    0.33000001608000123,
    0.3300011390208441,
    0.3300000004152078,
    0.35,
    0.35,
    0.35000000650000057,
    0.35000162501218757,
    0.3500000325000114,
    0.35000162501218757,
    0.35000162501218757,
    0.35000009750003414,
    0.35,
    0.35000162501218757,
    0.35000162501218757,
    0.35000162501218757,
    0.35000162501218757,
    0.35,
    0.35,
    0.35000162501218757,
    0.36,
    0.35000000650000057,
    0.3599999870399992,
    0.35000162501218757,
    0.35000162501218757,
    0.35000162501218757,
    0.35000162501218757,
    0.35,
    0.35000162501218757,
    0.35,
    0.35000162501218757,
    0.35,
    0.35000162501218757,
    0.35000162501218757,
    0.36,
    0.35000162501218757,
    0.35000162501218757,
    0.35000000130000003,
    0.3400015840120385,
    0.34000026621882745,
    0.35,
    0.36999803899078326,
    0.35000162501218757,
    0.35000162501218757,
    0.35000162501218757,
    0.37,
    0.35,
    0.35000162501218757,
    0.35,
    0.35000162501218757,
    0.35000002183590145,
    0.37,
    0.37,
    0.3699992599979562,
    0.3400015840120385,
    0.34000003960001346,
    0.3400015840120385,
    0.3838272850263553,
    0.35000162501218757,
    0.35000162501218757,
    0.35000000955882393,
    0.35000162501218757,
    0.35000162501218757,
    0.35,
    0.35000162501218757,
    0.37999999417333324,
    0.35000162501218757,
    0.35000162501218757,
    0.35,
    0.3500000008125,
    0.38,
    0.35,
    0.35000162501218757,
    0.35000162501218757,
    0.3799999011999269,
    0.36,
    0.35,
    0.35,
    0.36,
    0.36,
    0.36,
    0.38,
    0.38,
    0.39,
    0.39,
    0.4,
    0.39,
    0.4,
    0.4,
    0.4,
    0.41,
    0.4199999453999798,
    0.4100000650890071,
    0.4100000295000044,
    0.41000003245001443,
    0.41999987577459713,
    0.41,
    0.42,
    0.41999999327999976,
    0.42,
    0.42,
    0.42,
    0.4200000020919749,
    0.42000000464000087,
    0.4299999967319999,
    0.4299999967319999,
    0.42000000116,
    0.42000009860008186,
    0.42000000464000087,
    0.4200001740002958,
    0.42,
    0.42000000464000087,
    0.42,
    0.42,
    0.42000009860008186,
    0.42000001082666794,
    0.42000009860008186,
    0.42,
    0.42,
    0.42,
    0.42000009860008186,
    0.42000009860008186,
    0.41,
    0.4000000466926215,
    0.4099999446499798,
    0.3900004473344964,
    0.39000001330909306,
    0.39,
    0.39000002693667996,
    0.39,
    0.39000000061000006,
    0.39,
    0.4,
    0.4,
    0.4,
    0.4,
    0.4299998279998968,
    0.4,
    0.4,
    0.4,
    0.4,
    0.4,
    0.4,
    0.4,
    0.4000000109090917,
    0.400000060000024,
    0.4,
    0.42999999535336064,
    0.42999999863075494,
    0.41,
    0.4,
    0.41,
    0.41,
    0.4,
    0.4,
    0.4,
    0.4,
    0.40000002400000384,
    0.4099999630999941,
    0.4,
    0.4,
    0.4000000034285715,
    0.4,
    0.400000060000024,
    0.4,
    0.4,
    0.4,
    0.41,
    0.4000000045958172,
    0.4,
    0.4299998279998968,
    0.41000015340011353,
    0.41000000472000014,
    0.41000000230243905,
    0.41000015340011353,
    0.4100000295000044,
    0.41000015340011353,
    0.41000001062000035,
    0.41,
    0.43,
    0.4,
    0.4,
    0.4199221328699873,
    0.4199221330755764,
    0.41992213290493546,
    0.4,
    0.4,
    0.42999999612999984,
    0.4299999983748031,
    0.4,
    0.42538343062096684,
    0.41,
    0.4,
    0.41,
    0.41000000106672696,
    0.42,
    0.41,
    0.41000015340011353,
    0.41000015340011353,
    0.41000003245001443,
    0.4199999941925924,
    0.41000000716428586,
    0.41,
    0.400000060000024,
    0.41000000531000047,
    0.41000000531000047,
    0.4100000109728189,
    0.41000000531000047,
    0.41000001877273007,
    0.419999997732,
    0.4000000109090917,
    0.4,
    0.4,
    0.41000000531000047,
    0.4,
    0.4,
    0.4199999957378434,
    0.4,
    0.4,
    0.4,
    0.4,
    0.4,
    0.4,
    0.41999957999958,
    0.4,
    0.4199999453999798,
    0.4,
    0.4,
    0.4,
    0.41,
    0.400000060000024,
    0.4,
    0.42,
    0.4,
    0.4,
    0.42,
    0.41,
    0.41715927903718003,
    0.4,
    0.40000002400000384,
    0.400000060000024,
    0.41,
    0.400000060000024,
    0.4,
    0.4,
    0.39000079300689916,
    0.4099999311785584,
    0.3900001220001878,
    0.4,
    0.400000060000024,
    0.4,
    0.41,
    0.4,
    0.4,
    0.4,
    0.39000000577027055,
    0.40999999540799986,
    0.3900000012525953,
    0.4,
    0.4099999835999974,
    0.4099998236998995,
    0.40999999540799986,
    0.40000000600000024,
    0.4,
    0.4,
    0.39,
    0.3900000073200003,
    0.390000003904,
    0.40999999314626856,
    0.41,
    0.4,
    0.4,
    0.39,
    0.3900000073200003,
    0.39000014030010804,
    0.39000000061000006,
    0.39,
    0.39000000061000006,
    0.39,
    0.39000000192429035,
    0.40739884393063586,
    0.4,
    0.39000000508333366,
    0.3900000013279815,
    0.4,
    0.4,
    0.4,
    0.4,
    0.4,
    0.41,
    0.40000012244907956,
    0.4,
    0.400000060000024,
    0.4,
    0.4,
    0.4099999446499798,
    0.4,
    0.40000000600000024,
    0.4,
    0.40000002400000384,
    0.4,
    0.4,
    0.400000060000024,
    0.4,
    0.400000240000384,
    0.4099999835999974,
    0.4,
    0.4199998235998977,
    0.4,
    0.40000002400000384,
    0.40000006403417887,
    0.41,
    0.42,
    0.41,
    0.39000014030010804,
    0.39000000061000006,
    0.4,
    0.3900000011707071,
    0.39,
    0.39000000061000006,
    0.4,
    0.39,
    0.4,
    0.4199998235998977,
    0.4,
    0.4,
    0.4,
    0.36,
    0.38,
    0.38,
    0.4,
    0.4199999168316173,
    0.40000002400000384,
    0.4,
    0.41000015340011353,
    0.44,
    0.45
]
