[
    0.001,
    0.001,
    0.001,
    0.001,
    0.001,
    0.001,
    0.001,
    0.002,
    0.005,
    0.002,
    0.003,
    0.003,
    0.003,
    0.0030000000540969427,
    0.004,
    0.004,
    0.004,
    0.004,
    0.004,
    0.008,
    0.005,
    0.005,
    0.005,
    0.005,
    0.005,
    0.007,
    0.007,
    0.01,
    0.01,
    0.01,
    0.01,
    0.01,
    0.02,
    0.02,
    0.029999985749999642,
    0.02,
    0.02,
    0.02,
    0.02,
    0.03,
    0.02,
    0.02,
    0.02,
    0.02,
    0.02,
    0.02,
    0.02,
    0.029999971199998848,
    0.02,
    0.02,
    0.02,
    0.02,
    0.02,
    0.029999994299999944,
    0.02,
    0.02,
    0.02,
    0.02,
    0.02,
    0.029999971199998848,
    0.029999985749999642,
    0.03,
    0.04,
    0.03,
    0.03,
    0.02,
    0.03,
    0.04,
    0.04,
    0.04,
    0.04,
    0.04,
    0.04,
    0.05,
    0.05,
    0.05,
    0.06,
    0.06,
    0.06,
    0.06,
    0.06,
    0.06,
    0.06,
    0.07,
    0.06,
    0.06,
    0.06,
    0.08,
    0.08999999189999992,
    0.1,
    0.1,
    0.125,
    0.11351348181153956,
    0.09,
    0.09,
    0.09,
    0.0899999599499978,
    0.09,
    0.09,
    0.1,
    0.1,
    0.10999995214999689,
    0.10999995214999689,
    0.12621542542025116,
    0.16666666666666666,
    0.14,
    0.15,
    0.14704329701879612,
    0.13999995019230146,
    0.1399999852999997,
    0.13999869333101037,
    0.14,
    0.14,
    0.13,
    0.12365848704461074,
    0.13,
    0.1,
    0.1,
    0.1,
    0.1,
    0.1,
    0.1,
    0.1,
    0.10999995214999689,
    0.1,
    0.1,
    0.1,
    0.1,
    0.09,
    0.11,
    0.0900000260002964,
    0.1,
    0.09000004550052856,
    0.09,
    0.1,
    0.09,
    0.08,
    0.08,
    0.09,
    0.10999998151999942,
    0.10999990319998838,
    0.09,
    0.1,
    0.09,
    0.1,
    0.1,
    0.10999998151999942,
    0.11,
    0.14,
    0.15,
    0.14999994591345503,
    0.13999988239998118,
    0.11,
    0.10999995524509432,
    0.1,
    0.1,
    0.12999989859997768,
    0.1,
    0.08,
    0.08,
    0.08,
    0.08,
    0.08,
    0.07,
    0.08,
    0.08,
    0.08,
    0.08,
    0.08,
    0.07,
    0.09,
    0.08823527906574351,
    0.07,
    0.07,
    0.07000000847380788,
    0.07,
    0.06,
    0.06,
    0.07,
    0.07,
    0.08,
    0.06,
    0.09,
    0.09,
    0.07,
    0.1,
    0.1,
    0.13999988239998118,
    0.1299999466999952,
    0.1299999466999952,
    0.12,
    0.1,
    0.0900000010983707,
    0.1,
    0.14,
    0.14,
    0.16,
    0.16,
    0.16,
    0.1699999870799997,
    0.16,
    0.16,
    0.13,
    0.1300000094909107,
    0.1699999870799997,
    0.14,
    0.16999994219999076,
    0.16999988609996242,
    0.16390273655469442,
    0.14,
    0.14,
    0.16999988609996242,
    0.17999999279999992,
    0.14,
    0.13000000325355296,
    0.14,
    0.130000000087,
    0.1899999971478511,
    0.17,
    0.17,
    0.15,
    0.15,
    0.15,
    0.15,
    0.16,
    0.16,
    0.16,
    0.17,
    0.17,
    0.17,
    0.17,
    0.18,
    0.18,
    0.18,
    0.2,
    0.19,
    0.1900000145800012,
    0.21999997271999794,
    0.21999999683199997,
    0.21,
    0.19,
    0.2,
    0.2,
    0.19000001620001183,
    0.2099999992524579,
    0.20999970179982705,
    0.19000000810000153,
    0.20999997395999803,
    0.2,
    0.19000000091525465,
    0.2,
    0.2,
    0.19,
    0.18000006800153684,
    0.18,
    0.18999999882165322,
    0.18999987839995622,
    0.18000001640001606,
    0.18,
    0.1800000098400048,
    0.18000000054666673,
    0.2,
    0.18,
    0.2,
    0.2,
    0.2,
    0.2,
    0.2,
    0.18,
    0.18,
    0.18,
    0.18,
    0.2,
    0.2,
    0.2,
    0.2,
    0.1800001640002952,
    0.18000001640001606,
    0.2,
    0.2,
    0.18000000911111505,
    0.2,
    0.1981981981981982,
    0.18,
    0.19,
    0.18999997263999846,
    0.17,
    0.18999945279938713,
    0.17,
    0.18999977545440255,
    0.1899999667499975,
    0.18999962949979624,
    0.19,
    0.18999987839995622,
    0.18999999745399998,
    0.18784245702297528,
    0.18,
    0.17000009130017255,
    0.1799964899806949,
    0.17999998348235252,
    0.18,
    0.18,
    0.18999997263999846,
    0.17000000085251604,
    0.17,
    0.17000083008217814,
    0.18,
    0.18,
    0.18999995693332875,
    0.18,
    0.18,
    0.18,
    0.18,
    0.18,
    0.19,
    0.19,
    0.2,
    0.2,
    0.19000002430009647,
    0.2,
    0.2,
    0.19000000015065469,
    0.21,
    0.20999997395999803,
    0.2099999285999886,
    0.2,
    0.2,
    0.2,
    0.2,
    0.2,
    0.2,
    0.2099999285999886,
    0.2,
    0.21,
    0.20999999643913042,
    0.2,
    0.2,
    0.21,
    0.2,
    0.2,
    0.2,
    0.2,
    0.2,
    0.20999999676599998,
    0.2,
    0.20999998295294056,
    0.20999999843666667,
    0.2099999863301883,
    0.2,
    0.20999986769995105,
    0.20999986769995105,
    0.2,
    0.2,
    0.20999999828846627,
    0.2,
    0.20999997395999803,
    0.21,
    0.2,
    0.2,
    0.20999986769995105,
    0.2,
    0.2,
    0.2,
    0.2,
    0.2,
    0.2,
    0.20999997395999803,
    0.2,
    0.2,
    0.2,
    0.2,
    0.21,
    0.21,
    0.2,
    0.2,
    0.21,
    0.2,
    0.20999998613999954,
    0.21,
    0.21,
    0.21,
    0.21,
    0.21,
    0.21,
    0.21,
    0.22999982749995687,
    0.22,
    0.22,
    0.23,
    0.22,
    0.21999999669999998,
    0.22,
    0.22,
    0.21999991639998998,
    0.22,
    0.22,
    0.21999993443136637,
    0.22,
    0.21999997271999794,
    0.22999991604998868,
    0.22999996917999796,
    0.22999999328399992,
    0.22370955685748622,
    0.21,
    0.21999985479995063,
    0.2100002370005214,
    0.21000007110010024,
    0.21000003686668953,
    0.21,
    0.21999850399521279,
    0.2399999942399999,
    0.2399999855999994,
    0.23715414446093508,
    0.2,
    0.23829725124649778,
    0.2,
    0.2,
    0.23,
    0.2313724365090897,
    0.2,
    0.2,
    0.2099985509955081,
    0.2099999488999954,
    0.20999986769995105,
    0.2099999285999886,
    0.20999986769995105,
    0.21999997271999794,
    0.21,
    0.2,
    0.20999986769995105,
    0.2099999285999886,
    0.2,
    0.22,
    0.21999985479995063,
    0.21000000062881405,
    0.21999998700952333,
    0.21999991639998998,
    0.21000001343000516,
    0.21000001738001353,
    0.2,
    0.209999998978,
    0.20999977782600002,
    0.2,
    0.2,
    0.2,
    0.21,
    0.20999986769995105,
    0.20998361963963208,
    0.20999938049873001,
    0.2,
    0.21,
    0.20999950999951,
    0.2,
    0.21,
    0.2,
    0.2099999285999886,
    0.20999998669999972,
    0.2,
    0.2,
    0.20999998613999954,
    0.2299999792999989,
    0.2,
    0.23,
    0.23000001711118678,
    0.23,
    0.23000001232000472,
    0.23000000036184212,
    0.23,
    0.23999991839998694,
    0.23999991839998694,
    0.24,
    0.24,
    0.24000003040001094,
    0.24,
    0.24,
    0.24,
    0.25,
    0.24000003040001094,
    0.24000003040001094,
    0.24,
    0.23000004491668277,
    0.23000059231179293,
    0.19000004455008665
]
