[
    0.012,
    0.011,
    0.012,
    0.01,
    0.012,
    0.061,
    0.25,
    0.25,
    0.2,
    0.2,
    0.2,
    0.2,
    0.152,
    0.15,
    0.06100000544620269,
    0.12,
    0.061000002582251155,
    0.061000000114932694,
    0.08,
    0.08600000226323927,
    0.062,
    0.06200000048392091,
    0.08999998451999956,
    0.1,
    0.1,
    0.11999995967999742,
    0.11999998079999923,
    0.13799989649997413,
    0.18,
    0.2799999114124074,
    0.246,
    0.246,
    0.22,
    0.21,
    0.21,
    0.2,
    0.21,
    0.12999999628571424,
    0.11000010318959023,
    0.1389998919969759,
    0.07,
    0.1390000000834,
    0.09,
    0.09,
    0.08999998451999956,
    0.0899999189999919,
    0.060000037600487305,
    0.06000000008135007,
    0.07,
    0.07,
    0.111,
    0.111,
    0.111,
    0.111,
    0.16,
    0.12,
    0.1499999890909089,
    0.15,
    0.1865000177411915,
    0.19,
    0.19,
    0.19,
    0.14,
    0.1,
    0.11,
    0.14495629186835285,
    0.12,
    0.12,
    0.12,
    0.12,
    0.13967377857166485,
    0.11,
    0.06,
    0.1,
    0.1,
    0.1,
    0.1,
    0.1,
    0.08999998451999956,
    0.10999990319998838,
    0.14,
    0.13999988239998118,
    0.09,
    0.08999939769170538,
    0.08999998451999956,
    0.05999998895999983,
    0.05,
    0.04760855,
    0.045,
    0.05,
    0.059999998895999995,
    0.04,
    0.05,
    0.05,
    0.05,
    0.05,
    0.07,
    0.07,
    0.06,
    0.059375830013280215,
    0.05,
    0.06,
    0.05,
    0.04,
    0.05,
    0.04,
    0.03,
    0.05964060570999159,
    0.030000000194000034,
    0.02,
    0.03,
    0.03,
    0.04,
    0.04,
    0.03,
    0.06,
    0.06,
    0.05,
    0.06,
    0.06,
    0.06,
    0.05,
    0.05,
    0.06,
    0.05,
    0.05,
    0.05,
    0.06,
    0.06,
    0.06,
    0.06,
    0.06000000204347848,
    0.08,
    0.08,
    0.08,
    0.08,
    0.08,
    0.08,
    0.08,
    0.08,
    0.08872979495811954,
    0.05,
    0.05,
    0.05,
    0.06999998739999974,
    0.05,
    0.06,
    0.06,
    0.06,
    0.08587774787323757,
    0.07,
    0.07,
    0.07,
    0.07,
    0.07774493943326226,
    0.03,
    0.07,
    0.04,
    0.02,
    0.04,
    0.08,
    0.05,
    0.03,
    0.05,
    0.02,
    0.1,
    0.09,
    0.1,
    0.1,
    0.12,
    0.14,
    0.15,
    0.1699999758599986,
    0.17,
    0.15,
    0.16999996089999597,
    0.15,
    0.1500000148601526,
    0.17,
    0.16,
    0.17,
    0.17,
    0.1600000004032,
    0.1500000002125,
    0.169999997212,
    0.15,
    0.2,
    0.24,
    0.3299999922449998,
    0.33,
    0.28000001440000405,
    0.28,
    0.28000001440000405,
    0.31772282157676346,
    0.28,
    0.2932508457525236,
    0.27,
    0.27,
    0.27,
    0.26,
    0.25,
    0.26,
    0.259999996568,
    0.25999996463999775,
    0.25999996463999775,
    0.25,
    0.29,
    0.27,
    0.3,
    0.3,
    0.26000000146348357,
    0.2976190476190476,
    0.2600000056923085,
    0.26,
    0.27,
    0.2997968523443338,
    0.27,
    0.27,
    0.2999981999928,
    0.29,
    0.27000000186949397,
    0.2899999640399973,
    0.27000000058400003,
    0.27,
    0.27,
    0.27000000081126446,
    0.27,
    0.2600000088622771,
    0.304826247914434,
    0.27,
    0.22,
    0.16,
    0.13000000319000052,
    0.13000000790909325,
    0.13000000348000026,
    0.1699999614376961,
    0.12,
    0.12,
    0.11,
    0.16999996089999597,
    0.1699999870799997,
    0.1799999997552,
    0.12000000176000017,
    0.12,
    0.15,
    0.17,
    0.18,
    0.16,
    0.2,
    0.2,
    0.2,
    0.21,
    0.21000007110010024,
    0.22,
    0.23999999855999998,
    0.22,
    0.22,
    0.22,
    0.22,
    0.23,
    0.26,
    0.25,
    0.25,
    0.2100000006837972,
    0.22,
    0.22,
    0.22,
    0.2200000009701493,
    0.22000000185135746,
    0.27,
    0.23000000336622672,
    0.2700000014951807,
    0.27,
    0.22000005032282088,
    0.32,
    0.32,
    0.32,
    0.2,
    0.1700000033200013,
    0.2,
    0.2,
    0.2,
    0.2,
    0.18,
    0.19,
    0.18,
    0.2563726849913924,
    0.34999964999965,
    0.3,
    0.3,
    0.3,
    0.3,
    0.3,
    0.34,
    0.34,
    0.34,
    0.34,
    0.33,
    0.34,
    0.31,
    0.3,
    0.31549946611338037,
    0.27,
    0.269999998299,
    0.2699999681399974,
    0.2699999917499998,
    0.26,
    0.25,
    0.25,
    0.259999927199984,
    0.25,
    0.25999994799999304,
    0.26,
    0.2899998008080164,
    0.26999998055999946,
    0.2825531,
    0.27,
    0.27,
    0.28,
    0.24,
    0.24,
    0.24,
    0.24,
    0.24,
    0.23999999183999987,
    0.19,
    0.19,
    0.19,
    0.18846666666666667,
    0.19,
    0.19,
    0.19,
    0.19,
    0.19,
    0.19,
    0.19,
    0.19,
    0.1899999667499975,
    0.19,
    0.18000001640001606,
    0.17815884875076288,
    0.15,
    0.1500000850003315,
    0.14000000057085962,
    0.14000000021447748,
    0.14,
    0.19489918330989087,
    0.19,
    0.2,
    0.22,
    0.25,
    0.26999998055999946,
    0.25999996463999775,
    0.26,
    0.27,
    0.25,
    0.25,
    0.25,
    0.25,
    0.25,
    0.25,
    0.25,
    0.25,
    0.25,
    0.25,
    0.25,
    0.2591272219192202,
    0.2599970533176177,
    0.2599999997088846,
    0.2599006809429032,
    0.25,
    0.25,
    0.25,
    0.23000000931451678,
    0.24,
    0.24,
    0.24000001013333827,
    0.24000001216000344,
    0.24000060800437764,
    0.25,
    0.24,
    0.24,
    0.24,
    0.24,
    0.24,
    0.24,
    0.24,
    0.24,
    0.22,
    0.22000004889270253,
    0.24,
    0.24,
    0.220000013371436,
    0.22000000403309233,
    0.22000001560000748,
    0.220000013371436,
    0.220000000468,
    0.24,
    0.23,
    0.23,
    0.23,
    0.23999991839998694,
    0.2300001925001925,
    0.2300000176000021,
    0.2300000176000021,
    0.24,
    0.2300000176000021,
    0.2300000176000021,
    0.2399999855999994,
    0.23000001026667166,
    0.23000001026667166,
    0.23000001540000353,
    0.23000001026667166,
    0.23000001026667166,
    0.2300000145675791,
    0.23000001232000472,
    0.25,
    0.23000000654500125,
    0.25,
    0.23000001232000472,
    0.23,
    0.23000000075915494,
    0.25,
    0.25,
    0.25,
    0.22,
    0.22000000099967965
]
