[
    0.001,
    0.002,
    0.002,
    0.002,
    0.0011046489149586032,
    0.001,
    0.001,
    0.001,
    0.001,
    0.004,
    0.003,
    0.004,
    0.004,
    0.004,
    0.004,
    0.005,
    0.005,
    0.004,
    0.005,
    0.005,
    0.01,
    0.01,
    0.003,
    0.01,
    0.01,
    0.029999971199998848,
    0.03,
    0.05,
    0.05,
    0.08,
    0.05,
    0.05,
    0.05,
    0.05,
    0.05,
    0.05,
    0.06900000071875001,
    0.06999993629999426,
    0.09000000022997223,
    0.07984640255166729,
    0.05799998283199936,
    0.099,
    0.061,
    0.061,
    0.061,
    0.061,
    0.061,
    0.08899997341866575,
    0.061000000867709826,
    0.062,
    0.06200000571218037,
    0.088,
    0.088,
    0.06200001072003816,
    0.062,
    0.061,
    0.08899922925896721,
    0.089,
    0.061,
    0.09,
    0.12980948512946822,
    0.09,
    0.09,
    0.08999984519995666,
    0.061,
    0.061000000866769696,
    0.12999999505999993,
    0.13,
    0.07,
    0.07,
    0.07,
    0.07,
    0.14,
    0.15,
    0.1699997449998725,
    0.14,
    0.081,
    0.03,
    0.13,
    0.13,
    0.16,
    0.16,
    0.16,
    0.17,
    0.1616820857863751,
    0.17,
    0.15,
    0.130000009441774,
    0.16,
    0.15000000018580859,
    0.175,
    0.16,
    0.16,
    0.16,
    0.175,
    0.16,
    0.16,
    0.175,
    0.15,
    0.13000000037285714,
    0.15,
    0.1499999976,
    0.19,
    0.19,
    0.21,
    0.22,
    0.23,
    0.23,
    0.23,
    0.240000000608,
    0.2699999705357117,
    0.27,
    0.2600000115511089,
    0.2899999850265752,
    0.26,
    0.42825718363620113,
    0.34,
    0.4,
    0.4,
    0.34,
    0.34,
    0.34,
    0.34000017433990554,
    0.38,
    0.34,
    0.3400000312845678,
    0.34,
    0.34,
    0.3399996055996687,
    0.31,
    0.3,
    0.3,
    0.3,
    0.3,
    0.31,
    0.31,
    0.31,
    0.34,
    0.34,
    0.3499998774999204,
    0.37,
    0.37,
    0.37,
    0.42383333333333334,
    0.4499999797499989,
    0.46,
    0.52,
    0.53,
    0.59,
    0.57,
    0.5899999952799998,
    0.57,
    0.57,
    0.589999999056,
    0.59,
    0.5500000502793521,
    0.54,
    0.578,
    0.578,
    0.54,
    0.54,
    0.54,
    0.5899999946899995,
    0.5899999970792079,
    0.58,
    0.5845435695967698,
    0.6,
    0.6,
    0.6,
    0.5999999976,
    0.5899999942940037,
    0.55,
    0.47,
    0.48,
    0.48,
    0.47,
    0.46,
    0.4300000112204733,
    0.4,
    0.4,
    0.469,
    0.46,
    0.46,
    0.46,
    0.44,
    0.4399999894399992,
    0.45999996902356066,
    0.48768808580858086,
    0.499,
    0.5,
    0.5139999742999961,
    0.5,
    0.51,
    0.49,
    0.491,
    0.491,
    0.55,
    0.5,
    0.5499999724999877,
    0.52,
    0.54,
    0.56,
    0.5300000084600007,
    0.5699999980612238,
    0.5,
    0.5,
    0.57,
    0.52,
    0.5,
    0.49,
    0.49,
    0.509,
    0.505,
    0.49,
    0.5,
    0.5,
    0.5005251728044121,
    0.5,
    0.4900013770100522,
    0.505,
    0.49,
    0.505,
    0.5049999999596,
    0.505,
    0.509,
    0.48,
    0.5089999984937273,
    0.4700000349800047,
    0.5399999902799992,
    0.5399999971199999,
    0.5399999654399953,
    0.5399999881199997,
    0.4700000020750565,
    0.54,
    0.58,
    0.55,
    0.58,
    0.55,
    0.59,
    0.59,
    0.59,
    0.59,
    0.59,
    0.59,
    0.57,
    0.57,
    0.5699998232997013,
    0.57,
    0.57,
    0.57,
    0.5699999334999635,
    0.5286128,
    0.530000001786,
    0.55,
    0.55,
    0.53,
    0.45,
    0.52,
    0.55,
    0.5499999994830341,
    0.57,
    0.57,
    0.57,
    0.56,
    0.52,
    0.57,
    0.52,
    0.55,
    0.62,
    0.64,
    0.67,
    0.68,
    0.68,
    0.6899999561518044,
    0.69,
    0.69,
    0.73,
    0.68,
    0.68,
    0.68,
    0.68,
    0.6899999989270849,
    0.6999999929999994,
    0.6500001225000797,
    0.74,
    0.7699999638099945,
    0.8199999835999839,
    0.8,
    0.841,
    0.841,
    0.841,
    0.841,
    0.8579999994851998,
    0.858999999806725,
    0.85,
    0.841,
    0.841,
    0.8410001292670242,
    0.841,
    0.8591121742791998,
    0.841,
    0.841,
    0.846,
    0.845,
    0.846000023839201,
    0.8450000130200002,
    0.8679999994643812,
    0.869,
    0.86,
    0.8699997259498122,
    0.87,
    0.8799999950719999,
    0.88,
    0.88,
    0.88,
    0.88,
    0.88,
    0.908,
    0.88,
    0.909,
    0.88,
    0.88,
    0.8800000480000048,
    0.88,
    0.89,
    0.8800000220337508,
    0.89,
    0.88,
    0.88,
    0.9,
    0.88,
    0.89,
    0.91,
    0.9,
    0.9,
    0.91,
    0.91,
    0.9,
    0.90999950999951,
    0.9,
    0.9,
    0.91,
    0.91,
    0.97,
    0.96,
    0.96,
    0.979,
    0.979,
    0.979,
    0.9889993383581194,
    0.9889993383581194,
    0.9889993383581194,
    0.9889993383581194,
    0.9889993383581194,
    0.99,
    0.99,
    0.9710000342562524,
    0.98,
    0.98,
    0.99,
    0.98,
    0.98,
    0.96,
    0.96,
    0.9799991571990392,
    0.9799991571990392,
    0.9799991571990392,
    0.9799991571990392,
    0.9799991571990392,
    0.98,
    0.97,
    0.98,
    0.95,
    0.9739735499779012,
    0.9692284653014749,
    0.96,
    0.96,
    0.95,
    0.94,
    0.95,
    0.95,
    0.95,
    0.95,
    0.95,
    0.9300000637000058,
    0.93,
    0.93,
    0.9299999821968977,
    0.9299997767998304,
    0.92,
    0.91,
    0.92,
    0.92,
    0.91,
    0.91,
    0.91,
    0.91,
    0.92,
    0.91,
    0.91,
    0.91,
    0.91,
    0.9299999967459749,
    0.9100000081,
    0.94,
    0.95,
    0.9399999995322478,
    0.93,
    0.92,
    0.9299999986242603,
    0.92,
    0.9100000810000081,
    0.91,
    0.9299999255991132,
    0.9299999255991132,
    0.9299999255991132,
    0.9299999255991132,
    0.9299999255991132,
    0.9100000062520195,
    0.91,
    0.92,
    0.9100000008590909,
    0.9100000042949062,
    0.9199999815999912,
    0.92,
    0.9299999794474234,
    0.9299999969673907,
    0.9299998158599628,
    0.9299999153699908,
    0.93,
    0.92,
    0.92,
    0.93,
    0.93,
    0.93,
    0.94,
    0.93,
    0.9316085315174295,
    0.91,
    0.91,
    0.9100000102925534,
    0.91,
    0.91,
    0.9,
    0.9099999920869549,
    0.91,
    0.91,
    0.9,
    0.9,
    0.8899999985759999,
    0.9,
    0.89,
    0.89,
    0.8800001008000161,
    0.8800000480000048,
    0.8800001008000161,
    0.8800001008000161,
    0.8800000480000048,
    0.8800001008000161,
    0.89,
    0.9,
    0.9,
    0.9,
    0.92,
    0.91,
    0.89,
    0.89,
    0.8900000062333334,
    0.9099999970911018,
    0.91,
    0.9099999990728475,
    0.91,
    0.91,
    0.91,
    0.91,
    0.91,
    0.91,
    0.91,
    0.91,
    0.91,
    0.9099999945953936,
    0.9099999547858337,
    0.9099999387183153,
    0.8900000968000116,
    0.9099999763197003,
    0.91,
    0.92,
    0.9,
    0.9177226359817867,
    0.9099999948295323,
    0.8900000968000116,
    0.8700001014000223,
    0.89,
    0.87,
    0.8699999837078625,
    0.87,
    0.88,
    0.8600000010758048,
    0.92,
    0.9199999877333048,
    0.9199999877333048,
    0.92,
    0.92,
    0.92,
    0.9199999877333048,
    0.92,
    0.9199999815999912,
    0.92,
    0.9099997512665688,
    0.89,
    0.9099999982623116,
    0.91,
    0.9099995859497744,
    0.91,
    0.9,
    0.9,
    0.9099995859497744,
    0.91,
    0.91,
    0.9,
    0.9,
    0.9,
    0.9,
    0.89,
    0.89,
    0.88,
    0.88,
    0.91,
    0.91,
    0.91,
    0.91,
    0.91,
    0.91,
    0.91,
    0.91,
    0.91,
    0.91,
    0.91,
    0.91,
    0.91,
    0.91,
    0.91,
    0.91,
    0.91,
    0.91,
    0.91,
    0.91,
    0.91,
    0.91,
    0.880000000192,
    0.8800001008000161,
    0.8800001920000768,
    0.92,
    0.9,
    0.8800000192000008,
    0.89,
    0.889999999555,
    0.88,
    0.88,
    0.8799999882666395,
    0.87,
    0.87,
    0.8700000097500002,
    0.8699999882696525,
    0.86,
    0.8599999843636331,
    0.84,
    0.86,
    0.8599999655999497,
    0.8599999843636331,
    0.85,
    0.85,
    0.8599995904744354,
    0.8599999827999946,
    0.8599999827999946,
    0.84,
    0.86,
    0.8599999827999946,
    0.8599999827999946,
    0.8599999956999946,
    0.86,
    0.83,
    0.8299997053498099,
    0.8299999833999961,
    0.8299997053498099,
    0.8299999833999961,
    0.8299997053498099,
    0.8299999833999961,
    0.8299998588999675,
    0.8299999833999961,
    0.8299997053498099,
    0.81,
    0.81,
    0.8100003705002038,
    0.81,
    0.81,
    0.81,
    0.8099999998900552,
    0.8099999977319999,
    0.7900000714000114,
    0.8099999012192833,
    0.8,
    0.8,
    0.7700000071064755,
    0.77,
    0.7700000069000001,
    0.77,
    0.76,
    0.76,
    0.79,
    0.7899999573399937,
    0.7600000368997042,
    0.75,
    0.75,
    0.789999999684,
    0.79,
    0.7800000208758673,
    0.82,
    0.8499999992672413,
    0.8499999993957059,
    0.8499998616278651,
    0.84,
    0.83,
    0.86,
    0.86,
    0.86,
    0.8599999934099579,
    0.8599999802298673,
    0.84,
    0.82,
    0.8300001139000376,
    0.8199996908192818,
    0.8199999835999839,
    0.79,
    0.79,
    0.79,
    0.79,
    0.83,
    0.83,
    0.85,
    0.85,
    0.82,
    0.83,
    0.83,
    0.85,
    0.85,
    0.85,
    0.8499994474992542,
    0.85,
    0.88,
    0.88,
    0.8500000450000045,
    0.8735705101986797,
    0.8500001125000282,
    0.84,
    0.85,
    0.85,
    0.85,
    0.85,
    0.85,
    0.84,
    0.8499999835271257,
    0.84,
    0.8399999762823257,
    0.83,
    0.8298164186546991,
    0.82,
    0.82,
    0.8299999983299785,
    0.8299999675781178,
    0.829999971575324,
    0.8299999853356738,
    0.8299999269180616,
    0.8299999939854942,
    0.8299999753465048,
    0.8299999769444211,
    0.8299999861954149,
    0.8299999716052492,
    0.8299999861954149,
    0.8299999945928321,
    0.8299999715195809,
    0.8299999882269422,
    0.83,
    0.8299999787674177,
    0.8299999866987139,
    0.8299999919155793,
    0.8299999939854942,
    0.81,
    0.8,
    0.8299999925892825,
    0.8100003392859162,
    0.8,
    0.8,
    0.8,
    0.82,
    0.83,
    0.83,
    0.82,
    0.8200001296000363,
    0.8199999835999839,
    0.8298065629678922,
    0.8,
    0.8100001216000438,
    0.8100000627000107,
    0.8100001216000438,
    0.8100000627000107,
    0.82,
    0.8100000430666713,
    0.8100000005985,
    0.8100000627000107,
    0.8299999792499694,
    0.8299999966799987,
    0.8299999086998274,
    0.8299999833999961,
    0.8299999792499694,
    0.8299999833999961,
    0.8299999792499694,
    0.8299999086998274,
    0.8299999792499694,
    0.8299999086998274,
    0.8299999966799987,
    0.8299999557332619,
    0.8299999833999961,
    0.8299999833999961,
    0.8299999557332619,
    0.8299999086998274,
    0.8299999833999961,
    0.8299999966799987,
    0.8299999966799987,
    0.8299999557332619,
    0.8299999557332619,
    0.8299999792499694,
    0.8299999833999961,
    0.8299999557332619,
    0.8299999792499694,
    0.8299999557332619,
    0.8299999557332619,
    0.8299999557332619,
    0.8299999086998274,
    0.8299999086998274,
    0.8299999833999961,
    0.8299999557332619,
    0.8299999557332619,
    0.8299999833999961,
    0.8,
    0.85,
    0.85,
    0.8699997259498122,
    0.87,
    0.86,
    0.8600000147000003,
    0.8699997259498122,
    0.8600000112000002,
    0.8699997259498122,
    0.86,
    0.8500006000006,
    0.8500001125000282,
    0.8500001125000282,
    0.86,
    0.8500001125000282,
    0.8599999827999946,
    0.8599999655999497,
    0.8599999655999497,
    0.850000001125,
    0.850000060000006,
    0.8599999956999946,
    0.8599999956999946,
    0.8599999956999946,
    0.86,
    0.85,
    0.8599999956999946,
    0.8599999827999946,
    0.8599999655999497,
    0.8599999827999946,
    0.8500000281250017,
    0.8500001125000282,
    0.850000024000001,
    0.85,
    0.85,
    0.85,
    0.86,
    0.86,
    0.85,
    0.850000060000006,
    0.86,
    0.850000060000006,
    0.8500000281250017,
    0.8500001125000282,
    0.85,
    0.86,
    0.850000060000006,
    0.85,
    0.85,
    0.85,
    0.8500001125000282,
    0.8500000281250017,
    0.86,
    0.8500000281250017,
    0.8500000281250017,
    0.8500001125000282,
    0.8500000281250017,
    0.8599999796449468,
    0.859999992950814,
    0.859999970173308,
    0.86,
    0.86,
    0.8599999869696824,
    0.8599999241174864,
    0.8599999768609664,
    0.8599999806014896,
    0.8599999785891767,
    0.8500001125000282,
    0.859999977318657,
    0.8599999827999946,
    0.8599999776623334,
    0.8599999655999497,
    0.86,
    0.8599999626085754,
    0.86,
    0.8899999804701831,
    0.8899999836697101,
    0.8799993541277293,
    0.86,
    0.86,
    0.85,
    0.86,
    0.8500000342862394,
    0.8600000373333359,
    0.8600000373333359,
    0.8600000574000052,
    0.860000002352,
    0.87,
    0.8699999340904148,
    0.8600000038266666,
    0.8699999787372628,
    0.8699999838389846,
    0.8699999894969714,
    0.8699999471268998,
    0.8699999349532151,
    0.8699999859677285,
    0.87,
    0.8699999925957352,
    0.8699999788834855,
    0.869999990491793,
    0.8699999953475887,
    0.869999990491793,
    0.8699999827965911,
    0.8699999665384277,
    0.8699999901879627,
    0.87,
    0.8699999818749626,
    0.8699999981950185,
    0.8699999912999827,
    0.8699999932731942,
    0.8600000160968235,
    0.87,
    0.860000002352,
    0.8600001176000188,
    0.8600000323750027,
    0.86,
    0.8600000691764771,
    0.86,
    0.8600000574000052,
    0.8600000483636416,
    0.8600000330909113,
    0.8600000575555639,
    0.8600000910000167,
    0.8600000261333343,
    0.8600000273000015,
    0.86,
    0.8600000420000036,
    0.8600000490000033,
    0.8600000323750027,
    0.8600000273000015,
    0.8600000483636416,
    0.8600000910000167,
    0.8600000486956564,
    0.8600000239166675,
    0.8600000247441875,
    0.87,
    0.8699999912999827,
    0.8699999912999827,
    0.8699999912999827,
    0.8699999912999827,
    0.8699999912999827,
    0.87,
    0.86,
    0.8699999912999827,
    0.869999998259999,
    0.8699999912999827,
    0.8699999756399812,
    0.87,
    0.87,
    0.869999998259999,
    0.87,
    0.8699999912999827,
    0.8699999912999827,
    0.8699999912999827,
    0.869999998259999,
    0.87,
    0.8600000574000052,
    0.8699999912999827,
    0.87,
    0.87,
    0.87,
    0.8699999912999827,
    0.8699999912999827,
    0.869999998259999,
    0.87,
    0.8699999912999827,
    0.869999998259999,
    0.87,
    0.8699999912999827,
    0.869999998259999,
    0.8699999912999827,
    0.8699999912999827,
    0.8699999912999827,
    0.8699999912999827,
    0.869999998259999,
    0.8699999912999827,
    0.8699999912999827,
    0.87,
    0.8699999912999827,
    0.8699999912999827,
    0.8699999912999827,
    0.8699999912999827,
    0.8699999912999827,
    0.8600000574000052,
    0.8699999803266089,
    0.8699999571427959,
    0.869999981177876,
    0.8699999639377132,
    0.8699999762186741,
    0.8699999571427959,
    0.8699999930952245,
    0.8699999621738599,
    0.87,
    0.8699999451350892,
    0.8699999731179708,
    0.8699999935555508,
    0.8699999887256996,
    0.8699999971753192,
    0.8699999932558036,
    0.8699999840732122,
    0.8699999700936856,
    0.87,
    0.8699999232348493,
    0.8600002184000961,
    0.8600000053897979,
    0.8600000112000002,
    0.8600001176000188,
    0.8600000691764771,
    0.8600000425185214,
    0.8600000225217403,
    0.86999996999997,
    0.8699999546086585,
    0.8600000147000003,
    0.8600000486956564,
    0.86999996999997,
    0.8699999818749626,
    0.8699999744116601,
    0.87,
    0.8699999791956391,
    0.8699999834285639,
    0.8699999756399812,
    0.8699999700936856,
    0.87,
    0.8699999866153231,
    0.8699999751428046,
    0.8699999935555508,
    0.8699999979767419,
    0.8699999891249933,
    0.8699999912999827,
    0.8699999912999827,
    0.87,
    0.8699999912999827,
    0.8699999912999827,
    0.8699999912999827,
    0.8699999912999827,
    0.87,
    0.8699999912999827,
    0.869999998259999,
    0.8699999960633378,
    0.8699999861904639,
    0.8699999913289008,
    0.869999963445349,
    0.8699999957352857,
    0.8699999882432196,
    0.8699999624072466,
    0.8699999810353918,
    0.8699999925640772,
    0.869999992018345,
    0.87,
    0.869999998259999,
    0.8699999912999827,
    0.8699999788320812,
    0.8699999761279985,
    0.8699999912999827,
    0.8699999556943442,
    0.8699999912999827,
    0.8699999909374977,
    0.8699999912999827,
    0.8699999732307536,
    0.8699999912999827,
    0.87,
    0.87,
    0.8699999912999827,
    0.87,
    0.8699999546086585,
    0.8699999675102803,
    0.8699999912999827,
    0.8699999410167532,
    0.87,
    0.8799997653331724,
    0.8799998793142333,
    0.88,
    0.8799999281632418,
    0.8799999061332807,
    0.8799999073683821,
    0.87999977999978,
    0.8799998679999648,
    0.8799995030585195,
    0.8799999748571257,
    0.8799999902222196,
    0.88,
    0.8799996871108747,
    0.88,
    0.8799999925106368,
    0.8799997501934581,
    0.8799998853953105,
    0.8799998057930124,
    0.8799999859199946,
    0.8799997653331724,
    0.8799996127997831,
    0.8799995071992903,
    0.8799999061332807,
    0.8799996127997831,
    0.8799999061332807,
    0.8799996127997831,
    0.8799998591999522,
    0.8799996127997831,
    0.8799996127997831,
    0.8799996127997831,
    0.8799998310399648,
    0.8799999061332807,
    0.8799995071992903,
    0.8799995071992903,
    0.8799999061332807,
    0.8799999061332807,
    0.8799999061332807,
    0.8799998591999522,
    0.8799996127997831,
    0.8799996127997831,
    0.8700000210600008,
    0.8700001014000223,
    0.8799996127997831,
    0.8799999061332807,
    0.8799999929599998,
    0.8799996127997831,
    0.8799998696295523,
    0.8799999859199946,
    0.8799998591999522,
    0.8799996750765432,
    0.8799999061332807,
    0.88,
    0.8799998310399648,
    0.8799996127997831,
    0.8799999748571257,
    0.88,
    0.8799996127997831,
    0.88,
    0.8799999081738827,
    0.8799998793142333,
    0.88,
    0.8799998591999522,
    0.8799998310399648,
    0.8799998310399648,
    0.8799996127997831,
    0.8799998435555139,
    0.8799999081738827,
    0.8799996127997831,
    0.8799998591999522,
    0.8799996750765432,
    0.8799996127997831,
    0.8799998853953105,
    0.8799996127997831,
    0.87,
    0.87,
    0.87,
    0.8699999912999827,
    0.87,
    0.8699999912999827,
    0.87,
    0.8699999912999827,
    0.8699999912999827,
    0.87,
    0.87,
    0.869999998782,
    0.8699999846695835,
    0.8699999793675324,
    0.8699999604544574,
    0.869999963445349,
    0.8699999887012841,
    0.8699999743431437,
    0.8699999912999827,
    0.8699999680146365,
    0.8699999938151586,
    0.8699999837887699,
    0.8699999867030396,
    0.87,
    0.8699999793675324,
    0.8699999833889941,
    0.8699999343392559,
    0.869999959102531,
    0.8699999768616535,
    0.8699999960633378,
    0.8699999925957352,
    0.87,
    0.8699999347498417,
    0.87,
    0.869999998259999,
    0.8699999912999827,
    0.869999998259999,
    0.87,
    0.869999998259999,
    0.8699999912999827,
    0.8699999912999827,
    0.8699999912999827,
    0.8699999912999827,
    0.8699999912999827,
    0.8699999912999827,
    0.8699999912999827,
    0.87,
    0.8699999912999827,
    0.8699999912999827,
    0.8699999912999827,
    0.8699999912999827,
    0.87,
    0.8699999912999827,
    0.8699999756399812,
    0.8699999912999827,
    0.8699999756399812,
    0.8799998853953105,
    0.8799995775996395,
    0.8799998591999522,
    0.8799995071992903,
    0.8799995071992903,
    0.8799999902222196,
    0.8799999061332807,
    0.8799999061332807,
    0.88,
    0.8799998435555139,
    0.8799998310399648,
    0.8799999073683821,
    0.8799996127997831,
    0.8799998310399648,
    0.8799995071992903,
    0.8799996750765432,
    0.8799998310399648,
    0.8799998793142333,
    0.8799999859199946,
    0.8799998239998885,
    0.87999977999978,
    0.8799997563075723,
    0.8799999073683821,
    0.8799998057930124,
    0.8799998696295523,
    0.8799997501934581,
    0.8799999061332807,
    0.8799996127997831,
    0.8799996127997831,
    0.8799998591999522,
    0.8799995560354601,
    0.8799999819487091,
    0.8799999061332807,
    0.8799995059643229,
    0.8799998983917224,
    0.8799998310399648,
    0.8799998591999522,
    0.8799995902643074,
    0.879999429188788,
    0.88,
    0.8799998355139725,
    0.8799997621620658,
    0.8799998582549929,
    0.8799999016759337,
    0.8799997808559151,
    0.8799998310399648,
    0.8799998290507304,
    0.8799998310399648,
    0.8799999061332807,
    0.8799999434537962,
    0.8799997206347876,
    0.8799998546788564,
    0.88,
    0.8799999859199946,
    0.8799999859199946,
    0.88,
    0.88,
    0.88,
    0.8799999647998255,
    0.8799999647998255,
    0.8799999859199946,
    0.88,
    0.88,
    0.88,
    0.88,
    0.8799999882666395,
    0.8799999882666395,
    0.88,
    0.8799999886083959,
    0.8799999852719607,
    0.88,
    0.8799999882666395,
    0.88,
    0.8799999855143738,
    0.88,
    0.8799999924300962,
    0.88,
    0.88,
    0.8799999923311531,
    0.88,
    0.88,
    0.88,
    0.8799999859199946,
    0.88,
    0.88,
    0.88,
    0.8600000356568394,
    0.86,
    0.8600000273000015,
    0.8699997403383792,
    0.8699999063923559,
    0.8699998986746292,
    0.8699997010571081,
    0.8699999249106761,
    0.8699998447886144,
    0.8699998761457649,
    0.8699997414334625,
    0.8699997218848788,
    0.8699994891736745,
    0.8699997706362156,
    0.8699997050843459,
    0.8699995347912693,
    0.8699997679999274,
    0.87,
    0.8699999149333039,
    0.8699998626315377,
    0.8699997973117298,
    0.8699999140740295,
    0.8699999003680688,
    0.8699998061656454,
    0.8699999278084859,
    0.8699999008604303,
    0.8699999834285639,
    0.8699998897999405,
    0.8699997259498122,
    0.869999778290236,
    0.8699999396326326,
    0.8699998032142365,
    0.8699995152852918,
    0.8699998549999638,
    0.87,
    0.8699999008604303,
    0.8699998683845678,
    0.8699999396326326,
    0.8699998495134582,
    0.8699999149333039,
    0.8699999758333273,
    0.8699998078748823,
    0.87,
    0.8699996255215747,
    0.87,
    0.8699996206010987,
    0.8699998647667904,
    0.8699997974601503,
    0.8699997998465491,
    0.8699997648647468,
    0.869999705638976,
    0.86999982848565,
    0.8699998534491442,
    0.8699997118468621,
    0.8699999429507967,
    0.8699997477512539,
    0.8699999317150819,
    0.8699998334764643,
    0.8699997926300728,
    0.8699992722107477,
    0.8699997343924389,
    0.8699998098502271,
    0.8699998647667904,
    0.8699993982494133,
    0.8699998897999405,
    0.86,
    0.87,
    0.8699997259498122,
    0.87,
    0.87,
    0.8699998897999405,
    0.87,
    0.8699998694999673,
    0.8699992343991425,
    0.8699998897999405,
    0.87,
    0.87,
    0.8699998694999673,
    0.8699998694999673,
    0.8699992343991425,
    0.8699998694999673,
    0.87,
    0.8699998897999405,
    0.8699998897999405,
    0.8699997259498122,
    0.87,
    0.8699998328812936,
    0.8699998359210116,
    0.8699998754019653,
    0.8699998334764643,
    0.8699999176726,
    0.86999985325286,
    0.8699999926114634,
    0.8699998188431323,
    0.8699996459299649,
    0.8699998071225933,
    0.8699999418825715,
    0.8699999029411479,
    0.8699998359210116,
    0.8699999885526287,
    0.8699998442590948,
    0.8699997973117298,
    0.8699996323211463,
    0.8699997974601503,
    0.8699999029411479,
    0.8699996030621849,
    0.88,
    0.8799999819487091,
    0.8799999859199946,
    0.8799999809729528,
    0.8799999918139441,
    0.8799999914146196,
    0.8799999882666395,
    0.88,
    0.8799999814736164,
    0.8799999846956325,
    0.8799999798856802,
    0.8799999819487091,
    0.8799999914146196,
    0.88,
    0.88,
    0.88,
    0.8799999859199946,
    0.8799999859199946,
    0.8799999814736164,
    0.88,
    0.8799999706665943,
    0.88,
    0.88,
    0.8600000254545466,
    0.8799999808695552,
    0.8600000466666722,
    0.8600000250559295,
    0.88,
    0.8600000257330425,
    0.8799999814736164,
    0.8600000695757651,
    0.8600000366896582,
    0.8799999777917566,
    0.88,
    0.8799999852719607,
    0.8799999902762351,
    0.86,
    0.8799999674073482,
    0.8600000367948739,
    0.8799999897674211,
    0.88,
    0.879999988999983,
    0.8799999889308073,
    0.88,
    0.8799999900844876,
    0.8799999677063344,
    0.8799999500707123,
    0.8799999826172585,
    0.879999979109768,
    0.879999984320692,
    0.8799999814247927,
    0.8799999911779295,
    0.88,
    0.88,
    0.8799999856326123,
    0.88,
    0.8799999775079734,
    0.879999986513405,
    0.88,
    0.88,
    0.8777398106451433,
    0.8600010640025536,
    0.8699999912999827,
    0.87,
    0.869999998259999,
    0.8699999912999827,
    0.8699999912999827,
    0.8699999912999827,
    0.87,
    0.8699999912999827,
    0.8699999912999827,
    0.87,
    0.8699999912999827,
    0.8699999912999827,
    0.8699999912999827,
    0.8699999912999827,
    0.87,
    0.87,
    0.8699999912999827,
    0.8699999912999827,
    0.8699999912999827,
    0.8600002184000961,
    0.8699999269929111,
    0.8699999971844651,
    0.8699999942950801,
    0.8699999840732122,
    0.8699999589269172,
    0.8699999878037328,
    0.8699999951260478,
    0.87,
    0.869999978429717,
    0.87,
    0.8699999913289008,
    0.869999987526864,
    0.8699999942888353,
    0.87,
    0.8699999423840334,
    0.8699999790361009,
    0.8699999948520558,
    0.8699999687424786,
    0.87,
    0.8699999906652242,
    0.8699999982494968,
    0.8699999912999827,
    0.8600000147000003,
    0.869999998782,
    0.8699999925957352,
    0.8699999446360652,
    0.8699999885526287,
    0.8699999756399812,
    0.8699999891249933,
    0.8699999834285639,
    0.8699999546086585,
    0.87,
    0.8699999885526287,
    0.8699999700936856,
    0.8699999661665928,
    0.8699999347498417,
    0.8699999791956391,
    0.8699999940681792,
    0.8699999756399812,
    0.8699999912999827,
    0.8699999825999771,
    0.8699999744116601,
    0.8699999818749626,
    0.8699999661665928,
    0.8600000373333359,
    0.8699999751428046,
    0.87,
    0.8699999912999827,
    0.8699999912999827,
    0.8699999912999827,
    0.8699999912999827,
    0.8699999912999827,
    0.8699999912999827,
    0.869999998259999,
    0.8699999912999827,
    0.8699999912999827,
    0.8699999912999827,
    0.8699999912999827,
    0.8699999912999827,
    0.869999998259999,
    0.8699999912999827,
    0.8699999912999827,
    0.8699999912999827,
    0.8699999912999827,
    0.86,
    0.8600000288126666,
    0.8600000554717023,
    0.8600000289918275,
    0.86,
    0.860000073601209,
    0.8600000615706858,
    0.8600000297082244,
    0.8600000452401798,
    0.8600001031579092,
    0.8600000274125884,
    0.8600000520354019,
    0.86,
    0.8600000235728962,
    0.8600000316819597,
    0.8600000363508805,
    0.8600000575135209,
    0.8600000420000036,
    0.8600000288235305,
    0.8600000280758827,
    0.8699999885526287,
    0.8699999744116601,
    0.8699999751428046,
    0.8699999546086585,
    0.8699999940681792,
    0.8699999751428046,
    0.8699999661665928,
    0.8699999834285639,
    0.8699999661665928,
    0.8699999419997332,
    0.8699999935555508,
    0.8699999604544574,
    0.8699999834285639,
    0.8699999940681792,
    0.8699999661665928,
    0.87,
    0.8699999758333273,
    0.8699999925957352,
    0.87,
    0.8699999825999771,
    0.8699999669619534,
    0.8699999793675324,
    0.8699999799370863,
    0.87,
    0.8699999690862014,
    0.8699999732307536,
    0.8699999946951188,
    0.8699999680146365,
    0.8699999926062282,
    0.8699999979767419,
    0.8699999761643515,
    0.8699999975900263,
    0.8699999494838088,
    0.8699999752313086,
    0.8699999544103434,
    0.8699999716611926,
    0.8699999940681792,
    0.869999987526864,
    0.8699999757659769,
    0.8699999861904639,
    0.87,
    0.8699999912999827,
    0.8699999912999827,
    0.8699999912999827,
    0.8699999912999827,
    0.8699999912999827,
    0.87,
    0.87,
    0.8699999912999827,
    0.869999998259999,
    0.87,
    0.87,
    0.8699999912999827,
    0.8699999912999827,
    0.8699999912999827,
    0.8699999912999827,
    0.8699999912999827,
    0.8699999912999827,
    0.87,
    0.8699999912999827,
    0.8600000574000052,
    0.8600001176000188,
    0.86,
    0.86,
    0.8699998135708027,
    0.8600010436380714,
    0.8600000112000002,
    0.87,
    0.88,
    0.8700001014000223,
    0.8700001014000223,
    0.8799999882666395,
    0.88,
    0.8700000210600008,
    0.8799999859199946,
    0.8700010010023023,
    0.87,
    0.8699998848526177,
    0.8600000051800001,
    0.87,
    0.86,
    0.86,
    0.8699999980424998,
    0.86,
    0.86,
    0.87,
    0.86,
    0.86,
    0.8699999965199997,
    0.86,
    0.86,
    0.86,
    0.8699997721402042,
    0.86,
    0.8699998839992421,
    0.86,
    0.8600000167159194,
    0.86,
    0.86,
    0.87,
    0.86,
    0.87,
    0.8699999330758986,
    0.87,
    0.87,
    0.86,
    0.8699998433984621,
    0.8699999912999827,
    0.8600000112000002,
    0.8699999990333329,
    0.85,
    0.85,
    0.86,
    0.8599999997936,
    0.86,
    0.86,
    0.85,
    0.85,
    0.8500000413579212,
    0.8599999990726096,
    0.86,
    0.86,
    0.86,
    0.87,
    0.86,
    0.86,
    0.8600001523711122,
    0.86,
    0.860000002352,
    0.8699999912999827,
    0.86,
    0.86,
    0.8699999912999827,
    0.8699998433984621,
    0.8600028700129151,
    0.8600000125176475,
    0.86,
    0.86,
    0.860000021280001,
    0.86,
    0.86,
    0.8699996336727965,
    0.8600002672728244,
    0.8600000078400001,
    0.8699999912999827,
    0.86,
    0.8600000574000052,
    0.86,
    0.869999998782,
    0.8600000112000002,
    0.8699999999502858,
    0.8699997462490168,
    0.869999998259999,
    0.87,
    0.8600000574000052,
    0.8600001176000188,
    0.87,
    0.8600000574000052,
    0.8699999347498417,
    0.8699999912999827,
    0.869999998259999,
    0.869999998259999,
    0.87,
    0.8699998757136578,
    0.86,
    0.86,
    0.86,
    0.86,
    0.86,
    0.8600000011511111,
    0.86,
    0.8699998433984621,
    0.8699999912999827,
    0.8600001176000188,
    0.8699999970999976,
    0.87,
    0.8600001176000188,
    0.8699999912999827,
    0.8699999912999827,
    0.86,
    0.8600001176000188,
    0.869999999913,
    0.85,
    0.86,
    0.86,
    0.86,
    0.86,
    0.86,
    0.86,
    0.86,
    0.8500000007570659,
    0.86,
    0.8699999930399986,
    0.8699999968099995,
    0.8699999912999827,
    0.8699999912999827,
    0.850000060000006,
    0.8699999965199997,
    0.8599999655999497,
    0.8633263321645533,
    0.8599999980888887,
    0.85,
    0.86,
    0.86,
    0.86,
    0.86,
    0.8600000112000002,
    0.87,
    0.860000021280001,
    0.86,
    0.8699994779794324,
    0.86,
    0.86,
    0.8699994779794324,
    0.8600000112000002,
    0.869999998259999,
    0.86,
    0.8599993119936703,
    0.8599993119936703,
    0.8500001125000282,
    0.85,
    0.85,
    0.85,
    0.85,
    0.8599999139995786,
    0.86,
    0.8599997935988112,
    0.85,
    0.85,
    0.85,
    0.85,
    0.85,
    0.8599999139995786,
    0.86,
    0.8500000112500002,
    0.85,
    0.8500000028125,
    0.8599999989966944,
    0.86,
    0.86,
    0.8599999139995786,
    0.8599999139995786,
    0.86,
    0.850000240000096,
    0.85,
    0.850000060000006,
    0.8599999996679537,
    0.8599999993354797,
    0.8599999988533331,
    0.86,
    0.8751236,
    0.8599999655999497,
    0.8599999655999497,
    0.8599999139995786,
    0.86,
    0.8500000112500002,
    0.85,
    0.850000024000001,
    0.8599999979883034,
    0.8599999951594736,
    0.8599999139995786,
    0.85,
    0.86,
    0.850000024000001,
    0.86,
    0.86,
    0.850000024000001,
    0.850000024000001,
    0.8500001125000282,
    0.86,
    0.85,
    0.8599999827999946,
    0.8500011250028126,
    0.8599999736397971,
    0.86,
    0.86,
    0.8599999978499996,
    0.85,
    0.86,
    0.8500007031260987,
    0.85,
    0.8599997794855397,
    0.8500000112500002,
    0.8500000108105513,
    0.85,
    0.85,
    0.8599999929910317,
    0.8599993119936703,
    0.8500011250028126,
    0.8500001125000282,
    0.850000060000006,
    0.86,
    0.850000240000096,
    0.8500001125000282,
    0.8599993119936703,
    0.8500001500000375,
    0.86,
    0.850000060000006,
    0.86,
    0.85,
    0.8599999988533331,
    0.86,
    0.8599999655999497,
    0.85,
    0.850000024000001,
    0.85,
    0.84,
    0.8499999659999946,
    0.8499999404999804,
    0.8300001823189093,
    0.84,
    0.8499995363630463,
    0.84,
    0.84,
    0.85,
    0.84,
    0.8499998583332625,
    0.84,
    0.85,
    0.84,
    0.84,
    0.8499999404999804,
    0.84,
    0.84,
    0.84,
    0.84,
    0.85,
    0.84,
    0.85,
    0.84,
    0.8499984743538889,
    0.8499999008333119,
    0.84,
    0.8499998583332625,
    0.85,
    0.84,
    0.84,
    0.8499999929166662,
    0.84,
    0.8499994474992542,
    0.8499994474992542,
    0.8499994474992542,
    0.8499994474992542,
    0.8499994474992542,
    0.8499994474992542,
    0.8499994474992542,
    0.8499994474992542,
    0.8499994474992542,
    0.8499994474992542,
    0.8499994474992542,
    0.8499999404999804,
    0.8543046349695189,
    0.79,
    0.79,
    0.79,
    0.79,
    0.79,
    0.79,
    0.7899998902774882,
    0.8712871166356169,
    0.8799996479895805,
    0.8
]
