[
    0.01,
    0.02,
    0.08999999189999992,
    0.034971836234449064,
    0.01,
    0.0899997359998944,
    0.01,
    0.01,
    0.01,
    0.01,
    0.01,
    0.01,
    0.01,
    0.01,
    0.02,
    0.01,
    0.01,
    0.01,
    0.02,
    0.02,
    0.02,
    0.06,
    0.030000000509722107,
    0.06,
    0.03,
    0.03,
    0.03,
    0.03,
    0.030000001940002324,
    0.1499999240506233,
    0.08,
    0.15,
    0.15,
    0.15,
    0.16,
    0.16,
    0.16000000055996888,
    0.17,
    0.17000000495160547,
    0.17,
    0.1700000033200013,
    0.209999974887347,
    0.17,
    0.09,
    0.1,
    0.11,
    0.17,
    0.17,
    0.1700000033200013,
    0.18,
    0.15000001200565802,
    0.1799998703999637,
    0.15,
    0.11,
    0.11,
    0.1,
    0.1,
    0.09,
    0.1,
    0.12,
    0.12,
    0.12000001408000541,
    0.12000000352000104,
    0.1,
    0.1,
    0.1699999758599986,
    0.1699999870799997,
    0.16999988609996242,
    0.12,
    0.1,
    0.16,
    0.18,
    0.21,
    0.21,
    0.27,
    0.27,
    0.23,
    0.22,
    0.22,
    0.17,
    0.17,
    0.2094736842105263,
    0.1700000033200013,
    0.12,
    0.2,
    0.12,
    0.14,
    0.13,
    0.18,
    0.2,
    0.2,
    0.2,
    0.18,
    0.18000001640001606,
    0.2,
    0.2,
    0.15,
    0.27,
    0.27,
    0.27,
    0.26999998055999946,
    0.33,
    0.39,
    0.3200000184824478,
    0.35,
    0.34,
    0.3899998478999072,
    0.41999998991999926,
    0.41,
    0.4099999835999974,
    0.4,
    0.41,
    0.5,
    0.5,
    0.4900000163506145,
    0.49,
    0.46000003240000614,
    0.49,
    0.49,
    0.48999998039999687,
    0.5099999795999968,
    0.41,
    0.4099999909799993,
    0.4,
    0.40000002400000384,
    0.4100000295000044,
    0.44,
    0.5,
    0.55,
    0.59,
    0.5900000084828277,
    0.62,
    0.6,
    0.63,
    0.65,
    0.73,
    0.74,
    0.74,
    0.78,
    0.79,
    0.8,
    0.8,
    0.8,
    0.81,
    0.8536708312271752,
    0.7800000056320001,
    0.7800000063800001,
    0.78,
    0.7814754098360656,
    0.72,
    0.69,
    0.68,
    0.6899999917199968,
    0.67,
    0.67000168000672,
    0.6899993099944173,
    0.6700001072500188,
    0.6700000704000084,
    0.67,
    0.7099989027090178,
    0.7,
    0.7,
    0.71,
    0.71,
    0.74,
    0.8073036770670883,
    0.79,
    0.8,
    0.79,
    0.7400029466823823,
    0.7899982882799848,
    0.74,
    0.7300000173217929,
    0.73,
    0.7300002925002925,
    0.73,
    0.73,
    0.7300000194400006,
    0.73,
    0.6900013245518365,
    0.7,
    0.65,
    0.6500000385000034,
    0.65,
    0.65,
    0.69,
    0.68,
    0.6600000054400001,
    0.66,
    0.66999999933,
    0.6699999973199998,
    0.6500000105000002,
    0.6599999841599988,
    0.64,
    0.6100000020579751,
    0.63,
    0.629999945330538,
    0.6100000097500002,
    0.6100000688959086,
    0.61,
    0.61,
    0.61,
    0.61,
    0.61,
    0.65,
    0.6500000283400844,
    0.65,
    0.65,
    0.65,
    0.65,
    0.65,
    0.669999962479987,
    0.6400000792000222,
    0.64,
    0.65,
    0.65,
    0.65,
    0.65,
    0.65,
    0.63659195781147,
    0.62,
    0.5883580251023738,
    0.62,
    0.6200000177431921,
    0.63,
    0.62,
    0.6200000306923111,
    0.62,
    0.5899999964209558,
    0.5915254124497271,
    0.55,
    0.5500000450000045,
    0.5400000049962974,
    0.55,
    0.5500000450000045,
    0.53,
    0.5,
    0.5,
    0.55,
    0.5739975990396159,
    0.54,
    0.57,
    0.56,
    0.5407466666666667,
    0.53,
    0.53,
    0.53,
    0.53,
    0.55,
    0.53,
    0.5379766666666667,
    0.53,
    0.55,
    0.55,
    0.53,
    0.57,
    0.544092418205964,
    0.53,
    0.5,
    0.5,
    0.5,
    0.5,
    0.5,
    0.5,
    0.5199999775135085,
    0.51,
    0.51,
    0.5100000465500188,
    0.53,
    0.59,
    0.59,
    0.59,
    0.58,
    0.56,
    0.59,
    0.57,
    0.5899999818647509,
    0.57,
    0.55,
    0.44,
    0.5,
    0.4704780876494024,
    0.43,
    0.45,
    0.440000002357895,
    0.46,
    0.44,
    0.44,
    0.43,
    0.4299998944545234,
    0.44,
    0.4799999347924371,
    0.4699999787169741,
    0.47999996473468926,
    0.46,
    0.46,
    0.44,
    0.45,
    0.46,
    0.46,
    0.46,
    0.4599999972496263,
    0.51,
    0.5100000196000032,
    0.5499999996333333,
    0.53,
    0.54,
    0.5400000032200002,
    0.54,
    0.5499999931249997,
    0.54,
    0.54,
    0.5300000172953129,
    0.54,
    0.54,
    0.53,
    0.5762067784219734,
    0.54,
    0.5400001150000288,
    0.5400002392001149,
    0.57,
    0.57,
    0.57,
    0.5600000093866669,
    0.5600000040353751,
    0.5699999977977273,
    0.57,
    0.56,
    0.56,
    0.56,
    0.56,
    0.56,
    0.56,
    0.56,
    0.57,
    0.56,
    0.5600000105600008,
    0.56,
    0.56,
    0.56,
    0.56,
    0.56,
    0.56,
    0.56,
    0.56,
    0.5699999998160666,
    0.55,
    0.56,
    0.5400000404800045,
    0.5400000187755171,
    0.5400000187755171,
    0.54,
    0.54,
    0.53,
    0.5599999462399944,
    0.5300000153469445,
    0.54,
    0.5200000391836863,
    0.559,
    0.55,
    0.55,
    0.55,
    0.55,
    0.55,
    0.54,
    0.5080912268879249,
    0.4900001683001128,
    0.5,
    0.48,
    0.48,
    0.5099999910749997,
    0.51,
    0.5,
    0.5199999812799988,
    0.52,
    0.5199999921509405,
    0.54,
    0.52,
    0.5,
    0.49,
    0.5070364238410596,
    0.4400001145454962,
    0.46,
    0.5,
    0.5,
    0.5,
    0.47,
    0.49,
    0.5,
    0.49,
    0.47,
    0.49,
    0.48999999387499976,
    0.45,
    0.44,
    0.44,
    0.44,
    0.44,
    0.45,
    0.440000000698908,
    0.46,
    0.44000000006182155,
    0.46,
    0.46,
    0.4599999677999969,
    0.45999999677999986,
    0.42000009860008186,
    0.4200000005547732,
    0.45999994709999287,
    0.4599999233333142,
    0.44,
    0.43999999753599994,
    0.44,
    0.42,
    0.42,
    0.41,
    0.42,
    0.45,
    0.4200001740002958,
    0.43,
    0.43,
    0.42000000116,
    0.41,
    0.41,
    0.420000000115885,
    0.42000000148641725,
    0.4600000216000099,
    0.44,
    0.4400000005894737,
    0.44,
    0.4400001568001129,
    0.44000000045864046,
    0.44,
    0.47,
    0.46,
    0.43,
    0.41999993748835235,
    0.4100000295000044,
    0.39,
    0.38,
    0.39,
    0.39,
    0.38,
    0.39,
    0.38000014880011307,
    0.38,
    0.38000000408625484,
    0.41999998991999926,
    0.43,
    0.43,
    0.43,
    0.41,
    0.43,
    0.41000015340011353,
    0.41,
    0.36,
    0.36999999823375423,
    0.36,
    0.34,
    0.3399999255237904,
    0.34,
    0.34,
    0.3399999255237904,
    0.34,
    0.34,
    0.34,
    0.42,
    0.36,
    0.4199999083636147,
    0.45,
    0.449178,
    0.44,
    0.4,
    0.4,
    0.3800000073481483,
    0.39,
    0.4,
    0.53,
    0.54,
    0.54,
    0.48,
    0.48,
    0.444808,
    0.43,
    0.42,
    0.42,
    0.4492667364701263,
    0.48,
    0.49,
    0.47,
    0.47,
    0.47,
    0.54,
    0.54,
    0.5400003847276504,
    0.5400000093211761,
    0.54,
    0.54,
    0.54,
    0.54,
    0.54,
    0.54,
    0.54,
    0.5400000296774212,
    0.54,
    0.54,
    0.54,
    0.54,
    0.54,
    0.54,
    0.54,
    0.5400000322388512,
    0.55,
    0.5899999974433333,
    0.55,
    0.5400001150000288,
    0.54,
    0.54,
    0.54,
    0.54,
    0.54,
    0.5308347062673497,
    0.5299999763392821,
    0.5299999344727115,
    0.52,
    0.5299999912183229,
    0.5299999981071422,
    0.6,
    0.6,
    0.6,
    0.62,
    0.62,
    0.65,
    0.65,
    0.65,
    0.6599999504999914,
    0.65,
    0.65,
    0.65,
    0.6688909744612604,
    0.66,
    0.6699998446372668,
    0.66,
    0.66,
    0.66,
    0.67,
    0.63,
    0.63,
    0.63,
    0.63,
    0.63,
    0.63,
    0.65,
    0.63,
    0.6300000555000115,
    0.66,
    0.6599999999736142,
    0.6599999999730509,
    0.63,
    0.6300000229400009,
    0.63,
    0.63,
    0.63,
    0.64,
    0.64,
    0.6599999868656693,
    0.6400001568317701,
    0.6251586278050039,
    0.62,
    0.62,
    0.62,
    0.62,
    0.6199999448888763,
    0.64,
    0.64,
    0.66,
    0.6500000019979815,
    0.7076132144934619,
    0.7,
    0.700000180000072,
    0.69,
    0.69,
    0.69,
    0.69,
    0.7075187969924812,
    0.66,
    0.7,
    0.67,
    0.67,
    0.660000057800019,
    0.7,
    0.7099999815399987,
    0.66,
    0.65,
    0.7099999918349997,
    0.7099999815399987,
    0.7,
    0.7,
    0.7,
    0.71,
    0.71,
    0.73,
    0.71,
    0.75,
    0.7799999928580768,
    0.7400000312000015,
    0.74,
    0.74,
    0.77,
    0.77,
    0.77,
    0.7699999975799998,
    0.74000000728,
    0.75,
    0.77,
    0.8,
    0.8,
    0.8,
    0.8,
    0.8,
    0.8,
    0.79,
    0.8,
    0.8,
    0.8,
    0.79,
    0.7900000034066667,
    0.8099999995788,
    0.7900000077700001,
    0.8,
    0.8,
    0.8,
    0.7900000060136365,
    0.790000026040002,
    0.8,
    0.790000003234,
    0.8,
    0.8099999968523313,
    0.7900000026616835,
    0.7900000138600005,
    0.7900000065520001,
    0.79,
    0.79,
    0.79,
    0.79000061950127,
    0.790000132300049,
    0.7900000032766553,
    0.7900000065520001,
    0.7900002982001729,
    0.7900000032183908,
    0.79,
    0.8099999993688312,
    0.7900000025669945,
    0.79,
    0.8099999918999985,
    0.7900001581482243,
    0.8099999988828986,
    0.79,
    0.8099999992617908,
    0.790000126000034,
    0.8099999740799853,
    0.790000018208093,
    0.7900000065520001,
    0.81,
    0.790000026040002,
    0.8,
    0.8,
    0.8,
    0.8099999978692218,
    0.7900003733337067,
    0.8,
    0.8,
    0.8,
    0.7900000012685681,
    0.79,
    0.79,
    0.79000049000049,
    0.790000132300049,
    0.8,
    0.8,
    0.78,
    0.79,
    0.78,
    0.77,
    0.779999999248989,
    0.78,
    0.78,
    0.7700005219239,
    0.7700000839500113,
    0.77,
    0.77,
    0.7700000839500113,
    0.7700000032989099,
    0.7700000024672727,
    0.770000003795,
    0.78,
    0.78,
    0.7899999920999764,
    0.7800000108533335,
    0.7800002407549078,
    0.7800000264000012,
    0.7800000272800021,
    0.7800001452000493,
    0.78,
    0.78,
    0.78,
    0.78,
    0.7899999865699948,
    0.79,
    0.7899999826199865,
    0.78,
    0.7899999979604125,
    0.78,
    0.78,
    0.7899999968399996,
    0.7899999999619621,
    0.79,
    0.7899999968399996,
    0.789999999684,
    0.7899999496814838,
    0.7800005133338467,
    0.7800000272800021,
    0.7700001725000432,
    0.7899999920999764,
    0.77,
    0.7700001725000432,
    0.7700008586691854,
    0.7700000076419453,
    0.78,
    0.7899999865699948,
    0.7800000083433135,
    0.7899999999605,
    0.7899999968399996,
    0.79,
    0.7800014960047872,
    0.7899999920999764,
    0.7800000149600005,
    0.78,
    0.78,
    0.78,
    0.78,
    0.78,
    0.7800000103696911,
    0.78,
    0.7800002995746975,
    0.79,
    0.7800000272800021,
    0.7800002200000855,
    0.7800001452000493,
    0.78,
    0.7800000354746459,
    0.7800000407000026,
    0.780000003168,
    0.780000003168,
    0.78,
    0.7899999288998998,
    0.7899999826199865,
    0.7899999907833288,
    0.7899999826199865,
    0.7700000839500113,
    0.7899999907833288,
    0.78,
    0.7799999765999949,
    0.7799999812799929,
    0.7799999812799929,
    0.7799999812799929,
    0.7700003852503179,
    0.77,
    0.77,
    0.77,
    0.78,
    0.78,
    0.7899999907833288,
    0.7899999907833288,
    0.78000008360001,
    0.7899999826199865,
    0.7899999826199865,
    0.7899999966142848,
    0.7899999907833288,
    0.7899999907833288,
    0.7899999802499955,
    0.78,
    0.7899999907833288,
    0.7899999802499955,
    0.7700000131100005,
    0.7899999631333104,
    0.77,
    0.7700000544333386,
    0.7899999865699948,
    0.7899999865699948,
    0.7700001778167658,
    0.77,
    0.7700001478571799
]
