[
    0.999,
    0.999,
    0.999,
    0.999,
    0.999,
    0.999,
    0.999,
    0.999,
    0.999,
    0.999,
    0.999,
    0.999,
    0.999,
    0.999,
    0.999,
    0.999,
    0.999,
    0.999,
    0.999,
    0.999,
    0.999,
    0.999,
    0.999,
    0.999,
    0.999,
    0.999,
    0.999,
    0.999,
    0.999,
    0.999,
    0.999,
    0.999,
    0.999,
    0.999,
    0.999,
    0.999,
    0.96,
    0.99,
    0.9879330694270683,
    0.98,
    0.96,
    0.94,
    0.94,
    0.96,
    0.99,
    0.98,
    0.98,
    0.99,
    0.99,
    0.99,
    0.97,
    0.96,
    0.9899999993706794,
    0.95,
    0.9899809916046254,
    0.95,
    0.979999999216,
    0.9799878476645956,
    0.98,
    0.98,
    0.98,
    0.99,
    0.9887195157554642,
    0.98,
    0.98,
    0.9799878476645956,
    0.98,
    0.95,
    0.97,
    0.94,
    0.94,
    0.9400000054000001,
    0.95,
    0.95,
    0.95,
    0.97,
    0.9764967200937359,
    0.9699999995149995,
    0.95,
    0.95,
    0.95,
    0.95,
    0.95,
    0.9699999998486031,
    0.95,
    0.95,
    0.95,
    0.9646484894565238,
    0.9300000060900001,
    0.92,
    0.9199999128993993,
    0.9,
    0.9,
    0.88,
    0.9199999192982173,
    0.89,
    0.87,
    0.86,
    0.85,
    0.85,
    0.89,
    0.89,
    0.86,
    0.86,
    0.86,
    0.85,
    0.86,
    0.8200001296000363,
    0.84,
    0.83,
    0.82,
    0.83,
    0.82,
    0.82,
    0.83,
    0.83,
    0.8299952114924182,
    0.84,
    0.84,
    0.84,
    0.84,
    0.84,
    0.8399977949920069,
    0.81,
    0.8,
    0.8,
    0.74,
    0.72,
    0.72,
    0.71,
    0.66,
    0.5900000026942858,
    0.66,
    0.54,
    0.55,
    0.64,
    0.67,
    0.6700001072500188,
    0.6899999917199968,
    0.67,
    0.68,
    0.68,
    0.68,
    0.7,
    0.7,
    0.6999999719999955,
    0.69,
    0.69,
    0.68,
    0.68,
    0.67,
    0.6700003575003575,
    0.68,
    0.67,
    0.6899998964999742,
    0.68,
    0.69,
    0.69,
    0.69,
    0.69,
    0.69,
    0.68,
    0.66,
    0.65,
    0.61,
    0.61,
    0.61,
    0.52,
    0.5100000065961551,
    0.52,
    0.51,
    0.51,
    0.51,
    0.55,
    0.54,
    0.52,
    0.53,
    0.55,
    0.5,
    0.5,
    0.46000000228382926,
    0.49,
    0.44,
    0.45,
    0.48,
    0.44,
    0.450000001089055,
    0.44,
    0.4299999852571413,
    0.42,
    0.42000371212472737,
    0.4499999212499744,
    0.42,
    0.4299999951266664,
    0.43,
    0.45,
    0.46,
    0.45,
    0.47,
    0.5,
    0.5099999953249998,
    0.55,
    0.55,
    0.5700000129000022,
    0.5700054467792335,
    0.57,
    0.56,
    0.6,
    0.63,
    0.69,
    0.69,
    0.65,
    0.69,
    0.7,
    0.65,
    0.64,
    0.6499997880430866,
    0.65,
    0.65,
    0.6499993709663215,
    0.65,
    0.66,
    0.71,
    0.74,
    0.7699996274171313,
    0.74,
    0.73,
    0.73,
    0.7300000095850001,
    0.73,
    0.73,
    0.73,
    0.79,
    0.76,
    0.8,
    0.8,
    0.79,
    0.75,
    0.75,
    0.75,
    0.75,
    0.7200000009706666,
    0.7,
    0.7,
    0.66,
    0.66,
    0.66,
    0.68,
    0.729999967879995,
    0.73,
    0.74000039000039,
    0.75,
    0.75,
    0.75,
    0.74,
    0.81,
    0.8,
    0.8,
    0.8,
    0.79,
    0.78,
    0.77,
    0.76,
    0.75,
    0.74,
    0.74,
    0.78,
    0.77,
    0.76,
    0.75,
    0.739999989639998,
    0.73,
    0.74,
    0.7599999950082078,
    0.7599998023998538,
    0.75,
    0.7400000091919193,
    0.75,
    0.75,
    0.74,
    0.75,
    0.75,
    0.7168034924594625,
    0.7,
    0.7,
    0.71,
    0.71,
    0.71,
    0.71,
    0.71,
    0.73,
    0.76,
    0.7899999902015444,
    0.79,
    0.77,
    0.75,
    0.76,
    0.76,
    0.77,
    0.76,
    0.76,
    0.75,
    0.75,
    0.76,
    0.77,
    0.7610741215969531,
    0.76,
    0.73,
    0.78,
    0.7700000044362946,
    0.79,
    0.770000001403,
    0.76,
    0.75,
    0.75,
    0.75,
    0.75,
    0.75,
    0.740000072800016,
    0.75,
    0.75,
    0.74,
    0.7400000080124257,
    0.74,
    0.75,
    0.75,
    0.74,
    0.75,
    0.74,
    0.7400000161200007,
    0.75,
    0.75,
    0.75,
    0.74,
    0.74,
    0.74,
    0.74,
    0.74,
    0.74,
    0.74,
    0.74,
    0.74,
    0.75,
    0.76,
    0.75,
    0.76,
    0.75,
    0.75,
    0.76,
    0.76,
    0.76,
    0.76,
    0.76,
    0.76,
    0.79,
    0.79,
    0.79,
    0.79,
    0.82,
    0.82,
    0.81,
    0.8,
    0.79,
    0.76,
    0.7599996077383419,
    0.75,
    0.75,
    0.75,
    0.74,
    0.73,
    0.72,
    0.73,
    0.72,
    0.700000030000003,
    0.7000000039210561,
    0.72,
    0.68,
    0.6500000037495131,
    0.6699999743622393,
    0.64,
    0.64,
    0.67,
    0.6300001369000863,
    0.6300000655661446,
    0.67,
    0.67,
    0.67,
    0.67,
    0.67,
    0.67,
    0.67,
    0.63,
    0.6300000001379206,
    0.67,
    0.67,
    0.67,
    0.6799999978805195,
    0.66,
    0.67,
    0.66,
    0.64,
    0.68,
    0.7,
    0.71,
    0.7199985599596789,
    0.7599999918933329,
    0.75,
    0.75,
    0.76,
    0.75,
    0.81,
    0.81,
    0.8,
    0.78,
    0.78,
    0.78,
    0.7699989989912912,
    0.77,
    0.78,
    0.8,
    0.8199999923466642,
    0.8199999983451053,
    0.8,
    0.8199999991798632,
    0.7800000265517255,
    0.79,
    0.8,
    0.81,
    0.8,
    0.8,
    0.78,
    0.78,
    0.8,
    0.7700001791861153,
    0.7700014490053613,
    0.78,
    0.78,
    0.7700000107333336,
    0.78,
    0.78,
    0.7799999765999949,
    0.78,
    0.78,
    0.77,
    0.75,
    0.76,
    0.76,
    0.7599999969599999,
    0.7599999923999944,
    0.7599999969599999,
    0.75,
    0.75,
    0.75,
    0.75,
    0.73,
    0.76,
    0.76,
    0.76,
    0.76,
    0.76,
    0.76,
    0.73,
    0.73,
    0.72,
    0.72,
    0.72,
    0.7199998559995968,
    0.7199999654399878,
    0.7199985599596789,
    0.7199999965439999,
    0.72,
    0.73,
    0.73,
    0.73,
    0.75,
    0.75,
    0.73,
    0.75,
    0.75,
    0.75,
    0.75,
    0.76,
    0.75,
    0.7899984199715595,
    0.7899999937740805,
    0.79,
    0.77,
    0.8,
    0.8,
    0.79,
    0.79,
    0.7899999886330927,
    0.77,
    0.8,
    0.8,
    0.8,
    0.8,
    0.8,
    0.8099999740799853,
    0.8,
    0.8099999740799853,
    0.8,
    0.78,
    0.8,
    0.7400000056645796,
    0.76,
    0.77,
    0.7799998595999691,
    0.7799999812799929,
    0.78,
    0.78,
    0.78,
    0.78,
    0.79,
    0.81,
    0.8,
    0.8,
    0.82,
    0.83,
    0.83,
    0.780000046933339,
    0.8299999882685494,
    0.83,
    0.83,
    0.83,
    0.83,
    0.83,
    0.83,
    0.82,
    0.79,
    0.79,
    0.79,
    0.790000003234,
    0.8137826847808255,
    0.8099999740799853,
    0.7900000170470595,
    0.8099999836686387,
    0.79000049000049,
    0.7800001452000493,
    0.8099998582499539,
    0.8199999835999839,
    0.8,
    0.8,
    0.8,
    0.8299999966799987,
    0.8,
    0.82,
    0.82,
    0.82,
    0.82,
    0.84,
    0.8299999557332619,
    0.83,
    0.83,
    0.83,
    0.8699999990604,
    0.86,
    0.86,
    0.86,
    0.86,
    0.86,
    0.86,
    0.86,
    0.8600001176000188,
    0.86,
    0.879996647599891,
    0.86,
    0.88,
    0.8600007280010677,
    0.8699998673683931,
    0.8600000289918275,
    0.8699999619860952,
    0.87,
    0.8699999642544699,
    0.8600000002241334,
    0.8736330496181738,
    0.86,
    0.860000000546,
    0.8500000087976541,
    0.8699999005697354,
    0.85,
    0.85,
    0.86,
    0.85,
    0.86,
    0.8699997352105644,
    0.86,
    0.86,
    0.869999994505262,
    0.8600001176000188,
    0.8600010640025536,
    0.869999999768,
    0.8600000709333446,
    0.8600002184000961,
    0.86,
    0.8699999912999827,
    0.8699998949991075,
    0.869999998259999,
    0.8699998135708027,
    0.86,
    0.86,
    0.86,
    0.8699994779794324,
    0.860000021280001,
    0.86,
    0.8699999968099995,
    0.8699999995257564,
    0.8699999604544574,
    0.86,
    0.8699999958884673,
    0.8600001176000188,
    0.869999998259999,
    0.87,
    0.869999998259999,
    0.87,
    0.869999998259999,
    0.86,
    0.869999998259999,
    0.8699999912999827,
    0.86,
    0.86,
    0.8699999970999976,
    0.869999998259999,
    0.869999998259999,
    0.869999998259999,
    0.869999998259999,
    0.869999999826,
    0.869999998259999,
    0.869999998259999,
    0.8699999912999827,
    0.86,
    0.869999998259999,
    0.8600000029150685,
    0.869999998259999,
    0.86000000182,
    0.8600000112000002,
    0.8600000112000002,
    0.8699999968099995,
    0.8600001176000188,
    0.86,
    0.86,
    0.86,
    0.8500000112500002,
    0.8500000112500002,
    0.850000024000001,
    0.8599972479904597,
    0.85,
    0.8599999139995786,
    0.8599998761599683,
    0.85,
    0.86,
    0.8599998890319144,
    0.8500000112500002,
    0.8500000112500002,
    0.8599999575733298,
    0.8599985043374215,
    0.85,
    0.86,
    0.8599996774991131,
    0.859999999865798,
    0.8599999893388425,
    0.85,
    0.8599985043374215,
    0.8599999995184,
    0.8599996774991131,
    0.8599999987099998,
    0.85,
    0.85,
    0.85,
    0.85,
    0.85,
    0.85,
    0.85,
    0.8599999980652414,
    0.8699999912999827,
    0.86,
    0.8600000038266666,
    0.86,
    0.869999859674726,
    0.8600001176000188,
    0.860000002352,
    0.8600000038266666,
    0.86,
    0.8699997352105644,
    0.86,
    0.86,
    0.85,
    0.8599996774991131,
    0.8599998890319144,
    0.85,
    0.8599999985257142,
    0.8599994266383808,
    0.8599994266383808,
    0.86,
    0.85,
    0.8599995904744354,
    0.85,
    0.86,
    0.85,
    0.8699999912999827,
    0.869999996368515,
    0.86,
    0.85,
    0.8599999784999871,
    0.86,
    0.8500000112500002,
    0.8599999139995786,
    0.8599996774991131,
    0.850000024000001,
    0.8500001125000282,
    0.85,
    0.8599999139995786,
    0.85,
    0.85,
    0.85,
    0.8499996304317297,
    0.8499999997475197,
    0.8499999149996685,
    0.8499999716666203,
    0.84,
    0.8499997343717627,
    0.84,
    0.8499996458246265,
    0.85,
    0.85,
    0.85,
    0.850000006,
    0.86,
    0.86,
    0.86,
    0.86,
    0.86,
    0.8699998640620964,
    0.8600004592003306,
    0.8699999912999827,
    0.8600004592003306,
    0.8600004592003306,
    0.8699999912999827,
    0.85,
    0.8500000011873351,
    0.85,
    0.8699999912999827,
    0.8500001125000282,
    0.850000060000006,
    0.85,
    0.8500001125000282,
    0.84,
    0.84,
    0.85,
    0.85,
    0.859999998049444,
    0.8699999330758986,
    0.8699995028503248,
    0.8699999912999827,
    0.8699999542102878,
    0.8699999956759431,
    0.85,
    0.85,
    0.8500001323529801,
    0.869999998259999,
    0.8699997352105644,
    0.8599999139995786,
    0.8500001125000282,
    0.8699995028503248,
    0.869999998259999,
    0.8699999461853484,
    0.8500001323529801,
    0.869999998259999,
    0.8699992749945624,
    0.869999999768,
    0.85,
    0.8699999967670007,
    0.85,
    0.8500000189110399,
    0.85,
    0.8657139121022084,
    0.850000006,
    0.8500000281250017,
    0.8599999655999497,
    0.8599996260773646,
    0.8500001125000282,
    0.85,
    0.86,
    0.8599995699572107,
    0.86,
    0.850000006,
    0.8599996260773646,
    0.8500000024,
    0.85,
    0.8599996260773646,
    0.859999997627586,
    0.8599999826261753,
    0.8599994266383808,
    0.8599999901714203,
    0.8599995904744354,
    0.8599994266383808,
    0.85,
    0.8599999999724506,
    0.8599998890319144,
    0.85,
    0.8599999943717256,
    0.86,
    0.85,
    0.8599996774991131,
    0.8500000112500002,
    0.8500000112500002,
    0.8599999934015329,
    0.8599995904744354,
    0.85,
    0.8599999655999497,
    0.85,
    0.8599999139995786,
    0.8599995904744354,
    0.8599999139995786,
    0.8599999976550783,
    0.8599997133315178,
    0.8500000140274319,
    0.8599999958201686,
    0.85,
    0.86,
    0.8500000059492333,
    0.86,
    0.85,
    0.8599998676872391,
    0.8500000112500002,
    0.8500000960000154,
    0.86,
    0.8599997133315178,
    0.85,
    0.8599999901714203,
    0.850000240000096,
    0.8599999827999946,
    0.85,
    0.8599999426666323,
    0.85,
    0.86,
    0.8500000112500002,
    0.85,
    0.86,
    0.85,
    0.85,
    0.85,
    0.8599999655999497,
    0.85,
    0.85,
    0.85,
    0.85,
    0.85,
    0.8599999827999946,
    0.8599999603075109,
    0.8498078228049089,
    0.84,
    0.84,
    0.8399999987999999,
    0.8300000103530453,
    0.8399996471997954,
    0.8399997145944712,
    0.83999985839072,
    0.8399997948090538,
    0.8399999606249865,
    0.8399999879039997,
    0.8300000117588936,
    0.83,
    0.839999922461486,
    0.83,
    0.83,
    0.8399996471997954,
    0.83,
    0.8300000058650001,
    0.839999984381778,
    0.83999943999944,
    0.830000010510753,
    0.8399996471997954,
    0.84,
    0.8399996471997954,
    0.83,
    0.8299999086998274,
    0.82,
    0.8299999416755537,
    0.8200000201434726,
    0.8299999086998274,
    0.8299999959931034,
    0.82,
    0.82,
    0.82,
    0.8299999849090088,
    0.8299999161615399,
    0.8299994586889446,
    0.8200000244800015,
    0.8299994189858814,
    0.8299999086998274,
    0.82,
    0.8200001033043783,
    0.8299999966799987,
    0.82000228000912,
    0.8299999169989016,
    0.8200000912000146,
    0.8299999916999942,
    0.8200001080000183,
    0.829999982016655,
    0.82,
    0.8299999966799987,
    0.8200002280000912,
    0.8299999557332619,
    0.8200001244860116,
    0.8299999966799987,
    0.8200001080000183,
    0.829999982016655,
    0.8200001665000541,
    0.8299999833999961,
    0.8200001296000363,
    0.8299999966799987,
    0.82,
    0.8199999835999839,
    0.8100000414658025,
    0.82,
    0.82,
    0.82,
    0.82,
    0.82,
    0.8299999811363583,
    0.82,
    0.8200024480156674,
    0.8,
    0.82,
    0.82,
    0.8199999901599953,
    0.8,
    0.8199999273416866,
    0.8199999835999839,
    0.8199999986612244,
    0.8,
    0.8,
    0.8,
    0.8099999918999985,
    0.8199982506587363,
    0.8,
    0.8100000521888493,
    0.8199982506587363,
    0.8199982506587363,
    0.8199999930299999,
    0.8200849036683144,
    0.81,
    0.8100000253782906,
    0.819999998210909,
    0.82,
    0.8199999880509966,
    0.82,
    0.8199977508504597,
    0.8100000627000107,
    0.82,
    0.8199979075771157,
    0.82,
    0.8199982506587363,
    0.8199999849119991,
    0.8,
    0.81,
    0.81,
    0.8199976890764133,
    0.8100000273600015,
    0.8199985807662286,
    0.8199999987235195,
    0.82,
    0.8199999999125334,
    0.8199999934399984,
    0.8,
    0.8,
    0.8099999772631545,
    0.81,
    0.81,
    0.81,
    0.81,
    0.82,
    0.82,
    0.8199999989453374,
    0.810000021620691,
    0.82,
    0.81,
    0.81,
    0.81,
    0.81,
    0.8181948915344139,
    0.7999850074962519,
    0.78000008360001,
    0.7862571867912561,
    0.78,
    0.7790031871980982,
    0.77,
    0.74,
    0.75,
    0.75,
    0.75,
    0.75,
    0.75,
    0.75,
    0.75,
    0.75,
    0.75,
    0.77,
    0.7699999953799994,
    0.75,
    0.7699999993304347,
    0.7599993311992509,
    0.75,
    0.76,
    0.7699999934929569,
    0.77,
    0.77,
    0.7699999969199998,
    0.7699999975449274,
    0.75,
    0.7627406081955739,
    0.76,
    0.7599999594666418,
    0.7599999991629187,
    0.75,
    0.76,
    0.7599999283017921,
    0.75,
    0.7599999594666418,
    0.75,
    0.7599994472580545,
    0.76,
    0.7400001352000649,
    0.7599999087998286,
    0.740000072800016,
    0.76,
    0.7400000312000015,
    0.75,
    0.7400001352000649,
    0.756094766652137,
    0.75,
    0.7400001352000649,
    0.7400001352000649,
    0.75,
    0.75,
    0.75,
    0.76,
    0.76,
    0.7400000497530923,
    0.76,
    0.7599999923618082,
    0.7400000546376895,
    0.7599999946321363,
    0.7400000308998318,
    0.7599999087998286,
    0.740000072800016,
    0.7502343435164751,
    0.75,
    0.7400000353600023,
    0.7599999823461054,
    0.74,
    0.75,
    0.75999999848,
    0.7400000282311753,
    0.7599999912543149,
    0.7400000288888908,
    0.76,
    0.7599999910430162,
    0.74,
    0.7400000025766811,
    0.75,
    0.76,
    0.75,
    0.75,
    0.7599999594666418,
    0.7599999594666418,
    0.7599999594666418,
    0.76,
    0.7599997973313607,
    0.7599998311106795,
    0.7599995657083297,
    0.7599999594666418,
    0.75,
    0.75,
    0.7599999594666418,
    0.75,
    0.75,
    0.75,
    0.7400001352000649,
    0.75,
    0.75,
    0.74,
    0.75,
    0.75,
    0.75,
    0.75,
    0.75,
    0.75,
    0.75,
    0.74,
    0.74,
    0.74,
    0.74,
    0.75,
    0.7400001352000649,
    0.75,
    0.75,
    0.7400001607273194,
    0.75,
    0.75,
    0.75,
    0.7400000281503771,
    0.75,
    0.75,
    0.75,
    0.75,
    0.75,
    0.75,
    0.75,
    0.75,
    0.75,
    0.75,
    0.74,
    0.75,
    0.7400001352000649,
    0.75,
    0.7400000640986222,
    0.74,
    0.75,
    0.7400000386138652,
    0.75,
    0.75,
    0.75,
    0.7400000579672192,
    0.75,
    0.75,
    0.75,
    0.7400006066672733,
    0.75,
    0.75,
    0.7400007020016146,
    0.75,
    0.75,
    0.75,
    0.75,
    0.75,
    0.7400016640059904,
    0.75,
    0.75,
    0.75,
    0.75,
    0.7300000194400006,
    0.75,
    0.73,
    0.75,
    0.75,
    0.75,
    0.75,
    0.75,
    0.75,
    0.75,
    0.73,
    0.72,
    0.7200003201410591,
    0.7599993919956224,
    0.7599999878399966,
    0.75,
    0.7300001458000671,
    0.7599998678249605,
    0.75,
    0.73000033000033,
    0.73000027000027,
    0.75,
    0.72,
    0.72,
    0.72,
    0.7200003754793228,
    0.73,
    0.75,
    0.72,
    0.72,
    0.72,
    0.7200000952000152,
    0.7458322891681285,
    0.73,
    0.7300001185981896,
    0.73,
    0.72,
    0.73,
    0.75,
    0.75,
    0.71,
    0.7000000761389241,
    0.72,
    0.73,
    0.73,
    0.7300002514099316,
    0.75,
    0.7300010440029232,
    0.74,
    0.7300001979633965,
    0.740000072800016,
    0.74,
    0.730000405000405,
    0.75,
    0.75,
    0.75,
    0.75,
    0.75,
    0.75,
    0.75,
    0.75,
    0.75,
    0.75,
    0.75,
    0.75,
    0.75,
    0.75,
    0.75,
    0.7300000810000263,
    0.7300002871340865,
    0.74,
    0.7400000766043769,
    0.75,
    0.7426034689357719,
    0.74,
    0.7399999457333192,
    0.7399999592999819,
    0.7399999592999819,
    0.73999992895995,
    0.74,
    0.7399999457333192,
    0.74,
    0.74,
    0.74,
    0.74,
    0.74,
    0.74,
    0.74,
    0.74,
    0.74,
    0.74,
    0.74,
    0.74,
    0.74,
    0.74,
    0.74,
    0.74,
    0.74,
    0.74,
    0.74,
    0.74,
    0.74,
    0.74,
    0.74,
    0.74,
    0.74,
    0.74,
    0.74,
    0.74,
    0.74,
    0.74,
    0.74,
    0.74,
    0.74,
    0.74,
    0.74,
    0.74,
    0.74,
    0.74,
    0.74,
    0.74,
    0.74,
    0.74,
    0.74,
    0.74,
    0.74,
    0.74,
    0.74,
    0.74,
    0.74,
    0.74,
    0.74,
    0.74,
    0.74,
    0.74,
    0.74,
    0.74,
    0.74,
    0.74,
    0.74,
    0.74,
    0.74,
    0.74,
    0.74,
    0.74,
    0.74,
    0.74,
    0.74,
    0.74,
    0.7399999457333192,
    0.74,
    0.74,
    0.7399999674399819,
    0.74,
    0.7399999605333003,
    0.74,
    0.7399999457333192,
    0.7300000925714497,
    0.7300000837000159,
    0.7300000630000063,
    0.7300000712800097,
    0.74,
    0.74,
    0.74,
    0.7300001209600426,
    0.74,
    0.74,
    0.74,
    0.74,
    0.74,
    0.7399999674399819,
    0.7300000630000063,
    0.74,
    0.7399999605333003,
    0.74,
    0.74,
    0.7399999457333192,
    0.74,
    0.7399999592999819,
    0.74,
    0.7300000630000063,
    0.7300000925714497,
    0.7300000837000159,
    0.7399999674399819,
    0.73999992895995,
    0.74,
    0.7399999726768989,
    0.74,
    0.74,
    0.73999988159994,
    0.739999989639998,
    0.73,
    0.7299992699951146,
    0.71,
    0.68,
    0.6799998911999086,
    0.65000035000035,
    0.719999242094094,
    0.729998977987804,
    0.7299999087499658,
    0.65,
    0.7299998101998596,
    0.66,
    0.66,
    0.66,
    0.66,
    0.66,
    0.66,
    0.66,
    0.66,
    0.66,
    0.66,
    0.66,
    0.66,
    0.66,
    0.66,
    0.7299998101998596,
    0.729999967879995,
    0.7299998174987421,
    0.57,
    0.7299999087499658,
    0.56,
    0.65,
    0.6699829051047812,
    0.6699829057007869,
    0.6801851360370272,
    0.6801851430190755,
    0.6801851160011747,
    0.6699908554131175,
    0.6699908562907444,
    0.6839335044215964,
    0.6899999753571366,
    0.679994831935916,
    0.6799992746626048,
    0.6102161564935855,
    0.6102161480906025,
    0.610216460521093,
    0.6100506428937159,
    0.610050636446931,
    0.7099982959870496,
    0.7399997779989566,
    0.64,
    0.6599995379980134,
    0.8,
    0.05,
    0.04,
    0.95,
    0.95
]
