[
    0.001,
    0.001,
    0.001,
    0.002,
    0.002,
    0.002,
    0.002,
    0.002,
    0.002,
    0.003,
    0.003,
    0.003,
    0.032,
    0.031683168316831684,
    0.013,
    0.013,
    0.013000000306364133,
    0.013,
    0.032,
    0.031840796019900496,
    0.013,
    0.013,
    0.013,
    0.031,
    0.01,
    0.01,
    0.01,
    0.01,
    0.01,
    0.01,
    0.01,
    0.069,
    0.043202247191011234,
    0.02,
    0.01,
    0.03,
    0.02,
    0.01899157291095925,
    0.005,
    0.005,
    0.005,
    0.01,
    0.005,
    0.004,
    0.005,
    0.01,
    0.01,
    0.01,
    0.005,
    0.02,
    0.01,
    0.004,
    0.004,
    0.003,
    0.01,
    0.002,
    0.01,
    0.01,
    0.01,
    0.02,
    0.01,
    0.01,
    0.02,
    0.03,
    0.04,
    0.03,
    0.04,
    0.02,
    0.02,
    0.05,
    0.05,
    0.09000000045500023,
    0.09,
    0.1,
    0.09000000358974783,
    0.09000000045500023,
    0.09000000293706371,
    0.11,
    0.1,
    0.1,
    0.1,
    0.1,
    0.1,
    0.1,
    0.1,
    0.1,
    0.1,
    0.1,
    0.11,
    0.1,
    0.1,
    0.1299999466999952,
    0.13,
    0.12629695314349265,
    0.13,
    0.1100000053400005,
    0.14,
    0.14,
    0.16,
    0.14,
    0.13,
    0.1300000000594709,
    0.12,
    0.16,
    0.14,
    0.14,
    0.15,
    0.12,
    0.11,
    0.1299999966633333,
    0.14,
    0.15,
    0.2,
    0.17,
    0.16,
    0.18,
    0.21999995306666104,
    0.17000000012995284,
    0.2,
    0.15,
    0.15,
    0.25,
    0.20999999478888884,
    0.15,
    0.24,
    0.21,
    0.2,
    0.23999999183999987,
    0.21000000256216297,
    0.22,
    0.25,
    0.22,
    0.2599999838799994,
    0.25,
    0.26999985419993294,
    0.27,
    0.24,
    0.25,
    0.23000000028505477,
    0.2759593990862543,
    0.23000000033816426,
    0.25,
    0.2699999952140468,
    0.2799999462146844,
    0.27,
    0.27,
    0.27,
    0.25,
    0.27,
    0.26999999519999995,
    0.27,
    0.272082196940506,
    0.18999998802999957,
    0.18,
    0.18,
    0.2,
    0.2,
    0.2,
    0.2,
    0.22,
    0.22999982749995687,
    0.2399998559999424,
    0.22,
    0.23,
    0.23,
    0.23,
    0.23,
    0.25,
    0.22999991481480128,
    0.21000003686668953,
    0.22999999414545444,
    0.25,
    0.25,
    0.21999998658978553,
    0.22,
    0.26999928449831856,
    0.32,
    0.25,
    0.25,
    0.23000000070000007,
    0.23,
    0.24,
    0.21000000217250012,
    0.2,
    0.18,
    0.16,
    0.17000000027766163,
    0.2,
    0.16,
    0.16,
    0.17,
    0.17,
    0.19,
    0.18999977545440255,
    0.18999977545440255,
    0.16,
    0.2,
    0.19000008783152741,
    0.2199999959384615,
    0.23000000654500125,
    0.21,
    0.21698110055179606,
    0.17,
    0.17,
    0.15,
    0.15,
    0.15,
    0.1500000004940137,
    0.140000000344,
    0.14,
    0.18,
    0.18,
    0.18,
    0.16,
    0.16,
    0.17,
    0.19,
    0.19,
    0.1899999814749995,
    0.27,
    0.27,
    0.2530978220193099,
    0.23,
    0.25,
    0.25,
    0.25,
    0.25,
    0.25,
    0.25,
    0.25,
    0.19,
    0.19,
    0.19,
    0.19,
    0.19,
    0.19,
    0.2,
    0.2,
    0.2,
    0.2,
    0.2,
    0.2,
    0.19,
    0.17,
    0.16,
    0.16,
    0.14,
    0.15000106263150065,
    0.13,
    0.11,
    0.1,
    0.1,
    0.11,
    0.12,
    0.1299999789399992,
    0.12,
    0.12999990899998787,
    0.11,
    0.0900000000155157,
    0.13,
    0.1,
    0.11,
    0.11,
    0.11,
    0.11,
    0.13,
    0.1,
    0.11,
    0.1,
    0.09,
    0.13,
    0.13999998879999978,
    0.14,
    0.13000000870001732,
    0.13999998879999978,
    0.13,
    0.13000000870001732,
    0.12000000016761905,
    0.13999999281578937,
    0.12,
    0.12,
    0.1100000001901282,
    0.13,
    0.13,
    0.13,
    0.1300000149142876,
    0.13000000089506178,
    0.13000000116372398,
    0.13,
    0.1300000002677129,
    0.13,
    0.15,
    0.16,
    0.15,
    0.15,
    0.16,
    0.17,
    0.17,
    0.17,
    0.17,
    0.19,
    0.19,
    0.2,
    0.18,
    0.19,
    0.18,
    0.18,
    0.18,
    0.18,
    0.18,
    0.18,
    0.18,
    0.18,
    0.18,
    0.18,
    0.18,
    0.18,
    0.18,
    0.1900000145800012,
    0.18,
    0.19,
    0.19,
    0.2,
    0.2,
    0.2,
    0.2,
    0.2,
    0.22,
    0.2,
    0.21,
    0.21,
    0.23,
    0.23,
    0.23,
    0.23,
    0.23,
    0.23,
    0.23,
    0.23,
    0.23,
    0.24,
    0.24,
    0.259999998492,
    0.25999996463999775,
    0.26000000635973064,
    0.24,
    0.24,
    0.24,
    0.23000000834228043,
    0.26,
    0.26,
    0.25,
    0.24,
    0.26999996984999836,
    0.27,
    0.2899999640399973,
    0.3,
    0.2899999640399973,
    0.27000025326676885,
    0.27,
    0.28,
    0.28,
    0.27000018980014046,
    0.27,
    0.27,
    0.3,
    0.3,
    0.27,
    0.32,
    0.33,
    0.33,
    0.33,
    0.33,
    0.37,
    0.37000000527802407,
    0.37933096047291165,
    0.37,
    0.37,
    0.34,
    0.31,
    0.299999993283582,
    0.31,
    0.31,
    0.3,
    0.3,
    0.2976603593416109,
    0.29,
    0.2700000101590486,
    0.29,
    0.2700000006211211,
    0.28,
    0.2700000011570444,
    0.2800000103821218,
    0.270000007861539,
    0.2899999640399973,
    0.27000000808261293,
    0.27,
    0.32,
    0.33,
    0.33,
    0.35,
    0.35,
    0.37,
    0.37,
    0.37,
    0.37,
    0.37,
    0.37,
    0.37,
    0.37,
    0.39705014749262535,
    0.37,
    0.3700000659032755,
    0.39,
    0.3700000819000303,
    0.3700000013228675,
    0.38,
    0.37,
    0.37,
    0.38,
    0.37,
    0.39,
    0.39,
    0.38,
    0.4,
    0.43,
    0.4,
    0.45,
    0.43,
    0.43,
    0.43,
    0.42,
    0.42,
    0.43,
    0.4200000116000012,
    0.4200001740002958,
    0.42,
    0.45,
    0.45,
    0.44,
    0.41,
    0.42,
    0.43,
    0.43,
    0.47,
    0.47,
    0.45000000275000007,
    0.4500000275000124,
    0.4837619047619048,
    0.46999999153999933,
    0.46999984959974733,
    0.48999998137999884,
    0.45,
    0.46,
    0.45000002367288616,
    0.48999998012903123,
    0.4899998944975799,
    0.4500000275000124,
    0.45,
    0.45,
    0.4500000084355853,
    0.45,
    0.4500000702554911,
    0.5165482508427828,
    0.45,
    0.45000001762820596,
    0.48,
    0.45000004634832375,
    0.4500000225409919,
    0.45000005288462724,
    0.48999997738461065,
    0.46999989257140196,
    0.4699999580810735,
    0.4699998937391083,
    0.45,
    0.45,
    0.45999999052297885,
    0.5,
    0.450000001122449,
    0.47,
    0.5040579341887943,
    0.5,
    0.5,
    0.48000000723478314,
    0.5,
    0.48,
    0.48,
    0.48,
    0.4900004182004935,
    0.5,
    0.49000004590000734,
    0.5,
    0.5,
    0.5,
    0.48,
    0.48999998137999884,
    0.4887219521617358,
    0.46000001744615465,
    0.5,
    0.4700000000108798,
    0.49,
    0.49000002226611594,
    0.5,
    0.5199999833599972,
    0.5,
    0.4900000157644119,
    0.4900000019738754,
    0.5235446824859714,
    0.5,
    0.5,
    0.49,
    0.49,
    0.5,
    0.51,
    0.5400000106811151,
    0.54,
    0.53,
    0.5248277702940467,
    0.5499999471153727,
    0.5699999644982598,
    0.5699999585454425,
    0.5300000074853316,
    0.51,
    0.5090811502458078,
    0.4900000055085513,
    0.5,
    0.5599999103999745,
    0.5599999044549473,
    0.54,
    0.51,
    0.51,
    0.49,
    0.51,
    0.51,
    0.51,
    0.501889699918897,
    0.51,
    0.51,
    0.51,
    0.51,
    0.5,
    0.49,
    0.4900000089623437,
    0.5,
    0.5,
    0.5,
    0.5,
    0.5,
    0.5,
    0.49000004808081976,
    0.5,
    0.4900004182004935,
    0.49000004357595944,
    0.490000046690153,
    0.49000005052632645,
    0.49000003866427094,
    0.5,
    0.5,
    0.5,
    0.5,
    0.4800000187200012,
    0.4800000001143639,
    0.49,
    0.49,
    0.5,
    0.5,
    0.4900000077862609,
    0.4900000030393326,
    0.4900009180020196,
    0.49,
    0.5,
    0.48,
    0.5,
    0.4800000241860524,
    0.48,
    0.4800000961344764,
    0.4800000396946686,
    0.5,
    0.5,
    0.5,
    0.49402950128775464,
    0.48999991016660827,
    0.4924021482080691,
    0.48999999387499976,
    0.48,
    0.49,
    0.48000000138666676,
    0.4899999994052676,
    0.480000049692845,
    0.4899999415893916,
    0.48000002946176307,
    0.48000004534060786,
    0.48,
    0.4800000803433697,
    0.48999997413489116,
    0.489999929999983,
    0.4899999603072547,
    0.4800000104130174,
    0.4899999473553558,
    0.4899999871374987,
    0.49,
    0.48,
    0.48,
    0.49,
    0.4899995785995196,
    0.4800000166400028,
    0.48999998137999884,
    0.4899999996276,
    0.49,
    0.49,
    0.49,
    0.4900000017000006,
    0.5,
    0.49,
    0.4900000059130451,
    0.49000002027523476,
    0.49000007472529117,
    0.5,
    0.5,
    0.5,
    0.5,
    0.49,
    0.489999999069,
    0.49,
    0.49,
    0.49,
    0.49,
    0.49,
    0.49,
    0.5,
    0.5,
    0.48,
    0.48,
    0.49,
    0.48,
    0.48,
    0.4700000017426304,
    0.48,
    0.48999982849988855,
    0.48999998039999687,
    0.49,
    0.48,
    0.48,
    0.48,
    0.47,
    0.47,
    0.48,
    0.48,
    0.48,
    0.4899995785995196,
    0.48,
    0.48999999899375,
    0.4899999994880597,
    0.48,
    0.48,
    0.48,
    0.48,
    0.48,
    0.48,
    0.4800002496003794,
    0.48999998137999884,
    0.48,
    0.48,
    0.48999999411999995,
    0.48,
    0.48,
    0.48,
    0.47,
    0.48,
    0.47,
    0.47,
    0.47,
    0.47,
    0.47,
    0.46,
    0.46,
    0.46,
    0.46,
    0.45999999386666657,
    0.4599985781732872,
    0.46,
    0.46,
    0.46,
    0.46,
    0.46,
    0.46,
    0.46,
    0.46,
    0.46,
    0.46,
    0.46,
    0.46,
    0.46,
    0.46,
    0.46,
    0.46,
    0.46,
    0.46,
    0.46,
    0.46,
    0.46,
    0.46,
    0.46,
    0.46,
    0.46,
    0.46,
    0.46,
    0.46,
    0.46,
    0.46,
    0.46,
    0.46,
    0.46,
    0.46,
    0.46,
    0.46,
    0.46,
    0.46,
    0.46,
    0.46,
    0.46,
    0.44,
    0.44000000339393947,
    0.44000000280000007,
    0.45,
    0.44000000846578646,
    0.45,
    0.45000000814814833,
    0.45,
    0.45000000440000015,
    0.45,
    0.450000004489796,
    0.4699999702333253,
    0.45,
    0.46999999085603095,
    0.46,
    0.45000000804878076,
    0.467418804155665,
    0.4699999986422222,
    0.45999992639998727,
    0.45999998866994823,
    0.4699999702333253,
    0.4400000224000036,
    0.45,
    0.4400001792002294,
    0.4699998777999096,
    0.46999999420628924,
    0.46999999153999933,
    0.46999999153999933,
    0.45,
    0.46,
    0.46,
    0.46,
    0.45,
    0.4400000109268301,
    0.45999999458823504,
    0.45,
    0.44,
    0.46,
    0.4400000280561178,
    0.44,
    0.46,
    0.4400000070391063,
    0.45999999474285697,
    0.44,
    0.46,
    0.45999999386666657,
    0.45,
    0.45999995951999545,
    0.45000001527777905,
    0.45,
    0.46,
    0.45000000687500025,
    0.45,
    0.46,
    0.46,
    0.44,
    0.44,
    0.46,
    0.4400000224000036,
    0.44,
    0.46,
    0.45999999677999986,
    0.44,
    0.46,
    0.45999995951999545,
    0.44,
    0.46,
    0.44,
    0.46,
    0.4400000012515365,
    0.44,
    0.46,
    0.44,
    0.46,
    0.44,
    0.46,
    0.4400000085414712,
    0.4599999948888886,
    0.45999992554910196,
    0.46,
    0.46,
    0.46,
    0.44,
    0.46,
    0.46,
    0.44,
    0.46,
    0.4400000224000036,
    0.44,
    0.46,
    0.46,
    0.45999999726486485,
    0.459999998252,
    0.46,
    0.45,
    0.46,
    0.45,
    0.45,
    0.46,
    0.45000000440000015,
    0.45999995951999545,
    0.45000001527777905,
    0.45,
    0.459999986618181,
    0.4599999985178904,
    0.4599999781499983,
    0.45999998435999895,
    0.4599997607998852,
    0.4599999941276594,
    0.45999988499997124,
    0.45999989930345453,
    0.45999988499997124,
    0.45999941025565416,
    0.45999984076897965,
    0.4599997607998852,
    0.4599999936749997,
    0.4599997607998852,
    0.45999996461536014,
    0.45999996979103774,
    0.45999988499997124,
    0.45999999009230713,
    0.459999998252,
    0.45999998726153685,
    0.4599999819016386,
    0.459999998252,
    0.45999998435999895,
    0.46,
    0.4599999907999998,
    0.4599834902959297,
    0.45,
    0.44999999948076924,
    0.44999999700465937,
    0.4524589943886026,
    0.45999998849999935,
    0.45999998849999935,
    0.459999995260606,
    0.45,
    0.4599999854430375,
    0.4599999973312977,
    0.45,
    0.45,
    0.45,
    0.45999998435999895,
    0.4599999803658515,
    0.4599997607998852,
    0.45999998435999895,
    0.46,
    0.4582315124000939,
    0.44999999212499975,
    0.43000000605156746,
    0.4399999847466662,
    0.44,
    0.44,
    0.43,
    0.43,
    0.43,
    0.42000000081872724,
    0.4299999987714286,
    0.42999995054998097,
    0.42000000464000087,
    0.429999998538,
    0.42,
    0.4299999951266664,
    0.42,
    0.42,
    0.42,
    0.42999995054998097,
    0.42,
    0.42999995054998097,
    0.42,
    0.4299998279998968,
    0.42,
    0.42,
    0.41979159663865545,
    0.4099999446499798,
    0.40999928249527645,
    0.4,
    0.4,
    0.4,
    0.4099998236998995,
    0.4199999831999973,
    0.41999997843942394,
    0.41999999427046253,
    0.4199999453999798,
    0.4199999878846143,
    0.4199999866194671,
    0.41,
    0.4199999677999971,
    0.4199999831999973,
    0.4199999831999973,
    0.4199999831999973,
    0.41999957999958,
    0.4199973119634427,
    0.4199999831999973,
    0.4199999831999973,
    0.41999995479819086,
    0.41,
    0.41,
    0.41,
    0.3900000010691557,
    0.41,
    0.41,
    0.41,
    0.41,
    0.41,
    0.41,
    0.41,
    0.41,
    0.41999998991999926,
    0.41999999327999976,
    0.410000059243617,
    0.41,
    0.41,
    0.41,
    0.41,
    0.4199999831999973,
    0.4199999831999973,
    0.41,
    0.41000005524610655,
    0.41,
    0.41,
    0.41,
    0.41,
    0.41,
    0.41,
    0.4099999446499798,
    0.41,
    0.41,
    0.4099998236998995,
    0.41,
    0.41,
    0.41,
    0.41,
    0.41,
    0.3900000161803745,
    0.41,
    0.41,
    0.4099999909799993,
    0.41,
    0.41,
    0.41,
    0.41,
    0.41,
    0.41,
    0.41,
    0.4199998235998977,
    0.41999957999958,
    0.41999992719998835,
    0.4199999453999798,
    0.43195367875021956,
    0.41688574390347144,
    0.4,
    0.39,
    0.40000002400000384,
    0.40999999343999965,
    0.4099998236998995,
    0.41,
    0.42,
    0.42,
    0.42,
    0.42,
    0.41000000472000014,
    0.42,
    0.4199998235998977,
    0.42,
    0.42,
    0.42,
    0.4199999831999973,
    0.41999998991999926,
    0.42,
    0.41,
    0.41,
    0.42,
    0.42,
    0.41,
    0.41000001825628235,
    0.4100000078747438,
    0.41000002622224047,
    0.42,
    0.42,
    0.42,
    0.42,
    0.42,
    0.42,
    0.42,
    0.42,
    0.4100001130834059,
    0.42,
    0.41000000154875,
    0.42,
    0.43,
    0.4199999831999973,
    0.41999998991999926,
    0.41000015340011353,
    0.41000019309119695,
    0.42,
    0.42,
    0.42,
    0.42,
    0.42,
    0.4300524111205275,
    0.44,
    0.44,
    0.44,
    0.44,
    0.44,
    0.44,
    0.44,
    0.44,
    0.44,
    0.430052409269451,
    0.4300524538895334,
    0.44,
    0.44,
    0.44,
    0.44,
    0.44,
    0.44,
    0.44,
    0.44,
    0.44,
    0.42,
    0.4399999295999761,
    0.43999980639989156,
    0.46999987466656085,
    0.42,
    0.43,
    0.43,
    0.43,
    0.42,
    0.43,
    0.43,
    0.42,
    0.43,
    0.43,
    0.43,
    0.43,
    0.43,
    0.43,
    0.43,
    0.43,
    0.43,
    0.43,
    0.43,
    0.43,
    0.43,
    0.43,
    0.43,
    0.4699998777999096,
    0.41000059000531003,
    0.4699999650857119,
    0.4961006488996488,
    0.48999982849988855,
    0.48999907879804705,
    0.48536955264842896,
    0.4799992145431696,
    0.5199999812799988,
    0.4,
    0.41,
    0.5290710679886552,
    0.5264900586125607,
    0.42,
    0.4100000068109672,
    0.4100010892455159,
    0.5199992373319097,
    0.48,
    0.51,
    0.47,
    0.609999859699892,
    0.61,
    0.5100000465500188,
    0.510000088200043,
    0.51,
    0.6099984984421337,
    0.49000006587501893,
    0.607658405488226,
    0.48000053669823245,
    0.52,
    0.5662072619389447,
    0.5200000048000002,
    0.5200001728001106,
    0.5499999807499988,
    0.52,
    0.5499993984362781,
    0.5499998428567388,
    0.5499998428567388,
    0.5200002526321108,
    0.5499996944437654,
    0.5499999724999877,
    0.55,
    0.55,
    0.5300001081000292,
    0.5300000297666747,
    0.5300001101143228,
    0.5300001222000904,
    0.530000045825007,
    0.5599999560784176,
    0.5599999495999919,
    0.5560335800023501,
    0.547154721545574,
    0.5399999348936018,
    0.52,
    0.55,
    0.5200001728001106,
    0.54,
    0.5200004320006912,
    0.63,
    0.6199998511998869,
    0.63,
    0.5,
    0.52,
    0.669999962479987,
    0.5702148603804569,
    0.5702150326048913,
    0.6699999329996716,
    0.6699999329996716,
    0.560000070400024,
    0.5600007920025344,
    0.7799990639917631,
    0.9399996581664046
]
