[
    0.999,
    0.999,
    0.999,
    0.999,
    0.999,
    0.999,
    0.999,
    0.999,
    0.999,
    0.999,
    0.999,
    0.999,
    0.999,
    0.999,
    0.999,
    0.999,
    0.999,
    0.999,
    0.999,
    0.999,
    0.999,
    0.999,
    0.999,
    0.999,
    0.999,
    0.999,
    0.999,
    0.999,
    0.999,
    0.999,
    0.999,
    0.999,
    0.999,
    0.999,
    0.999,
    0.999,
    0.999,
    0.999,
    0.999,
    0.999,
    0.999,
    0.999,
    0.999,
    0.999,
    0.999,
    0.999,
    0.999,
    0.999,
    0.999,
    0.999,
    0.999,
    0.999,
    0.999,
    0.999,
    0.999,
    0.999,
    0.999,
    0.999,
    0.999,
    0.999,
    0.999,
    0.999,
    0.997,
    0.997,
    0.999,
    0.9970000029880001,
    0.9984994755232307,
    0.9892392023797749,
    0.9959907178217822,
    0.978,
    0.99,
    0.9899999978373262,
    0.9780000042768,
    0.99,
    0.976,
    0.96,
    0.988955223880597,
    0.9669374591518644,
    0.95,
    0.96,
    0.92,
    0.94,
    0.9399999981199973,
    0.95,
    0.90100000088209,
    0.9399999990599994,
    0.94,
    0.95,
    0.94,
    0.95,
    0.97,
    0.95,
    0.94,
    0.911,
    0.9699999922737145,
    0.9699999732755055,
    0.979999990177332,
    0.96,
    0.96,
    0.9699997912390846,
    0.96,
    0.96,
    0.96,
    0.96,
    0.97,
    0.96,
    0.95,
    0.98,
    0.94,
    0.98,
    0.97,
    0.98,
    0.98,
    0.98,
    0.98,
    0.98,
    0.98,
    0.98,
    0.95,
    0.94,
    0.93,
    0.93,
    0.93,
    0.92,
    0.92,
    0.97,
    0.97,
    0.9699999987564096,
    0.94,
    0.96,
    0.9664535894811638,
    0.95,
    0.95,
    0.94,
    0.94,
    0.95,
    0.94,
    0.92,
    0.9,
    0.9,
    0.9,
    0.9,
    0.9,
    0.88,
    0.9199997723709556,
    0.9299999888399957,
    0.88,
    0.9207938466070722,
    0.88,
    0.88,
    0.8800001008000161,
    0.8800001008000161,
    0.89,
    0.8900000968000116,
    0.89,
    0.9299999998242049,
    0.9178801026745963,
    0.8563636363636363,
    0.8485,
    0.809999832599923,
    0.8100001216000438,
    0.83,
    0.82,
    0.81,
    0.8199999901599953,
    0.81,
    0.8100000273600015,
    0.8,
    0.7731360283152056,
    0.7565307097790286,
    0.69,
    0.71,
    0.649999997075,
    0.6899999917199968,
    0.74,
    0.7400001352000649,
    0.7699999876799952,
    0.75,
    0.78,
    0.7899999966142848,
    0.7800000990000173,
    0.789999999684,
    0.7799999989599999,
    0.74,
    0.74,
    0.7193374513060078,
    0.68,
    0.68,
    0.66,
    0.67,
    0.6600000046439025,
    0.65,
    0.6227384755819261,
    0.61,
    0.57,
    0.59,
    0.58,
    0.6,
    0.6199994351103705,
    0.610000109200024,
    0.61,
    0.6100001521000927,
    0.63,
    0.62,
    0.62,
    0.6200000009457778,
    0.6200000053833334,
    0.62,
    0.62,
    0.62,
    0.6200000258400035,
    0.6100001521000927,
    0.6100000226200032,
    0.63,
    0.6284398,
    0.6,
    0.6,
    0.6,
    0.5783215148445414,
    0.6,
    0.55,
    0.55,
    0.54,
    0.54,
    0.55,
    0.55,
    0.54,
    0.53,
    0.5300001222000904,
    0.5300000007606546,
    0.539999997842725,
    0.53,
    0.54,
    0.5259314862143086,
    0.5199999812799988,
    0.5209364929810532,
    0.52,
    0.55,
    0.54,
    0.5699999985749998,
    0.56,
    0.57,
    0.57,
    0.5899999989134437,
    0.57,
    0.59,
    0.5500000393968913,
    0.54,
    0.54,
    0.53,
    0.5,
    0.49968,
    0.4600001530000842,
    0.47,
    0.45,
    0.4499999212499744,
    0.43,
    0.42999995054998097,
    0.42,
    0.42,
    0.4199999984894803,
    0.43,
    0.43,
    0.41,
    0.41,
    0.400138,
    0.41,
    0.4079716024340771,
    0.41000015340011353,
    0.41,
    0.410000000944,
    0.43,
    0.43945836712035763,
    0.44,
    0.41,
    0.41,
    0.4099999881982933,
    0.38,
    0.38,
    0.36999999803899997,
    0.3499999614999965,
    0.34913902107059597,
    0.35,
    0.3599999870399992,
    0.35,
    0.35,
    0.3699999887149998,
    0.35,
    0.35,
    0.3499999842499991,
    0.35,
    0.35,
    0.35,
    0.35999992079997784,
    0.35,
    0.3499999986,
    0.37999999966684933,
    0.35,
    0.34,
    0.34,
    0.35,
    0.37,
    0.36,
    0.36,
    0.35,
    0.36,
    0.36,
    0.39,
    0.39,
    0.41691648406871,
    0.3600000019519262,
    0.39603960396039606,
    0.3899999773799968,
    0.389999890799976,
    0.379999998708,
    0.38,
    0.37999999417333324,
    0.38,
    0.3708547107917063,
    0.4499999992125,
    0.47,
    0.47,
    0.47,
    0.47731962319623195,
    0.47,
    0.48,
    0.48,
    0.49,
    0.49,
    0.49,
    0.49,
    0.49,
    0.5,
    0.5,
    0.49,
    0.5,
    0.5,
    0.50999999847,
    0.49,
    0.49,
    0.49,
    0.45000000687500025,
    0.4500000046218491,
    0.47,
    0.5099999952399998,
    0.509999998572,
    0.47,
    0.47,
    0.47,
    0.49,
    0.48,
    0.52,
    0.52,
    0.52,
    0.52,
    0.5,
    0.5,
    0.5,
    0.5,
    0.5099999988516285,
    0.5,
    0.5,
    0.4800000166400028,
    0.5,
    0.5,
    0.5,
    0.5,
    0.53,
    0.5399998025805051,
    0.5,
    0.5,
    0.5,
    0.52,
    0.5,
    0.5399999996821659,
    0.540000001748,
    0.5400000040406576,
    0.55,
    0.55,
    0.5500002025001114,
    0.5699999925899997,
    0.5699999931599997,
    0.58,
    0.6,
    0.6,
    0.6,
    0.6,
    0.6,
    0.67,
    0.65,
    0.66,
    0.67,
    0.68,
    0.69,
    0.65,
    0.69,
    0.69,
    0.69,
    0.69,
    0.69,
    0.69,
    0.6899998664512079,
    0.69,
    0.6799998911999086,
    0.6999999719999955,
    0.71,
    0.72,
    0.72,
    0.72,
    0.72,
    0.7299999945277353,
    0.72,
    0.7,
    0.7199999952925792,
    0.7199999537967697,
    0.7199999993186657,
    0.69,
    0.69,
    0.7,
    0.67,
    0.69,
    0.67,
    0.6700000087713142,
    0.7,
    0.6999999317073071,
    0.61,
    0.61,
    0.6100000005822916,
    0.64,
    0.6100000097500002,
    0.5799999860799989,
    0.55,
    0.53,
    0.53,
    0.53,
    0.5,
    0.53,
    0.5,
    0.52,
    0.52,
    0.5299998780999061,
    0.529999992205871,
    0.5299997810865711,
    0.53,
    0.53,
    0.5299999676205703,
    0.5299998780999061,
    0.5299999883399997,
    0.52,
    0.5200001728001106,
    0.5299999998507192,
    0.54,
    0.5399999902799992,
    0.5399999999344939,
    0.5299999899299992,
    0.49,
    0.53,
    0.5098572384408097,
    0.5,
    0.48,
    0.52,
    0.48,
    0.48,
    0.48,
    0.48,
    0.48,
    0.48,
    0.47,
    0.47,
    0.45,
    0.45,
    0.45,
    0.43,
    0.45,
    0.45,
    0.4753124649546171,
    0.44,
    0.44,
    0.43,
    0.39416841614182413,
    0.35,
    0.35,
    0.35,
    0.35,
    0.35,
    0.35,
    0.35,
    0.38999998120909013,
    0.38999999516324974,
    0.3899999773799968,
    0.39,
    0.39706292553978223,
    0.39,
    0.39,
    0.36,
    0.4099995817995902,
    0.4299999994331136,
    0.38000003100001395,
    0.38,
    0.38,
    0.3800000270634962,
    0.38,
    0.38,
    0.3800000209622934,
    0.41999998194324945,
    0.41999998194324945,
    0.4,
    0.419999998005,
    0.4,
    0.4,
    0.367819747680691,
    0.36,
    0.36049202193660296,
    0.36,
    0.36,
    0.3699999992045,
    0.36,
    0.36,
    0.38,
    0.38,
    0.4099999909799993,
    0.4,
    0.4000001570682273,
    0.4,
    0.40999999688399996,
    0.42,
    0.400000024590168,
    0.429999998538,
    0.46,
    0.45,
    0.4700000327160541,
    0.44,
    0.45,
    0.46,
    0.46,
    0.4500000272817501,
    0.5,
    0.5,
    0.5,
    0.5,
    0.5,
    0.5,
    0.5,
    0.5,
    0.5,
    0.5,
    0.5,
    0.53,
    0.54,
    0.52,
    0.52,
    0.54,
    0.5700001720001032,
    0.57,
    0.58,
    0.58,
    0.58,
    0.58,
    0.61,
    0.6099999296153753,
    0.61,
    0.6099999993899999,
    0.56,
    0.56,
    0.49,
    0.49,
    0.49,
    0.48999996349019165,
    0.49,
    0.49,
    0.49,
    0.49,
    0.49,
    0.4899999995718711,
    0.4899999996849128,
    0.49,
    0.49,
    0.49,
    0.49,
    0.49,
    0.49,
    0.48,
    0.48,
    0.48,
    0.48,
    0.48,
    0.48,
    0.48,
    0.48,
    0.48,
    0.44,
    0.41,
    0.38,
    0.3799999610256373,
    0.3799999878980886,
    0.38,
    0.38970539705397056,
    0.38,
    0.4,
    0.41,
    0.4,
    0.4299999870999978,
    0.42877087352353876,
    0.42,
    0.42,
    0.42,
    0.4473309249503466,
    0.41000015340011353,
    0.40520144206817343,
    0.39,
    0.4,
    0.4,
    0.4,
    0.4,
    0.4,
    0.4099999934965516,
    0.400000060000024,
    0.4,
    0.42,
    0.4299999996388,
    0.43,
    0.43,
    0.43,
    0.43,
    0.46,
    0.41,
    0.41000000644808793,
    0.4100000344166718,
    0.41,
    0.44,
    0.44,
    0.44,
    0.44,
    0.46999967304323187,
    0.5,
    0.5,
    0.5,
    0.52,
    0.52,
    0.52,
    0.52,
    0.52,
    0.52,
    0.53,
    0.54,
    0.54,
    0.54,
    0.5200001728001106,
    0.54,
    0.54,
    0.5697001964961496,
    0.5400002392001149,
    0.53,
    0.53,
    0.52,
    0.52,
    0.52,
    0.53,
    0.52,
    0.53,
    0.52,
    0.52,
    0.52,
    0.52,
    0.5,
    0.54,
    0.54,
    0.54,
    0.55,
    0.55,
    0.53999997839999,
    0.5399999897002713,
    0.53999997839999,
    0.5399999675999938,
    0.5399999959499998,
    0.54,
    0.54,
    0.5799998763933677,
    0.55,
    0.5500000775862603,
    0.5599999775999964,
    0.55,
    0.5599999985066666,
    0.559999999328,
    0.54,
    0.54,
    0.5400000142177845,
    0.55,
    0.56,
    0.5599999997571552,
    0.5599999999776,
    0.56,
    0.5599999253332935,
    0.5599999971999999,
    0.5599988799910399,
    0.5599999091890812,
    0.5599999999394595,
    0.56,
    0.56,
    0.5599999999253333,
    0.5599999769547287,
    0.5500000115089526,
    0.559999999328,
    0.55000045000045,
    0.5500000093750006,
    0.56,
    0.5599999906666661,
    0.56,
    0.569999999145,
    0.56,
    0.5699999999981,
    0.5699999925899997,
    0.569999999145,
    0.5699999965799997,
    0.569999999781515,
    0.57,
    0.5699999966749999,
    0.5699999991534763,
    0.5699999965799997,
    0.56,
    0.57,
    0.56,
    0.5699999966939999,
    0.5600000151724146,
    0.5699999939199997,
    0.56,
    0.5600000003150956,
    0.56,
    0.5699999997727474,
    0.56,
    0.5699999965799997,
    0.56,
    0.5799994541149498,
    0.56,
    0.5600000352000042,
    0.57,
    0.5799999946833332,
    0.57,
    0.58,
    0.5799999860799989,
    0.5799999953599991,
    0.5799999982599999,
    0.5700000032680002,
    0.5799999851757168,
    0.570000003001904,
    0.5700001720001032,
    0.5799999973027437,
    0.5799999860799989,
    0.5799999860799989,
    0.58,
    0.5700000068800006,
    0.57,
    0.57,
    0.5799999860799989,
    0.57,
    0.57,
    0.5799999953599991,
    0.5799999941999997,
    0.57,
    0.57,
    0.570000001462,
    0.579999998985,
    0.5700000095058528,
    0.5799999998656371,
    0.5799999860799989,
    0.57,
    0.570001058467075,
    0.5700000033409508,
    0.579999999536,
    0.5829060910505074,
    0.579999998047138,
    0.5799999982599999,
    0.5700000505882423,
    0.5799999878914395,
    0.57,
    0.5700000002931819,
    0.5700000151171885,
    0.58,
    0.57,
    0.58,
    0.570000049450019,
    0.5799999922666654,
    0.5700000068800006,
    0.57,
    0.5799999982599999,
    0.5700000702333453,
    0.570000049450019,
    0.57,
    0.57,
    0.5600000035200001,
    0.57,
    0.5699999925899997,
    0.56,
    0.57,
    0.5699999999981,
    0.56,
    0.5699999059499214,
    0.5600000079200003,
    0.5699999925899997,
    0.56,
    0.57,
    0.5600000057856677,
    0.5699999555399857,
    0.56,
    0.5699999965799997,
    0.5699999965799997,
    0.5699999925899997,
    0.5600000062857147,
    0.56999999993844,
    0.57,
    0.5699999610499896,
    0.5699999997273826,
    0.5699998232997013,
    0.5699998232997013,
    0.56999999999145,
    0.56999999999145,
    0.5699999965799997,
    0.57,
    0.5799999860799989,
    0.5799998259997042,
    0.5799999860799989,
    0.5799999953599991,
    0.56,
    0.5799998259997042,
    0.5765091364674108,
    0.57,
    0.5600000002933333,
    0.5600000003857534,
    0.5699999998681875,
    0.56,
    0.56,
    0.569999999962,
    0.5699999917919998,
    0.5699999917919998,
    0.57,
    0.5699999917919998,
    0.5600000105600008,
    0.5699999939199997,
    0.56,
    0.5699998232997013,
    0.5699999555399857,
    0.56,
    0.5699999922272725,
    0.5699999922272725,
    0.57,
    0.57,
    0.5699999965799997,
    0.57,
    0.5699999922272725,
    0.5699999059499214,
    0.57,
    0.5699999945208272,
    0.5699998232997013,
    0.5699999939199997,
    0.56,
    0.56,
    0.5699998896770848,
    0.569999999145,
    0.5699999690847422,
    0.5600000028664496,
    0.56,
    0.56,
    0.5600000146666693,
    0.56,
    0.5699999776956483,
    0.5699999753246657,
    0.5699999653284609,
    0.5600000380769289,
    0.5699999926923074,
    0.5600000058705807,
    0.57,
    0.57,
    0.5799999982599999,
    0.57,
    0.5699994978563896,
    0.5699999925899997,
    0.57,
    0.5799996751988827,
    0.5799998259997042,
    0.57,
    0.5799999891733321,
    0.5799977959642946,
    0.5799999860799989,
    0.5700000344000058,
    0.5700000129000022,
    0.5743064444859771,
    0.579999999942,
    0.56,
    0.56,
    0.56,
    0.56,
    0.5790192791893716,
    0.569999999145,
    0.5699999518666493,
    0.5799999900571416,
    0.5799998259997042,
    0.5699999952499997,
    0.569999993033333,
    0.5699990879968991,
    0.57,
    0.571057322250105,
    0.5600007920025344,
    0.5699999555399857,
    0.57,
    0.5600000105600008,
    0.5600000152533339,
    0.5600000158558569,
    0.5699999939199997,
    0.5699998232997013,
    0.5699999890443136,
    0.5699999969152133,
    0.5699999965799997,
    0.5600000061409633,
    0.57,
    0.5600000147786266,
    0.5699999900308639,
    0.5699999900308639,
    0.5699999966939999,
    0.5699997434998589,
    0.5600000046499342,
    0.5699998905599772,
    0.56,
    0.560000070400024,
    0.5699999913636234,
    0.5699997434998589,
    0.5699999965799997,
    0.5699999966939999,
    0.5600000089613042,
    0.5699999867236017,
    0.5600000105600008,
    0.57,
    0.569999987890742,
    0.5600000160242811,
    0.5699999981249999,
    0.57,
    0.5600001936001084,
    0.56,
    0.5699997434998589,
    0.5600000017600001,
    0.5699999869193318,
    0.5600001936001084,
    0.5699999972694609,
    0.5600000067640281,
    0.5699999987175,
    0.5600000113481832,
    0.5699990879968991,
    0.560000070400024,
    0.5699998232997013,
    0.5600001936001084,
    0.57,
    0.56,
    0.57,
    0.57,
    0.5700000129000022,
    0.5700000001806,
    0.57,
    0.57,
    0.5699999933757607,
    0.5600000113548392,
    0.5600000118208961,
    0.57,
    0.57,
    0.57,
    0.57,
    0.57,
    0.5799999873154719,
    0.5799977959642946,
    0.57999999884,
    0.5799999811637329,
    0.5799999894323751,
    0.58,
    0.5799999934647869,
    0.5799999955960513,
    0.57,
    0.57,
    0.57,
    0.57,
    0.57,
    0.57,
    0.57,
    0.57,
    0.57,
    0.5799999927318292,
    0.5799996751988827,
    0.5799999878795324,
    0.58,
    0.57,
    0.5700004860885205,
    0.5799994541149498,
    0.57,
    0.5700001946316957,
    0.5700004860885205,
    0.5799994541149498,
    0.57,
    0.5799994541149498,
    0.58,
    0.5799994541149498,
    0.5799995166630416,
    0.5799983127168422,
    0.5799999860799989,
    0.5799998259997042,
    0.5799999834285707,
    0.579999997912,
    0.5799999845333325,
    0.5735175295778048,
    0.5699992209958713,
    0.5699997317632542,
    0.56,
    0.5699988124925781,
    0.5699999307058636,
    0.5600001035294483,
    0.5699998966045737,
    0.5600015253382145,
    0.5699999958545451,
    0.5699989142826123,
    0.5600000264000017,
    0.5699999334020468,
    0.5600001586885974,
    0.5600000572000069,
    0.5600000452571511,
    0.5699999923318352,
    0.5600000605000106,
    0.56,
    0.56,
    0.5699998853630235,
    0.569999979335342,
    0.560000046438002,
    0.5600000380769289,
    0.560000071255078,
    0.5699999748264916,
    0.5600001074178645,
    0.57,
    0.5699998905084338,
    0.5699999953658499,
    0.5699999716574443,
    0.5699998746807897,
    0.5699999950434762,
    0.57,
    0.5600000395505671,
    0.5600001249032709,
    0.5600000654275239,
    0.5699998981276344,
    0.5699999009858862,
    0.5699999221311156,
    0.5600000362886755,
    0.5699999549999888,
    0.56,
    0.560000348452475,
    0.5699999121145123,
    0.5600001466667536,
    0.5600000392356778,
    0.5699999651908152,
    0.5699999916483487,
    0.569999890384531,
    0.5600000344347874,
    0.5699999610499896,
    0.5699999334999635,
    0.5600001353846539,
    0.5600000438902809,
    0.5600000788965648,
    0.560000089027254,
    0.5799999162221878,
    0.5600000439002323,
    0.56,
    0.5787473479691951,
    0.5699999549999888,
    0.5600000634234429,
    0.5699999024323612,
    0.5699999656626423,
    0.569999890384531,
    0.5699999987741933,
    0.5600000267341824,
    0.5799998250791402,
    0.5600000971034939,
    0.5799999427160197,
    0.5799998508570747,
    0.5799999574011211,
    0.579999876266528,
    0.5799998839999622,
    0.5734020411737861,
    0.5799999891733321,
    0.5799999878661074,
    0.5799999815139434,
    0.5799999991582002,
    0.58,
    0.5799999989615039,
    0.5799999891733321,
    0.5799999858651483,
    0.579999998191738,
    0.5799999860799989,
    0.5799999989615039,
    0.579999988701298,
    0.5799999852363626,
    0.5799999843465902,
    0.58,
    0.57999999619672,
    0.5799999497637641,
    0.5799999107691587,
    0.5799999546874681,
    0.5799998912499071,
    0.5799999117870186,
    0.5799999750537591,
    0.5799999216215969,
    0.57999993708471,
    0.58,
    0.5799999764864822,
    0.5799999504718921,
    0.5799999954608694,
    0.5799999860799989,
    0.5799999852363626,
    0.5799999860799989,
    0.5799999864327469,
    0.5799999859758195,
    0.57,
    0.5700000553987828,
    0.5799999943044186,
    0.5700000969618781,
    0.5799999543518343,
    0.58,
    0.5799999597550884,
    0.5799999975782876,
    0.5799999439185662,
    0.5799999326962306,
    0.5799999487697044,
    0.5799999990127659,
    0.5799999844781435,
    0.579999985246422,
    0.5799999826102282,
    0.5799999941498556,
    0.57999998233054,
    0.5799999842889383,
    0.5799999952132047,
    0.5799999839778981,
    0.5799999870824037,
    0.5799999852143671,
    0.579999999275,
    0.5799999937586467,
    0.5799999851757168,
    0.579999876266528,
    0.5799999889846598,
    0.5799999885067219,
    0.5799999836964141,
    0.5799999897526494,
    0.58,
    0.5799999711518263,
    0.58,
    0.5799999759585477,
    0.5799999933076921,
    0.5799999857765652,
    0.5799999834285707,
    0.5799999013999182,
    0.5799999265332937,
    0.5799999903843249,
    0.5799999959525468,
    0.579999993867841,
    0.5799999848242007,
    0.5799999840174032,
    0.5799999991014717,
    0.5799999851840703,
    0.5799999865011619,
    0.5799999823648639,
    0.5799995166630416,
    0.5799999967133332,
    0.58,
    0.5799995166630416,
    0.579999989950494,
    0.5799999953931688,
    0.5799999892131611,
    0.5799999807846545,
    0.5799999880147586,
    0.5799999796491198,
    0.5799999815139434,
    0.5799999957818179,
    0.5799999795233863,
    0.5799999784975576,
    0.5799999867143864,
    0.5799999914862379,
    0.5799999943845087,
    0.5799999973893472,
    0.5799999950143263,
    0.5799977959642946,
    0.5799999013999182,
    0.58,
    0.5799999265332937,
    0.5799999953599991,
    0.5899999527999094,
    0.5899999712374978,
    0.5899999946899995,
    0.5899999704999955,
    0.5899999704999955,
    0.5899999696571357,
    0.5899999954274999,
    0.5847710015925494,
    0.5799977959642946,
    0.5799999265332937,
    0.5799977959642946,
    0.5799977959642946,
    0.5799999860799989,
    0.5799977959642946,
    0.5799977959642946,
    0.5799977959642946,
    0.5799977959642946,
    0.5799977959642946,
    0.5799998259997042,
    0.5799977959642946,
    0.5799977959642946,
    0.5799977959642946,
    0.5799977959642946,
    0.5799999265332937,
    0.5799977959642946,
    0.5799977959642946,
    0.56,
    0.5799999953599991,
    0.5799977959642946,
    0.5799977959642946,
    0.5799999900571416,
    0.5799977959642946,
    0.5799977959642946,
    0.5799977959642946,
    0.5799998259997042,
    0.5799977959642946,
    0.5799999939679998,
    0.5799999953599991,
    0.5799977959642946,
    0.5799999953599991,
    0.5799977959642946,
    0.5799977959642946,
    0.5899994099946899,
    0.5899994099946899,
    0.59,
    0.5899999696571357,
    0.5842869589839866,
    0.5799998259997042,
    0.5799999860799989,
    0.5799999845333325,
    0.5799999891733321,
    0.5799999939679998,
    0.5799999860799989,
    0.579999857806303,
    0.5799998259997042,
    0.5799999522352699,
    0.5799999033333092,
    0.5799999164799452,
    0.5799999889523759,
    0.58,
    0.5799999953599991,
    0.57,
    0.570000722401676,
    0.5799999378571273,
    0.57,
    0.5700000752500182,
    0.5700000727692744,
    0.5700000836111413,
    0.570000038222233,
    0.5799999293912822,
    0.5799999522352699,
    0.5799998508570747,
    0.57,
    0.570000031617654,
    0.5799999522352699,
    0.5700001720001032,
    0.58,
    0.5799994895994284,
    0.57,
    0.5799999860799989,
    0.5799999860799989,
    0.58,
    0.53,
    0.55,
    0.5799999845333325,
    0.5804541526884927,
    0.5400000115000007,
    0.5300000054374555,
    0.55,
    0.5799999852363626,
    0.56,
    0.5786809954568101,
    0.5500000287466518,
    0.55,
    0.55,
    0.5699999939199997,
    0.5699999939199997,
    0.569999993033333,
    0.5699997799006392,
    0.5699998232997013,
    0.55000045000045,
    0.5647058736332176,
    0.5625110931882564,
    0.559999843199887,
    0.56,
    0.55,
    0.559999889108823,
    0.5599999803999982,
    0.5599999961401493,
    0.5599999775999964,
    0.56,
    0.55,
    0.5599999081966611,
    0.5400001150000288,
    0.5599994773320789,
    0.56,
    0.5599988799910399,
    0.5400001150000288,
    0.54,
    0.5599997311990538,
    0.5499999559999947,
    0.53,
    0.5599999775999964,
    0.53,
    0.559999853912764,
    0.5599997511106687,
    0.5599988799910399,
    0.5599988799910399,
    0.5599999775999964,
    0.5599999775999964,
    0.5599988799910399,
    0.5511675267866292,
    0.5499992743044972,
    0.5599997511106687,
    0.5699998232997013,
    0.564076949198051,
    0.559999843199887,
    0.559999843199887,
    0.559999843199887,
    0.559999843199887,
    0.559999843199887,
    0.48,
    0.48,
    0.48,
    0.4100000025566667,
    0.5,
    0.5899999704999955
]
