[
    0.001,
    0.001,
    0.001,
    0.001,
    0.001,
    0.001,
    0.001,
    0.001,
    0.001,
    0.001,
    0.001,
    0.001,
    0.001,
    0.001,
    0.001,
    0.001,
    0.001,
    0.002,
    0.002,
    0.004,
    0.004,
    0.02,
    0.002,
    0.02897392439520989,
    0.02,
    0.01201619783468115,
    0.002,
    0.01,
    0.01,
    0.019,
    0.019000006425867973,
    0.019,
    0.01,
    0.01,
    0.01,
    0.018999996325399976,
    0.01979716024340771,
    0.02,
    0.01979716024340771,
    0.01,
    0.03,
    0.02,
    0.03,
    0.03,
    0.03,
    0.03,
    0.030000000032333336,
    0.03000000002425,
    0.05365444863847499,
    0.030000064669249125,
    0.04,
    0.03,
    0.03,
    0.05,
    0.05,
    0.04,
    0.030000001940002324,
    0.059998895998233596,
    0.04,
    0.04,
    0.03,
    0.02,
    0.02,
    0.02,
    0.04,
    0.05,
    0.02,
    0.03,
    0.03,
    0.05,
    0.06,
    0.06,
    0.06,
    0.06,
    0.08,
    0.060000015040047885,
    0.06,
    0.06,
    0.07,
    0.06,
    0.06,
    0.13,
    0.13,
    0.13,
    0.13,
    0.13,
    0.13,
    0.13,
    0.14,
    0.12,
    0.12,
    0.12,
    0.12,
    0.09000000813953772,
    0.11106791803187649,
    0.1,
    0.10999990319998838,
    0.11428571428571428,
    0.09,
    0.08,
    0.11,
    0.13,
    0.11,
    0.11,
    0.13000000174000104,
    0.18,
    0.18,
    0.21,
    0.20999998613999954,
    0.21,
    0.2,
    0.2,
    0.20751547222799865,
    0.18,
    0.20999986769995105,
    0.18,
    0.2193375927599289,
    0.2,
    0.18,
    0.18000000049771628,
    0.18000001640001606,
    0.20999986769995105,
    0.21,
    0.21,
    0.21,
    0.22,
    0.21,
    0.22,
    0.22,
    0.22,
    0.2099999922299999,
    0.17000000249000036,
    0.18,
    0.17,
    0.17999999721854304,
    0.18,
    0.17,
    0.18,
    0.17,
    0.17999997551999844,
    0.17999997551999844,
    0.18,
    0.17,
    0.18,
    0.18,
    0.12,
    0.17,
    0.16,
    0.18,
    0.18,
    0.19,
    0.19,
    0.19,
    0.21000000790002363,
    0.2,
    0.21,
    0.19782638262095228,
    0.2,
    0.2,
    0.23,
    0.23,
    0.25,
    0.23,
    0.25,
    0.25,
    0.25,
    0.25,
    0.25,
    0.2999999982,
    0.29714274325014195,
    0.3299999922449998,
    0.3499998774999204,
    0.35,
    0.39,
    0.36,
    0.36,
    0.36,
    0.36,
    0.35999992079997784,
    0.32,
    0.32,
    0.3,
    0.3,
    0.3,
    0.27,
    0.2399998559999424,
    0.24,
    0.26,
    0.26,
    0.2999999927999999,
    0.3,
    0.2999999924999998,
    0.2999999982,
    0.30999998356999925,
    0.31,
    0.32999978219992593,
    0.34,
    0.34,
    0.34808460364413213,
    0.34,
    0.3499999842499991,
    0.36999986309991373,
    0.36,
    0.36,
    0.34,
    0.34,
    0.339999829999915,
    0.3399999693999951,
    0.34,
    0.33,
    0.31,
    0.3099998294999233,
    0.32999989796049073,
    0.3289047404171009,
    0.29,
    0.32999295991551897,
    0.289999866599928,
    0.26,
    0.25,
    0.25,
    0.25,
    0.26,
    0.26999999041499984,
    0.299999819999928,
    0.2899999274999819,
    0.299999819999928,
    0.33,
    0.32,
    0.3023227640768898,
    0.32,
    0.28,
    0.28,
    0.29,
    0.3,
    0.3,
    0.3,
    0.3,
    0.3,
    0.3099998294999233,
    0.3,
    0.3,
    0.32,
    0.31,
    0.3,
    0.31,
    0.31,
    0.3,
    0.28,
    0.28,
    0.28,
    0.3,
    0.28,
    0.3,
    0.3,
    0.3,
    0.28,
    0.28999999097777757,
    0.28,
    0.28,
    0.27000000443544314,
    0.27999999112871254,
    0.27000001241000104,
    0.28999998462999926,
    0.28,
    0.27,
    0.27,
    0.27,
    0.2899999274999819,
    0.27000005475008715,
    0.28999999965925,
    0.2830220804923045,
    0.26,
    0.26,
    0.26,
    0.26,
    0.26,
    0.26,
    0.29,
    0.2700000046454548,
    0.270000001659091,
    0.28999998462999926,
    0.27,
    0.27000000429411786,
    0.270000001659091,
    0.29,
    0.27000000429411786,
    0.270000001659091,
    0.27000000584000033,
    0.27000000584000033,
    0.27000000771806226,
    0.29,
    0.27000001733750173,
    0.289999866599928,
    0.27000000828820986,
    0.27,
    0.27,
    0.2600000088437445,
    0.26,
    0.28000000008861536,
    0.28999999947029004,
    0.28,
    0.28999999983659397,
    0.29,
    0.289999866599928,
    0.28,
    0.2899999955533333,
    0.2899999907199998,
    0.2899999640399973,
    0.289999998115,
    0.2899999907199998,
    0.279999843199931,
    0.28253362002498217,
    0.2600000014800001,
    0.2799999854399993,
    0.28999999605599996,
    0.2899999640399973,
    0.27999999687859256,
    0.28,
    0.28,
    0.27,
    0.2700000025550001,
    0.2899999274999819,
    0.2700000481597525,
    0.2899999640399973,
    0.27000018980014046,
    0.2896605,
    0.2799999936533333,
    0.28999998462999926,
    0.2899999274999819,
    0.28999998462999926,
    0.279999843199931,
    0.2700000025550001,
    0.279999843199931,
    0.27999990479998477,
    0.27999923839902513,
    0.27999975876906746,
    0.28,
    0.27999999930763636,
    0.279999843199931,
    0.26,
    0.27,
    0.27,
    0.27,
    0.27,
    0.28,
    0.27000018980014046,
    0.27000000584000033,
    0.27000018980014046,
    0.28,
    0.27,
    0.27000000058400003,
    0.279999999608,
    0.270000000031233,
    0.2799999936533333,
    0.27000018980014046,
    0.2700000014463629,
    0.27,
    0.28,
    0.2799999854399993,
    0.279999843199931,
    0.2799999731199972,
    0.279999999832,
    0.279999843199931,
    0.27,
    0.28,
    0.27999990479998477,
    0.27000002085714525,
    0.27,
    0.27,
    0.27,
    0.279999999104,
    0.2799999731199972,
    0.28,
    0.27,
    0.27,
    0.27,
    0.27,
    0.27,
    0.27,
    0.2600000407000181,
    0.26,
    0.27,
    0.27,
    0.28,
    0.2700002039714311,
    0.26000000844398374,
    0.27,
    0.27,
    0.27999998370909035,
    0.27999986693062456,
    0.279999998096,
    0.26,
    0.27,
    0.2799999854399993,
    0.26,
    0.26,
    0.27555664819890596,
    0.27,
    0.269999996328,
    0.269999998299,
    0.2600000103600019,
    0.27,
    0.26,
    0.2699999879204635,
    0.26999998055999946,
    0.27,
    0.2699999814857129,
    0.27,
    0.27,
    0.27,
    0.27,
    0.28,
    0.2799999514666589,
    0.27,
    0.27000000216118436,
    0.27000002555000335,
    0.28,
    0.28,
    0.27999999143529386,
    0.279999987209136,
    0.27,
    0.27,
    0.2700000912500342,
    0.28,
    0.279999955199996,
    0.2799999931320753,
    0.279999994854054,
    0.28,
    0.2799998133332748,
    0.27000000052912493,
    0.28,
    0.28,
    0.270000032120005,
    0.270000032120005,
    0.27999999159999983,
    0.28,
    0.28,
    0.2700000011471429,
    0.27000000029300797,
    0.27000086274978263,
    0.2700003650034675,
    0.279999999832,
    0.27999990479998477,
    0.28,
    0.27000000677857183,
    0.27,
    0.27999997199999815,
    0.27000000091250004,
    0.27000018980014046,
    0.2799992719982528,
    0.27999999686399996,
    0.27000018980014046,
    0.2799999854399993,
    0.2799999688888857,
    0.27000000579365213,
    0.2799999731199972,
    0.28,
    0.27000000037412875,
    0.27000075920832095,
    0.2700000025550001,
    0.2799999854399993,
    0.2799999926203749,
    0.27000000058400003,
    0.27999991039996897,
    0.28,
    0.27,
    0.28,
    0.27,
    0.279999843199931,
    0.2799999981333333,
    0.2799999981333333,
    0.28,
    0.27,
    0.28,
    0.28,
    0.27,
    0.2799999994624,
    0.279999843199931,
    0.27,
    0.27999999686399996,
    0.28,
    0.27,
    0.28,
    0.27,
    0.279999843199931,
    0.279999843199931,
    0.2799999731199972,
    0.27999996515555214,
    0.2700000149106405,
    0.27000007786676217,
    0.279999843199931,
    0.28,
    0.28,
    0.2700000912500342,
    0.27999996606060334,
    0.27000000962015713,
    0.27000001138401764,
    0.27,
    0.2700000912500342,
    0.2700000071622657,
    0.2799999714509777,
    0.279999843199931,
    0.27999996767010016,
    0.27000000402362234,
    0.28,
    0.27,
    0.279999843199931,
    0.2799999618723375,
    0.27000001495901976,
    0.2799999854399993,
    0.2700000130025509,
    0.2799999895466664,
    0.2799999887999995,
    0.2799999895466664,
    0.27999996606060334,
    0.2700000140926649,
    0.27999990479998477,
    0.2700000419750081,
    0.2799999895466664,
    0.28,
    0.27000000402362234,
    0.27999991039996897,
    0.27000001460000134,
    0.27999995455071885,
    0.27,
    0.270000288933192,
    0.27000018980014046,
    0.2799999714509777,
    0.2700000071622657,
    0.2799966399731198,
    0.28,
    0.28,
    0.2800001440004032,
    0.2800001440004032,
    0.2800000166153874,
    0.28999991438093686,
    0.28,
    0.289999866599928,
    0.28999996966153696,
    0.28,
    0.2800001440004032,
    0.2800000089072173,
    0.28999996579486703,
    0.2899999274999819,
    0.2899999938212134,
    0.2800001440004032,
    0.2899972159710461,
    0.28,
    0.2899999274999819,
    0.2800001440004032,
    0.28999999779284097,
    0.28999998462999926,
    0.28,
    0.28999996579486703,
    0.28,
    0.2800001440004032,
    0.2800001440004032,
    0.2800001440004032,
    0.28999998462999926,
    0.28,
    0.2800000023076925,
    0.2899999071999678,
    0.2800001440004032,
    0.2800000024303799,
    0.2899999595208306,
    0.2800001440004032,
    0.2800001440004032,
    0.28999839181248005,
    0.29,
    0.28999843399279635,
    0.289999866599928,
    0.2800001440004032,
    0.28000003891894837,
    0.2899999071999678,
    0.28,
    0.28000000172668094,
    0.2800001440004032,
    0.2899984855466371,
    0.2899999640399973,
    0.2899999936199999,
    0.2899999455510084,
    0.2800000141639365,
    0.2899989738418913,
    0.29,
    0.2800000054000003,
    0.289999866599928,
    0.28000003456001216,
    0.3,
    0.28000001291479915,
    0.28000000084567345,
    0.29,
    0.2900000047333335,
    0.2999969999699997,
    0.2900000213000085,
    0.2999969999699997,
    0.290000008520001,
    0.29,
    0.299999819999928,
    0.29,
    0.3,
    0.29000001327103025,
    0.3,
    0.29000001846000134,
    0.299999249998125,
    0.29000005680010904,
    0.2900000110937522,
    0.299999969999997,
    0.2999981999928,
    0.28,
    0.3,
    0.29999999634146335,
    0.2999981999928,
    0.29,
    0.28000000862706015,
    0.29,
    0.29,
    0.29,
    0.29,
    0.29,
    0.29,
    0.29,
    0.29,
    0.29,
    0.29,
    0.29,
    0.29,
    0.29,
    0.29,
    0.29,
    0.3,
    0.29,
    0.29000005680010904,
    0.29,
    0.29,
    0.29,
    0.29,
    0.29,
    0.29,
    0.29,
    0.29,
    0.30004103121274167,
    0.29999999699999996,
    0.2999981999928,
    0.2999999924999998,
    0.2999999927999999,
    0.3,
    0.2999999927999999,
    0.3,
    0.3,
    0.2999999924999998,
    0.3,
    0.3,
    0.2999999742857128,
    0.29999999699999996,
    0.3099997069088351,
    0.3,
    0.29,
    0.29,
    0.30999996217999704,
    0.3000000028000002,
    0.3,
    0.31,
    0.30000002333334036,
    0.3,
    0.30000002287582,
    0.30999999683799995,
    0.3099998294999233,
    0.3099999838910001,
    0.3,
    0.29,
    0.29,
    0.2900002505888839,
    0.29000001248352175,
    0.30999993644998125,
    0.2900001183333925,
    0.3099996995382905,
    0.31,
    0.29000093187960113,
    0.29000020753935873,
    0.30999958666584,
    0.29,
    0.3099996995382905,
    0.2900001183333925,
    0.30999996217999704,
    0.30999996217999704,
    0.30999998945999985,
    0.3099999946266666,
    0.30999993644998125,
    0.30999994006665826,
    0.29000006048154353,
    0.30999998945999985,
    0.30999996217999704,
    0.30999993644998125,
    0.29000002982001066,
    0.30999998356999925,
    0.2900000128175385,
    0.2900000221875073,
    0.29,
    0.29,
    0.29,
    0.3099999879874997,
    0.29000002982001066,
    0.29000002982001066,
    0.3099999782183175,
    0.3038639627688021,
    0.299999819999928,
    0.3,
    0.3,
    0.2900000115703719,
    0.29000013523839147,
    0.29,
    0.29,
    0.29999998636363573,
    0.29999998636363573,
    0.2999999911764703,
    0.3,
    0.2999999924999998,
    0.29999998089171853,
    0.32,
    0.28,
    0.28,
    0.28,
    0.28,
    0.32,
    0.32,
    0.32,
    0.32,
    0.32,
    0.32,
    0.32,
    0.32,
    0.32,
    0.3190501992640444,
    0.30999996217999704,
    0.29999999444615855,
    0.3,
    0.2999969999699997,
    0.3,
    0.3,
    0.3,
    0.3,
    0.3,
    0.3,
    0.299999819999928,
    0.299999819999928,
    0.29999998636363573,
    0.2999999861538457,
    0.2999999887499997,
    0.2999999942307691,
    0.3,
    0.3,
    0.29,
    0.29000001846000134,
    0.2999999819999993,
    0.29,
    0.2999999819999993,
    0.2999999819999993,
    0.29999992499998124,
    0.29999999347826073,
    0.29999999347826073,
    0.2800000025554571,
    0.28,
    0.28,
    0.28000000289012705,
    0.28,
    0.29,
    0.2999999927999999,
    0.28,
    0.29,
    0.28,
    0.2999999935714285,
    0.28,
    0.299999819999928,
    0.3,
    0.28,
    0.3,
    0.29999992499998124,
    0.29999992499998124,
    0.28,
    0.2700000035239436,
    0.27,
    0.28,
    0.28,
    0.28,
    0.28,
    0.2800000192000123,
    0.3,
    0.3,
    0.28000000123428576,
    0.2999999279999885,
    0.28,
    0.3,
    0.3,
    0.29342460475435395,
    0.29,
    0.29,
    0.28,
    0.28,
    0.29,
    0.2999981999928,
    0.3,
    0.3,
    0.3,
    0.3,
    0.3,
    0.32,
    0.3,
    0.3,
    0.30000005035974486,
    0.3,
    0.300000096551844,
    0.3000000451613457,
    0.3,
    0.3,
    0.3,
    0.31,
    0.32,
    0.32,
    0.32,
    0.32,
    0.31,
    0.3100000067868896,
    0.3267326577394365,
    0.32878363189667553,
    0.29,
    0.28000011597329133,
    0.3,
    0.31,
    0.31,
    0.31,
    0.31,
    0.32999978219992593,
    0.32999922449794494,
    0.32999978219992593,
    0.31000000828000324,
    0.3399999967133333,
    0.3,
    0.31,
    0.3399999632799966,
    0.30000002800000447,
    0.3399999319999853,
    0.3,
    0.31,
    0.33999999673599995,
    0.30000021820578116,
    0.32,
    0.33999990479996317,
    0.3200001088000914,
    0.33,
    0.32,
    0.33,
    0.34,
    0.34,
    0.34,
    0.35,
    0.35,
    0.35999997695999686,
    0.35,
    0.36,
    0.36,
    0.35,
    0.35,
    0.3499998094058557,
    0.34,
    0.34,
    0.34,
    0.34,
    0.34,
    0.34,
    0.34,
    0.34,
    0.34,
    0.34,
    0.34,
    0.34,
    0.34,
    0.34,
    0.34,
    0.34999922221962965,
    0.34000058666940447,
    0.3499998271603658,
    0.3400001629633251,
    0.3400000121000008,
    0.33,
    0.3499998774999204,
    0.34999996911764375,
    0.34,
    0.34,
    0.34,
    0.34,
    0.34,
    0.34,
    0.34,
    0.34,
    0.34,
    0.34,
    0.34,
    0.34,
    0.3400015840120385,
    0.3400015840120385
]
