[
    0.001,
    0.01,
    0.01,
    0.01,
    0.01,
    0.01,
    0.01,
    0.01,
    0.01,
    0.01,
    0.02,
    0.01,
    0.03,
    0.03,
    0.01,
    0.033655868742111905,
    0.01,
    0.01,
    0.02999999711999999,
    0.029999985749999642,
    0.02,
    0.02,
    0.01,
    0.03,
    0.04,
    0.04,
    0.03,
    0.03,
    0.03,
    0.04,
    0.045280351214344934,
    0.05,
    0.04,
    0.04,
    0.05,
    0.05,
    0.05,
    0.05,
    0.05,
    0.05,
    0.15,
    0.1499988749971875,
    0.06,
    0.06,
    0.13,
    0.05,
    0.14,
    0.22,
    0.22,
    0.18,
    0.24,
    0.26,
    0.25,
    0.27,
    0.25999999456066936,
    0.26,
    0.26,
    0.2599999931454544,
    0.2599999838799994,
    0.2946755424773389,
    0.27000000058400003,
    0.3399999632799966,
    0.33,
    0.330000377637524,
    0.35,
    0.34000000011205433,
    0.36,
    0.36,
    0.6893199940132453,
    0.69,
    0.7902242538775859,
    0.75,
    0.75,
    0.7799999986153026,
    0.75,
    0.75,
    0.789999996904388,
    0.79,
    0.75,
    0.75,
    0.75,
    0.71,
    0.7100000052727273,
    0.75,
    0.75,
    0.77,
    0.79,
    0.8,
    0.8,
    0.81,
    0.8,
    0.8,
    0.8,
    0.8,
    0.8,
    0.8,
    0.86,
    0.8599999988203016,
    0.869999998259999,
    0.9288929526020524,
    0.91,
    0.9,
    0.8999999736263725,
    0.9,
    0.899999925517227,
    0.89,
    0.9199999687199979,
    0.9,
    0.87,
    0.87,
    0.889999985759986,
    0.87,
    0.87,
    0.87,
    0.87,
    0.87,
    0.87,
    0.93,
    0.9299999888399957,
    0.8700000141142862,
    0.93,
    0.9300000060900001,
    0.94,
    0.94,
    0.94,
    0.93,
    0.9194736842105263,
    0.85,
    0.83,
    0.83,
    0.83,
    0.75,
    0.79,
    0.79,
    0.75,
    0.75,
    0.8,
    0.8,
    0.89,
    0.905472631860597,
    0.85,
    0.91,
    0.9,
    0.9,
    0.9,
    0.9,
    0.9,
    0.91,
    0.9,
    0.9126958885119625,
    0.86,
    0.85,
    0.85,
    0.8200001296000363,
    0.8563063644005532,
    0.82,
    0.85,
    0.8698612452051758,
    0.8200001296000363,
    0.82,
    0.8100000273600015,
    0.84,
    0.82,
    0.83,
    0.8,
    0.79,
    0.8599995158514071,
    0.77,
    0.71,
    0.71,
    0.6411764705882353,
    0.58,
    0.51,
    0.52,
    0.5100000017613532,
    0.52,
    0.5563785824781811,
    0.52,
    0.52,
    0.51,
    0.5728155324975649,
    0.5,
    0.5689905808843106,
    0.4622222222222222,
    0.42,
    0.39,
    0.39,
    0.32,
    0.33,
    0.33000024363701336,
    0.37999994679998084,
    0.37003252636977785,
    0.25,
    0.23000001232000472,
    0.23000001232000472,
    0.23,
    0.22999999261173174,
    0.21,
    0.2299998964238191,
    0.23,
    0.21,
    0.2,
    0.2,
    0.2,
    0.23,
    0.23999997977527976,
    0.2399998559999424,
    0.24,
    0.25,
    0.25,
    0.28999998462999926,
    0.28,
    0.28,
    0.3,
    0.3,
    0.28,
    0.28,
    0.28,
    0.28,
    0.32,
    0.32,
    0.32,
    0.32,
    0.32,
    0.29,
    0.3499999842499991,
    0.3499999894999998,
    0.2800000815095016,
    0.30999998356999925,
    0.32,
    0.32,
    0.32,
    0.28,
    0.23,
    0.21999997271999794,
    0.23,
    0.23,
    0.2,
    0.26,
    0.259999927199984,
    0.26,
    0.26,
    0.26,
    0.26,
    0.26,
    0.2575,
    0.26,
    0.26,
    0.21,
    0.24,
    0.23000000015400002,
    0.23,
    0.23,
    0.24,
    0.27,
    0.25,
    0.3,
    0.31,
    0.333424,
    0.32,
    0.32,
    0.25,
    0.3,
    0.27,
    0.36,
    0.36,
    0.37,
    0.3799999585992102,
    0.3799999950599998,
    0.3799999998162936,
    0.38,
    0.39,
    0.389999995736773,
    0.3899999502749939,
    0.390000003904,
    0.39,
    0.37,
    0.36,
    0.36,
    0.39,
    0.34,
    0.34,
    0.38,
    0.36,
    0.36,
    0.35999997695999686,
    0.36,
    0.359999990181818,
    0.35999993759999,
    0.3799999741599966,
    0.36999999671111106,
    0.3699999174248757,
    0.35,
    0.35,
    0.37999999904426557,
    0.35,
    0.38,
    0.38,
    0.38598956245571975,
    0.3899999773799968,
    0.3700000051940915,
    0.35,
    0.32,
    0.32,
    0.35,
    0.35,
    0.35,
    0.35,
    0.35,
    0.35,
    0.35,
    0.35,
    0.2999996999997,
    0.3,
    0.3,
    0.24,
    0.23,
    0.23,
    0.26,
    0.26,
    0.2399998559999424,
    0.26,
    0.24,
    0.24,
    0.24,
    0.27,
    0.28,
    0.2799999803999989,
    0.279999998096,
    0.279999843199931,
    0.2799999994624,
    0.25,
    0.26,
    0.32,
    0.32,
    0.33,
    0.34,
    0.34,
    0.35,
    0.35,
    0.35,
    0.35,
    0.36,
    0.36,
    0.36,
    0.38,
    0.38,
    0.38,
    0.39,
    0.39,
    0.4,
    0.4,
    0.3899999773799968,
    0.389999995866,
    0.380000000124,
    0.38999960999961,
    0.38000001603606376,
    0.38,
    0.38,
    0.38,
    0.37999995163635514,
    0.3799999741599966,
    0.37999994679998084,
    0.37999997719999756,
    0.36,
    0.37999999635199994,
    0.36,
    0.36,
    0.36,
    0.36,
    0.35000000100892575,
    0.37999994679998084,
    0.3799999270399848,
    0.38,
    0.36,
    0.36,
    0.37,
    0.37,
    0.37,
    0.370000003830473,
    0.37,
    0.38,
    0.3799999011999269,
    0.38,
    0.4,
    0.4,
    0.4,
    0.4,
    0.39,
    0.41,
    0.44,
    0.4099999688399899,
    0.4699999650857119,
    0.4662942916071751,
    0.45999985064930216,
    0.5200000019200001,
    0.520000001728,
    0.52,
    0.56,
    0.5200000004745126,
    0.52,
    0.5100000013122162,
    0.52,
    0.5100000031647495,
    0.5699990879968991,
    0.55,
    0.61,
    0.62,
    0.62,
    0.6499999843875078,
    0.6499999593749923,
    0.65,
    0.63,
    0.63,
    0.6499999934999994,
    0.6499999593749923,
    0.6200000988000731,
    0.62,
    0.6299999880299978,
    0.55,
    0.55,
    0.53,
    0.51,
    0.53,
    0.53,
    0.53,
    0.5,
    0.5,
    0.5,
    0.5,
    0.49,
    0.47,
    0.47,
    0.47,
    0.47,
    0.47,
    0.47,
    0.47,
    0.46,
    0.46,
    0.46,
    0.39,
    0.41999998991999926,
    0.4,
    0.4,
    0.4,
    0.4,
    0.38,
    0.38,
    0.3300000670003283,
    0.33,
    0.3699999735404443,
    0.35000000650000057,
    0.3500004875020719,
    0.32,
    0.30999994006665826,
    0.24,
    0.28,
    0.28,
    0.28,
    0.26,
    0.2400000007784662,
    0.29,
    0.3,
    0.31,
    0.3,
    0.31,
    0.35999987039991704,
    0.31000009857169614,
    0.3399996055996687,
    0.32,
    0.30000000822948547,
    0.32,
    0.3,
    0.299999819999928,
    0.31,
    0.32,
    0.31000000374630865,
    0.31,
    0.33,
    0.33,
    0.32999978219992593,
    0.33,
    0.33,
    0.32999996055776576,
    0.33,
    0.35,
    0.36,
    0.38,
    0.36999991119997694,
    0.38,
    0.38,
    0.38,
    0.38,
    0.4099999909799993,
    0.41,
    0.4099999909799993,
    0.41,
    0.42,
    0.42,
    0.42,
    0.41,
    0.4199996079990592,
    0.4299999731249983,
    0.42,
    0.419639110365086,
    0.39,
    0.37,
    0.38,
    0.339999985493333,
    0.3599999920799998,
    0.35999987039991704,
    0.37,
    0.36,
    0.31000000023957813,
    0.32,
    0.36999994819998655,
    0.33,
    0.33,
    0.32,
    0.33,
    0.33,
    0.33,
    0.32,
    0.3,
    0.3299999885599996,
    0.3,
    0.23000000015400002,
    0.3,
    0.29,
    0.29,
    0.32,
    0.32,
    0.3099999869357139,
    0.32,
    0.32,
    0.32,
    0.32,
    0.32,
    0.32,
    0.32,
    0.32,
    0.35,
    0.35,
    0.35,
    0.35,
    0.35,
    0.35000000018060484,
    0.35,
    0.3599999210126422,
    0.3599999210126422,
    0.35000009750003414,
    0.35,
    0.35,
    0.36,
    0.36,
    0.36,
    0.37,
    0.37,
    0.37,
    0.37,
    0.37,
    0.37999998327999907,
    0.37999998327999907,
    0.37,
    0.3799999011999269,
    0.37,
    0.36999999570799996,
    0.36999999566571423,
    0.38,
    0.378109435241701,
    0.37,
    0.3699999921641294,
    0.35,
    0.35,
    0.37,
    0.3500000001625,
    0.3500000325000114,
    0.37,
    0.37,
    0.36,
    0.36,
    0.36,
    0.36,
    0.36,
    0.35000000086666666,
    0.35999987039991704,
    0.35999997695999686,
    0.35,
    0.35999992079997784,
    0.36,
    0.35,
    0.35000001301301537,
    0.35999987039991704,
    0.36,
    0.36,
    0.36,
    0.36,
    0.36,
    0.36,
    0.36,
    0.36,
    0.36,
    0.36,
    0.35,
    0.3500000014349103,
    0.37,
    0.35,
    0.35,
    0.35000000650000057,
    0.35000000650000057,
    0.36999999378399984,
    0.36999996743999636,
    0.368789,
    0.3599999870399992,
    0.3599999459999946,
    0.36,
    0.36,
    0.36,
    0.36,
    0.37,
    0.3699990749971736,
    0.36,
    0.36,
    0.36,
    0.36,
    0.36,
    0.36999986309991373,
    0.36999999570799996,
    0.37,
    0.36999996743999636,
    0.36,
    0.36999986309991373,
    0.36,
    0.36,
    0.36,
    0.36999997705999915,
    0.36,
    0.36,
    0.36999986309991373,
    0.36,
    0.37,
    0.37,
    0.37,
    0.37,
    0.379999956674579,
    0.37999999102503523,
    0.3700000081375002,
    0.37,
    0.36,
    0.36,
    0.36,
    0.36,
    0.36,
    0.36,
    0.37,
    0.37,
    0.37,
    0.37,
    0.37999994679998084,
    0.379999945714278,
    0.37999999635199994,
    0.38,
    0.3799999011999269,
    0.36,
    0.36,
    0.36,
    0.37,
    0.37,
    0.3799998184070057,
    0.370000018900007,
    0.3799999997264,
    0.37999996199999114,
    0.37,
    0.37000092400480483,
    0.37,
    0.37000012000012,
    0.370000004666667,
    0.37000000330734095,
    0.37,
    0.37999999780444443,
    0.37999999780444443,
    0.3799999863199996,
    0.379999987198203,
    0.3799999853846148,
    0.3700000118702038,
    0.37999998327999907,
    0.37999998479999936,
    0.3799999853846148,
    0.37999996199999114,
    0.37999998479999936,
    0.3700000819000303,
    0.37999998410909014,
    0.37999998479999936,
    0.37999998479999936,
    0.3700000003447166,
    0.37999998479999936,
    0.37999997937142677,
    0.38,
    0.3799999853846148,
    0.3799999912777348,
    0.3799999863199996,
    0.3799999853846148,
    0.37999762498515616,
    0.3799999863199996,
    0.3799999741599966,
    0.37999998579439137,
    0.3799999011999269,
    0.37,
    0.3799999011999269,
    0.3700006650029925,
    0.37,
    0.37,
    0.37,
    0.38,
    0.38,
    0.37,
    0.38,
    0.37,
    0.37,
    0.37999996199999114,
    0.37,
    0.37,
    0.37,
    0.37,
    0.37,
    0.37,
    0.37999994679998084,
    0.37,
    0.37,
    0.3799999011999269,
    0.37,
    0.37,
    0.37,
    0.374532,
    0.37000053550222234,
    0.37,
    0.3799999011999269,
    0.3799999011999269,
    0.37,
    0.37,
    0.37,
    0.37,
    0.37,
    0.37,
    0.37,
    0.37,
    0.3699999655134259,
    0.37,
    0.37,
    0.37,
    0.36999986309991373,
    0.36999999570799996,
    0.3699999489346194,
    0.3699999925999999,
    0.37,
    0.37,
    0.37,
    0.36999994819998655,
    0.36999996743999636,
    0.36,
    0.3699999966910569,
    0.37,
    0.37,
    0.36999997705999915,
    0.36999992723332337,
    0.37,
    0.37,
    0.36,
    0.36,
    0.36,
    0.37,
    0.36,
    0.36999992723332337,
    0.3699999529736158,
    0.36,
    0.36,
    0.36,
    0.36,
    0.36,
    0.36,
    0.35000000955882393,
    0.35,
    0.35000009750003414,
    0.3599987039917055,
    0.3599999920799998,
    0.3599999920799998,
    0.35,
    0.3400000144000023,
    0.35999992079997784,
    0.35,
    0.3599999870399992,
    0.3400000880002816,
    0.34,
    0.35999993759999,
    0.36,
    0.35,
    0.34,
    0.34999998468749877,
    0.3400000052826418,
    0.35,
    0.35,
    0.34000007040003943,
    0.35,
    0.3599999920799998,
    0.3500000028805673,
    0.35999999308799985,
    0.35999987039991704,
    0.35,
    0.35,
    0.3499998774999204,
    0.3499999842499991,
    0.33000005583379394,
    0.33000025935515664,
    0.36,
    0.36,
    0.35999997695999686,
    0.3499998833333074,
    0.32999999324999985,
    0.32,
    0.32000011657174166,
    0.3499998774999204,
    0.32,
    0.31000000105335795,
    0.32000023448308207,
    0.33,
    0.3300000027821264,
    0.34,
    0.3300000025378788,
    0.3399999632799966,
    0.3499992124978344,
    0.35,
    0.36,
    0.4,
    0.34999999299999984,
    0.37,
    0.37,
    0.3899999773799968,
    0.39,
    0.41,
    0.4,
    0.4,
    0.43999999295999986,
    0.4,
    0.4,
    0.43,
    0.43,
    0.45999988499997124,
    0.4599999227971618,
    0.4599997239996136,
    0.4599997607998852,
    0.4599997607998852,
    0.43,
    0.45999995951999545,
    0.46,
    0.46,
    0.46,
    0.47,
    0.47,
    0.47,
    0.47,
    0.49,
    0.4756850487284645,
    0.46,
    0.44,
    0.44000001401877603,
    0.45,
    0.45,
    0.45,
    0.45,
    0.45,
    0.45,
    0.45,
    0.45,
    0.45,
    0.46999999247999963,
    0.4500000085271323,
    0.4699999782368646,
    0.4699998937391083,
    0.4601741239906023,
    0.4500000033072762,
    0.45,
    0.46,
    0.45,
    0.45999998435999895,
    0.45,
    0.46,
    0.46999976499894247,
    0.4699998777999096,
    0.43,
    0.47,
    0.43,
    0.47,
    0.47,
    0.43,
    0.43,
    0.47,
    0.46999998307999385,
    0.4300000275806527,
    0.4699999934199999,
    0.43,
    0.46667974836584913,
    0.4599997607998852,
    0.43000004092308447,
    0.459999984192435,
    0.4584482804587136,
    0.4300000527250215,
    0.4499997974998886,
    0.44999996249999064,
    0.43000009405007855,
    0.45269837848525785,
    0.4300000007600001,
    0.45275586665322887,
    0.45,
    0.45118383895260356,
    0.44999797498886246
]
