[
    0.008,
    0.009,
    0.009,
    0.009000000090000002,
    0.006,
    0.006,
    0.002,
    0.002,
    0.002,
    0.02,
    0.02283653846153846,
    0.002,
    0.029999971199998848,
    0.002,
    0.003,
    0.002,
    0.03,
    0.002,
    0.01,
    0.01,
    0.025495495495495495,
    0.02,
    0.03,
    0.03,
    0.030000005038968866,
    0.030000001940002324,
    0.03,
    0.03,
    0.03000000517335124,
    0.030000000022067524,
    0.04,
    0.05,
    0.05,
    0.04,
    0.03,
    0.04,
    0.03,
    0.07,
    0.07,
    0.07,
    0.07,
    0.07,
    0.07,
    0.07,
    0.07000000118531766,
    0.07,
    0.07,
    0.07,
    0.07,
    0.08,
    0.09,
    0.08,
    0.09,
    0.1,
    0.09,
    0.12,
    0.12,
    0.12,
    0.16,
    0.16,
    0.16,
    0.16,
    0.16,
    0.17,
    0.17,
    0.18,
    0.19,
    0.19,
    0.19,
    0.22,
    0.22,
    0.26,
    0.25999999646646205,
    0.25999996188481234,
    0.2599998647999351,
    0.22,
    0.22,
    0.22000000218400004,
    0.26,
    0.26,
    0.26,
    0.26,
    0.26,
    0.26,
    0.2,
    0.1900000145800012,
    0.18,
    0.1800000065600016,
    0.18,
    0.18,
    0.16000000225601788,
    0.18,
    0.16,
    0.16,
    0.16,
    0.16,
    0.16000000067200004,
    0.22,
    0.19,
    0.24,
    0.19,
    0.24411821422322538,
    0.25,
    0.25,
    0.24,
    0.24,
    0.25,
    0.2,
    0.22,
    0.18,
    0.17000009130017255,
    0.15,
    0.16,
    0.1400000860004214,
    0.15,
    0.14000000137600016,
    0.18999998605504562,
    0.18999987839995622,
    0.17,
    0.16999988609996242,
    0.17,
    0.22,
    0.22,
    0.21,
    0.26999972999973,
    0.22,
    0.2999996999997,
    0.27,
    0.27,
    0.27,
    0.29,
    0.29,
    0.29,
    0.3,
    0.29,
    0.29,
    0.339999829999915,
    0.29000005680010904,
    0.32,
    0.3099998294999233,
    0.28,
    0.28,
    0.30649207277229423,
    0.28,
    0.28,
    0.299999819999928,
    0.28,
    0.3,
    0.28,
    0.2964998974851519,
    0.28,
    0.2800001440004032,
    0.28000001440000405,
    0.27,
    0.26,
    0.1900000201225733,
    0.22,
    0.2699999681399974,
    0.24,
    0.23000064680463111,
    0.2399998559999424,
    0.22000001872000705,
    0.21,
    0.21000002528003964,
    0.21,
    0.2,
    0.16,
    0.13533874325983664,
    0.12,
    0.12,
    0.1,
    0.12,
    0.1,
    0.1,
    0.1,
    0.1,
    0.12,
    0.11,
    0.12,
    0.11999999899199999,
    0.1,
    0.12,
    0.12,
    0.12,
    0.12,
    0.11,
    0.12,
    0.12000000352000104,
    0.11,
    0.13,
    0.11,
    0.11,
    0.14,
    0.11,
    0.11,
    0.11000000240981583,
    0.11,
    0.14,
    0.14999998874999973,
    0.14676299426539005,
    0.12,
    0.11999997479999899,
    0.12,
    0.12,
    0.13354103643628026,
    0.11,
    0.13,
    0.13,
    0.13,
    0.13,
    0.13,
    0.13,
    0.14602660990475763,
    0.08,
    0.07,
    0.07000000139500034,
    0.07,
    0.08,
    0.060000001469984784,
    0.07,
    0.07000000139500034,
    0.13999988239998118,
    0.05,
    0.12,
    0.06,
    0.06,
    0.12000001408000541,
    0.12,
    0.08,
    0.06,
    0.16,
    0.16201275792271627,
    0.16004340942378015,
    0.09,
    0.09000000045500023,
    0.08,
    0.07000002325002848,
    0.08,
    0.14,
    0.14,
    0.15,
    0.14999988749997187,
    0.14150275930380643,
    0.12,
    0.15,
    0.15,
    0.14,
    0.16,
    0.16,
    0.1582591493570722,
    0.2054794520547945,
    0.24398717993761737,
    0.22999982749995687,
    0.18,
    0.190000000216,
    0.17,
    0.18,
    0.18,
    0.2,
    0.2,
    0.18,
    0.13,
    0.16,
    0.1,
    0.1,
    0.18,
    0.18777545,
    0.17999977153831215,
    0.17,
    0.15,
    0.1699999758599986,
    0.16999988609996242,
    0.12,
    0.14,
    0.16,
    0.11000000001624681,
    0.12,
    0.16,
    0.16,
    0.14,
    0.16999988609996242,
    0.15,
    0.15,
    0.14999997897196163,
    0.15,
    0.16,
    0.21,
    0.23,
    0.2,
    0.22,
    0.24,
    0.25,
    0.23000001232000472,
    0.23,
    0.23000001690618893,
    0.24,
    0.2,
    0.21,
    0.2,
    0.17000000074700003,
    0.20999986769995105,
    0.17,
    0.20999998085790803,
    0.21,
    0.2,
    0.2,
    0.2,
    0.2,
    0.2,
    0.2,
    0.2,
    0.21999999361999986,
    0.2,
    0.2,
    0.2,
    0.2,
    0.32,
    0.28,
    0.28,
    0.2799999731199972,
    0.27,
    0.27000018980014046,
    0.27,
    0.28,
    0.2700000584000148,
    0.27999999159999983,
    0.28,
    0.2799999731199972,
    0.279999999104,
    0.28,
    0.25999996463999775,
    0.23,
    0.23,
    0.22,
    0.25,
    0.26036894307114794,
    0.24,
    0.22999999309999986,
    0.2122534161490683,
    0.26999999069594566,
    0.21,
    0.2552516533886765,
    0.21,
    0.21,
    0.25,
    0.31,
    0.2999999982,
    0.28000000144000003,
    0.299999969999997,
    0.28,
    0.30999993644998125,
    0.30999999480749996,
    0.3099999999039,
    0.30999996217999704,
    0.31,
    0.3099999925599999,
    0.30999998945999985,
    0.31,
    0.31,
    0.29999999925,
    0.29,
    0.289999866599928,
    0.2899999936199999,
    0.2899999640399973,
    0.28,
    0.29,
    0.29,
    0.28,
    0.29,
    0.28,
    0.28,
    0.28,
    0.28,
    0.28,
    0.289999866599928,
    0.29411764705882354,
    0.27,
    0.29211722314596317,
    0.2700000912500342,
    0.27000018980014046,
    0.2991584802149619,
    0.28,
    0.28,
    0.28,
    0.28,
    0.28,
    0.27000000123547335,
    0.2852574339361571,
    0.2799999929263156,
    0.27,
    0.27,
    0.270000032120005,
    0.27000000337572266,
    0.2700000006716,
    0.28,
    0.2799999825726134,
    0.27000000058400003,
    0.27,
    0.2889884647306742,
    0.2700000025550001,
    0.27,
    0.2799999928319999,
    0.28,
    0.2700000025550001,
    0.27,
    0.27,
    0.2700000143920372,
    0.279999955199996,
    0.27,
    0.27,
    0.2799999731199972,
    0.27,
    0.28,
    0.27,
    0.27,
    0.27,
    0.27,
    0.27000000008937086,
    0.27,
    0.27999918545321256,
    0.27,
    0.27,
    0.27,
    0.27,
    0.28,
    0.27,
    0.27,
    0.28,
    0.28200844091889765,
    0.279999843199931,
    0.28,
    0.28,
    0.27999990479998477,
    0.28,
    0.279999843199931,
    0.28951746788713206,
    0.27000001241000104,
    0.27,
    0.2899586799745272,
    0.27999990479998477,
    0.2700000025550001,
    0.279999998656,
    0.2799999903054988,
    0.2799999731199972,
    0.270000032120005,
    0.2899710027489112,
    0.27000000341111935,
    0.27,
    0.270000032120005,
    0.27,
    0.27000018980014046,
    0.2849944522219853,
    0.27000000584000033,
    0.27000000912500066,
    0.27000001241000104,
    0.279999988210526,
    0.28,
    0.27999990479998477,
    0.27,
    0.27,
    0.27999999686399996,
    0.279999955199996,
    0.279999955199996,
    0.27,
    0.27000000058400003,
    0.2799999854399993,
    0.28,
    0.27,
    0.27,
    0.28,
    0.26,
    0.26,
    0.26,
    0.2600000020888319,
    0.2799999731199972,
    0.26000000888000036,
    0.27999992351217873,
    0.27999968266649744,
    0.2798654966423137,
    0.26,
    0.2699999162999841,
    0.27,
    0.27,
    0.27,
    0.27,
    0.28,
    0.2799999854399993,
    0.27,
    0.27000000126956525,
    0.2799999981333333,
    0.279999376161383,
    0.2799999854399993,
    0.2600000103600019,
    0.28,
    0.2799999854399993,
    0.2700920716931793,
    0.2700920724693777,
    0.27009207277685393,
    0.27999990479998477,
    0.2799999803999989,
    0.26,
    0.28,
    0.28,
    0.27,
    0.2799999731199972,
    0.2600000029600002,
    0.27,
    0.26,
    0.26999985419993294,
    0.2699999162999841,
    0.2600000082849876,
    0.2699999773783772,
    0.26000000888000036,
    0.2600002220010434,
    0.28,
    0.28,
    0.26,
    0.26,
    0.28,
    0.26,
    0.26,
    0.26,
    0.26,
    0.28,
    0.279999843199931,
    0.26,
    0.26,
    0.28,
    0.2600000325600181,
    0.26,
    0.2600000063655917,
    0.279999843199931,
    0.279999843199931,
    0.26,
    0.279999843199931,
    0.279999843199931,
    0.27006594933533107,
    0.27006594747007806,
    0.2600000028645164,
    0.2600000017411766,
    0.2600000008457143,
    0.27064567213316076,
    0.2699999938439999,
    0.26,
    0.26,
    0.26,
    0.26,
    0.26,
    0.26,
    0.26,
    0.27,
    0.27,
    0.26,
    0.26999985419993294,
    0.2799999854399993,
    0.27,
    0.2700003650034675,
    0.27,
    0.279999843199931,
    0.27,
    0.27,
    0.27,
    0.27000018980014046,
    0.27000018980014046,
    0.2799999854399993,
    0.27,
    0.27,
    0.27,
    0.27,
    0.28,
    0.27,
    0.27,
    0.27,
    0.28,
    0.28,
    0.27,
    0.28,
    0.27,
    0.28,
    0.270000032120005,
    0.28,
    0.28,
    0.28,
    0.28,
    0.28,
    0.2800001440004032,
    0.29,
    0.29,
    0.29,
    0.299999819999928,
    0.29000002982001066,
    0.3,
    0.29,
    0.29,
    0.2900000497000131,
    0.2900000185217427,
    0.29,
    0.29,
    0.29999999699999996,
    0.299999819999928,
    0.3,
    0.29000000501412476,
    0.29000001846000134,
    0.3,
    0.3,
    0.3,
    0.3,
    0.29,
    0.29,
    0.29,
    0.29,
    0.29,
    0.29,
    0.29,
    0.29,
    0.29,
    0.29,
    0.29,
    0.29000005609814933,
    0.3099999806249988,
    0.31,
    0.31,
    0.30999996217999704,
    0.31,
    0.31,
    0.31,
    0.31,
    0.3,
    0.2900000075176483,
    0.2900000011989357,
    0.29,
    0.29,
    0.2999969999699997,
    0.2999999819999993,
    0.2900000185217427,
    0.3,
    0.3,
    0.3,
    0.30000000636363744,
    0.32,
    0.31,
    0.32,
    0.3,
    0.32,
    0.32,
    0.32,
    0.30000132077714525,
    0.31,
    0.31000000402500033,
    0.31,
    0.31,
    0.3,
    0.3150617702836162,
    0.3099998294999233,
    0.3,
    0.3,
    0.2900000497000131,
    0.2900000497000131,
    0.3,
    0.2900000081650003,
    0.32,
    0.31,
    0.3,
    0.3,
    0.3,
    0.31,
    0.31,
    0.32,
    0.32,
    0.32,
    0.32,
    0.31,
    0.31,
    0.31,
    0.31000007076940495,
    0.3100000414000389,
    0.32,
    0.31,
    0.32,
    0.32,
    0.32,
    0.31,
    0.32,
    0.31000009857169614,
    0.29000000056800007,
    0.3,
    0.29,
    0.3,
    0.3,
    0.3,
    0.3,
    0.2900000032272733,
    0.3,
    0.3,
    0.29000005680010904,
    0.29,
    0.29,
    0.21000009372912015,
    0.27,
    0.28,
    0.26000002690909974,
    0.29,
    0.2,
    0.26,
    0.27,
    0.28,
    0.25,
    0.28,
    0.28,
    0.28,
    0.28,
    0.28,
    0.28,
    0.29,
    0.28,
    0.29,
    0.29,
    0.29,
    0.29,
    0.29,
    0.29,
    0.29,
    0.29,
    0.28,
    0.28,
    0.29,
    0.28,
    0.29,
    0.29,
    0.29,
    0.29,
    0.29,
    0.29,
    0.29,
    0.29,
    0.29,
    0.29,
    0.29,
    0.29,
    0.29,
    0.31,
    0.2,
    0.25,
    0.28,
    0.24,
    0.23,
    0.3,
    0.1900000007783946,
    0.27,
    0.29,
    0.32,
    0.3,
    0.28,
    0.24,
    0.32,
    0.29,
    0.26,
    0.32999978219992593,
    0.32,
    0.3200000054400005,
    0.32,
    0.32000002720000437,
    0.32,
    0.33,
    0.33,
    0.3499998774999204,
    0.32000002720000437,
    0.32999999669999996,
    0.32,
    0.32,
    0.3200000002219774,
    0.33,
    0.33,
    0.3,
    0.3399999421999809,
    0.3299994455987138,
    0.33,
    0.27000018980014046,
    0.27000001460000134,
    0.299999819999928,
    0.2999999819999993,
    0.29,
    0.28,
    0.3,
    0.29,
    0.26,
    0.26,
    0.3,
    0.3100000102808027,
    0.31000000295714303,
    0.2900000213000085,
    0.29000005680010904,
    0.29,
    0.2600000148106678,
    0.27993697870105627,
    0.2799369719499944,
    0.28999981135916286,
    0.2899990429983731,
    0.26,
    0.28359417210334664,
    0.25,
    0.25,
    0.25,
    0.25,
    0.25,
    0.279999992614225,
    0.24000001910428903,
    0.26,
    0.2600000296001172,
    0.26000000888000036,
    0.26,
    0.25,
    0.2799998319998908,
    0.27917364600781686,
    0.26999985419993294,
    0.2699999162999841,
    0.24000009120017146,
    0.26,
    0.24,
    0.26,
    0.27,
    0.27451225152136177,
    0.2400000008030092,
    0.26,
    0.24,
    0.25,
    0.2600000020516376,
    0.26,
    0.26999999041499984,
    0.26999985419993294,
    0.26999985419993294,
    0.26999985419993294,
    0.28,
    0.28,
    0.27999865599301116,
    0.25,
    0.3,
    0.29919215111121483,
    0.25,
    0.26000004352942085,
    0.2999999598930428,
    0.28,
    0.28,
    0.28,
    0.28,
    0.28,
    0.28,
    0.28,
    0.28,
    0.28,
    0.28,
    0.28,
    0.28,
    0.28,
    0.28,
    0.28,
    0.28,
    0.28,
    0.28,
    0.28,
    0.28,
    0.28,
    0.28,
    0.2800014400403211,
    0.27,
    0.26
]
