[
    0.001,
    0.001,
    0.002,
    0.001,
    0.001,
    0.001,
    0.002,
    0.001,
    0.002,
    0.001,
    0.001,
    0.001,
    0.001,
    0.003938090000764239,
    0.002,
    0.003,
    0.003,
    0.003,
    0.003,
    0.001,
    0.003,
    0.002,
    0.001,
    0.003,
    0.002,
    0.004,
    0.002,
    0.002,
    0.003,
    0.003,
    0.001,
    0.005,
    0.003000000002240403,
    0.00692932094163978,
    0.005,
    0.006,
    0.003,
    0.0030000000038346154,
    0.005,
    0.005,
    0.006,
    0.005,
    0.008,
    0.005,
    0.005,
    0.005,
    0.005,
    0.005,
    0.005,
    0.005,
    0.006695332644111328,
    0.005,
    0.005,
    0.005,
    0.005,
    0.005,
    0.006,
    0.011,
    0.015000000600000025,
    0.008,
    0.0189999082299844,
    0.018999816839934063,
    0.01935633582390581,
    0.0170000000323,
    0.015199841622153577,
    0.015,
    0.007,
    0.006,
    0.018905454389742192,
    0.002,
    0.001,
    0.009,
    0.01,
    0.004,
    0.01,
    0.01,
    0.01,
    0.01,
    0.01,
    0.01,
    0.01,
    0.01,
    0.01,
    0.01,
    0.01,
    0.01,
    0.01,
    0.01,
    0.01,
    0.02,
    0.02,
    0.02,
    0.03539447138356989,
    0.03,
    0.03,
    0.029999985749999642,
    0.03,
    0.03,
    0.03,
    0.03,
    0.029,
    0.02,
    0.02,
    0.04,
    0.04,
    0.03,
    0.03,
    0.02,
    0.04,
    0.04,
    0.03,
    0.04,
    0.04,
    0.04,
    0.04,
    0.04,
    0.04,
    0.04,
    0.04,
    0.04,
    0.04,
    0.04,
    0.04,
    0.04,
    0.07069429501581524,
    0.04,
    0.04,
    0.05,
    0.05,
    0.05,
    0.05,
    0.05,
    0.04,
    0.05,
    0.05,
    0.05,
    0.05,
    0.06,
    0.05,
    0.05,
    0.06,
    0.05,
    0.06,
    0.06,
    0.07,
    0.07,
    0.06,
    0.06,
    0.07,
    0.06,
    0.06,
    0.06,
    0.06,
    0.06,
    0.06,
    0.06,
    0.06,
    0.06,
    0.06,
    0.06,
    0.06,
    0.06,
    0.06,
    0.06,
    0.06,
    0.06,
    0.06,
    0.06,
    0.06,
    0.06,
    0.06,
    0.06,
    0.06,
    0.06,
    0.06,
    0.06,
    0.06,
    0.06,
    0.06,
    0.06,
    0.06,
    0.06,
    0.06,
    0.06,
    0.06,
    0.06,
    0.06,
    0.06,
    0.05,
    0.05,
    0.06,
    0.05,
    0.05,
    0.05,
    0.05,
    0.05,
    0.059999994599999946,
    0.069999999678,
    0.07,
    0.060000015040047885,
    0.06,
    0.06,
    0.06999998739999974,
    0.06000000188000263,
    0.08999999845199999,
    0.08,
    0.0897534,
    0.07,
    0.07,
    0.08,
    0.08,
    0.08,
    0.08,
    0.08,
    0.08,
    0.08,
    0.08,
    0.08,
    0.08,
    0.09,
    0.09,
    0.09,
    0.09,
    0.09,
    0.09,
    0.09,
    0.09,
    0.09,
    0.09,
    0.1,
    0.09,
    0.09,
    0.1,
    0.109999998174,
    0.10999999559999996,
    0.11,
    0.09,
    0.10999995214999689,
    0.10999995214999689,
    0.11,
    0.1,
    0.12269978602261188,
    0.11,
    0.1,
    0.1,
    0.1099999684666652,
    0.1,
    0.1279970182742874,
    0.08,
    0.11,
    0.1,
    0.1,
    0.11,
    0.10999981739993792,
    0.11,
    0.12,
    0.14,
    0.15,
    0.17,
    0.14999998874999973,
    0.15,
    0.15,
    0.15,
    0.15,
    0.15,
    0.15,
    0.15,
    0.15,
    0.15,
    0.15,
    0.15,
    0.15,
    0.15,
    0.15,
    0.15,
    0.15,
    0.15,
    0.15,
    0.15,
    0.17,
    0.169999998623,
    0.17000000249000036,
    0.18,
    0.18999929428497497,
    0.19,
    0.2,
    0.2,
    0.2,
    0.2,
    0.2,
    0.2,
    0.2,
    0.2,
    0.2,
    0.21,
    0.21000000068867825,
    0.21,
    0.2299999455666614,
    0.2299999061841871,
    0.22999982749995687,
    0.22999982749995687,
    0.23,
    0.24,
    0.25,
    0.25,
    0.25,
    0.24,
    0.24,
    0.24,
    0.27,
    0.27,
    0.27,
    0.2899997447997142,
    0.31,
    0.3,
    0.36,
    0.36,
    0.36999997705999915,
    0.36999996473243896,
    0.37,
    0.36999986309991373,
    0.3400000055329344,
    0.34,
    0.34,
    0.3,
    0.29678,
    0.3,
    0.29,
    0.3,
    0.299999819999928,
    0.3,
    0.3,
    0.3,
    0.3,
    0.29,
    0.24,
    0.23,
    0.25,
    0.2,
    0.3,
    0.3,
    0.3,
    0.3,
    0.3,
    0.3,
    0.3,
    0.31,
    0.28,
    0.28,
    0.28,
    0.3,
    0.29,
    0.305783998446032,
    0.3,
    0.3,
    0.3,
    0.29999999531249993,
    0.3,
    0.3,
    0.3,
    0.3,
    0.3,
    0.33,
    0.32,
    0.33,
    0.32000000974631015,
    0.33,
    0.32,
    0.32,
    0.32,
    0.32,
    0.32,
    0.3299999590799969,
    0.33,
    0.34,
    0.35,
    0.35,
    0.35,
    0.36999986309991373,
    0.350000000855984,
    0.36,
    0.36,
    0.36,
    0.36,
    0.36,
    0.36,
    0.36,
    0.36,
    0.36,
    0.37,
    0.36,
    0.36,
    0.36999997705999915,
    0.36,
    0.36,
    0.36,
    0.37,
    0.37,
    0.38,
    0.37,
    0.379999999164,
    0.37999999562519976,
    0.3784417,
    0.36999999948463336,
    0.36999999901883684,
    0.37,
    0.3799999011999269,
    0.38,
    0.3799999849206335,
    0.379999998708,
    0.38,
    0.37000000022893875,
    0.37999999635199994,
    0.379999998708,
    0.37000001006728495,
    0.3799999809999986,
    0.37999999635199994,
    0.38,
    0.3799999976615384,
    0.3799999011999269,
    0.38,
    0.370000018900007,
    0.3799999716862711,
    0.39,
    0.38999999848739497,
    0.3700000073500004,
    0.39,
    0.37000021000021,
    0.389999890799976,
    0.37000000075210215,
    0.36,
    0.3899999963226299,
    0.38000001197241523,
    0.3899999748666655,
    0.38,
    0.38,
    0.38,
    0.3799614460011536,
    0.38,
    0.36,
    0.36,
    0.36999999803899997,
    0.36,
    0.36999999378399984,
    0.36,
    0.36,
    0.36999997705999915,
    0.37,
    0.36,
    0.37,
    0.37,
    0.36,
    0.36999962999963,
    0.37,
    0.36,
    0.3774524,
    0.36,
    0.36,
    0.37,
    0.36,
    0.36,
    0.3699999899359995,
    0.369999998977168,
    0.3699999887149998,
    0.36999998522111116,
    0.3699999987776786,
    0.36,
    0.36,
    0.36,
    0.36,
    0.36,
    0.37,
    0.36,
    0.36999986309991373,
    0.3799998184070057,
    0.37132742508969374,
    0.37,
    0.3699999887149998,
    0.37,
    0.38,
    0.379999998708,
    0.36,
    0.36,
    0.36,
    0.37,
    0.37,
    0.37,
    0.38,
    0.37,
    0.37,
    0.37,
    0.37,
    0.37,
    0.38000000108344256,
    0.389999995866,
    0.38000000143757007,
    0.38,
    0.39,
    0.3899999079166245,
    0.39,
    0.3800000041532343,
    0.3899999700999973,
    0.38,
    0.3899998478999072,
    0.38000000089144503,
    0.3899998478999072,
    0.3899999964342856,
    0.3899999700999973,
    0.38,
    0.3800000001775487,
    0.38,
    0.38,
    0.38000000118362964,
    0.38,
    0.3899999998523646,
    0.39,
    0.3994154610550928,
    0.38000003100001395,
    0.3951152967473662,
    0.3899998478999072,
    0.39,
    0.39,
    0.39,
    0.39,
    0.39,
    0.39,
    0.39,
    0.39,
    0.39,
    0.39,
    0.39,
    0.39,
    0.39,
    0.39,
    0.38999999703554655,
    0.39,
    0.39,
    0.38999998191846463,
    0.3899999911079998,
    0.3899998478999072,
    0.38000000232754577,
    0.38000000243671256,
    0.39,
    0.38,
    0.39,
    0.3899998478999072,
    0.3899998478999072,
    0.4,
    0.38,
    0.39,
    0.3900000080871219,
    0.4,
    0.4,
    0.4,
    0.38,
    0.38,
    0.39,
    0.39,
    0.39000000209709346,
    0.4,
    0.4,
    0.39000001073600066,
    0.4,
    0.390000008006563,
    0.4,
    0.39,
    0.4,
    0.4,
    0.39,
    0.39000001654817695,
    0.4,
    0.4,
    0.4,
    0.4,
    0.3900000023238096,
    0.4,
    0.4,
    0.4,
    0.4,
    0.4,
    0.4,
    0.4,
    0.4,
    0.4,
    0.4,
    0.4,
    0.4,
    0.4,
    0.4,
    0.4,
    0.4,
    0.409999928933322,
    0.4,
    0.4,
    0.40000002400000384,
    0.4000000150000015,
    0.4,
    0.4,
    0.4099999946699998,
    0.41,
    0.409999997622,
    0.41,
    0.4099999723249984,
    0.41,
    0.409999997622,
    0.41,
    0.4099998236998995,
    0.4099998236998995,
    0.40999999688399996,
    0.4,
    0.41,
    0.4,
    0.4,
    0.4099999997991,
    0.4099995817995902,
    0.4,
    0.4,
    0.4099999835999974,
    0.4099999835999974,
    0.41,
    0.4,
    0.4,
    0.4099999958999999,
    0.4,
    0.40000000600000024,
    0.41,
    0.41,
    0.4099999692833799,
    0.4099999835999974,
    0.39,
    0.39,
    0.4,
    0.39,
    0.39,
    0.39,
    0.4,
    0.41999997584663906,
    0.41,
    0.4,
    0.4,
    0.4,
    0.4,
    0.4,
    0.4,
    0.4,
    0.4,
    0.4,
    0.4,
    0.4,
    0.4,
    0.4,
    0.4,
    0.4,
    0.4,
    0.4,
    0.4,
    0.4,
    0.4,
    0.4,
    0.4,
    0.4,
    0.4,
    0.39,
    0.39000000156410297,
    0.4,
    0.4,
    0.4,
    0.4,
    0.4,
    0.4,
    0.4,
    0.4,
    0.4,
    0.4,
    0.4,
    0.4,
    0.4,
    0.4,
    0.4,
    0.4,
    0.4,
    0.4,
    0.41,
    0.41,
    0.41,
    0.41,
    0.41,
    0.41,
    0.41,
    0.41,
    0.41,
    0.41,
    0.41,
    0.41,
    0.42,
    0.42,
    0.42,
    0.42,
    0.42,
    0.42,
    0.42,
    0.42,
    0.42,
    0.4200000139200011,
    0.429999998538,
    0.42999996559999415,
    0.42,
    0.4299998279998968,
    0.4299999967319999,
    0.42999996559999415,
    0.42,
    0.4299998279998968,
    0.42999993807998416,
    0.4200000099428584,
    0.4200001740002958,
    0.4299999870999978,
    0.4299999931199994,
    0.4200000139200011,
    0.43,
    0.42999999793599997,
    0.42000000116,
    0.43,
    0.4200001740002958,
    0.42,
    0.43,
    0.42999999713333326,
    0.42,
    0.4200000139200011,
    0.43,
    0.42999992976665474,
    0.43,
    0.42,
    0.4299998053683043,
    0.429999998839,
    0.4299999870999978,
    0.42999999698759,
    0.429999999217233,
    0.4299990324973394,
    0.42,
    0.42,
    0.43,
    0.43999980639989156,
    0.43,
    0.43999997066665886,
    0.43999996479999576,
    0.43999999207999974,
    0.43999996479999576,
    0.43,
    0.43,
    0.43,
    0.43,
    0.43999999586021493,
    0.43999999295999986,
    0.44,
    0.44,
    0.44,
    0.4300000003870824,
    0.43,
    0.43,
    0.43,
    0.44834426434947255,
    0.4399999956977777,
    0.43999980639989156,
    0.4300001767002986,
    0.43,
    0.43,
    0.44,
    0.43,
    0.4499997974998886,
    0.44999999212499975,
    0.44,
    0.4499999212499744,
    0.4300000074100003,
    0.45,
    0.44,
    0.45,
    0.43,
    0.44,
    0.43000000342000033,
    0.44,
    0.43000000925038695,
    0.4300000074100003,
    0.44999999212499975,
    0.4491739683901093,
    0.44,
    0.43999999823999997,
    0.4399989439919743,
    0.44,
    0.43000000097714286,
    0.43999980639989156,
    0.43000000014671813,
    0.43999999295999986,
    0.44,
    0.4300001767002986,
    0.45,
    0.45,
    0.44,
    0.43000000163335783,
    0.449999999372093,
    0.44,
    0.43,
    0.44,
    0.44,
    0.44,
    0.4300000665000366,
    0.43000022009936073,
    0.449999997975,
    0.4499999797499989,
    0.43,
    0.44999997692307514,
    0.43,
    0.44999954999955,
    0.44999549995499954,
    0.4499999829113909,
    0.43000000342000033,
    0.4488034887649787,
    0.44,
    0.4300000950001425,
    0.4399999211034352,
    0.430000033440007,
    0.4399999295999761,
    0.4399999703578905,
    0.43000000370731767,
    0.430000000855,
    0.44,
    0.44,
    0.43,
    0.44,
    0.43999980639989156,
    0.43000002077570404,
    0.44,
    0.4300000098064525,
    0.43999998107526556,
    0.4300000389500103,
    0.43000001260517906,
    0.43999997066665886,
    0.43000000411651434,
    0.43000144693053416,
    0.43000000142455486,
    0.4399999982153721,
    0.4300000775200515,
    0.4399999295999761,
    0.43000007811112934,
    0.43999997529824414,
    0.4300000159189199,
    0.43999998292768877,
    0.43000000570000035,
    0.4300000497234105,
    0.43999996142465037,
    0.44,
    0.43,
    0.43999980639989156,
    0.4399999703578905,
    0.4300000272665197,
    0.43000004990784124,
    0.43000006148690967,
    0.4399999794666642,
    0.4399999525490131,
    0.4399999589504292,
    0.43000001090164214,
    0.43000003658385616,
    0.43000004353222665,
    0.43999991199994426,
    0.43000010664521016,
    0.43999999753599994,
    0.43999943058729746,
    0.4300003156931042,
    0.43999975359964516,
    0.43000000284289347,
    0.4399999823293144,
    0.4300000177754709,
    0.4300000125427901,
    0.43000003541083365,
    0.43999994433089373,
    0.4399999779999977,
    0.43000005672987907,
    0.43999996383561113,
    0.4300000990141138,
    0.4300002770839683,
    0.43999998994285594,
    0.44,
    0.449999997975,
    0.44999906249414057,
    0.4499997974998886,
    0.44999999212499975,
    0.43000000608000033,
    0.4499999549999955,
    0.4499999470587986,
    0.43000009405007855,
    0.45,
    0.43,
    0.44,
    0.43000009405007855,
    0.43,
    0.43000051300466835,
    0.44,
    0.43,
    0.44,
    0.4300000003,
    0.43999999207999974,
    0.43999980639989156,
    0.43999994279999316,
    0.4399999894399992,
    0.43000004446001433,
    0.4300003420011628,
    0.43999980639989156,
    0.43999996479999576,
    0.43999980639989156,
    0.44,
    0.4399999952453848,
    0.43000000844444464,
    0.4399999590697474,
    0.43000004092308447,
    0.43,
    0.43000000342000033,
    0.44,
    0.43999997006802416,
    0.4300000060158319,
    0.44,
    0.430000000855,
    0.43999999207999974,
    0.44,
    0.44,
    0.43,
    0.43999999753599994,
    0.43,
    0.43999999371428533,
    0.43,
    0.44,
    0.4300000950001425,
    0.44,
    0.43,
    0.43999999207999974,
    0.430000000855,
    0.44,
    0.43000000342000033,
    0.4499997974998886,
    0.41,
    0.41,
    0.39000001073600066,
    0.42,
    0.41,
    0.4,
    0.38000014880011307,
    0.37,
    0.37,
    0.36,
    0.4,
    0.39,
    0.4,
    0.39000079300689916,
    0.4,
    0.4,
    0.37,
    0.36,
    0.37,
    0.37,
    0.37,
    0.36000000026810003,
    0.37,
    0.4,
    0.4,
    0.4,
    0.4,
    0.4,
    0.4,
    0.4,
    0.4,
    0.4,
    0.4,
    0.4,
    0.4,
    0.4,
    0.4,
    0.4,
    0.4,
    0.4,
    0.4,
    0.4,
    0.4,
    0.4,
    0.4,
    0.37,
    0.4,
    0.4,
    0.42,
    0.42,
    0.42,
    0.42,
    0.42,
    0.42,
    0.42,
    0.42,
    0.42,
    0.42,
    0.4,
    0.48,
    0.49002712867624393,
    0.4900271280904678,
    0.49,
    0.49,
    0.56,
    0.64,
    0.5,
    0.5,
    0.63,
    0.65,
    0.6702404736415636,
    0.7199736956317513,
    0.719973717668735,
    0.7199737210422499,
    0.7299999971051723,
    0.729999958024992,
    0.729999967879995,
    0.74,
    0.71,
    0.7399999674399819,
    0.75,
    0.6300001504667058,
    0.75,
    0.78,
    0.8699947964404421,
    0.8699947985077374,
    0.5,
    0.49,
    0.48999982849988855,
    0.48999995344998115,
    0.1,
    0.1,
    0.90999973999636,
    0.9299999477525771,
    0.95,
    0.95,
    0.95,
    0.95,
    0.96
]
