[
    0.999,
    0.999,
    0.999,
    0.999,
    0.999,
    0.999,
    0.999,
    0.999,
    0.999,
    0.999,
    0.999,
    0.999,
    0.999,
    0.999,
    0.999,
    0.8799852445116171,
    0.96,
    0.79,
    0.7899999966293333,
    0.83,
    0.95,
    0.79,
    0.830000002125,
    0.8699999712189849,
    0.91,
    0.91,
    0.91,
    0.91,
    0.91,
    0.9,
    0.9,
    0.9699999985576194,
    0.9100000810000081,
    0.889999985759986,
    0.84,
    0.85,
    0.85,
    0.8,
    0.8,
    0.8,
    0.8,
    0.74,
    0.7699999956879999,
    0.85,
    0.81,
    0.8,
    0.73,
    0.73,
    0.49,
    0.5381854043392504,
    0.66,
    0.5599999253332935,
    0.5599999663999852,
    0.679999998096,
    0.65,
    0.5799999655135062,
    0.5799999221476353,
    0.5799999335031711,
    0.5799998825316198,
    0.579999934208943,
    0.49000004857145285,
    0.49000008232285375,
    0.4900000833168593,
    0.4700000591747794,
    0.5099999795999968,
    0.5099999477857072,
    0.55,
    0.55,
    0.56,
    0.56,
    0.56,
    0.6299999794199993,
    0.5700000028673747,
    0.6199999813999993,
    0.57,
    0.659999999912,
    0.69,
    0.6799999772520862,
    0.66,
    0.64,
    0.68,
    0.6799999939600294,
    0.65,
    0.65,
    0.65,
    0.66,
    0.66,
    0.6400000033412482,
    0.64,
    0.66,
    0.6599999939657142,
    0.65999999912,
    0.66,
    0.66,
    0.66,
    0.66,
    0.66,
    0.66,
    0.66,
    0.66,
    0.6599999841599988,
    0.6599999941333331,
    0.66,
    0.66,
    0.66,
    0.6699999932999956,
    0.6599999985854617,
    0.679899792184316,
    0.6599998732799737,
    0.659999979935999,
    0.6699999999732,
    0.6699999195999292,
    0.67,
    0.67,
    0.6799998911999086,
    0.6799998911999086,
    0.67,
    0.6699999932999956,
    0.67,
    0.67,
    0.67,
    0.6699999971859999,
    0.6699999932999956,
    0.67,
    0.67,
    0.67,
    0.67,
    0.67,
    0.67,
    0.6799999936533332,
    0.68999999954,
    0.69,
    0.68,
    0.6899999997466102,
    0.69,
    0.69,
    0.69,
    0.68,
    0.69,
    0.69,
    0.67,
    0.68,
    0.69,
    0.6900001705000767,
    0.7,
    0.7,
    0.7,
    0.7,
    0.7,
    0.7,
    0.7,
    0.7,
    0.7,
    0.7,
    0.7,
    0.7,
    0.7,
    0.7,
    0.7,
    0.7,
    0.7,
    0.7,
    0.7270022436685073,
    0.71,
    0.71,
    0.71,
    0.71,
    0.71,
    0.71,
    0.71,
    0.71,
    0.71,
    0.7199999964974154,
    0.7199999980799999,
    0.7199999996544,
    0.7199999965439999,
    0.71,
    0.71,
    0.71,
    0.7100000027044995,
    0.71,
    0.71999999946,
    0.71,
    0.72,
    0.71,
    0.71,
    0.71,
    0.7199999654399878,
    0.71,
    0.719999999232,
    0.71,
    0.71,
    0.71,
    0.71,
    0.7199999965439999,
    0.71,
    0.71,
    0.72,
    0.71,
    0.7199999999172414,
    0.72,
    0.72,
    0.719999985599996,
    0.7100000928000322,
    0.7100000725000182,
    0.7100000833750107,
    0.719999999808,
    0.72,
    0.72,
    0.7100000133846159,
    0.7199999951999992,
    0.72,
    0.71999999856,
    0.72,
    0.7199999965439999,
    0.7199999988651588,
    0.71,
    0.7205255013668217,
    0.7199999965439999,
    0.7199999924999981,
    0.7199998559995968,
    0.72,
    0.7199999965439999,
    0.7199999799069726,
    0.71,
    0.71,
    0.71,
    0.7100000192848192,
    0.729999999416,
    0.7299999087499658,
    0.7299999988806667,
    0.729999987589999,
    0.7299999415999852,
    0.7299999981749999,
    0.72,
    0.72,
    0.72,
    0.72,
    0.72,
    0.72,
    0.72,
    0.729999967879995,
    0.7299998101998596,
    0.7299998101998596,
    0.7299999415999852,
    0.7299999952903211,
    0.729999998852857,
    0.73,
    0.7299999415999852,
    0.7299999087499658,
    0.73,
    0.7200000158534559,
    0.7299999969625516,
    0.7299998101998596,
    0.7200000349272379,
    0.7299999977151798,
    0.72,
    0.729999958024992,
    0.7299999953545452,
    0.729999967879995,
    0.7200011200041354,
    0.7299999914195276,
    0.720000046439028,
    0.7399988159900543,
    0.7200000268800028,
    0.7399999943076915,
    0.7399992952286983,
    0.74,
    0.72,
    0.7200003173335026,
    0.7399999703998827,
    0.7399999893525159,
    0.72,
    0.74,
    0.7399995263946199,
    0.7399999674399819,
    0.74,
    0.73,
    0.72,
    0.72,
    0.7200000008025805,
    0.7399999940799994,
    0.74,
    0.74,
    0.7300001458000671,
    0.7300000194400006,
    0.74,
    0.7399999938333329,
    0.74,
    0.7399995263946199,
    0.7399999457333192,
    0.74,
    0.74,
    0.7200000018666667,
    0.73,
    0.72,
    0.739999989639998,
    0.73999999852,
    0.74,
    0.74,
    0.7399988159900543,
    0.7399990749978527,
    0.739999989639998,
    0.7300001458000671,
    0.74,
    0.7399999921817219,
    0.74,
    0.74,
    0.7326732092931996,
    0.73,
    0.739997409990565,
    0.7399999348799927,
    0.7399997261998275,
    0.73,
    0.7300001458000671,
    0.739999999778,
    0.739999847771373,
    0.7300001458000671,
    0.7399998963999731,
    0.739999979871999,
    0.7399999617712055,
    0.7399998963999731,
    0.7399999878117642,
    0.7399998223999539,
    0.7300002646648481,
    0.73,
    0.7399999826731702,
    0.7399998223999539,
    0.73,
    0.7399999664329843,
    0.7399999970399999,
    0.7399999970399999,
    0.7399998223999539,
    0.739999817788898,
    0.7399999911199997,
    0.7399998534299099,
    0.7399999974438684,
    0.7399998963999731,
    0.74,
    0.7399999777999969,
    0.7300000471747304,
    0.7399998963999731,
    0.7399999457333192,
    0.7399999457333192,
    0.7399998223999539,
    0.7300000194400006,
    0.7399999457333192,
    0.7399997261998275,
    0.7399999457333192,
    0.7399999631840631,
    0.739999726141618,
    0.7399999348799927,
    0.7399999457333192,
    0.7399998963999731,
    0.7399998223999539,
    0.73,
    0.7399999777999969,
    0.73,
    0.7399998223999539,
    0.7399998223999539,
    0.7399999674399819,
    0.7399999674399819,
    0.7399999674399819,
    0.7399999809714236,
    0.7399999777999969,
    0.7399999809714236,
    0.7399999777999969,
    0.7399999777999969,
    0.7399999809714236,
    0.73,
    0.7399999777999969,
    0.7399999777999969,
    0.7399999809714236,
    0.7399999777999969,
    0.73,
    0.7399999674399819,
    0.73,
    0.73,
    0.73,
    0.73,
    0.7399999457333192,
    0.73,
    0.7399999457333192,
    0.73,
    0.73,
    0.73,
    0.7299999415999852,
    0.73,
    0.7399999457333192,
    0.73,
    0.73,
    0.73,
    0.73,
    0.73,
    0.73,
    0.73,
    0.73,
    0.73,
    0.73,
    0.73,
    0.73,
    0.73,
    0.73,
    0.73,
    0.73,
    0.73,
    0.73,
    0.73,
    0.73,
    0.73,
    0.73,
    0.73,
    0.73,
    0.73,
    0.73,
    0.73,
    0.73,
    0.73,
    0.73,
    0.73,
    0.73,
    0.73,
    0.73,
    0.73,
    0.74,
    0.73,
    0.73,
    0.73,
    0.73,
    0.73,
    0.73,
    0.73,
    0.73,
    0.73,
    0.73,
    0.74,
    0.74,
    0.7399999905818158,
    0.7300005184010783,
    0.74,
    0.739999989639998,
    0.7399999884888878,
    0.7300001458000671,
    0.7399999674399819,
    0.7399999457333192,
    0.7300001458000671,
    0.7399999993275783,
    0.7300001458000671,
    0.74,
    0.74,
    0.7399999905818158,
    0.7300004140493627,
    0.73,
    0.7399999703998827,
    0.7300001458000671,
    0.75,
    0.74,
    0.74,
    0.74,
    0.74,
    0.74,
    0.74,
    0.740000072800016,
    0.75,
    0.75,
    0.75,
    0.7400001352000649,
    0.75,
    0.75,
    0.75,
    0.7400001352000649,
    0.7400001352000649,
    0.75,
    0.74,
    0.74,
    0.7300017010062937,
    0.74,
    0.75,
    0.7455046071067614,
    0.74,
    0.7399999674399819
]
