[
    0.002,
    0.002,
    0.002,
    0.003,
    0.002,
    0.01,
    0.01,
    0.01,
    0.0599,
    0.01,
    0.05,
    0.03,
    0.03,
    0.02999999711999999,
    0.09,
    0.1,
    0.1,
    0.08,
    0.1,
    0.07,
    0.07000001805846247,
    0.07,
    0.06000000018686741,
    0.06,
    0.07,
    0.06,
    0.11999899199838719,
    0.1,
    0.11,
    0.16,
    0.17,
    0.17,
    0.21,
    0.25,
    0.29,
    0.29,
    0.28,
    0.2799993820681984,
    0.31,
    0.33999996865731125,
    0.3700000004651899,
    0.3896952267673546,
    0.38,
    0.3500000631068513,
    0.38,
    0.35,
    0.4,
    0.4,
    0.4,
    0.56,
    0.55,
    0.55,
    0.4600000028800001,
    0.4,
    0.4,
    0.47,
    0.47,
    0.4700000003670974,
    0.49,
    0.47000004946667856,
    0.5,
    0.5099999409266249,
    0.48,
    0.51,
    0.5,
    0.46,
    0.46,
    0.37000000041133013,
    0.37,
    0.4,
    0.39,
    0.37,
    0.37,
    0.35,
    0.37,
    0.35,
    0.3,
    0.32,
    0.32,
    0.3,
    0.3000000004666667,
    0.28,
    0.35,
    0.34,
    0.34,
    0.34999994749999036,
    0.3499999614999965,
    0.349999999125,
    0.349999999125,
    0.3399999929733332,
    0.34,
    0.34,
    0.28999998462999926,
    0.28,
    0.28,
    0.25,
    0.25,
    0.28,
    0.28000003456001216,
    0.25,
    0.25,
    0.27,
    0.21000000790002363,
    0.18000001640001606,
    0.17,
    0.15,
    0.12,
    0.12,
    0.11,
    0.17,
    0.17,
    0.17,
    0.22999998492222154,
    0.2,
    0.23,
    0.24000003040001094,
    0.24000001216000344,
    0.25,
    0.26,
    0.15,
    0.16688975941145848,
    0.14,
    0.1,
    0.1,
    0.11,
    0.11,
    0.1100000000499221,
    0.15,
    0.15,
    0.14,
    0.140000000172,
    0.14000000103117508,
    0.14,
    0.13,
    0.1,
    0.12,
    0.12000001408000541,
    0.12,
    0.12,
    0.07,
    0.08000002944018747,
    0.1,
    0.09,
    0.1,
    0.1,
    0.09,
    0.1,
    0.11000000214827631,
    0.11000000046842118,
    0.1,
    0.17,
    0.17,
    0.14000003969248906,
    0.17182,
    0.18,
    0.18,
    0.18,
    0.18,
    0.15,
    0.12000000391111196,
    0.12000000782222736,
    0.13000000096666708,
    0.13000101506648684,
    0.17,
    0.1799998703999637,
    0.1600000840002016,
    0.15,
    0.15,
    0.16,
    0.16,
    0.14,
    0.12000001913044477,
    0.12,
    0.11,
    0.21,
    0.21,
    0.21,
    0.21,
    0.21,
    0.21,
    0.18,
    0.21,
    0.18,
    0.18000000046206946,
    0.21,
    0.2,
    0.2,
    0.17,
    0.17,
    0.16,
    0.15,
    0.18,
    0.22218488745980708,
    0.24836,
    0.26,
    0.24037085514834206,
    0.24,
    0.25,
    0.25,
    0.25,
    0.25,
    0.2400000028940899,
    0.26,
    0.18,
    0.23,
    0.17000000053011693,
    0.23,
    0.23,
    0.23,
    0.211064,
    0.16,
    0.2,
    0.16,
    0.2,
    0.21,
    0.16,
    0.21,
    0.2,
    0.15,
    0.15,
    0.14503423278292388,
    0.14321623188405797,
    0.13,
    0.12,
    0.12,
    0.12,
    0.15,
    0.15,
    0.13,
    0.12,
    0.11,
    0.12,
    0.11,
    0.147772276668035,
    0.14,
    0.16,
    0.17246335089439155,
    0.13,
    0.13,
    0.13,
    0.13,
    0.11,
    0.11,
    0.12,
    0.12,
    0.14,
    0.14,
    0.16,
    0.14999997599999904,
    0.16,
    0.15,
    0.16,
    0.17,
    0.16,
    0.15,
    0.19,
    0.17,
    0.19,
    0.17,
    0.19,
    0.17,
    0.17,
    0.17,
    0.17,
    0.17,
    0.17,
    0.16,
    0.17,
    0.14,
    0.17,
    0.17,
    0.15,
    0.18,
    0.17,
    0.17999998703999964,
    0.17,
    0.18,
    0.19,
    0.23720954356846474,
    0.23,
    0.27,
    0.26,
    0.27,
    0.27,
    0.24,
    0.25,
    0.24,
    0.25,
    0.27,
    0.25,
    0.24,
    0.24,
    0.24,
    0.26,
    0.26000000711299187,
    0.295275584552669,
    0.26,
    0.26,
    0.27,
    0.26,
    0.24000009120017146,
    0.26,
    0.26,
    0.26,
    0.27,
    0.270276,
    0.3,
    0.3,
    0.3,
    0.32000000163200004,
    0.3100000000609608,
    0.31,
    0.33,
    0.3782657305513668,
    0.34,
    0.33,
    0.34,
    0.43999980639989156,
    0.4299998279998968,
    0.3800004633812933,
    0.39,
    0.39,
    0.39000002518349675,
    0.41,
    0.44,
    0.4600000010100538,
    0.47,
    0.46,
    0.4600000028222997,
    0.4600000009033877,
    0.4814426200722106,
    0.4600000056700001,
    0.53,
    0.53,
    0.51,
    0.48000003065263624,
    0.5,
    0.5,
    0.5,
    0.52,
    0.52,
    0.52,
    0.53,
    0.53,
    0.55,
    0.55,
    0.55,
    0.5500000045000001,
    0.56,
    0.56,
    0.56,
    0.56,
    0.6099995526655035,
    0.61,
    0.64,
    0.56,
    0.61,
    0.6,
    0.61,
    0.61,
    0.61,
    0.62,
    0.6193333333333333,
    0.62,
    0.6200000049400002,
    0.6,
    0.6,
    0.62,
    0.63,
    0.63,
    0.63,
    0.63,
    0.6653247450097947,
    0.64,
    0.64,
    0.64,
    0.64,
    0.64,
    0.64,
    0.64,
    0.64,
    0.64,
    0.64,
    0.64,
    0.62,
    0.6,
    0.6,
    0.56,
    0.58,
    0.61,
    0.62,
    0.61,
    0.60999999878,
    0.6005646861951319,
    0.6,
    0.580000005815385,
    0.5800000173621888,
    0.6,
    0.59,
    0.59,
    0.5999999759999961,
    0.5800000005380106,
    0.5999999759999961,
    0.6,
    0.59,
    0.59,
    0.59,
    0.59,
    0.5899999995988,
    0.5899999704999955,
    0.58000000504,
    0.58,
    0.58,
    0.58,
    0.58,
    0.58,
    0.58,
    0.58,
    0.58,
    0.58,
    0.58,
    0.58,
    0.57,
    0.58,
    0.58,
    0.58,
    0.58,
    0.57,
    0.57,
    0.57,
    0.57,
    0.5699999925899997,
    0.57,
    0.57,
    0.57,
    0.57,
    0.57,
    0.57,
    0.57,
    0.57,
    0.56,
    0.56,
    0.56,
    0.56,
    0.57,
    0.57,
    0.5799999980003447,
    0.5799977959642946,
    0.5799999891733321,
    0.5799999860799989,
    0.57,
    0.5600000082500002,
    0.56,
    0.5699998232997013,
    0.56,
    0.56,
    0.55,
    0.56,
    0.56,
    0.55,
    0.55,
    0.55,
    0.56,
    0.56,
    0.56,
    0.57,
    0.56,
    0.56,
    0.560000008156996,
    0.56,
    0.5600000108418896,
    0.5699999987175,
    0.5600000105600008,
    0.5699999939199997,
    0.5699999957577805,
    0.56,
    0.5699999990648438,
    0.56,
    0.5600000279365098,
    0.57,
    0.56,
    0.5699999610499896,
    0.5699999949839997,
    0.57,
    0.5699998232997013,
    0.5600001936001084,
    0.5600000024640001,
    0.5600000008047554,
    0.5600000352000042,
    0.5699999919249997,
    0.5600001936001084,
    0.5699999541038759,
    0.57,
    0.5600000108307698,
    0.5699999932941173,
    0.56,
    0.5699998232997013,
    0.5600001936001084,
    0.5600000108307698,
    0.5600000352000042,
    0.57,
    0.57,
    0.57,
    0.56,
    0.55,
    0.56,
    0.55,
    0.55,
    0.55,
    0.55,
    0.5500000078750003,
    0.550000000814873,
    0.5599998287897522,
    0.55,
    0.5500000309278382,
    0.56,
    0.56,
    0.5599999803999982,
    0.5500000202500012,
    0.5500000202500012,
    0.5599999775999964,
    0.56,
    0.56,
    0.56,
    0.56,
    0.550000002385721,
    0.55,
    0.5599999969959767,
    0.56,
    0.55999999776,
    0.55,
    0.5500000005630654,
    0.5599999495999919,
    0.559999843199887,
    0.5500000375000094,
    0.5599999775999964,
    0.5500003068193673,
    0.5500000012,
    0.5500000787500255,
    0.5599999968639999,
    0.559999843199887,
    0.5599999968639999,
    0.55,
    0.55,
    0.56,
    0.56,
    0.55,
    0.5500000002679107,
    0.5500000356514119,
    0.5599999718041933,
    0.55,
    0.55999999776,
    0.56,
    0.56,
    0.5599999837681047,
    0.5599999669616441,
    0.55,
    0.5599999895466662,
    0.550000072289174,
    0.5599999594202781,
    0.5500000539406912,
    0.55,
    0.5599999794495399,
    0.5500000105386427,
    0.5599999937892786,
    0.55000005148742,
    0.5500020250111376,
    0.5599999958286771,
    0.56,
    0.55999999888,
    0.55,
    0.5599994773320789,
    0.5500001897591847,
    0.559999843199887,
    0.5500000027529297,
    0.55,
    0.55999999888,
    0.5599986559942656,
    0.5599998207999379,
    0.550000004973475,
    0.5500000054000002,
    0.5500000037500001,
    0.5500000008889474,
    0.55,
    0.55,
    0.5500020250111376,
    0.5500000158172238,
    0.55,
    0.5599999968639999,
    0.5500002025001114,
    0.5500000450000045,
    0.5500000450000045,
    0.5500000450000045,
    0.55,
    0.55,
    0.55,
    0.56,
    0.5599999663999852,
    0.5599999775999964,
    0.5599988799910399,
    0.5500000016875001,
    0.5500000112437539,
    0.5599999910040158,
    0.56,
    0.5500000027108435,
    0.5599999994536585,
    0.5500000037500001,
    0.55,
    0.5500000009074533,
    0.55,
    0.55,
    0.5699999787647025,
    0.56,
    0.56,
    0.57,
    0.5500000224750291,
    0.56,
    0.57,
    0.5697981388150266,
    0.55,
    0.569999999145,
    0.5500000007450331,
    0.56,
    0.56,
    0.57,
    0.56,
    0.5500000787500255,
    0.5500002025001114,
    0.5500000025714287,
    0.5500000787500255,
    0.5699999925899997,
    0.5699999990821256,
    0.55,
    0.5500000327415623,
    0.5699999978219824,
    0.5500000028805121,
    0.57,
    0.5500000023904382,
    0.5699999975485157,
    0.5500000375000094,
    0.57,
    0.57,
    0.55,
    0.5699999965799997,
    0.57,
    0.57,
    0.55,
    0.55,
    0.55,
    0.57,
    0.57,
    0.5699999987175,
    0.5699999925899997,
    0.5699999987175,
    0.55,
    0.55,
    0.55,
    0.56,
    0.56,
    0.56,
    0.55999999888,
    0.559999998992,
    0.55,
    0.55,
    0.56,
    0.5599999968639999,
    0.5500000787500255,
    0.55,
    0.55,
    0.56,
    0.56,
    0.5599999985705169,
    0.5500000035733192,
    0.5500000049180329,
    0.5599999985243741,
    0.550000003068182,
    0.56,
    0.57,
    0.5699999059499214,
    0.5500000175764779,
    0.56,
    0.5699999963731527,
    0.57,
    0.5699999947384612,
    0.5600000105600008,
    0.5699998232997013,
    0.56,
    0.56,
    0.56,
    0.5500000019998025,
    0.5699999988448947,
    0.57,
    0.57,
    0.55,
    0.569999999711295,
    0.550000004811805,
    0.5699999991529202,
    0.550000002964985,
    0.569999999145,
    0.57,
    0.56,
    0.5599999253332935,
    0.5500002025001114,
    0.5699999973250517,
    0.5400000241438151,
    0.559999998992,
    0.559999999328,
    0.5599999988097768,
    0.5661943999142509,
    0.54,
    0.5400001013926745,
    0.5599998319999104,
    0.559999843199887,
    0.5400000019259487,
    0.5599999984502559,
    0.559999843199887,
    0.54,
    0.5599999967681949,
    0.54,
    0.5300000015471056,
    0.54,
    0.5707547719429178,
    0.53,
    0.54,
    0.5300000035888399,
    0.54,
    0.54,
    0.47,
    0.53,
    0.5,
    0.54,
    0.48,
    0.54,
    0.54,
    0.52,
    0.54,
    0.53,
    0.42000000013521954,
    0.53,
    0.54,
    0.51,
    0.54,
    0.54,
    0.49,
    0.51,
    0.53,
    0.54,
    0.48,
    0.52,
    0.5793775477043313,
    0.5775973477420652,
    0.566503539327203,
    0.56,
    0.5400000012806885,
    0.5699999989564023,
    0.5400000032394366,
    0.54,
    0.54,
    0.57,
    0.5699998232997013,
    0.5699998232997013,
    0.5400000368000057,
    0.5699999959574468,
    0.5699999985754451,
    0.5400000033810445,
    0.5400000736000128,
    0.5699999952718893,
    0.5598963450247086,
    0.5400000302089623,
    0.5699999324315779,
    0.5699988124925781,
    0.54000000206245,
    0.5699999992910447,
    0.54,
    0.5699999990405941,
    0.54,
    0.54,
    0.5400000041539834,
    0.5699999982005411,
    0.5501613924050633,
    0.5400000011722527,
    0.5665681384117071,
    0.559999975111103,
    0.55,
    0.5599999253332935,
    0.5400000014375,
    0.5599999982010921,
    0.5400002392001149,
    0.54000000711164,
    0.55,
    0.5599999997522672,
    0.559999843199887,
    0.5599999980235294,
    0.55,
    0.55,
    0.55,
    0.55,
    0.5500000303598226,
    0.5500000098944597,
    0.5599999860965511,
    0.5500000078750003,
    0.55,
    0.5599763611423244,
    0.5599763553017962,
    0.5599763282530871,
    0.55,
    0.55,
    0.5500000192857162,
    0.55,
    0.55,
    0.55,
    0.5738965582446167,
    0.5699997229160317,
    0.5500000034615385,
    0.5699999930614725,
    0.5699999917919998,
    0.55,
    0.550000006691699,
    0.55,
    0.5599370236902868,
    0.5599370127892649,
    0.569999999145,
    0.5699990879968991,
    0.5699999917919998,
    0.55,
    0.5699999939199997,
    0.5500000078750003,
    0.55,
    0.57,
    0.57,
    0.5500000450000045,
    0.55,
    0.57,
    0.5500000385714473,
    0.5699999385293882,
    0.55,
    0.57,
    0.5699988124925781,
    0.55,
    0.57,
    0.5699999606896385,
    0.5500000529412014,
    0.55,
    0.57,
    0.5699999928952987,
    0.5500000072176194,
    0.56,
    0.5600000572000069,
    0.5699998518896856,
    0.5600001936001084,
    0.56,
    0.56,
    0.56,
    0.5500002025001114,
    0.55,
    0.56,
    0.56,
    0.55999999776,
    0.56,
    0.5699999555399857,
    0.5500000120000005,
    0.5699996579988372,
    0.5500000787500255,
    0.56,
    0.5631238519940749,
    0.55,
    0.5599999775999964,
    0.5599995967994839,
    0.559999843199887,
    0.55,
    0.5649039687021788,
    0.55,
    0.559999843199887,
    0.5699999939199997,
    0.5500000202500012,
    0.5500000758427265,
    0.5699999059499214,
    0.5500002025001114,
    0.5680436572089466,
    0.55,
    0.5500000787500255,
    0.55,
    0.56,
    0.56,
    0.5699994978563896,
    0.56,
    0.56,
    0.56,
    0.56,
    0.56,
    0.56,
    0.56,
    0.5500000798816899,
    0.55,
    0.56,
    0.56,
    0.56,
    0.559999843199887,
    0.5599999775999964,
    0.55,
    0.55,
    0.55,
    0.55,
    0.55,
    0.55,
    0.5500000202500012,
    0.55,
    0.5599999995927273,
    0.5500000896017917,
    0.56,
    0.5500000053913523,
    0.56,
    0.56,
    0.56,
    0.56,
    0.56,
    0.56,
    0.56,
    0.56,
    0.56,
    0.56,
    0.56,
    0.56,
    0.56,
    0.56,
    0.5599995967994839,
    0.559999999328,
    0.559999920808052,
    0.55999999888,
    0.559999920808052,
    0.559999843199887,
    0.5599999587368343,
    0.5699998232997013,
    0.55,
    0.5400001150000288,
    0.54,
    0.53,
    0.53,
    0.54,
    0.5300001222000904,
    0.5499999925068116,
    0.54,
    0.52,
    0.54,
    0.5499993124974218,
    0.53,
    0.55,
    0.539945157127515,
    0.5399451436017039,
    0.5499999029410794,
    0.5499999185184702,
    0.54,
    0.55,
    0.5300001504002527,
    0.56,
    0.57,
    0.4800169327538276,
    0.48001693278543967,
    0.7699998844994398,
    0.7599999087998286,
    0.77,
    0.7599999695999891,
    0.6299284377662429,
    0.6299285587310687,
    0.6299285678472487,
    0.6394243895888817,
    0.5501094801220455,
    0.5501094799705379,
    0.63,
    0.48,
    0.5,
    0.5107428286671449,
    0.3200007961043958,
    0.35,
    0.5099999254615207,
    0.3500000472383961,
    0.5299999946999987,
    0.5299999015714,
    0.32000002361933194,
    0.33,
    0.5479169411912806,
    0.33000000781666916,
    0.5399999537142802,
    0.53999997839999,
    0.48,
    0.3200000402946054,
    0.5499999633333236,
    0.48000043915594226,
    0.51,
    0.49,
    0.5459908504387115,
    0.54,
    0.5399999740799909,
    0.5100000511304517,
    0.510000085296313,
    0.5399999205351022,
    0.5399998472726162,
    0.52,
    0.53,
    0.53,
    0.510000085296313,
    0.539999971199992,
    0.54,
    0.52,
    0.54,
    0.54,
    0.4900000850000425,
    0.5499998616351679,
    0.5452123440883885,
    0.4900000017000006,
    0.5399999902799992,
    0.539999849999625,
    0.4800000224864916,
    0.5399999869565189,
    0.5,
    0.4800000014344828,
    0.5,
    0.75,
    0.4900001088415066,
    0.75,
    0.75,
    0.75,
    0.5,
    0.51,
    0.5799998259997042,
    0.11000022250736129,
    0.11000006846213506,
    0.11000005476931166,
    0.8899998360513675,
    0.8899999278372586,
    0.9,
    0.8899999802218711,
    0.9,
    0.9,
    0.9
]
