[
    0.998,
    0.998,
    0.998,
    0.999,
    0.997,
    0.997,
    0.997,
    0.997,
    0.997,
    0.997,
    0.976,
    0.977,
    0.977,
    0.999,
    0.999,
    0.999,
    0.999,
    0.999,
    0.999,
    0.999,
    0.999,
    0.999,
    0.999,
    0.999,
    0.999,
    0.999,
    0.999,
    0.999,
    0.995,
    0.997,
    0.997,
    0.997,
    0.995,
    0.997,
    0.995,
    0.997,
    0.995,
    0.995,
    0.997,
    0.995,
    0.995,
    0.997,
    0.995,
    0.995,
    0.991,
    0.9810004366992724,
    0.9910000019014357,
    0.991,
    0.995,
    0.995,
    0.985,
    0.9830000150990912,
    0.997,
    0.992,
    0.997,
    0.9938701866298103,
    0.981,
    0.98,
    0.98,
    0.98,
    0.98,
    0.98,
    0.9929999447891921,
    0.9929999433989806,
    0.983,
    0.973,
    0.9895095089300268,
    0.985,
    0.97000288001152,
    0.9849999999613755,
    0.966,
    0.971,
    0.97,
    0.985,
    0.986,
    0.99,
    0.99,
    0.995,
    0.9905554289211267,
    0.98,
    0.961,
    0.97,
    0.95,
    0.97,
    0.95,
    0.97,
    0.98,
    0.98,
    0.97,
    0.971,
    0.98,
    0.98,
    0.97,
    0.9699978174939982,
    0.97,
    0.9699999909766267,
    0.97,
    0.97,
    0.95,
    0.9699999988994488,
    0.9699999989912,
    0.96,
    0.95,
    0.9400000540000054,
    0.95,
    0.95,
    0.94,
    0.9300000637000058,
    0.95,
    0.94,
    0.94,
    0.94,
    0.94,
    0.95,
    0.95,
    0.94,
    0.94,
    0.94,
    0.94,
    0.96,
    0.95,
    0.95,
    0.95,
    0.95,
    0.95,
    0.95,
    0.94,
    0.9399999978190244,
    0.9399999987210872,
    0.939999999941327,
    0.93,
    0.9299999989655162,
    0.93,
    0.93,
    0.91,
    0.9199999815999912,
    0.9199999815999912,
    0.9199999620129016,
    0.9,
    0.91,
    0.91,
    0.91,
    0.91,
    0.91,
    0.91,
    0.91,
    0.91,
    0.92,
    0.91,
    0.91,
    0.91,
    0.91,
    0.91,
    0.91,
    0.91,
    0.92,
    0.92,
    0.9286221262042321,
    0.92,
    0.92,
    0.92,
    0.92,
    0.92,
    0.92,
    0.92,
    0.92,
    0.9299999978447263,
    0.93,
    0.93,
    0.92,
    0.9299999906998978,
    0.92,
    0.929999999721,
    0.9299999888399957,
    0.92,
    0.93,
    0.93,
    0.9299999906998978,
    0.92,
    0.93,
    0.9299999993435294,
    0.9299999999814,
    0.92,
    0.92,
    0.93,
    0.93,
    0.92,
    0.92,
    0.92,
    0.93,
    0.9299999999427693,
    0.9299999953499987,
    0.92,
    0.9299996899897697,
    0.9299999926771596,
    0.929999999721,
    0.92,
    0.929999999997675,
    0.9299999956183725,
    0.92,
    0.92,
    0.9299999953499987,
    0.91,
    0.92,
    0.92,
    0.9299999953499987,
    0.9100000024040048,
    0.91,
    0.91,
    0.91000000081,
    0.9100000810000081,
    0.9199999867625805,
    0.92,
    0.92,
    0.91,
    0.91,
    0.91,
    0.91,
    0.93,
    0.9299999953499987,
    0.9299999953499987,
    0.9100000145566831,
    0.9299999906998978,
    0.9299999992085105,
    0.910000004005,
    0.91000000280837,
    0.9299999888399957,
    0.9100000400500022,
    0.929999993024993,
    0.9299999953499987,
    0.9299999813999167,
    0.9265453622354058,
    0.92,
    0.92,
    0.9199999877333048,
    0.92,
    0.9299999888399957,
    0.9299999971362558,
    0.9299999888399957,
    0.9299999903460024,
    0.91,
    0.9100000528375793,
    0.929999993024993,
    0.9299999888399957,
    0.9299999888399957,
    0.92,
    0.929999993024993,
    0.929999993372906,
    0.9299999888399957,
    0.93,
    0.9299999888399957,
    0.9299999888399957,
    0.9100000023189235,
    0.91,
    0.93,
    0.91,
    0.9299999888399957,
    0.9299999888399957,
    0.92,
    0.93,
    0.93,
    0.9299999888399957,
    0.9299999888399957,
    0.93,
    0.9207920664444486,
    0.9299999888399957,
    0.9299999888399957,
    0.9299999888399957,
    0.9299999888399957,
    0.9100000081,
    0.9299999987869559,
    0.9100000081,
    0.9100000264000011,
    0.91,
    0.9299999999535,
    0.92,
    0.9199999877333048,
    0.9299999906998978,
    0.9299999906998978,
    0.93,
    0.9299999906998978,
    0.9299999986049996,
    0.92,
    0.91,
    0.9291614749477979,
    0.91,
    0.9100000009190293,
    0.91,
    0.91,
    0.92,
    0.9199999815999912,
    0.91,
    0.92,
    0.91,
    0.91,
    0.91,
    0.9299999987999998,
    0.9299999813999167,
    0.92,
    0.92,
    0.929999999335714,
    0.93,
    0.9299998405705449,
    0.9299999906998978,
    0.9299999906998978,
    0.9299999841477096,
    0.9299999996943136,
    0.9299998546870686,
    0.9299999991961968,
    0.93,
    0.93,
    0.93,
    0.93,
    0.92,
    0.9299999997798817,
    0.9299999906998978,
    0.92,
    0.9299999906998978,
    0.92,
    0.9299999906998978,
    0.92,
    0.92,
    0.92,
    0.92,
    0.92,
    0.92,
    0.93,
    0.93,
    0.92,
    0.9299999906998978,
    0.9299999906998978,
    0.9299997209847378,
    0.9100000081,
    0.9299999975199994,
    0.9299999906998978,
    0.9299999985143769,
    0.9299999888399957,
    0.9100000810000081,
    0.9299999990953303,
    0.9299999906998978,
    0.91,
    0.91,
    0.93,
    0.93,
    0.93,
    0.93,
    0.9299999975199994,
    0.9299999906998978,
    0.92,
    0.92,
    0.9299999919130295,
    0.93,
    0.92,
    0.92,
    0.9299997767998304,
    0.9299999651249978,
    0.92,
    0.92,
    0.92,
    0.92,
    0.93,
    0.93,
    0.92,
    0.92,
    0.9299999153699908,
    0.9299999651249978,
    0.93,
    0.92,
    0.9299998158599628,
    0.93,
    0.92,
    0.93,
    0.92,
    0.9299999953499987,
    0.9299999813999167,
    0.9299999906998978,
    0.92,
    0.9299999888399957,
    0.93,
    0.9299999996084211,
    0.92,
    0.92,
    0.92,
    0.92,
    0.92,
    0.93,
    0.93,
    0.9299999813999167,
    0.9299999813999167,
    0.9299999813999167,
    0.9299999813999167,
    0.92,
    0.9299999813999167,
    0.9299999813999167,
    0.9299999953499987,
    0.92,
    0.9299999994529408,
    0.92,
    0.9299999953499987,
    0.92,
    0.92,
    0.93,
    0.9299999991724137,
    0.93,
    0.9299999975199994,
    0.9299999993275483,
    0.92,
    0.92,
    0.9299999906998978,
    0.93,
    0.9299999973428568,
    0.9299999906998978,
    0.9299999813999167,
    0.9299999906998978,
    0.9299999335711486,
    0.9299999069972192,
    0.92,
    0.9100000082853636,
    0.9299999906998978,
    0.9299999906998978,
    0.93,
    0.93,
    0.93,
    0.93,
    0.93,
    0.93,
    0.93,
    0.93,
    0.93,
    0.93,
    0.93,
    0.93,
    0.93,
    0.93,
    0.93,
    0.93,
    0.93,
    0.93,
    0.93,
    0.93,
    0.93,
    0.93,
    0.93,
    0.93,
    0.93,
    0.93,
    0.93,
    0.93,
    0.9299999906998978,
    0.93,
    0.93,
    0.93,
    0.93,
    0.93,
    0.93,
    0.93,
    0.93,
    0.93,
    0.93,
    0.93,
    0.93,
    0.93,
    0.93,
    0.93,
    0.93,
    0.93,
    0.93,
    0.93,
    0.93,
    0.93,
    0.93,
    0.93,
    0.93,
    0.93,
    0.93,
    0.93,
    0.93,
    0.93,
    0.93,
    0.93,
    0.93,
    0.93,
    0.93,
    0.93,
    0.93,
    0.93,
    0.93,
    0.93,
    0.93,
    0.93,
    0.93,
    0.93,
    0.93,
    0.93,
    0.93,
    0.93,
    0.93,
    0.93,
    0.93,
    0.93,
    0.93,
    0.93,
    0.93,
    0.93,
    0.93,
    0.93,
    0.93,
    0.93,
    0.93,
    0.93,
    0.93,
    0.93,
    0.93,
    0.93,
    0.93,
    0.93,
    0.93,
    0.93,
    0.93,
    0.93,
    0.93,
    0.93,
    0.93,
    0.93,
    0.93,
    0.93,
    0.93,
    0.93,
    0.93,
    0.93,
    0.93,
    0.93,
    0.93,
    0.93,
    0.93,
    0.93,
    0.93,
    0.93,
    0.93,
    0.93,
    0.93,
    0.93,
    0.9299999906998978,
    0.93,
    0.93,
    0.93,
    0.93,
    0.93,
    0.93,
    0.93,
    0.93,
    0.93,
    0.93,
    0.93,
    0.93,
    0.93,
    0.93,
    0.93,
    0.93,
    0.93,
    0.93,
    0.93,
    0.93,
    0.93,
    0.93,
    0.93,
    0.93,
    0.93,
    0.93,
    0.93,
    0.93,
    0.93,
    0.93,
    0.93,
    0.93,
    0.93,
    0.93,
    0.93,
    0.93,
    0.93,
    0.93,
    0.93,
    0.93,
    0.93,
    0.93,
    0.93,
    0.93,
    0.93,
    0.93,
    0.93,
    0.93,
    0.93,
    0.93,
    0.93,
    0.93,
    0.93,
    0.93,
    0.93,
    0.93,
    0.93,
    0.93,
    0.93,
    0.93,
    0.93,
    0.93,
    0.93,
    0.93,
    0.93,
    0.93,
    0.93,
    0.93,
    0.93,
    0.93,
    0.93,
    0.93,
    0.93,
    0.93,
    0.93,
    0.93,
    0.93,
    0.93,
    0.93,
    0.93,
    0.93,
    0.93,
    0.93,
    0.93,
    0.93,
    0.93,
    0.93,
    0.93,
    0.93,
    0.9299999906998978,
    0.93,
    0.93,
    0.93,
    0.93,
    0.93,
    0.93,
    0.93,
    0.93,
    0.93,
    0.93,
    0.93,
    0.93,
    0.93,
    0.93,
    0.93,
    0.93,
    0.93,
    0.93,
    0.93,
    0.93,
    0.93,
    0.93,
    0.93,
    0.93,
    0.9299999999890897,
    0.92,
    0.93,
    0.929999999721,
    0.93,
    0.92,
    0.92,
    0.92,
    0.92,
    0.92,
    0.92,
    0.92,
    0.92,
    0.92,
    0.92,
    0.9299999986049996,
    0.9299999996798622,
    0.92,
    0.9299999975199994,
    0.92,
    0.93,
    0.92,
    0.92,
    0.93,
    0.9299997342687075,
    0.9299999255991132,
    0.9299999997714145,
    0.92,
    0.9299998708294044,
    0.9299999996799724,
    0.92,
    0.9299999906998978,
    0.92,
    0.92,
    0.92,
    0.93,
    0.92,
    0.92,
    0.92,
    0.92,
    0.92,
    0.92,
    0.92,
    0.92,
    0.92,
    0.92,
    0.92,
    0.93,
    0.94,
    0.94,
    0.9306930527202986,
    0.939660469254845,
    0.93,
    0.93,
    0.93,
    0.9399999351718594,
    0.9399999351718594,
    0.93,
    0.9299999986049996,
    0.93,
    0.9299999953499987,
    0.9299999906998978,
    0.929999984499897,
    0.929999999721,
    0.929999999721,
    0.9299999953499987,
    0.91,
    0.9291371567594983,
    0.9199999947428512,
    0.92,
    0.92,
    0.910000004005,
    0.92,
    0.9100000154800004,
    0.9100000810000081,
    0.9,
    0.92,
    0.9299999813999167,
    0.9436669018508104,
    0.9399999922474099,
    0.9399999623995127,
    0.92,
    0.92,
    0.94,
    0.92,
    0.92,
    0.9399999962399888,
    0.93,
    0.92,
    0.9399999996866667,
    0.9399999987466656,
    0.9399999985538458,
    0.93,
    0.92,
    0.9299997116995128,
    0.9299997116995128,
    0.9299997116995128,
    0.93,
    0.93,
    0.92,
    0.94,
    0.93,
    0.92,
    0.93,
    0.9399999962399888,
    0.92,
    0.92,
    0.9399999623995127,
    0.92,
    0.9399999623995127,
    0.9399999623995127,
    0.9398890930537476,
    0.9299999906998978,
    0.9299999906998978,
    0.9299999906998978,
    0.9299999906998978,
    0.91,
    0.9299999906998978,
    0.929999999335714,
    0.9100001548000434,
    0.9299999949272663,
    0.9264914141600498,
    0.919999998773333,
    0.91,
    0.92,
    0.92,
    0.91,
    0.91,
    0.91,
    0.92,
    0.91,
    0.91,
    0.91,
    0.91,
    0.9199998063066553,
    0.92,
    0.92,
    0.9,
    0.91,
    0.91,
    0.91,
    0.91,
    0.91,
    0.91,
    0.9,
    0.91,
    0.91,
    0.91,
    0.92,
    0.9199999815999912,
    0.9199999815999912,
    0.9199999982739211,
    0.9140321847993593,
    0.9099999827099968,
    0.9099999518999957,
    0.9099999605666631,
    0.88,
    0.9,
    0.91,
    0.9099999759759987,
    0.9099999702914872,
    0.9099999968698903,
    0.9,
    0.86,
    0.9,
    0.9,
    0.9009900949915695,
    0.9,
    0.65,
    0.5700000032680002,
    0.7,
    0.88,
    0.87,
    0.7000001071428954,
    0.89,
    0.9114509463575272,
    0.88,
    0.89,
    0.86,
    0.87,
    0.7000000107142861,
    0.86,
    0.71,
    0.9,
    0.7,
    0.87,
    0.86,
    0.88,
    0.89,
    0.9,
    0.91,
    0.9099999936299996,
    0.9,
    0.91,
    0.91,
    0.91,
    0.9,
    0.9099999999757333,
    0.91,
    0.91,
    0.9,
    0.91,
    0.91,
    0.9,
    0.91,
    0.9,
    0.9099998179976097,
    0.9099909909090081,
    0.9099932799462396,
    0.91,
    0.91,
    0.91,
    0.91,
    0.91,
    0.91,
    0.91,
    0.91,
    0.91,
    0.91,
    0.91
]
