[
    0.999,
    0.999,
    0.999,
    0.999,
    0.999,
    0.999,
    0.999,
    0.999,
    0.999,
    0.999,
    0.999,
    0.998,
    0.998,
    0.998,
    0.999000000999,
    0.997,
    0.995,
    0.993,
    0.998,
    0.996,
    0.9930000267076932,
    0.995,
    0.9950199052744992,
    0.99,
    0.99,
    0.991,
    0.991,
    0.99,
    0.99,
    0.9989999884990124,
    0.9989999884990124,
    0.99,
    0.99,
    0.98,
    0.985,
    0.99,
    0.98,
    0.99,
    0.9883568566395717,
    0.97,
    0.99,
    0.99,
    0.9799999117999859,
    0.9599998617599647,
    0.96,
    0.9844941112514378,
    0.98,
    0.98,
    0.95,
    0.96,
    0.96,
    0.95,
    0.98,
    0.99,
    0.98,
    0.98,
    0.9400000276000011,
    0.96,
    0.95,
    0.94,
    0.96,
    0.9400000010251629,
    0.96,
    0.95,
    0.96,
    0.95,
    0.95,
    0.9199994479992272,
    0.83,
    0.8300000241400014,
    0.84,
    0.8200001296000363,
    0.83,
    0.83,
    0.8499994474992542,
    0.82,
    0.75,
    0.74,
    0.74,
    0.7100000420500044,
    0.74,
    0.72,
    0.75,
    0.75,
    0.75,
    0.75,
    0.76,
    0.8,
    0.84,
    0.8307318116932144,
    0.8,
    0.83,
    0.81,
    0.82,
    0.81,
    0.83,
    0.81,
    0.85,
    0.84,
    0.84,
    0.82,
    0.83,
    0.83,
    0.83,
    0.83,
    0.84,
    0.83,
    0.85,
    0.85,
    0.84,
    0.85,
    0.8499999659999946,
    0.849999996175,
    0.84,
    0.84,
    0.83,
    0.8699999611317905,
    0.84,
    0.8699998694999673,
    0.83,
    0.83,
    0.83,
    0.83,
    0.83,
    0.83,
    0.82,
    0.82,
    0.8444251537064764,
    0.82,
    0.81,
    0.8199999997810414,
    0.8199999955272723,
    0.8,
    0.8500007031260987,
    0.86,
    0.86,
    0.8899999989681157,
    0.85,
    0.84,
    0.83,
    0.83,
    0.8,
    0.78,
    0.77,
    0.7947019867549668,
    0.77,
    0.75,
    0.74,
    0.68,
    0.7099994390993213,
    0.75,
    0.75,
    0.73,
    0.69,
    0.68,
    0.68,
    0.69,
    0.68,
    0.69,
    0.69,
    0.6899999868899976,
    0.6700000188100008,
    0.67,
    0.64,
    0.64,
    0.64,
    0.64,
    0.64,
    0.64,
    0.63,
    0.62,
    0.62,
    0.61,
    0.61,
    0.5897512725842746,
    0.58,
    0.563284,
    0.5500000202500012,
    0.54,
    0.51,
    0.5100000186200011,
    0.5,
    0.52,
    0.52,
    0.52,
    0.52,
    0.54,
    0.520000019200003,
    0.56,
    0.52,
    0.52,
    0.52,
    0.48,
    0.47,
    0.5,
    0.5,
    0.5,
    0.5199999812799988,
    0.52,
    0.52,
    0.54,
    0.52,
    0.47,
    0.55,
    0.55,
    0.55,
    0.55,
    0.56,
    0.5500002025001114,
    0.59,
    0.59,
    0.59,
    0.6,
    0.61,
    0.61,
    0.62,
    0.62,
    0.63,
    0.61,
    0.63,
    0.63,
    0.6300000130808089,
    0.65,
    0.63,
    0.6599999966276345,
    0.66,
    0.66,
    0.67,
    0.67,
    0.6400001296000829,
    0.65,
    0.6,
    0.65,
    0.6,
    0.64,
    0.64,
    0.66,
    0.67,
    0.66,
    0.6999999929999994,
    0.69,
    0.69,
    0.69,
    0.69,
    0.71,
    0.69,
    0.7,
    0.69,
    0.7,
    0.69,
    0.7,
    0.7,
    0.7100001334000721,
    0.71,
    0.72,
    0.72,
    0.71,
    0.7000000994475358,
    0.7099999882320314,
    0.7000000180000007,
    0.7000000187500012,
    0.7,
    0.7,
    0.7099999990415,
    0.7,
    0.7099999431998909,
    0.7099999806614716,
    0.71,
    0.7,
    0.7,
    0.7,
    0.6980408555941345,
    0.68,
    0.68,
    0.7097634113902275,
    0.68,
    0.7,
    0.69,
    0.68,
    0.6852978495264193,
    0.68,
    0.683289916876029,
    0.68,
    0.6780058562956973,
    0.6799999988425532,
    0.6799999998366366,
    0.65,
    0.6500000009795266,
    0.65,
    0.65,
    0.66,
    0.66,
    0.65,
    0.65,
    0.65,
    0.66,
    0.6600000047076924,
    0.67,
    0.66,
    0.67,
    0.67,
    0.67,
    0.67,
    0.67,
    0.67,
    0.68,
    0.68,
    0.69,
    0.69,
    0.69,
    0.69,
    0.69,
    0.69,
    0.69,
    0.69,
    0.69,
    0.69,
    0.69,
    0.69,
    0.69,
    0.69,
    0.69,
    0.69,
    0.69,
    0.7,
    0.69,
    0.6999999836666659,
    0.69,
    0.690000000801919,
    0.6999999672386876,
    0.6999993883488613,
    0.6999985999887999,
    0.6900000192980146,
    0.6999999958823527,
    0.6900001705000767,
    0.6999999972,
    0.7,
    0.7,
    0.69000041333416,
    0.7,
    0.6999999719999955,
    0.6999999719999955,
    0.7,
    0.699959,
    0.68,
    0.68,
    0.68,
    0.68,
    0.6899999996678337,
    0.6899999585999611,
    0.68,
    0.68,
    0.68,
    0.68,
    0.6899999997951002,
    0.68,
    0.6899999900333323,
    0.68,
    0.68,
    0.6899999973489473,
    0.69,
    0.68,
    0.68,
    0.689999996826,
    0.6899999951699998,
    0.68,
    0.69,
    0.6899999392799931,
    0.68,
    0.689999998965,
    0.68,
    0.6899999965845,
    0.6899999951699998,
    0.68,
    0.68,
    0.68,
    0.68,
    0.68,
    0.6899999951699998,
    0.68,
    0.69,
    0.68,
    0.68,
    0.68,
    0.68,
    0.68,
    0.68,
    0.69,
    0.68,
    0.7,
    0.7,
    0.7,
    0.7,
    0.7,
    0.7,
    0.7,
    0.7,
    0.7,
    0.68,
    0.6803875293069038,
    0.68,
    0.68,
    0.68,
    0.6848417295762015,
    0.68,
    0.67,
    0.6699999966946224,
    0.6699999993076666,
    0.6699988386531951,
    0.66,
    0.6699999949749997,
    0.6600000142800009,
    0.6699999949749997,
    0.66,
    0.6600000239482041,
    0.66,
    0.66,
    0.66,
    0.66,
    0.6699999991910557,
    0.66999999933,
    0.660000170000085,
    0.67,
    0.6600000077189192,
    0.66999999933,
    0.6699992134723448,
    0.6699999986599999,
    0.6600000367200034,
    0.669999998540594,
    0.67,
    0.66,
    0.66,
    0.66,
    0.66,
    0.66,
    0.6699999982480387,
    0.6699999959393935,
    0.6699999195999292,
    0.6699999961931816,
    0.66,
    0.660000170000085,
    0.6699999195999292,
    0.67,
    0.67,
    0.6699999329996716,
    0.66,
    0.66,
    0.66,
    0.66,
    0.66,
    0.66,
    0.66,
    0.6599995379980134,
    0.659999923846126,
    0.65,
    0.6599999946019028,
    0.6746125437721339,
    0.6699992134723448,
    0.655,
    0.66,
    0.6502666666666667,
    0.63,
    0.63,
    0.63,
    0.64,
    0.64,
    0.64,
    0.64,
    0.64,
    0.64,
    0.64,
    0.64,
    0.6300000112850003,
    0.64,
    0.64,
    0.6300000074000001,
    0.64,
    0.64,
    0.63,
    0.64,
    0.64,
    0.63,
    0.6299999639998992,
    0.63,
    0.6299999639998992,
    0.6300000325600037,
    0.6301259088293523,
    0.6200000553911555,
    0.6301258556207825,
    0.64,
    0.6301258866964251,
    0.6301258235880817,
    0.64,
    0.6200000988000731,
    0.64,
    0.62,
    0.62,
    0.62,
    0.62,
    0.62,
    0.65,
    0.6480981950555993,
    0.64,
    0.64,
    0.64,
    0.6300001179375361,
    0.63,
    0.64,
    0.64,
    0.6399358783608666,
    0.6299996975989356,
    0.63,
    0.6200000380000089,
    0.6200000380000089,
    0.62,
    0.6303389879181153,
    0.6303389834950323,
    0.6499998916663237,
    0.6200000258400035,
    0.6299577365303339,
    0.63,
    0.63,
    0.63,
    0.63,
    0.62,
    0.61,
    0.62,
    0.62,
    0.61,
    0.61,
    0.62,
    0.61,
    0.61,
    0.61,
    0.61,
    0.61,
    0.61,
    0.61,
    0.6099999996700027,
    0.61,
    0.6,
    0.6099926793557833,
    0.61,
    0.6,
    0.6,
    0.6,
    0.61,
    0.609999999268,
    0.6099999764714228,
    0.61,
    0.6,
    0.6,
    0.6099999755999961,
    0.609999936305202,
    0.6,
    0.6,
    0.61,
    0.61,
    0.6,
    0.61,
    0.6099999993899999,
    0.61,
    0.6,
    0.6099996732132937,
    0.609999859699892,
    0.6,
    0.6,
    0.6,
    0.6099999993899999,
    0.6099996441648974,
    0.6099998733960138,
    0.6,
    0.6099999755999961,
    0.609999936305202,
    0.6,
    0.6,
    0.6099992069931008,
    0.6099998883097223,
    0.6099999993899999,
    0.609999859699892,
    0.6099995526655035,
    0.59,
    0.5900001804777245,
    0.6099999389999654,
    0.6099999786499901,
    0.6099998123070282,
    0.599873028969362,
    0.5998730033031514,
    0.5998730218733697,
    0.5900000207435143,
    0.6099999765384589,
    0.5900000553500202,
    0.5900000164000027,
    0.5998740070674161,
    0.59,
    0.5998739245001548,
    0.599873989134698,
    0.6,
    0.5900000053300002,
    0.6099999949166663,
    0.5998786423828566,
    0.600026905835955,
    0.6099997017765981,
    0.61,
    0.6000269058312698,
    0.5999091786342737,
    0.5999091829954064,
    0.59990918284404,
    0.6099999976361679,
    0.6051870712123163,
    0.6,
    0.5900000307500028,
    0.5900002194950537,
    0.6,
    0.6,
    0.6,
    0.5900002032174673,
    0.5900001186294676,
    0.6,
    0.5900000567692375,
    0.590000059636382,
    0.5900000572093134,
    0.590000037492633,
    0.6,
    0.5900000240202055,
    0.5900000300209246,
    0.599999939999976,
    0.6,
    0.5900000407505113,
    0.6,
    0.5900000443535689,
    0.6,
    0.6,
    0.5999999351351071,
    0.6,
    0.6,
    0.6,
    0.6,
    0.5900000969892765,
    0.59,
    0.59,
    0.59,
    0.59,
    0.59,
    0.6,
    0.6,
    0.6,
    0.6,
    0.6,
    0.6,
    0.59000004100001,
    0.5900000706419036,
    0.5999999062499414,
    0.5900000576884485,
    0.5900000982644799,
    0.5900000977103027,
    0.5900000546666786,
    0.5999999594594485,
    0.6,
    0.5900000562953437,
    0.5999999681697545,
    0.5999999484978364,
    0.6,
    0.5999999755600774,
    0.6,
    0.6,
    0.6,
    0.6,
    0.590000057163481,
    0.6,
    0.5900000503508858,
    0.5900000374087694,
    0.5900000455555623,
    0.5999999752577279,
    0.6,
    0.5999999744680807,
    0.5900000372727418,
    0.6,
    0.6,
    0.5900000678308961,
    0.5999999417475502,
    0.5900000667803175,
    0.5900001537500491,
    0.5999999340659051,
    0.6,
    0.6,
    0.5999999371727486,
    0.590000084028281,
    0.5999999671232805,
    0.6,
    0.6,
    0.5999999484978364,
    0.6,
    0.5900000952817351,
    0.599999968421046,
    0.5900000523006886,
    0.5900000572093134,
    0.5900000974257676,
    0.6,
    0.599999973626369,
    0.6,
    0.5900001763001005,
    0.6,
    0.6,
    0.6,
    0.599999963525827,
    0.5900000261894314,
    0.5900000483538145,
    0.6,
    0.5900000294092868,
    0.5999999624999907,
    0.5900000423165191,
    0.6,
    0.6,
    0.5999999890909083,
    0.6,
    0.6,
    0.59,
    0.59,
    0.59,
    0.59,
    0.6,
    0.6,
    0.6,
    0.6,
    0.6,
    0.6,
    0.59,
    0.59,
    0.59,
    0.5900000832103459,
    0.5999999568345199,
    0.59,
    0.5999999581881417,
    0.6,
    0.5900000392553293,
    0.5900000486166143,
    0.6,
    0.5900000267697669,
    0.6,
    0.6,
    0.5900000958441957,
    0.5999999717647005,
    0.6,
    0.5999999527558907,
    0.5900001296581895,
    0.5900002149515523,
    0.599999964179096,
    0.599999965116271,
    0.6,
    0.5900000650793805,
    0.5900000397151072,
    0.5999999759999961,
    0.58,
    0.59,
    0.5899999737777595,
    0.5800000512195371,
    0.5899999541110892,
    0.5899997015292117,
    0.5899997784278374,
    0.5800000499010088,
    0.5899999397311565,
    0.5800000302400099,
    0.5800000175365374,
    0.5899999766943828,
    0.5899998532411688,
    0.5800000635856731,
    0.5899998869165941,
    0.5899998697747448,
    0.5899998616049024,
    0.5800000449056697,
    0.5800000266341512,
    0.5899999851146759,
    0.580000040458721,
    0.5899999860520065,
    0.58,
    0.5899999409999912,
    0.580000055734603,
    0.5899996119460431,
    0.5800000447006703,
    0.5800000388118904,
    0.589999919019566,
    0.5899999809677379,
    0.5899999203375299,
    0.5899999296330036,
    0.59,
    0.5899998835525779,
    0.580000088593766,
    0.5800000406153896,
    0.5800000551824946,
    0.5899999809677379,
    0.5899994904540591,
    0.5899996394442196,
    0.5899999298475479,
    0.589999774684948,
    0.5800000448664774,
    0.5800000560000145,
    0.5800000836514704,
    0.5899999658886457,
    0.5800000466666715,
    0.5899995411106836,
    0.5899999837016489,
    0.5899902963791496,
    0.5800000168000027,
    0.6,
    0.5999999610389509,
    0.5800000447457688,
    0.5800000266341512,
    0.5967239792230248,
    0.5900584802043569,
    0.5900584801180259,
    0.5800001764001023,
    0.6,
    0.5800000052014469,
    0.5800000775225849,
    0.59,
    0.6,
    0.5999999225806052,
    0.5900001763001005,
    0.5999996842098615,
    0.6,
    0.57,
    0.59,
    0.5700000036302019,
    0.58,
    0.59,
    0.6,
    0.6,
    0.5800000100800008,
    0.59,
    0.6130901117539792,
    0.5952012047036951,
    0.5899999974235806,
    0.589999991347387,
    0.5899999853960376,
    0.56,
    0.57,
    0.56,
    0.57,
    0.5600000869751053,
    0.57,
    0.5801391627647563,
    0.5801391471364046,
    0.5899994326884892,
    0.57,
    0.5899999822054637,
    0.5899999878974352,
    0.5899999816056095,
    0.6,
    0.5999999890909083,
    0.56,
    0.57,
    0.5700001571418111,
    0.6046065413363758,
    0.57,
    0.5700000157077644,
    0.57,
    0.5600000109181152,
    0.57,
    0.5600000138256097,
    0.5700000412328868,
    0.5600000752136891,
    0.57,
    0.56,
    0.56,
    0.57,
    0.570000145152628,
    0.5799798600551317,
    0.57,
    0.5700000759621556,
    0.5799797973581969,
    0.5899999289814243,
    0.5899998476158325,
    0.5899999540921961,
    0.5899999068420383,
    0.5899999904582186,
    0.589999990677199,
    0.5899999214918826,
    0.5899999739705798,
    0.5899998786915004,
    0.57,
    0.5600005028589627,
    0.5899999817525685,
    0.5899999446209239,
    0.589999932295062,
    0.5899999925552045,
    0.5899999871403642,
    0.5899999906423468,
    0.5899999914610609,
    0.6,
    0.6,
    0.5983067147177595,
    0.589870601491975,
    0.5999999894644418,
    0.6085191581879154,
    0.6041793737894947,
    0.570000013589952,
    0.5700000192808806,
    0.5700000070914547,
    0.5700000167365288,
    0.57,
    0.6,
    0.5700000086484317,
    0.5700000120027918,
    0.5700000093613938,
    0.57,
    0.5700000298074472,
    0.5999801331081752,
    0.57,
    0.6,
    0.6331773909042104,
    0.6148547597046865,
    0.6,
    0.5999999906469207,
    0.6,
    0.5999999909228436,
    0.5700000082448382,
    0.5924759418319472,
    0.5799999862559234,
    0.5799999871396889,
    0.5700000089664558,
    0.579999984065933,
    0.5799999964197529,
    0.5700000073434541,
    0.5700000142340268,
    0.56,
    0.5600000156543852,
    0.5700851281489541,
    0.5700851277426515,
    0.57,
    0.57,
    0.57,
    0.57,
    0.57,
    0.57,
    0.57,
    0.57,
    0.57,
    0.58,
    0.59,
    0.59,
    0.59,
    0.58,
    0.58,
    0.58,
    0.58,
    0.58,
    0.59,
    0.59,
    0.58,
    0.59,
    0.58,
    0.58,
    0.5899999329019158,
    0.5800000958695954,
    0.5899998375361589,
    0.5800000498113282,
    0.5800001221818937,
    0.5800001093151149,
    0.5899999541603815,
    0.5899999429831748,
    0.5899998932125924,
    0.5899999231417136,
    0.5899999068420383,
    0.5800000916363853,
    0.5800001073333655,
    0.5899999386126876,
    0.5899999635051444,
    0.5800000921519174,
    0.5899998939325437,
    0.58,
    0.5800000693913231,
    0.5899998743194047,
    0.5899999539716021,
    0.5900903835516398,
    0.6,
    0.5900325268439625,
    0.590032526354645,
    0.6,
    0.6,
    0.589999645999201,
    0.5799275926831589,
    0.5799275951960463,
    0.5700367338163501,
    0.5700367340895652,
    0.56,
    0.6200184232333423,
    0.6200184220571083,
    0.6200184219252491,
    0.6200184219222212,
    0.6099703068069344,
    0.6099703033813586,
    0.6099703029687455,
    0.6199998511998869,
    0.6099950872969722,
    0.6098947944473112,
    0.6098948182450339,
    0.5999307517435823,
    0.6,
    0.6,
    0.6101324761270078,
    0.6101324771168792,
    0.6101324763304695,
    0.6098701779505983,
    0.6098701200517527,
    0.6098949799372286,
    0.61,
    0.61,
    0.61,
    0.61,
    0.61,
    0.619982834214549,
    0.61,
    0.6,
    0.6099999786499901,
    0.6199828818155881,
    0.6,
    0.5401554663991976,
    0.62,
    0.62,
    0.62,
    0.629999910749864,
    0.5200906278805865,
    0.520090627764679,
    0.53,
    0.5199998613332547,
    0.42003084228510423,
    0.42003084387189865,
    0.48,
    0.41000019309119695,
    0.4200262368881415,
    0.4200262373965096,
    0.410000280305482,
    0.4599662123220272,
    0.45996621956234357,
    0.45,
    0.45,
    0.46,
    0.41000015340011353,
    0.41000094400478293,
    0.46,
    0.46,
    0.42,
    0.46,
    0.46,
    0.4598931492940739,
    0.4598931307064163,
    0.46,
    0.46999976499894247,
    0.4100962763769763,
    0.41009627807551235,
    0.4100962759204401,
    0.42,
    0.4699123392146955,
    0.4599239663804695,
    0.4699123295879598,
    0.4100765841101006,
    0.4100765835192192,
    0.4798656030539421,
    0.4101068099477159,
    0.41010680996056287,
    0.4101068091510486,
    0.4100262341998569,
    0.4,
    0.4,
    0.4699800015222059,
    0.46998005446806745,
    0.4699800539595369,
    0.48,
    0.47,
    0.5899987544332344,
    0.31,
    0.3,
    0.4,
    0.4,
    0.3899452185017227,
    0.3899452157099023,
    0.3899451870019798,
    0.30004279600878403,
    0.30004279600631295,
    0.2900017040129505,
    0.29,
    0.28,
    0.29,
    0.3899997123748526,
    0.36999803899078326,
    0.28000003456001216,
    0.41998966813068955,
    0.4199896352172286,
    0.4199083575699014,
    0.4199083764397904,
    0.4199083796808366,
    0.4199245691605427,
    0.4199245699091036,
    0.4199245493048763,
    0.4999492385786802,
    0.5799999953599991,
    0.7099886333324722,
    0.34005806920910064,
    0.34005806956798923,
    0.26,
    0.27,
    0.25,
    0.2800507491829239,
    0.48999901999215995,
    0.96,
    0.96,
    0.96,
    0.9699999815236691
]
