[
    0.001,
    0.001,
    0.001,
    0.002,
    0.0018283039231738246,
    0.001,
    0.001,
    0.001,
    0.001,
    0.001,
    0.002,
    0.001,
    0.001,
    0.001,
    0.001,
    0.001,
    0.001,
    0.001,
    0.001,
    0.002,
    0.001,
    0.002,
    0.001,
    0.001,
    0.001,
    0.001,
    0.003,
    0.0030000000545454555,
    0.007000000206818188,
    0.008,
    0.008,
    0.012753623188405797,
    0.01,
    0.02,
    0.02,
    0.01903477812586747,
    0.018999981702999325,
    0.01,
    0.01,
    0.01,
    0.01,
    0.01,
    0.01,
    0.01,
    0.01,
    0.01,
    0.01,
    0.02,
    0.01,
    0.01,
    0.01,
    0.01,
    0.01,
    0.02,
    0.02,
    0.01,
    0.02,
    0.02,
    0.05,
    0.04,
    0.05,
    0.04,
    0.04,
    0.06,
    0.05,
    0.05,
    0.06,
    0.06,
    0.06,
    0.08,
    0.08,
    0.08,
    0.08,
    0.08,
    0.09,
    0.09,
    0.08,
    0.08,
    0.08,
    0.08,
    0.1,
    0.1,
    0.08,
    0.08,
    0.08,
    0.07,
    0.08,
    0.07000000222621358,
    0.08,
    0.08,
    0.08,
    0.10999990319998838,
    0.08,
    0.09,
    0.1,
    0.11,
    0.12,
    0.14,
    0.12,
    0.12,
    0.13,
    0.13,
    0.13999994805429442,
    0.1399999724468066,
    0.14,
    0.15,
    0.14,
    0.16,
    0.1575269174946451,
    0.14,
    0.149999939999994,
    0.15,
    0.14,
    0.12,
    0.14,
    0.1400000012900002,
    0.14,
    0.1400000860004214,
    0.14,
    0.15,
    0.14000000043000002,
    0.14,
    0.14,
    0.14,
    0.14999988749997187,
    0.13000000870001732,
    0.15,
    0.14464812462738796,
    0.16,
    0.12,
    0.12,
    0.14,
    0.13,
    0.13,
    0.17,
    0.18999993729998935,
    0.11,
    0.16999999876658375,
    0.11000000110273231,
    0.16,
    0.14,
    0.15,
    0.17,
    0.1600000120000084,
    0.18,
    0.15,
    0.18999995693332875,
    0.19,
    0.25,
    0.2799999514666589,
    0.33,
    0.31,
    0.31,
    0.31,
    0.32,
    0.34,
    0.32,
    0.3400000077444593,
    0.34,
    0.34,
    0.3400000422400311,
    0.35,
    0.33571379586238426,
    0.31892818863879957,
    0.3,
    0.3,
    0.2992621784693554,
    0.26,
    0.28,
    0.25,
    0.25,
    0.24000006080006808,
    0.24,
    0.24,
    0.24,
    0.25,
    0.25,
    0.25,
    0.25,
    0.25,
    0.24000000152000003,
    0.22,
    0.26,
    0.26,
    0.21,
    0.2099999285999886,
    0.1977712047167758,
    0.16,
    0.15,
    0.15,
    0.12,
    0.16,
    0.16,
    0.14,
    0.12000000016550313,
    0.12,
    0.14,
    0.19,
    0.2,
    0.2,
    0.19,
    0.19,
    0.18000006046090863,
    0.16000003315793707,
    0.19,
    0.1800000000596624,
    0.18,
    0.18,
    0.19,
    0.19,
    0.24,
    0.2,
    0.2,
    0.2,
    0.25,
    0.25,
    0.289999947799992,
    0.25,
    0.25,
    0.25,
    0.24,
    0.25,
    0.24,
    0.25,
    0.23000000017325,
    0.23,
    0.23,
    0.25,
    0.25,
    0.25,
    0.23000001232000472,
    0.25,
    0.25,
    0.25,
    0.2300000008350404,
    0.25,
    0.25,
    0.2399999276381764,
    0.2,
    0.22999995824614858,
    0.2,
    0.14,
    0.13999994259999485,
    0.14,
    0.14,
    0.14,
    0.15,
    0.15,
    0.15000001319876577,
    0.20487804556240333,
    0.15,
    0.15,
    0.14,
    0.16,
    0.17,
    0.2399998559999424,
    0.2299999455666614,
    0.2,
    0.21000002528003964,
    0.21,
    0.2,
    0.22,
    0.23,
    0.2100002370005214,
    0.2,
    0.22,
    0.21,
    0.2,
    0.21,
    0.21,
    0.24,
    0.210000000316,
    0.239880059970015,
    0.22999982749995687,
    0.2,
    0.22999996917999796,
    0.22999982749995687,
    0.22999982749995687,
    0.23301486199575372,
    0.25,
    0.25,
    0.24,
    0.25,
    0.3099998294999233,
    0.31,
    0.3,
    0.3,
    0.33,
    0.35,
    0.3499999614999965,
    0.3499998774999204,
    0.32,
    0.36,
    0.33,
    0.3799999011999269,
    0.35,
    0.35,
    0.36,
    0.35,
    0.35,
    0.35,
    0.35,
    0.35999992079997784,
    0.35,
    0.35,
    0.35,
    0.36,
    0.36,
    0.35,
    0.35,
    0.35,
    0.38,
    0.4,
    0.39,
    0.35000000443181856,
    0.38269214960953557,
    0.38,
    0.38,
    0.35,
    0.37,
    0.37,
    0.37,
    0.38,
    0.389999998245,
    0.4,
    0.39,
    0.4,
    0.4199999453999798,
    0.4,
    0.39,
    0.41,
    0.4,
    0.38,
    0.39,
    0.39,
    0.39,
    0.39,
    0.39,
    0.39,
    0.39,
    0.39,
    0.39,
    0.4,
    0.39,
    0.39,
    0.39,
    0.39,
    0.39,
    0.39,
    0.41,
    0.4,
    0.4,
    0.41,
    0.41,
    0.4073761478838756,
    0.4,
    0.4013257410849177,
    0.39000000061000006,
    0.4,
    0.39,
    0.4,
    0.4,
    0.4,
    0.4,
    0.4,
    0.4,
    0.33,
    0.30000000165250246,
    0.32,
    0.29,
    0.29,
    0.29,
    0.28,
    0.25,
    0.31,
    0.34999999183333297,
    0.3465570787338253,
    0.35999999230579516,
    0.32,
    0.31,
    0.31,
    0.31,
    0.31,
    0.28,
    0.28,
    0.28,
    0.27,
    0.27,
    0.25999996541567333,
    0.2699999585677707,
    0.2799999854399993,
    0.27,
    0.2899999955533333,
    0.29,
    0.28999996069053235,
    0.28625690326420183,
    0.279999843199931,
    0.27999999159999983,
    0.2699999162999841,
    0.2799999620833286,
    0.25,
    0.26,
    0.25,
    0.27,
    0.2600000014748381,
    0.26999995289062095,
    0.26,
    0.2599999634374956,
    0.26999995289062095,
    0.26999995289062095,
    0.25,
    0.26999994713854863,
    0.26,
    0.26,
    0.26,
    0.26,
    0.26,
    0.26,
    0.26,
    0.259999927199984,
    0.259999927199984,
    0.2599999577108375,
    0.26,
    0.259999998492,
    0.2599999443621289,
    0.259999998492,
    0.2599998647999351,
    0.2599998647999351,
    0.26,
    0.27,
    0.26000000548148244,
    0.269999998299,
    0.27,
    0.27,
    0.27,
    0.23,
    0.269999998299,
    0.23,
    0.2598247231408616,
    0.25,
    0.25,
    0.25,
    0.22000000208000015,
    0.259999998492,
    0.24,
    0.24,
    0.24,
    0.24,
    0.23765646811850924,
    0.20414103887168902,
    0.2,
    0.2,
    0.2,
    0.19,
    0.1786956987948444,
    0.18,
    0.18,
    0.18,
    0.18,
    0.18,
    0.20872676511288296,
    0.2,
    0.19,
    0.18000000003213892,
    0.18000000074572575,
    0.16000000336000167,
    0.14,
    0.16,
    0.15000085000765007,
    0.18,
    0.179999998704,
    0.15,
    0.15,
    0.1400000000104505,
    0.15,
    0.15,
    0.15,
    0.14,
    0.16,
    0.16,
    0.16,
    0.16,
    0.16248349045544164,
    0.16,
    0.1553398058252427,
    0.12,
    0.12,
    0.12,
    0.1,
    0.12,
    0.1,
    0.11,
    0.1,
    0.14,
    0.14,
    0.16,
    0.15,
    0.14,
    0.1799998703999637,
    0.18,
    0.17999984195116556,
    0.15,
    0.14,
    0.17,
    0.15,
    0.15,
    0.14,
    0.1799998703999637,
    0.15,
    0.1881638363347803,
    0.17999999279999992,
    0.17879728486609944,
    0.22,
    0.22,
    0.22,
    0.21,
    0.2,
    0.17,
    0.19,
    0.22,
    0.2,
    0.21,
    0.15,
    0.22,
    0.15000000001131433,
    0.22,
    0.22,
    0.22,
    0.22,
    0.22,
    0.22,
    0.22,
    0.22,
    0.22,
    0.22,
    0.22,
    0.22,
    0.22,
    0.22,
    0.22,
    0.22,
    0.22,
    0.22,
    0.22,
    0.22,
    0.22,
    0.22,
    0.22,
    0.21999985479995063,
    0.2399999673599979,
    0.23999999855999998,
    0.24,
    0.22,
    0.22,
    0.23,
    0.26,
    0.2599998647999351,
    0.24,
    0.25,
    0.259999998492,
    0.25,
    0.26,
    0.259999998492,
    0.25,
    0.25593824127720155,
    0.26524417012538437,
    0.25,
    0.26,
    0.26,
    0.25,
    0.27,
    0.27,
    0.28695653738450005,
    0.26,
    0.27,
    0.28,
    0.27,
    0.27,
    0.28,
    0.29,
    0.32000005702478096,
    0.33,
    0.32,
    0.31,
    0.3279728,
    0.32,
    0.3299999590799969,
    0.33,
    0.33,
    0.37508304990435837,
    0.33,
    0.32,
    0.32,
    0.3300000804000707,
    0.34,
    0.34,
    0.34,
    0.34,
    0.34,
    0.34,
    0.34,
    0.34,
    0.34,
    0.34,
    0.34,
    0.35999992079997784,
    0.33,
    0.3300000037379763,
    0.34,
    0.34999964999965,
    0.37,
    0.37,
    0.350776,
    0.35,
    0.35,
    0.37,
    0.36,
    0.35,
    0.35,
    0.35,
    0.35,
    0.3500000013607493,
    0.36,
    0.367656,
    0.36,
    0.36,
    0.37,
    0.37,
    0.36999986309991373,
    0.34,
    0.36,
    0.36999991119997694,
    0.36,
    0.3699999981951219,
    0.39319673620911977,
    0.3599999870399992,
    0.3599999729758697,
    0.35,
    0.35,
    0.35,
    0.34,
    0.36999997707964455,
    0.36,
    0.36,
    0.39,
    0.39,
    0.39,
    0.39,
    0.4,
    0.4,
    0.4,
    0.41,
    0.41,
    0.41,
    0.4499999846007598,
    0.48285566743646013,
    0.4100000295000044,
    0.41,
    0.4199999975903102,
    0.41999999529599996,
    0.44,
    0.44,
    0.45,
    0.4499999985563703,
    0.49,
    0.49,
    0.5,
    0.5,
    0.5,
    0.51,
    0.51,
    0.5294852614439555,
    0.5199999945833327,
    0.51,
    0.5,
    0.5099999998601142,
    0.51,
    0.51,
    0.5099999894357138,
    0.5099999989876042,
    0.5,
    0.5099999987175619,
    0.5099999785799988,
    0.5,
    0.5099999785799988,
    0.5099999994492,
    0.5099999992237442,
    0.5099999785799988,
    0.49,
    0.5,
    0.5,
    0.49000000263347165,
    0.5099999795999968,
    0.5,
    0.51,
    0.51,
    0.51,
    0.519999989599995,
    0.54,
    0.53,
    0.52,
    0.5,
    0.5,
    0.5099999992237442,
    0.5,
    0.51,
    0.51,
    0.509999956649982,
    0.5,
    0.5,
    0.47,
    0.5,
    0.47,
    0.4700000349800047,
    0.46,
    0.48,
    0.45,
    0.45,
    0.4399999295999761,
    0.44,
    0.43,
    0.43,
    0.43,
    0.43,
    0.43,
    0.42,
    0.42,
    0.42,
    0.42,
    0.42,
    0.42,
    0.42,
    0.43,
    0.43,
    0.43,
    0.43,
    0.43,
    0.43,
    0.43,
    0.43,
    0.43,
    0.43,
    0.43,
    0.43,
    0.43,
    0.44,
    0.43,
    0.44,
    0.43,
    0.44999999549999997,
    0.4499999962499999,
    0.4599999989003984,
    0.45999988499997124,
    0.45,
    0.45999995951999545,
    0.43,
    0.45999999958668575,
    0.43000000161545243,
    0.45,
    0.46,
    0.45,
    0.45,
    0.46,
    0.46,
    0.46,
    0.46,
    0.47,
    0.47,
    0.47,
    0.48,
    0.47,
    0.48,
    0.48,
    0.48999994555554816,
    0.5,
    0.5,
    0.5,
    0.5,
    0.5,
    0.5,
    0.5,
    0.5,
    0.5,
    0.5,
    0.51,
    0.5,
    0.51,
    0.51,
    0.5,
    0.5058480120966199,
    0.44,
    0.4599999703225787,
    0.45999988499997124,
    0.43000002433708034,
    0.4799999951999998,
    0.4776125337084806,
    0.47,
    0.47,
    0.4700000047794551,
    0.47,
    0.47,
    0.46833194467588735,
    0.46,
    0.46,
    0.47,
    0.48,
    0.48999999387499976,
    0.48000416038275523,
    0.47,
    0.4100000006361811,
    0.48,
    0.42,
    0.47,
    0.47,
    0.5057279263755785,
    0.47,
    0.46,
    0.46,
    0.47000000636000017,
    0.49,
    0.5,
    0.5,
    0.5,
    0.5099998316998873,
    0.5099999795999968,
    0.51,
    0.51,
    0.52,
    0.529999998304,
    0.53,
    0.55,
    0.55,
    0.53,
    0.55,
    0.55,
    0.5099999939605256,
    0.51,
    0.51,
    0.54,
    0.5399999998172486,
    0.5399999701578925,
    0.51,
    0.5399999701578925,
    0.53,
    0.53,
    0.53,
    0.53,
    0.53,
    0.53,
    0.53,
    0.51,
    0.5,
    0.54,
    0.539999971199992,
    0.539999971199992,
    0.5657075816689432,
    0.5599999839618134,
    0.55,
    0.54,
    0.52,
    0.5586224368335438,
    0.53,
    0.52,
    0.51,
    0.51,
    0.51,
    0.48,
    0.48,
    0.51,
    0.51,
    0.5099999998266711,
    0.51,
    0.51,
    0.51,
    0.51,
    0.51,
    0.51,
    0.51,
    0.51,
    0.51,
    0.51,
    0.51,
    0.51,
    0.51,
    0.51,
    0.51,
    0.51,
    0.51,
    0.51,
    0.51,
    0.51,
    0.51,
    0.51,
    0.51,
    0.51,
    0.51,
    0.51,
    0.51,
    0.51,
    0.51,
    0.51,
    0.4795,
    0.47,
    0.47,
    0.47,
    0.47,
    0.48,
    0.489999999069,
    0.51,
    0.5,
    0.5,
    0.5,
    0.5,
    0.5099999910749997,
    0.5,
    0.5,
    0.5,
    0.5099999910749997,
    0.5,
    0.5,
    0.5,
    0.5,
    0.5,
    0.5,
    0.5,
    0.49000000442000025,
    0.4900000089250003,
    0.5,
    0.49000000699428603,
    0.49,
    0.5,
    0.5,
    0.49921688164706424,
    0.4800000166400028,
    0.48999997910852533,
    0.48999995344998115,
    0.47,
    0.47,
    0.47,
    0.47,
    0.48,
    0.48,
    0.48,
    0.48,
    0.48,
    0.48,
    0.4899999926811051,
    0.5073366609122667,
    0.5,
    0.49826280059664757,
    0.47000003113666,
    0.48,
    0.48,
    0.48,
    0.48,
    0.48,
    0.48,
    0.48,
    0.48,
    0.48,
    0.47,
    0.4799999951999998,
    0.47,
    0.4700000006951018,
    0.47,
    0.47999999808,
    0.470000000265,
    0.48514848603077726,
    0.4875621660107411,
    0.47,
    0.47,
    0.47,
    0.47582168605075076,
    0.46,
    0.46,
    0.47,
    0.47,
    0.47,
    0.47,
    0.47,
    0.4700000057457294,
    0.47,
    0.48,
    0.48,
    0.47000000167096595,
    0.48,
    0.47999999952,
    0.47999982719988943,
    0.47000004946667856,
    0.47000000126556946,
    0.48,
    0.48,
    0.480000000228126,
    0.48,
    0.48000014022483883,
    0.48,
    0.4800020800213945,
    0.48,
    0.49,
    0.4800000002616352,
    0.4899999880875186,
    0.48000000964451445,
    0.48,
    0.48,
    0.48,
    0.48,
    0.48,
    0.48,
    0.49,
    0.4899999672151861,
    0.4800000128712884,
    0.4800000414342679,
    0.48999997023703445,
    0.480000000416,
    0.48,
    0.48,
    0.49,
    0.48999995344998115,
    0.49,
    0.48,
    0.48000001179089746,
    0.4800000187200012,
    0.48,
    0.4899999901999993,
    0.48,
    0.48,
    0.4800000166400028,
    0.4800000028782289,
    0.48999998039999687,
    0.4800000062400002,
    0.4800000073125002,
    0.4899999986619333,
    0.48999999814744793,
    0.48999982849988855,
    0.489999996732244,
    0.48,
    0.4800000030191309,
    0.4899994374059697,
    0.48999999673333283,
    0.48999982849988855,
    0.48,
    0.4800000062400002,
    0.48999978999979,
    0.48999999387499976,
    0.48,
    0.4800000665600181,
    0.49,
    0.49,
    0.49,
    0.49,
    0.49,
    0.49,
    0.5,
    0.4900000002801813,
    0.49,
    0.49,
    0.5,
    0.4900000017000006,
    0.4900000048571429,
    0.49,
    0.5,
    0.5,
    0.49,
    0.5,
    0.5,
    0.4900000039666671,
    0.4999737934046735,
    0.49,
    0.5,
    0.5,
    0.5,
    0.5,
    0.5,
    0.5,
    0.5,
    0.5,
    0.5,
    0.5,
    0.5,
    0.5,
    0.5,
    0.5,
    0.5,
    0.5,
    0.5,
    0.5,
    0.5000645374571184,
    0.5000645309008867,
    0.5099998316998873,
    0.509999998572,
    0.505038,
    0.5,
    0.5,
    0.5099999957499997,
    0.5,
    0.5099998316998873,
    0.5,
    0.5,
    0.5,
    0.49998934583390275,
    0.49998934583422117,
    0.5,
    0.5,
    0.49,
    0.49,
    0.4900001683001128,
    0.5,
    0.49000054400304643,
    0.49,
    0.49000000455434695,
    0.5,
    0.5,
    0.5,
    0.5,
    0.5,
    0.49,
    0.49,
    0.5,
    0.4900000156722166,
    0.5,
    0.5,
    0.5,
    0.5,
    0.5,
    0.5,
    0.49000000266699983,
    0.49,
    0.49000002142000126,
    0.5,
    0.51,
    0.49,
    0.49,
    0.49,
    0.5,
    0.5,
    0.5,
    0.51,
    0.50999999847,
    0.5,
    0.5,
    0.5000816745017592,
    0.5000816814303861,
    0.5000817035215795,
    0.5097663551401869,
    0.5,
    0.490000043350018,
    0.5,
    0.4900001683001128,
    0.5,
    0.49,
    0.4800000001622151,
    0.49,
    0.5099999998152174,
    0.49998560633183525,
    0.4999856063332134,
    0.5099999922523114,
    0.509999956649982,
    0.48,
    0.49,
    0.48,
    0.48000000007595517,
    0.5,
    0.5,
    0.5,
    0.5,
    0.51,
    0.5099998316998873,
    0.5,
    0.5,
    0.5,
    0.5,
    0.5,
    0.5,
    0.5099998724993944,
    0.5,
    0.5,
    0.5,
    0.5,
    0.5,
    0.5099993569545367,
    0.5099998384997819,
    0.5099981724913193,
    0.5,
    0.5,
    0.5129727,
    0.5,
    0.5,
    0.5099996599994171,
    0.5099999973224999,
    0.5,
    0.5,
    0.5,
    0.5,
    0.5,
    0.5,
    0.5,
    0.5,
    0.5,
    0.5099999525915403,
    0.5099999147037876,
    0.5,
    0.5,
    0.5099999951118196,
    0.5099999624795566,
    0.5,
    0.5099999430901107,
    0.5,
    0.5,
    0.51,
    0.5099999725149633,
    0.5,
    0.5099999867187469,
    0.5099999927488118,
    0.5,
    0.5,
    0.5099999514945567,
    0.5099999604310205,
    0.5,
    0.5,
    0.5,
    0.5099999982999994,
    0.5,
    0.5,
    0.5099999955652155,
    0.51,
    0.509999956649982,
    0.5,
    0.5099999540999927,
    0.5,
    0.5099996648564056,
    0.5099998724993944,
    0.5,
    0.5099999412640353,
    0.5099999749180237,
    0.509999955045583,
    0.5099999548339357,
    0.5099999248076793,
    0.5099999876041627,
    0.5099999797506914,
    0.5099999620212713,
    0.51,
    0.5099999973368139,
    0.5,
    0.5099999754390877,
    0.5099999256679969,
    0.5,
    0.5099999537719205,
    0.5,
    0.5099999565116148,
    0.5099996648564056,
    0.5,
    0.5,
    0.509999967888885,
    0.5199999986133332,
    0.5100177850618793,
    0.5199999963294116,
    0.5199999257142631,
    0.5199999257142631,
    0.5199999986133332,
    0.5199999986133332,
    0.5,
    0.5199999914120556,
    0.51946924700899,
    0.509999961335729,
    0.5,
    0.5121951219512195,
    0.5099999973368139,
    0.51,
    0.5099994559969536,
    0.5099999795999968,
    0.5199999833599972,
    0.5,
    0.5,
    0.5,
    0.5,
    0.5199999529943412,
    0.5199999239024192,
    0.5,
    0.5,
    0.5199999886338792,
    0.5,
    0.5,
    0.51999996136222,
    0.5199999174007053,
    0.5100000511304517,
    0.5199999790604,
    0.52,
    0.5100000122064076,
    0.51,
    0.51,
    0.5100000101612925,
    0.5299999505333215,
    0.5299999883399997,
    0.5100000029108912,
    0.5299999263888582,
    0.5100000184240008,
    0.5100001715001115,
    0.5100000075301869,
    0.529999998622,
    0.5100002548002073,
    0.5200000452356097,
    0.5299999958102759,
    0.529999992205871,
    0.52,
    0.52,
    0.5100000061250002,
    0.5,
    0.51,
    0.5,
    0.52,
    0.5,
    0.5,
    0.51,
    0.51,
    0.5299999325454426,
    0.5299998780999061,
    0.5299999906607911,
    0.5299999906607911,
    0.529999952121843,
    0.5299999431330289,
    0.5299999365104078,
    0.5299994434978018,
    0.53,
    0.53,
    0.53,
    0.53,
    0.53,
    0.53,
    0.53,
    0.53,
    0.53,
    0.53,
    0.53,
    0.5399999709416926,
    0.5399998889277642,
    0.5300000094949509,
    0.5399992979974025,
    0.53,
    0.54,
    0.5399999916279039,
    0.5399997995453771,
    0.5399999916279039,
    0.54,
    0.5399999873437453,
    0.5399999958461523,
    0.5399999958461523,
    0.5300000712121374,
    0.5300000198846222,
    0.5300000532422022,
    0.5300000879007805,
    0.5300000364341199,
    0.5300000198846222,
    0.5399999801379272,
    0.5300000302575217,
    0.5300000320925159,
    0.5399999535483812,
    0.54,
    0.5399999943299999,
    0.5399999482428,
    0.5300000208072961,
    0.5300000256722729,
    0.5399999749419907,
    0.5399999787640398,
    0.5300000320925159,
    0.5399999902799992,
    0.5399999654399953,
    0.54,
    0.5399999916279039,
    0.5300000712121374,
    0.5300000876587486,
    0.5399998051127057,
    0.5399999740799909,
    0.5399999958461523,
    0.5399999829921198,
    0.5300000198846222,
    0.5300000198846222,
    0.5300000532422022,
    0.5300000385821008,
    0.5399999902799992,
    0.5399999845883632,
    0.5300002350010575,
    0.5399999902799992,
    0.5399999985599999,
    0.53,
    0.54,
    0.53,
    0.53,
    0.5300550894397336,
    0.5300104199796943,
    0.5300104402602317,
    0.5299608387630231,
    0.5299608385665625,
    0.5399980559875583,
    0.5301726446565684,
    0.5399999965862068,
    0.5399999964,
    0.539999995773913,
    0.53,
    0.5300001077561254,
    0.5399999953648049,
    0.530000011280002,
    0.53,
    0.53,
    0.53,
    0.53,
    0.5300000084600007,
    0.5300000712121374,
    0.5399999810526306,
    0.5399995846141065,
    0.5300000209100113,
    0.54,
    0.5399999654399953,
    0.5399998863155142,
    0.53,
    0.5399989631978435,
    0.5399998863155142,
    0.54,
    0.54,
    0.530000045825007,
    0.5399992979974025,
    0.5399999740799909,
    0.5300001068182061,
    0.53,
    0.5399999327626281,
    0.5399999927999998,
    0.5300001222000904,
    0.5399997119991936,
    0.539999971199992,
    0.529903381642512,
    0.53999997839999,
    0.5399996639994624,
    0.5399999881199997,
    0.5299407091629407,
    0.5299407112533193,
    0.5299407082443318,
    0.5399998469999159,
    0.53999978399989,
    0.5399996827497898,
    0.5399999855999907,
    0.539999900307634,
    0.539999900307634,
    0.5399999855999907,
    0.5399998469999159,
    0.539999900307634,
    0.5399999459999668,
    0.539999900307634,
    0.5399998469999159,
    0.53999978399989,
    0.5399996827497898,
    0.5399999855999907,
    0.5399999855999907,
    0.539999900307634,
    0.539999900307634,
    0.5399999459999668,
    0.5399998469999159,
    0.53,
    0.539999900307634,
    0.5399998469999159,
    0.5399999855999907,
    0.53999978399989,
    0.5399996827497898,
    0.5300001128000481,
    0.5300001156923682,
    0.5300001175000686,
    0.5300001141429109,
    0.5300001156923682,
    0.539999900307634,
    0.53999978399989,
    0.5399998469999159,
    0.5399999855999907,
    0.5399996827497898,
    0.5300001128000481,
    0.5300001156923682,
    0.5300001141429109,
    0.5300001175000686,
    0.5300001156923682,
    0.54,
    0.530000109666702,
    0.53999997839999,
    0.5399999654399953,
    0.5300000070500003,
    0.5300000014859982,
    0.539999900307634,
    0.5300001156923682,
    0.5300001175000686,
    0.5300001196364419,
    0.5300001128000481,
    0.5300001116250432,
    0.5399999855999907,
    0.5399998469999159,
    0.539999900307634,
    0.5399999459999668,
    0.5300001156923682,
    0.5300001175000686,
    0.5300001196364419,
    0.5300001128000481,
    0.5300001116250432,
    0.5399999855999907,
    0.539999900307634,
    0.5399998469999159,
    0.5399999459999668,
    0.539999900307634,
    0.5399999485713111,
    0.539999900307634,
    0.5399998469999159,
    0.53999978399989,
    0.5399999855999907,
    0.5399996827497898,
    0.5300001156923682,
    0.5300001128000481,
    0.5300001175000686,
    0.5300001141429109,
    0.5300001156923682,
    0.5300001156923682,
    0.5300001175000686,
    0.5300001196364419,
    0.5300001128000481,
    0.5300001116250432,
    0.539999900307634,
    0.5399999855999907,
    0.5399998469999159,
    0.5399999459999668,
    0.539999900307634,
    0.5300001068182061,
    0.5399999740799909,
    0.5300970492978064,
    0.5300970008178558,
    0.5300970399617604,
    0.5300029779763678,
    0.53999978399989,
    0.539999900307634,
    0.5399998469999159,
    0.53999978399989,
    0.5399999855999907,
    0.5399996827497898,
    0.539999900307634,
    0.5399998469999159,
    0.53999978399989,
    0.5399999855999907,
    0.5399996827497898,
    0.54,
    0.54,
    0.53999993999994,
    0.5399736071308159,
    0.5300692940798138,
    0.5300693231622651,
    0.5300693700375222,
    0.5299657867508831,
    0.5299657868208645,
    0.5399999902799992,
    0.5399999484598635,
    0.5399999894117598,
    0.539999964255313,
    0.5399999723863572,
    0.5399999652546846,
    0.5399999948571417,
    0.5399999519999891,
    0.5311764503460148,
    0.52999864873995,
    0.5201228724391991,
    0.5201228772391769,
    0.5201228386533724,
    0.5200000305732562,
    0.539999987104474,
    0.52,
    0.5399999527352132,
    0.5399999706889308,
    0.5399999464019638,
    0.5399999139822765,
    0.5200001677670946,
    0.5200000201680706,
    0.52,
    0.539999901176424,
    0.5200000248704715,
    0.5200000413397192,
    0.539999950499984,
    0.5399998844918797,
    0.5399999269564963,
    0.5399998997467694,
    0.520000020041757,
    0.5399998231033537,
    0.5200000657534607,
    0.5399998840267927,
    0.5200000428784187,
    0.54,
    0.53999997839999,
    0.53999997839999,
    0.52,
    0.5300001222000904,
    0.530000025178579,
    0.5300000453593479,
    0.5300000169200062,
    0.5300000521087012,
    0.5499999640992097,
    0.5300000359297568,
    0.55,
    0.55,
    0.5499999185184702,
    0.5499999822580594,
    0.549999874182953,
    0.5300000292396363,
    0.5300000363536085,
    0.5300000745307566,
    0.5499999881465494,
    0.5499999933574864,
    0.5499999752252152,
    0.53000005522194,
    0.5499999521739033,
    0.5300000522222527,
    0.54,
    0.5499999633333236,
    0.5200000286567232,
    0.5499999669999888,
    0.549999985372337,
    0.5499999345237784,
    0.52,
    0.5200000260869622,
    0.5499998267714353,
    0.52,
    0.5200000216704328,
    0.5499999839650104,
    0.5200000652075629,
    0.520000124316604,
    0.5200000585366139,
    0.52,
    0.5200000585366139,
    0.5499999935294103,
    0.5499999496336858,
    0.55,
    0.5499999832317044,
    0.5499999183168034,
    0.52,
    0.5200000741376555,
    0.5200000691200177,
    0.52,
    0.52,
    0.5499999941364594,
    0.5499999669338631,
    0.5499999839650104,
    0.52,
    0.5499999360464695,
    0.5499999552845202,
    0.52,
    0.5200000407547232,
    0.5200000895337085,
    0.52,
    0.5200000574086501,
    0.5200000868341987,
    0.5499998616351679,
    0.52,
    0.52,
    0.5200000536313089,
    0.549999909539429,
    0.5499999865525643,
    0.5499999074518942,
    0.5499999576922893,
    0.5200001585322032,
    0.5200000377952875,
    0.5499999109311524,
    0.5200000536646069,
    0.52,
    0.5499999201244598,
    0.5499999529914369,
    0.55,
    0.5499999559999947,
    0.52,
    0.54,
    0.5399999740799909,
    0.5200000417391449,
    0.53,
    0.53999999784,
    0.5499999559999947,
    0.5399487908381413,
    0.5399487908590115,
    0.539948790844725,
    0.5499996944437654,
    0.54,
    0.52,
    0.52,
    0.5398925029572315,
    0.5398925033740705,
    0.5398925035335973,
    0.5301455319361765,
    0.55,
    0.5301847178692298,
    0.520000000432,
    0.5300734687806424,
    0.5300554498580256,
    0.54,
    0.5301558293492159,
    0.5301558537576642,
    0.5301558433852811,
    0.53,
    0.53,
    0.5399996528561262,
    0.53,
    0.5300006811584331,
    0.5301673227185586,
    0.5301673304708385,
    0.5301677306443182,
    0.52,
    0.5100000015158674,
    0.530131751845289,
    0.5301316711626095,
    0.5399997962261075,
    0.5300812450154688,
    0.5300812419146184,
    0.5399997962261075,
    0.5300702705375732,
    0.530156539604453,
    0.5301001848907272,
    0.5000576576618132,
    0.4801179274186859,
    0.54,
    0.5,
    0.49,
    0.5,
    0.49,
    0.491,
    0.5,
    0.5,
    0.5,
    0.49,
    0.49,
    0.49,
    0.49,
    0.49,
    0.49,
    0.49,
    0.49,
    0.49,
    0.49,
    0.49,
    0.49,
    0.49,
    0.49,
    0.49,
    0.49,
    0.49,
    0.48994,
    0.4600898750889718,
    0.4600898812298514,
    0.46008997623900594,
    0.4799283154121864,
    0.4895102635822237,
    0.4300001767002986,
    0.4300009120031008,
    0.4401009140767824,
    0.44010091401731133,
    0.44010091812318025,
    0.48,
    0.48000013866674524,
    0.5199206075250259,
    0.5299998780999061,
    0.519906913327146,
    0.5199069148092433,
    0.5199069144487065,
    0.45003954293084175,
    0.45003953415841247,
    0.4400622118375569,
    0.4400622175047389,
    0.5363220091193687,
    0.4200000061802212,
    0.5,
    0.5299999518181424,
    0.5199120351551687,
    0.5199120349451988,
    0.52,
    0.52,
    0.5299998710810427,
    0.5299981246075945,
    0.45,
    0.44575268922651196,
    0.43,
    0.430072783639513,
    0.4300727892677598,
    0.4400439034430033,
    0.46,
    0.5799999953599991,
    0.5799999953599991,
    0.42000000464000087,
    0.5899994468720615,
    0.58,
    0.43,
    0.6,
    0.5999539641824462,
    0.5999539641817394,
    0.5899474027743417,
    0.5899474024794714,
    0.5899474023247325,
    0.4100079674482131,
    0.4100079618182475,
    0.3900008540022204,
    0.5999999142856653,
    0.64,
    0.49,
    0.49,
    0.41,
    0.31,
    0.31,
    0.56,
    0.669999962479987,
    0.6499617192999928,
    0.6499617196393005,
    0.6499617196215908,
    0.5600240326789075,
    0.5500003000003,
    0.28000048000768013,
    0.49333333333333335,
    0.16000003906990193,
    0.0800000418186076,
    0.03,
    0.04,
    0.9699999029907939
]
