[
    0.999,
    0.999,
    0.999,
    0.999,
    0.999,
    0.999,
    0.999,
    0.999,
    0.999,
    0.999,
    0.999,
    0.999,
    0.999,
    0.999,
    0.999,
    0.999,
    0.999,
    0.999,
    0.999,
    0.999,
    0.999,
    0.999,
    0.999,
    0.999,
    0.999,
    0.999,
    0.999,
    0.999,
    0.999,
    0.999,
    0.999,
    0.999,
    0.999,
    0.999,
    0.999,
    0.999,
    0.999,
    0.999,
    0.999,
    0.999,
    0.999,
    0.999,
    0.999,
    0.999,
    0.999,
    0.999,
    0.999,
    0.9946110888633398,
    0.9879999992095968,
    0.98,
    0.98,
    0.98,
    0.99,
    0.98,
    0.98,
    0.98,
    0.98,
    0.98,
    0.98,
    0.99,
    0.98,
    0.98,
    0.99,
    0.99,
    0.99,
    0.99,
    0.98,
    0.98,
    0.98,
    0.95,
    0.95,
    0.9642075807171664,
    0.9,
    0.92,
    0.9,
    0.9,
    0.86,
    0.87,
    0.86,
    0.87,
    0.8700001014000223,
    0.8999995949997772,
    0.86,
    0.88,
    0.8599999139995786,
    0.87,
    0.87,
    0.8699999678099948,
    0.87,
    0.87,
    0.87,
    0.8899999109995639,
    0.8899999890424048,
    0.8899999609647942,
    0.9,
    0.8600001176000188,
    0.86,
    0.8600001176000188,
    0.8600000051800001,
    0.86,
    0.860000021280001,
    0.8568965784777718,
    0.8599999827999946,
    0.8500000019041574,
    0.8599999998078985,
    0.8,
    0.69,
    0.75,
    0.69,
    0.69,
    0.66,
    0.660000170000085,
    0.6687961667236029,
    0.6676211599828267,
    0.6,
    0.75,
    0.67,
    0.68,
    0.68,
    0.69,
    0.68,
    0.62,
    0.62,
    0.6200000167200009,
    0.62000000266,
    0.67,
    0.6299999638799972,
    0.5814,
    0.59,
    0.56,
    0.5300001222000904,
    0.56,
    0.42,
    0.42000009860008186,
    0.44,
    0.4399999985905906,
    0.4399999295999761,
    0.41000015340011353,
    0.4,
    0.38,
    0.3799999893546771,
    0.37,
    0.32,
    0.32,
    0.32,
    0.3200001088000914,
    0.32,
    0.36999999778,
    0.36999997705999915,
    0.36999986309991373,
    0.36999986309991373,
    0.3,
    0.39,
    0.38999999874031005,
    0.5,
    0.5,
    0.58,
    0.64,
    0.54,
    0.5,
    0.54,
    0.51,
    0.5299999899299992,
    0.5,
    0.5,
    0.53,
    0.5,
    0.529999998622,
    0.5,
    0.5,
    0.5499999974828375,
    0.55,
    0.5700000001806,
    0.63,
    0.6,
    0.629999998236,
    0.6020316301703164,
    0.59,
    0.5799994895994284,
    0.6199998511998869,
    0.65,
    0.65,
    0.69,
    0.68,
    0.68,
    0.66,
    0.66,
    0.66,
    0.66,
    0.66,
    0.64,
    0.7632926585317064,
    0.75,
    0.75,
    0.7899999989466665,
    0.75,
    0.75,
    0.75,
    0.75,
    0.75,
    0.75,
    0.75,
    0.75,
    0.75,
    0.75,
    0.75,
    0.75,
    0.75,
    0.75,
    0.75,
    0.75,
    0.75,
    0.74,
    0.75,
    0.6740673886883273,
    0.65,
    0.65,
    0.65,
    0.65,
    0.65,
    0.65,
    0.65,
    0.65,
    0.65,
    0.6434553056217822,
    0.61,
    0.62,
    0.6,
    0.6,
    0.6,
    0.6,
    0.6,
    0.6,
    0.6,
    0.52,
    0.52,
    0.5199999812799988,
    0.51,
    0.48,
    0.48,
    0.52,
    0.5199999837816738,
    0.5,
    0.51,
    0.5,
    0.49,
    0.47,
    0.51,
    0.57,
    0.5899998465998865,
    0.54,
    0.57,
    0.57,
    0.59,
    0.65,
    0.67,
    0.65,
    0.65,
    0.65,
    0.65,
    0.65,
    0.65,
    0.63,
    0.63,
    0.6299999914949993,
    0.61,
    0.6,
    0.59,
    0.59,
    0.5899999768627395,
    0.57,
    0.5599999775999964,
    0.53,
    0.53,
    0.54,
    0.5359127839495937,
    0.530136,
    0.55,
    0.55,
    0.57,
    0.61,
    0.66,
    0.66,
    0.6799998911999086,
    0.66,
    0.65,
    0.65,
    0.66,
    0.65,
    0.6899999951020405,
    0.67,
    0.66,
    0.67,
    0.7,
    0.69,
    0.69,
    0.69,
    0.69,
    0.69,
    0.6899999392799931,
    0.67,
    0.67,
    0.68,
    0.67,
    0.68,
    0.65,
    0.65,
    0.65,
    0.65,
    0.65,
    0.6,
    0.603512,
    0.59,
    0.59,
    0.59098,
    0.65,
    0.65,
    0.6799999727999957,
    0.65,
    0.69,
    0.68,
    0.69,
    0.68,
    0.69,
    0.7,
    0.7,
    0.7,
    0.7,
    0.7,
    0.69,
    0.69,
    0.69,
    0.69,
    0.69,
    0.69,
    0.69,
    0.69,
    0.69,
    0.69,
    0.69,
    0.69,
    0.69,
    0.69,
    0.69,
    0.69,
    0.69,
    0.69,
    0.69,
    0.69,
    0.69,
    0.69,
    0.69,
    0.7,
    0.7,
    0.700000030000003,
    0.690000604924082,
    0.69,
    0.69,
    0.7,
    0.66,
    0.66,
    0.66,
    0.67,
    0.66000000068,
    0.66,
    0.65,
    0.64,
    0.63,
    0.63,
    0.67,
    0.6799999737658908,
    0.67,
    0.669999962479987,
    0.64,
    0.64,
    0.64,
    0.64,
    0.64,
    0.65,
    0.65,
    0.65,
    0.65,
    0.65,
    0.65,
    0.65,
    0.65,
    0.65,
    0.65,
    0.65,
    0.65,
    0.65,
    0.659999998944,
    0.6605376923076923,
    0.66,
    0.66,
    0.66,
    0.62,
    0.612451525990423,
    0.57,
    0.5899999199285594,
    0.55,
    0.6,
    0.6,
    0.56,
    0.57,
    0.55,
    0.6,
    0.57,
    0.57,
    0.59,
    0.56,
    0.6099999755999961,
    0.61,
    0.6,
    0.6,
    0.61,
    0.61,
    0.61,
    0.61,
    0.6,
    0.6099999755999961,
    0.61,
    0.61,
    0.61,
    0.61,
    0.6199999627999948,
    0.62,
    0.62,
    0.61,
    0.61,
    0.61,
    0.58,
    0.58,
    0.58,
    0.58,
    0.5600001936001084,
    0.58,
    0.58,
    0.57,
    0.5799999860799989,
    0.54,
    0.5,
    0.56,
    0.56,
    0.57,
    0.56,
    0.57,
    0.57,
    0.57,
    0.57,
    0.58,
    0.57,
    0.58,
    0.59,
    0.58,
    0.59,
    0.61,
    0.6,
    0.5900000031119546,
    0.6169148085182167,
    0.6089299382558555,
    0.6082638512204572,
    0.61,
    0.6,
    0.58,
    0.6,
    0.58,
    0.58,
    0.58,
    0.6,
    0.6099999786499901,
    0.6,
    0.6169154228344182,
    0.6,
    0.61,
    0.61,
    0.5800001764001023,
    0.6099998149665994,
    0.5900000090200007,
    0.609999991459999,
    0.6,
    0.6,
    0.61,
    0.6200000988000731,
    0.62,
    0.6299999880299978,
    0.6599999953799998,
    0.68,
    0.68,
    0.68,
    0.63,
    0.63,
    0.62,
    0.65,
    0.65,
    0.65,
    0.69,
    0.69,
    0.72,
    0.75,
    0.75,
    0.74,
    0.7,
    0.759999991188404,
    0.7799999995319999,
    0.7899999955759995,
    0.76,
    0.76,
    0.75,
    0.73,
    0.7515160446922287,
    0.75,
    0.76,
    0.76,
    0.8,
    0.8,
    0.8,
    0.8,
    0.8,
    0.8,
    0.79,
    0.79,
    0.77,
    0.78,
    0.78,
    0.77,
    0.7700000045447715,
    0.81,
    0.8,
    0.77,
    0.78,
    0.7899999288998998,
    0.76,
    0.76,
    0.7699999948369395,
    0.7899999455171512,
    0.78,
    0.7699999934549987,
    0.7699963424259342,
    0.76,
    0.77,
    0.7799999999132619,
    0.77,
    0.77,
    0.78,
    0.8,
    0.82,
    0.8,
    0.78,
    0.7800000272800021,
    0.81,
    0.81,
    0.81,
    0.8487480945216178,
    0.7699999953191475,
    0.8,
    0.8,
    0.77,
    0.77,
    0.75,
    0.77,
    0.7669879702888668,
    0.7599112328288681,
    0.7699999649999976,
    0.7400029120256258,
    0.74,
    0.7921858784945299,
    0.8,
    0.74,
    0.76,
    0.77,
    0.8,
    0.8,
    0.7986025361883766,
    0.76,
    0.7599666099827282,
    0.7599665525545618,
    0.7599666007210141,
    0.77,
    0.7699999992527381,
    0.77,
    0.77,
    0.7678245987453821,
    0.75989895989896,
    0.7598989645327632,
    0.76,
    0.76,
    0.76,
    0.759999999392,
    0.7599998540799696,
    0.7599999901199996,
    0.7599999665599981,
    0.759999997416,
    0.76,
    0.76,
    0.7599999358649573,
    0.7599999986707476,
    0.76,
    0.75,
    0.76,
    0.75,
    0.75,
    0.7599999979733333,
    0.77,
    0.76,
    0.75,
    0.7599999932594231,
    0.75,
    0.75,
    0.75,
    0.76,
    0.7599999695999891,
    0.7599999695999891,
    0.7599999991314286,
    0.75,
    0.75,
    0.75,
    0.769999999846,
    0.7699999269827341,
    0.7678820323059076,
    0.76,
    0.7400000047395255,
    0.75,
    0.74,
    0.74,
    0.75,
    0.75,
    0.74,
    0.74,
    0.75,
    0.7400000128315859,
    0.75,
    0.7599999994380083,
    0.7599999907317063,
    0.75,
    0.740000003432,
    0.75,
    0.75,
    0.7400000353600023,
    0.75,
    0.75,
    0.75,
    0.75,
    0.740000015166667,
    0.75,
    0.75,
    0.75,
    0.75,
    0.75,
    0.7400000040181819,
    0.75,
    0.75,
    0.75,
    0.75,
    0.740000072800016,
    0.75,
    0.75,
    0.75,
    0.75,
    0.75,
    0.75,
    0.75,
    0.75,
    0.75,
    0.75,
    0.75,
    0.75,
    0.75,
    0.75,
    0.75,
    0.75,
    0.75,
    0.75,
    0.75,
    0.75,
    0.7699999998975247,
    0.7610763753652454,
    0.7599993311992509,
    0.7699998690999699,
    0.7600508422204872,
    0.7600508429168716,
    0.77,
    0.7699999921459998,
    0.7600508422287529,
    0.7699998678052856,
    0.7599460487616895,
    0.7599459998797027,
    0.7599460209863416,
    0.77,
    0.7699998690999699,
    0.7699999995785184,
    0.7602986618209667,
    0.77,
    0.77,
    0.7699999876799952,
    0.7602986614209363,
    0.7699999876799952,
    0.7699999934929569,
    0.7602988309522594,
    0.7699999876799952,
    0.7699998039989808,
    0.7699999863111068,
    0.76,
    0.76,
    0.7699999983836465,
    0.7699999953799994,
    0.77,
    0.7699999876799952,
    0.7699999876799952,
    0.7699999876799952,
    0.77,
    0.769999999846,
    0.76,
    0.7699999785813576,
    0.76,
    0.7699999876799952,
    0.7699999934549987,
    0.77,
    0.75,
    0.7699999994353334,
    0.7599609970329717,
    0.7599609484933255,
    0.7599609175091206,
    0.7699999876799952,
    0.75,
    0.75,
    0.75,
    0.75,
    0.77,
    0.7699999994353334,
    0.76,
    0.76,
    0.7599999969599999,
    0.7599999975679997,
    0.7599999957777777,
    0.75,
    0.75,
    0.75,
    0.7599999878399966,
    0.7599999974666665,
    0.76,
    0.7676734424026621,
    0.7599999878399966,
    0.7599999986971429,
    0.7599999987194608,
    0.75,
    0.7599999695999891,
    0.7599999695999891,
    0.7699999876799952,
    0.77,
    0.75,
    0.75,
    0.769999999846,
    0.7635113193650624,
    0.75,
    0.7599999885999958,
    0.76,
    0.75,
    0.7764216611920304,
    0.75,
    0.75,
    0.7600861783693434,
    0.75,
    0.7600861244570783,
    0.75,
    0.76,
    0.75,
    0.75,
    0.7699999819029563,
    0.77,
    0.7699999978131999,
    0.7699999934549987,
    0.76,
    0.76,
    0.7599999878399966,
    0.7599991893233891,
    0.76,
    0.7599999954399995,
    0.7599999087998286,
    0.7599999969599999,
    0.7599999969599999,
    0.7599999999014054,
    0.76,
    0.75999999943,
    0.7599999969599999,
    0.75,
    0.7599999087998286,
    0.7599999950967737,
    0.759999999392,
    0.75999998753076,
    0.75,
    0.76,
    0.75,
    0.74,
    0.74,
    0.74,
    0.74,
    0.74,
    0.75,
    0.7400000161200007,
    0.75,
    0.75,
    0.75,
    0.75,
    0.74,
    0.74,
    0.74,
    0.759505,
    0.74,
    0.75,
    0.7400001352000649,
    0.75,
    0.75,
    0.7400000020222223,
    0.740000072800016,
    0.7400000020222223,
    0.75,
    0.7400001352000649,
    0.75,
    0.74,
    0.75,
    0.75,
    0.7400000090928963,
    0.75,
    0.75,
    0.7400001352000649,
    0.75,
    0.7400001352000649,
    0.75,
    0.75,
    0.75,
    0.75,
    0.75,
    0.74,
    0.75,
    0.75,
    0.75,
    0.74,
    0.75,
    0.75,
    0.75,
    0.75,
    0.75,
    0.75,
    0.74,
    0.74,
    0.74,
    0.74,
    0.74,
    0.74,
    0.74,
    0.74,
    0.74,
    0.74,
    0.740000109135824,
    0.75,
    0.75,
    0.7400008088908662,
    0.7400005793239289,
    0.75,
    0.75,
    0.75,
    0.75,
    0.75,
    0.75,
    0.75,
    0.75,
    0.75,
    0.75,
    0.75,
    0.74,
    0.74,
    0.74,
    0.74,
    0.74,
    0.75,
    0.75,
    0.75,
    0.75,
    0.75,
    0.75,
    0.75,
    0.75,
    0.75,
    0.75,
    0.74,
    0.74,
    0.74,
    0.74,
    0.75,
    0.75,
    0.75,
    0.74,
    0.74,
    0.74,
    0.743701424597488,
    0.74,
    0.7399999938333329,
    0.7399999703998827,
    0.7399999777999969,
    0.74,
    0.7399997779989566,
    0.74,
    0.75,
    0.7400000353600023,
    0.75,
    0.75,
    0.7400000978494782,
    0.75,
    0.75,
    0.7400001352000649,
    0.75,
    0.75,
    0.75,
    0.7300001458000671,
    0.73,
    0.75,
    0.75,
    0.75,
    0.75,
    0.75,
    0.75,
    0.75,
    0.7399999991542857,
    0.7399999930489235,
    0.74,
    0.739999989639998,
    0.7399999674399819,
    0.7399999674399819,
    0.74,
    0.739999989639998,
    0.739999989639998,
    0.7399999850756256,
    0.74,
    0.74,
    0.74,
    0.74,
    0.7399999664329843,
    0.74,
    0.74,
    0.739999989639998,
    0.739997533300444,
    0.739999989793103,
    0.7399999881362703,
    0.74,
    0.7399999541084944,
    0.7399999833499942,
    0.7399999791255265,
    0.7399999920897904,
    0.7399999959299999,
    0.7399999893830659,
    0.74,
    0.74,
    0.74,
    0.7399999681148969,
    0.7399999890370291,
    0.7399999730909003,
    0.7399999809714236,
    0.739999997703052,
    0.7399999911199997,
    0.7399999994573333,
    0.7399995374973984,
    0.73999999852,
    0.74,
    0.74,
    0.7399999124258904,
    0.74,
    0.7399999911199997,
    0.7399999911199997,
    0.7399998731417915,
    0.73999999852,
    0.74,
    0.7399999795580031,
    0.739999989793103,
    0.7399999926913554,
    0.739999998816,
    0.73999988159994,
    0.74,
    0.7399999991366667,
    0.74,
    0.7399999825425886,
    0.7399999221051347,
    0.739999997029197,
    0.739999989639998,
    0.74,
    0.7399999743055431,
    0.7399999884888878,
    0.7400886265694289,
    0.75,
    0.75,
    0.7400886264446589,
    0.75,
    0.75,
    0.75,
    0.75,
    0.7399988159900543,
    0.7399997779989566,
    0.7399991366604795,
    0.7399999457333192,
    0.74,
    0.73,
    0.7399995263946199,
    0.74,
    0.73999999852,
    0.7399999725077282,
    0.739971180271685,
    0.75,
    0.74,
    0.75,
    0.739963410428697,
    0.7399634350843691,
    0.7399634333963357,
    0.75,
    0.7399527390407533,
    0.7399527527569317,
    0.7399527317958587,
    0.75,
    0.7399574315123769,
    0.7399573899668475,
    0.7399771721640583,
    0.7399771878580496,
    0.739977193148904,
    0.7483283333333334,
    0.75,
    0.75,
    0.75,
    0.75,
    0.7399369655078926,
    0.75,
    0.75,
    0.75,
    0.75,
    0.74,
    0.74,
    0.7400001352000649,
    0.75,
    0.75,
    0.74,
    0.74,
    0.7399542572794184,
    0.74,
    0.74,
    0.7399998963999731,
    0.74,
    0.7399999970399999,
    0.7399997261998275,
    0.7399999777999969,
    0.7399999975333333,
    0.73,
    0.74,
    0.7300000143307696,
    0.7300000318600026,
    0.7399999787866659,
    0.7399997039994606,
    0.75,
    0.75,
    0.75,
    0.729999967879995,
    0.7300370976756227,
    0.75,
    0.75,
    0.7300370963441216,
    0.7376533064866871,
    0.72,
    0.7199667473315817,
    0.7299999938526304,
    0.7200513440048324,
    0.72,
    0.7399998626800132,
    0.7299623161531078,
    0.7399999592999819,
    0.7100001087500272,
    0.7399999674399819,
    0.7201598334951937,
    0.7200221729490022,
    0.7399999938333329,
    0.7354110220789576,
    0.7299998101998596,
    0.7299998174987421,
    0.729999958024992,
    0.7494468914628745,
    0.7100001334000721,
    0.7202522590361445,
    0.7295436462249418,
    0.7352941176470589,
    0.7200090090404567,
    0.7200090090259945,
    0.7200090090467006,
    0.7409456424385297,
    0.7201560064049723,
    0.7201560070825301,
    0.7201560069894921,
    0.7299998571730095,
    0.729999967879995,
    0.7200960854280894,
    0.7200960854790233,
    0.7199181237454785,
    0.719918119345102,
    0.7299997467332311,
    0.7202992874109264,
    0.7299996490366055,
    0.7383124276042367,
    0.72,
    0.71,
    0.7299996490366055,
    0.72,
    0.72,
    0.72,
    0.7099056989229738,
    0.7099057100193196,
    0.7099437721055131,
    0.7199998559995968,
    0.7299270072992701,
    0.7201685751335194,
    0.7201685734743566,
    0.7203235843186061,
    0.72,
    0.7300625003686685,
    0.730062500087096,
    0.7301927047487956,
    0.7300392576730906,
    0.7300680274422702,
    0.7598789491109962,
    0.7598789038331137,
    0.75,
    0.74,
    0.7501575711305788,
    0.7501575711532239,
    0.75,
    0.77,
    0.75,
    0.7699992941614316,
    0.75,
    0.75,
    0.75,
    0.77,
    0.75,
    0.75,
    0.769999972639588,
    0.7400001352000649,
    0.75,
    0.77,
    0.75,
    0.7599936825487035,
    0.75,
    0.75,
    0.7500970246046635,
    0.75,
    0.77,
    0.7599905699459656,
    0.75,
    0.75,
    0.74,
    0.7699999876799952,
    0.7301382497033032,
    0.73,
    0.73,
    0.73,
    0.73,
    0.73,
    0.72,
    0.7201653611836379,
    0.7899999012498478,
    0.69,
    0.69,
    0.74,
    0.7799999149089455,
    0.6687066666666667,
    0.66,
    0.7699242394394572,
    0.67,
    0.68,
    0.71,
    0.7102130274477673,
    0.7799999515024931,
    0.7100690071430947,
    0.77450979329104,
    0.7100690056995963,
    0.71,
    0.72,
    0.81,
    0.8099998784997144,
    0.8099995949941274,
    0.71,
    0.7899514276067247,
    0.7899514223238568,
    0.8099994392139025,
    0.7799999394173922,
    0.7799999778198954,
    0.7799999778198954,
    0.7799998643460803,
    0.7699488053518261,
    0.7699487855273535,
    0.7101473087818697,
    0.72,
    0.740278080697928,
    0.7401834872751961,
    0.76996908226665,
    0.7699689999060603,
    0.7699690870996777,
    0.7799997771397371,
    0.7698879240759444,
    0.7799997074982815,
    0.7200850462792432,
    0.78,
    0.7799999943839998,
    0.78,
    0.740053793643037,
    0.78,
    0.75,
    0.75,
    0.75,
    0.75,
    0.710093399750934,
    0.7101190476190476,
    0.710152143856689,
    0.7101521444456355,
    0.7476076555023924,
    0.7100310560072516,
    0.7100310566199979,
    0.7100310565994415,
    0.75,
    0.75,
    0.6701,
    0.6701,
    0.6701,
    0.7399414142572186,
    0.7399414267752548,
    0.7399811243561975,
    0.7399811584620609,
    0.75,
    0.6502055948769802,
    0.7299250460619268,
    0.7299250647001543,
    0.7299250298058065,
    0.7214527757833115,
    0.64,
    0.64,
    0.5887877900950227,
    0.5301480641261548,
    0.530148065510388,
    0.5301480639805108,
    0.6899298950862842,
    0.52,
    0.53,
    0.5100000048395062,
    0.8499996458246265,
    0.8499996304317297,
    0.51,
    0.91,
    0.09,
    0.07000007643876872,
    0.070000096209043,
    0.96,
    0.01
]
