[
    0.001,
    0.001,
    0.001,
    0.001,
    0.001,
    0.001,
    0.01,
    0.01,
    0.01,
    0.03324262225626151,
    0.01,
    0.01,
    0.01,
    0.01,
    0.01,
    0.01,
    0.01,
    0.01,
    0.02,
    0.02,
    0.02,
    0.02,
    0.01,
    0.02,
    0.03,
    0.05,
    0.03,
    0.03,
    0.05,
    0.05,
    0.05,
    0.05,
    0.06,
    0.01,
    0.02,
    0.04,
    0.09,
    0.13,
    0.17,
    0.17,
    0.170000003471593,
    0.21999985479995063,
    0.23,
    0.22999982749995687,
    0.23,
    0.23,
    0.23,
    0.23,
    0.22,
    0.18,
    0.17,
    0.13,
    0.1899999944394416,
    0.2,
    0.2,
    0.22,
    0.25,
    0.25,
    0.25,
    0.25,
    0.25,
    0.25,
    0.25,
    0.25,
    0.25,
    0.25,
    0.25,
    0.25,
    0.25,
    0.25,
    0.25,
    0.25,
    0.25,
    0.25,
    0.25,
    0.25,
    0.25,
    0.25,
    0.25,
    0.25,
    0.25,
    0.25,
    0.25,
    0.23,
    0.25,
    0.24,
    0.24,
    0.28999998368749885,
    0.29,
    0.3,
    0.3,
    0.3,
    0.3,
    0.291768,
    0.29,
    0.29,
    0.29,
    0.29,
    0.29,
    0.31,
    0.3,
    0.28,
    0.25,
    0.25,
    0.23,
    0.23,
    0.19,
    0.19,
    0.19,
    0.19,
    0.24,
    0.23,
    0.23,
    0.24,
    0.24,
    0.17953298127700432,
    0.13,
    0.15,
    0.16,
    0.15,
    0.2,
    0.19,
    0.2,
    0.17,
    0.18,
    0.1745526838966203,
    0.18,
    0.18,
    0.17,
    0.1784871406959153,
    0.15,
    0.148,
    0.14956449275362318,
    0.15,
    0.13,
    0.11,
    0.13,
    0.11000000052651818,
    0.15,
    0.14,
    0.16,
    0.1799998703999637,
    0.1799999579999958,
    0.17,
    0.16999994219999076,
    0.17,
    0.17,
    0.19,
    0.190136,
    0.2,
    0.21,
    0.21,
    0.21,
    0.18000001640001606,
    0.17999997551999844,
    0.2199999850399995,
    0.21999985479995063,
    0.22,
    0.22000000472250297,
    0.22,
    0.22,
    0.22,
    0.22,
    0.22,
    0.21,
    0.19,
    0.2,
    0.18,
    0.2,
    0.19,
    0.157568,
    0.21,
    0.21,
    0.21,
    0.21,
    0.2,
    0.2,
    0.2,
    0.2,
    0.21,
    0.23000001232000472,
    0.2096235633779357,
    0.18,
    0.16,
    0.16735250818869507,
    0.18,
    0.16,
    0.15,
    0.17,
    0.17,
    0.17,
    0.1700000017872525,
    0.18,
    0.19,
    0.18,
    0.16,
    0.13,
    0.13,
    0.13,
    0.13,
    0.13,
    0.13,
    0.13,
    0.13,
    0.13,
    0.13,
    0.13,
    0.13,
    0.11,
    0.10999998151999942,
    0.11,
    0.12,
    0.13,
    0.13,
    0.16,
    0.13000000174000104,
    0.13,
    0.16,
    0.13,
    0.1299999789399992,
    0.12000000352000104,
    0.12000001408000541,
    0.12000003520017459,
    0.15,
    0.15,
    0.15,
    0.1500000850003315,
    0.15,
    0.26,
    0.24,
    0.25,
    0.25,
    0.25,
    0.17,
    0.11000000001096957,
    0.21,
    0.2001295999328045,
    0.31,
    0.31,
    0.31,
    0.33,
    0.34,
    0.33,
    0.33,
    0.33,
    0.33,
    0.33,
    0.35,
    0.35,
    0.35,
    0.36,
    0.36,
    0.36,
    0.36,
    0.36,
    0.34,
    0.34,
    0.34,
    0.34,
    0.33,
    0.31,
    0.41,
    0.4499999549999955,
    0.41999998991999926,
    0.42472032098182677,
    0.44,
    0.44,
    0.4399999295999761,
    0.42,
    0.42,
    0.42,
    0.44,
    0.44,
    0.5099998316998873,
    0.5299998780999061,
    0.49,
    0.51,
    0.5100000063843649,
    0.51,
    0.5,
    0.5,
    0.49,
    0.49,
    0.49,
    0.48,
    0.48,
    0.47000000535179165,
    0.47421875,
    0.45,
    0.45,
    0.4000000051787535,
    0.43804030874785593,
    0.41,
    0.4441965437193707,
    0.41,
    0.41,
    0.41,
    0.41,
    0.41145323025107167,
    0.39000000499213106,
    0.38,
    0.36,
    0.37,
    0.37,
    0.38,
    0.37,
    0.37,
    0.36,
    0.4,
    0.37,
    0.36,
    0.36,
    0.35,
    0.3799999950599998,
    0.4099999989587301,
    0.41,
    0.41,
    0.4,
    0.41,
    0.43,
    0.45,
    0.44,
    0.41,
    0.41,
    0.41,
    0.41,
    0.43,
    0.43,
    0.43,
    0.43,
    0.4299999784365729,
    0.41,
    0.41,
    0.41,
    0.41,
    0.4,
    0.4,
    0.38,
    0.4,
    0.36,
    0.38,
    0.38,
    0.4,
    0.38,
    0.4,
    0.39,
    0.38,
    0.4,
    0.38,
    0.41,
    0.42,
    0.43,
    0.43,
    0.44,
    0.44,
    0.44,
    0.44,
    0.44,
    0.44,
    0.42,
    0.42,
    0.42,
    0.4199998235998977,
    0.42,
    0.4000000004013378,
    0.41,
    0.4,
    0.41,
    0.4000000313315992,
    0.4,
    0.42823742894144684,
    0.41999999903419316,
    0.41,
    0.41,
    0.41,
    0.41999999418461503,
    0.42,
    0.4099695577869337,
    0.41,
    0.4,
    0.41,
    0.41,
    0.41,
    0.42962962962962964,
    0.4,
    0.4,
    0.4,
    0.4,
    0.4,
    0.4,
    0.4299999931199994,
    0.42,
    0.41,
    0.4,
    0.4,
    0.4,
    0.4099999909799993,
    0.39,
    0.39000000378697364,
    0.4,
    0.39,
    0.4,
    0.4,
    0.4181475097452403,
    0.4,
    0.4,
    0.4,
    0.4,
    0.4,
    0.41,
    0.4,
    0.41,
    0.41,
    0.4100000147976495,
    0.41,
    0.41000000531000047,
    0.42,
    0.410000001298,
    0.42735042735042733,
    0.4100000025575192,
    0.42658729374396326,
    0.41,
    0.41,
    0.41,
    0.41,
    0.41,
    0.42,
    0.4,
    0.4,
    0.40000000014833126,
    0.4,
    0.419999999762,
    0.419999999356,
    0.4,
    0.41,
    0.41,
    0.41,
    0.41,
    0.4,
    0.4,
    0.4,
    0.4,
    0.4,
    0.4,
    0.4,
    0.4,
    0.41,
    0.41,
    0.41,
    0.41,
    0.4,
    0.40999999531198944,
    0.4,
    0.4,
    0.40999999758050915,
    0.4,
    0.4,
    0.4000000026942075,
    0.4099999888134514,
    0.4000000067950173,
    0.40999999245599955,
    0.4099998236998995,
    0.3998654989035354,
    0.3998654988413064,
    0.40565673233095273,
    0.3900000165065648,
    0.4,
    0.4,
    0.4,
    0.4,
    0.39,
    0.39,
    0.39,
    0.4,
    0.4,
    0.4,
    0.4,
    0.4,
    0.4,
    0.4,
    0.4,
    0.40999999778650303,
    0.4,
    0.4099999909799993,
    0.4099999708578416,
    0.40000000240000005,
    0.41,
    0.4000000090978019,
    0.4,
    0.41999998991999926,
    0.41999998991999926,
    0.4199999697599901,
    0.41999999529599996,
    0.4199999831999973,
    0.4199999705999984,
    0.41999998990757786,
    0.41999999831999996,
    0.41,
    0.41,
    0.4199999921599996,
    0.419999997732,
    0.41999997732394223,
    0.41999995876363294,
    0.4199999889956323,
    0.4199999996332234,
    0.41,
    0.41000000097328354,
    0.41,
    0.41,
    0.4100000536368464,
    0.4199999946107783,
    0.41000002189194573,
    0.41999998991999926,
    0.4199998235998977,
    0.41999999543633265,
    0.41999998866952754,
    0.419999997732,
    0.4199999946835442,
    0.42,
    0.4199999453999798,
    0.42,
    0.42,
    0.4199999897212776,
    0.41999998328358107,
    0.4199999705999984,
    0.41999998484780043,
    0.42,
    0.41999990479995813,
    0.4199999943999999,
    0.42,
    0.4299999967094105,
    0.4299999898683294,
    0.4,
    0.41002022192334847,
    0.4100202349115748,
    0.4,
    0.41,
    0.4,
    0.41,
    0.4,
    0.4,
    0.4299999619615345,
    0.42999999744310025,
    0.4,
    0.40000000934870733,
    0.4000000341685727,
    0.4,
    0.4299999972004069,
    0.41,
    0.41,
    0.41,
    0.41,
    0.42388670352683744,
    0.4199999900898873,
    0.41000000068011533,
    0.4100000061345569,
    0.4199998235998977,
    0.41,
    0.41,
    0.41000000056625363,
    0.41,
    0.41000000039532913,
    0.41,
    0.41,
    0.41,
    0.4299999988761364,
    0.43,
    0.4100000536368464,
    0.42,
    0.4200000005200068,
    0.42,
    0.42,
    0.42,
    0.42,
    0.42999999982026793,
    0.42,
    0.42,
    0.42,
    0.42000000464000087,
    0.42,
    0.42,
    0.42,
    0.43,
    0.43,
    0.42,
    0.43,
    0.42000000464000087,
    0.43,
    0.42000000464000087,
    0.42000000464000087,
    0.42,
    0.42,
    0.42999995054998097,
    0.4200000773338386,
    0.42000000199965526,
    0.42,
    0.42,
    0.42,
    0.42,
    0.4299999712786224,
    0.420000007017794,
    0.42,
    0.42,
    0.42,
    0.4299999870999978,
    0.42,
    0.4200000090015523,
    0.4299999931199994,
    0.42000000525763365,
    0.42,
    0.4200000076906082,
    0.42,
    0.4299999931199994,
    0.4299999897619043,
    0.4299999884437496,
    0.4299999850482932,
    0.42000001503410705,
    0.42,
    0.4200001740002958,
    0.42,
    0.4399999860418163,
    0.439999999296,
    0.43628167715015237,
    0.42,
    0.42,
    0.43371752785900564,
    0.429999979452213,
    0.4368152980628069,
    0.41,
    0.41000000227510575,
    0.41000015340011353,
    0.41999999911685854,
    0.4199998235998977,
    0.41999999330434745,
    0.41999999895,
    0.42,
    0.41000004592816763,
    0.41,
    0.41790867246016816,
    0.4,
    0.4,
    0.4,
    0.4000004610079478,
    0.4099737272361502,
    0.4099737297817575,
    0.40997372970203105,
    0.4000005217409452,
    0.40000000621439696,
    0.4199627375424971,
    0.41,
    0.4,
    0.4200749579358045,
    0.4299956849928696,
    0.42005377942001426,
    0.42005374753451674,
    0.42005378993158987,
    0.41,
    0.4237891329597265,
    0.4199999978533333,
    0.41000003245001443,
    0.41000003245001443,
    0.42,
    0.42,
    0.41999971999972,
    0.41,
    0.41,
    0.41,
    0.42,
    0.42,
    0.42,
    0.42,
    0.42,
    0.42,
    0.42,
    0.42,
    0.42,
    0.42,
    0.42,
    0.42,
    0.42,
    0.42890788770414157,
    0.4199999453999798,
    0.42781314839331613,
    0.41999996219999397,
    0.42,
    0.41011159550538734,
    0.4101115757151997,
    0.4000003428579265,
    0.4099999894083327,
    0.40000000600000024,
    0.409999878698189,
    0.4,
    0.4099999671624665,
    0.4099998236998995,
    0.41,
    0.4,
    0.4000000061951474,
    0.4,
    0.4,
    0.4,
    0.40000000272727276,
    0.4,
    0.40999999968344214,
    0.40999999095373624,
    0.4,
    0.4,
    0.4099999838736578,
    0.4000003428579265,
    0.4,
    0.4099998236998995,
    0.4,
    0.40999998248181735,
    0.40999999347727256,
    0.400000240000384,
    0.40999999651499996,
    0.4000003750009375,
    0.4,
    0.4,
    0.4099999828791178,
    0.4099999763547322,
    0.4099999692833799,
    0.40999998248181735,
    0.4099999568421014,
    0.4,
    0.40999998248181735,
    0.4,
    0.40999999540799986,
    0.4,
    0.4,
    0.4099999835999974,
    0.4099999835999974,
    0.4,
    0.409999928933322,
    0.4099999498888672,
    0.41,
    0.4,
    0.4099998236998995,
    0.40999999688399996,
    0.39000003227513913,
    0.3900002675442117,
    0.3900000328087697,
    0.4099999697315408,
    0.39000000006356844,
    0.39,
    0.39,
    0.39,
    0.4099999035293777,
    0.4,
    0.4099999994096,
    0.41,
    0.41,
    0.4,
    0.4099999165090776,
    0.40999997384272774,
    0.40999999540799986,
    0.4099999909799993,
    0.4099999909799993,
    0.4099999909799993,
    0.4099995284981847,
    0.4099999969249999,
    0.40999999382337654,
    0.4,
    0.40999999688399996,
    0.4099999909799993,
    0.41,
    0.41,
    0.41,
    0.4,
    0.4,
    0.4,
    0.41,
    0.400000015768727,
    0.40999993893616077,
    0.40999997653613884,
    0.41,
    0.41,
    0.4,
    0.41,
    0.40999979315307117,
    0.4,
    0.409999961008638,
    0.4099999909799993,
    0.4,
    0.4,
    0.41,
    0.41,
    0.4,
    0.4,
    0.4,
    0.40999998999128096,
    0.40000002807674834,
    0.4,
    0.41,
    0.4,
    0.4099999035293777,
    0.4099999835999974,
    0.40999998702110324,
    0.4099999946699998,
    0.4,
    0.4,
    0.40999998429435225,
    0.4,
    0.4,
    0.4,
    0.4,
    0.4,
    0.4000006000024,
    0.39,
    0.4,
    0.39,
    0.39000000080054964,
    0.4,
    0.4,
    0.4,
    0.4,
    0.4,
    0.4,
    0.4099999876691725,
    0.4099999835999974,
    0.4,
    0.4,
    0.4,
    0.4,
    0.4,
    0.4,
    0.4,
    0.4,
    0.4,
    0.4,
    0.4,
    0.4099999370144842,
    0.4,
    0.4,
    0.4,
    0.4,
    0.4,
    0.4099999802884587,
    0.4099998236998995,
    0.4000006000024,
    0.40000002521008826,
    0.40000000600000024,
    0.4099998236998995,
    0.4,
    0.4,
    0.40999998412457705,
    0.4000000195439765,
    0.4099999515454456,
    0.4,
    0.4,
    0.409999928933322,
    0.4099999446499798,
    0.40000041379424495,
    0.40999999540799986,
    0.4,
    0.40000002400000384,
    0.4099999370144842,
    0.4,
    0.4,
    0.4,
    0.409999997622,
    0.4,
    0.4,
    0.4,
    0.40999999651499996,
    0.4099999946699998,
    0.4,
    0.4,
    0.41,
    0.41,
    0.4,
    0.4,
    0.4,
    0.4,
    0.41,
    0.41,
    0.41,
    0.4,
    0.41,
    0.41,
    0.41,
    0.41,
    0.41,
    0.41,
    0.41,
    0.41,
    0.41,
    0.41,
    0.41,
    0.41,
    0.41,
    0.4100000295000044,
    0.41999996033332604,
    0.41,
    0.4,
    0.41,
    0.4,
    0.4,
    0.41,
    0.4,
    0.41,
    0.41000000214337357,
    0.4199999677999971,
    0.42,
    0.41,
    0.4199998235998977,
    0.42,
    0.4100000133733348,
    0.4100000459501808,
    0.41000005347954294,
    0.43,
    0.41000004565477194,
    0.41,
    0.41,
    0.42999993710105633,
    0.4299999181716268,
    0.42015477213300534,
    0.42999995164657234,
    0.4299998873808925,
    0.4299998422301602,
    0.42015481330881865,
    0.4299999330660166,
    0.4201548390240909,
    0.4299999931199994,
    0.42999992403784437,
    0.410000064628991,
    0.4299999536179721,
    0.4299999530251955,
    0.4100000923478518,
    0.4299999812614644,
    0.41000010102744916,
    0.41000006201204275,
    0.4100000139479935,
    0.4100001122087053,
    0.4100001439024917,
    0.4299999289789694,
    0.4299999407652992,
    0.4299998279998968,
    0.41000000266142683,
    0.42,
    0.43,
    0.43,
    0.43000009405007855,
    0.43999996479999576,
    0.43,
    0.4299999770788876,
    0.42999994035482775,
    0.4299999815714256,
    0.4299999476203881,
    0.4299998736874582,
    0.42999993710105633,
    0.429999949467844,
    0.42999994794188234,
    0.4299998670908293,
    0.4299999025333121,
    0.4299999709586013,
    0.4299998930143295,
    0.4299999773684143,
    0.4299999075268519,
    0.4299997995761948,
    0.42999984806661906,
    0.42999999793599997,
    0.43,
    0.43,
    0.4399999975724137,
    0.47503483005855146,
    0.44,
    0.43999980639989156,
    0.4399998964705517,
    0.42983673469387756,
    0.43009269623868845,
    0.43009273103138657,
    0.43999995170730766,
    0.4495834308247714,
    0.43999998343529084,
    0.4453328545110651,
    0.4399999689867727,
    0.43999995487178795,
    0.4399999107245911,
    0.4399999571681363,
    0.439999925633763,
    0.43999995621888804,
    0.43999984435369066,
    0.44,
    0.4399999295999761,
    0.4499999279999539,
    0.4499999524312846,
    0.4399999633333255,
    0.4427438082696607,
    0.44999997163864536,
    0.4499999592144929,
    0.4453036813345645,
    0.45,
    0.4300757829381867,
    0.4300756893961691,
    0.43007570127900724,
    0.43007563869692217,
    0.4300756565535949,
    0.43999980639989156,
    0.4399977389633147,
    0.4300520775616485,
    0.43005210029619517,
    0.4499684824823604,
    0.44996848265224315,
    0.4600124664608066,
    0.4600124665808185,
    0.4600124723206121,
    0.45,
    0.45,
    0.45,
    0.45,
    0.5,
    0.48982624113475176,
    0.45000001100561376,
    0.48993243144768456,
    0.4899324320519823,
    0.48993243230090655,
    0.4500001389170582,
    0.48992153063250493,
    0.4899215311182291,
    0.4899215310588624,
    0.4600724732688011,
    0.4898529411764706,
    0.4899361892890426,
    0.4799804796354403,
    0.47998047961682416,
    0.4899361895406862,
    0.4601025873913663,
    0.4601026084723751,
    0.4500001375001375,
    0.48999493157627977,
    0.45,
    0.45,
    0.48989621454621596,
    0.4898962139809131,
    0.44011957533996776,
    0.4300001924538832,
    0.4898848361678611,
    0.48988483621906165,
    0.4898848365672511,
    0.48996001566360475,
    0.48996001561130975,
    0.48996001515798815,
    0.43,
    0.54,
    0.4400179277308543,
    0.54,
    0.54,
    0.54,
    0.4400179384057629,
    0.45010175846165057,
    0.4501017758911699,
    0.54,
    0.4501017487440849,
    0.54,
    0.54,
    0.41,
    0.47,
    0.47,
    0.5855662254976042,
    0.42,
    0.3300000114165888,
    0.33,
    0.34,
    0.42,
    0.4200000773338386,
    0.43,
    0.4299310926631793,
    0.4299310934843749,
    0.43,
    0.44,
    0.440071908593294,
    0.4400719144213057,
    0.4400719352586482,
    0.42,
    0.43008199656826207,
    0.589943040227839,
    0.40002903528555395,
    0.40007658197806284,
    0.4200351230922804,
    0.41,
    0.4100319778986992,
    0.4100318799049446,
    0.41003188721647515,
    0.36,
    0.593217985415783,
    0.45,
    0.4,
    0.48,
    0.5101374711150435,
    0.5101377088195153,
    0.5101374765898112,
    0.5299999946999987,
    0.55,
    0.673414006091928,
    0.5826081789030165,
    0.5599998319999104,
    0.4200913164062703,
    0.42,
    0.42000075846638096,
    0.609974457117229,
    0.6099744566217828,
    0.5899988789965249,
    0.49,
    0.5,
    0.52,
    0.51,
    0.6799424898511502,
    0.5900105853779227,
    0.5900105776170375,
    0.6899652379261657,
    0.6899652430843786,
    0.6899652430551654,
    0.51,
    0.5,
    0.5200966409294193,
    0.5200966481432856,
    0.8,
    0.8,
    0.8,
    0.51,
    0.889999947646446,
    0.06000013428857271,
    0.9399999781392812,
    0.95
]
