[
    0.999,
    0.999,
    0.999,
    0.999,
    0.999,
    0.999,
    0.999,
    0.999,
    0.999,
    0.999,
    0.999,
    0.999,
    0.999,
    0.999,
    0.999,
    0.999,
    0.999,
    0.999,
    0.999,
    0.999,
    0.999,
    0.999,
    0.999,
    0.998,
    0.999,
    0.999,
    0.999,
    0.992,
    0.998,
    0.998,
    0.999,
    0.998,
    0.999,
    0.999,
    0.99,
    0.99,
    0.99,
    0.99,
    0.99,
    0.98,
    0.99,
    0.97,
    0.97,
    0.96,
    0.96,
    0.96,
    0.98,
    0.96,
    0.9799999984183043,
    0.9856876163496511,
    0.95,
    0.9499999924330194,
    0.95,
    0.94,
    0.94,
    0.94,
    0.92,
    0.93,
    0.939999993598638,
    0.9399999983931623,
    0.92,
    0.9,
    0.9,
    0.8997521476406934,
    0.8500001113999465,
    0.84,
    0.84,
    0.896628673490614,
    0.889999886079969,
    0.86,
    0.8899994125992129,
    0.8700001014000223,
    0.8871365201998328,
    0.9317869624167386,
    0.89,
    0.91,
    0.89,
    0.9346172608375581,
    0.889999985759986,
    0.88,
    0.9,
    0.91,
    0.91,
    0.9,
    0.9,
    0.9399999981199973,
    0.9,
    0.91,
    0.93,
    0.91,
    0.9299999906998978,
    0.85,
    0.8300000578000093,
    0.8899998219975436,
    0.889999985759986,
    0.850000006,
    0.9199999994178135,
    0.84,
    0.85,
    0.850000024000001,
    0.85,
    0.91,
    0.8676105209350817,
    0.8,
    0.789999999684,
    0.8199999983599999,
    0.819999998845233,
    0.8299999992529999,
    0.81,
    0.8099999986114286,
    0.8099999999191393,
    0.85,
    0.85,
    0.86,
    0.89,
    0.8999999890009164,
    0.9,
    0.9,
    0.9,
    0.9,
    0.9,
    0.9,
    0.9,
    0.9,
    0.9,
    0.9,
    0.9,
    0.9,
    0.9,
    0.9,
    0.9,
    0.9101422299776234,
    0.9,
    0.91,
    0.91,
    0.9100000093375002,
    0.91,
    0.9,
    0.9,
    0.89,
    0.86,
    0.850000240000096,
    0.85,
    0.85,
    0.85,
    0.89,
    0.81,
    0.78,
    0.7799999979199999,
    0.78,
    0.78,
    0.74,
    0.74,
    0.74,
    0.72,
    0.72,
    0.72,
    0.7,
    0.7,
    0.7,
    0.7,
    0.69,
    0.69,
    0.69,
    0.69,
    0.69,
    0.69,
    0.660000170000085,
    0.638572173308619,
    0.58,
    0.5800047601047224,
    0.58,
    0.5700000134405863,
    0.57,
    0.57,
    0.58,
    0.57,
    0.57,
    0.57,
    0.57,
    0.53,
    0.53,
    0.5300000084600007,
    0.53,
    0.53,
    0.52,
    0.52,
    0.53,
    0.53,
    0.53,
    0.53,
    0.53,
    0.52,
    0.52,
    0.52,
    0.519999999168,
    0.519999999168,
    0.52,
    0.52,
    0.52,
    0.52,
    0.51,
    0.5,
    0.519999998336,
    0.5150694115782467,
    0.5,
    0.53,
    0.5,
    0.51,
    0.52,
    0.52,
    0.54,
    0.54,
    0.51,
    0.53,
    0.53,
    0.55,
    0.55,
    0.57,
    0.57,
    0.57,
    0.59,
    0.63,
    0.63,
    0.62,
    0.62,
    0.62,
    0.5800000523577312,
    0.59,
    0.59,
    0.6,
    0.6,
    0.64,
    0.63,
    0.63,
    0.59,
    0.62,
    0.64,
    0.62,
    0.64,
    0.6499999934999994,
    0.64,
    0.6599999603999865,
    0.66,
    0.58,
    0.57,
    0.5999999606557274,
    0.57,
    0.59,
    0.59,
    0.6,
    0.64,
    0.62,
    0.6,
    0.61000024776484,
    0.6,
    0.59,
    0.59,
    0.57,
    0.56,
    0.6,
    0.58,
    0.63,
    0.61,
    0.61,
    0.62,
    0.64,
    0.64,
    0.64,
    0.64,
    0.64,
    0.66,
    0.64,
    0.64,
    0.64,
    0.64,
    0.64,
    0.64,
    0.64,
    0.64,
    0.64,
    0.66,
    0.64,
    0.64,
    0.65,
    0.65,
    0.640000000792,
    0.65,
    0.65,
    0.64,
    0.64,
    0.64,
    0.65,
    0.65,
    0.65,
    0.65,
    0.65,
    0.65,
    0.67,
    0.67,
    0.7,
    0.7,
    0.69,
    0.67,
    0.67,
    0.68,
    0.68,
    0.68,
    0.68,
    0.68,
    0.68,
    0.67,
    0.67,
    0.6944223968224675,
    0.68,
    0.67,
    0.67,
    0.67,
    0.67,
    0.67,
    0.67,
    0.67,
    0.67,
    0.67,
    0.67,
    0.68,
    0.68,
    0.67,
    0.67,
    0.65,
    0.6699999839199988,
    0.6699999860507467,
    0.6599999973678962,
    0.66,
    0.66,
    0.65000000575599,
    0.66,
    0.67,
    0.66,
    0.67,
    0.67,
    0.68,
    0.67,
    0.6799999873066652,
    0.67,
    0.67,
    0.67,
    0.67,
    0.67,
    0.67,
    0.67,
    0.67,
    0.67,
    0.67,
    0.67,
    0.67,
    0.67,
    0.67,
    0.67,
    0.67,
    0.67,
    0.67,
    0.67,
    0.67,
    0.67,
    0.67,
    0.6699999991753846,
    0.6699999895403288,
    0.66,
    0.65,
    0.65,
    0.65,
    0.6500000017463066,
    0.6500000385000034,
    0.650000525000525,
    0.6599999681379282,
    0.6599998943999641,
    0.6599999953799998,
    0.65,
    0.65,
    0.650000241856184,
    0.66,
    0.66,
    0.659999998944,
    0.66,
    0.66,
    0.66,
    0.66,
    0.66,
    0.66,
    0.66,
    0.66,
    0.66,
    0.66,
    0.6500000157500009,
    0.65000035000035,
    0.6500001283333718,
    0.65999999912,
    0.66,
    0.6500000272222262,
    0.6500000070000002,
    0.659999991199999,
    0.6599999953799998,
    0.65,
    0.65,
    0.65,
    0.659999978549998,
    0.65,
    0.65,
    0.6599999973599998,
    0.66,
    0.66,
    0.66,
    0.66,
    0.66,
    0.66,
    0.66,
    0.66,
    0.66,
    0.6699999987016315,
    0.6699999997588,
    0.67,
    0.6699999195999292,
    0.6600000088226816,
    0.66,
    0.6699999195999292,
    0.6699999949749997,
    0.66999999933,
    0.6699999195999292,
    0.6699999949749997,
    0.66,
    0.66,
    0.66,
    0.66,
    0.66,
    0.660000170000085,
    0.6699999949749997,
    0.660000002176,
    0.660000002176,
    0.6600000306000049,
    0.6699999195999292,
    0.6699999991456376,
    0.6799998911999086,
    0.67,
    0.67,
    0.6600000054400001,
    0.66,
    0.6699984163529827,
    0.67,
    0.669999138566383,
    0.6699999999517986,
    0.6699995533321422,
    0.66,
    0.660000000713897,
    0.66,
    0.6699999195999292,
    0.660000170000085,
    0.6600000088400002,
    0.6600000367200034,
    0.660000014506667,
    0.6699999989040892,
    0.6600000079751642,
    0.66,
    0.669999993948631,
    0.67,
    0.6699988386531951,
    0.6699999195999292,
    0.660000170000085,
    0.6699999971859999,
    0.6699999949749997,
    0.66,
    0.6600000030638262,
    0.6699997607140293,
    0.6699997051989505,
    0.669999962479987,
    0.6699999839199988,
    0.6699999998286007,
    0.6699999195999292,
    0.669998860979156,
    0.6600000532719056,
    0.6600000680000148,
    0.65,
    0.6601668280355977,
    0.66,
    0.6601480728248144,
    0.6601480844400641,
    0.66,
    0.66,
    0.66,
    0.66,
    0.6599996556493593,
    0.6599999975755102,
    0.6500000074038463,
    0.6599999587498737,
    0.6599999919266031,
    0.6500000385000034,
    0.65,
    0.6599995599961028,
    0.66,
    0.66,
    0.66,
    0.6599997969223583,
    0.6500001225000797,
    0.66,
    0.6599999919266031,
    0.6599995379980134,
    0.6500001225000797,
    0.6500000023333333,
    0.6500000023333333,
    0.6599999119997184,
    0.66,
    0.6599999735999935,
    0.65,
    0.6599998943999641,
    0.66,
    0.66,
    0.66,
    0.659999999505,
    0.6500001225000797,
    0.6599999968319995,
    0.6599999782018275,
    0.6500001193182315,
    0.6500000984375338,
    0.6500000437500054,
    0.65,
    0.65,
    0.65,
    0.6599995599961028,
    0.65,
    0.65,
    0.65,
    0.66,
    0.6599998044430538,
    0.6599994442051439,
    0.65,
    0.65000000245,
    0.66,
    0.66,
    0.6599994789450374,
    0.6599997969223583,
    0.6599998585709538,
    0.65,
    0.66,
    0.6599999841599988,
    0.6500000157500009,
    0.6599999587498737,
    0.6599999295999606,
    0.6599998943999641,
    0.65,
    0.65999999856,
    0.6500000029166667,
    0.66,
    0.6599999855999977,
    0.6599999889385446,
    0.650000070000021,
    0.66,
    0.6599999855999977,
    0.66,
    0.66,
    0.6599999691999963,
    0.659999909743525,
    0.66,
    0.66,
    0.6699999195999292,
    0.669999962479987,
    0.6500000720588511,
    0.6500007954563534,
    0.650000525000525,
    0.669999968310798,
    0.650000070000021,
    0.66,
    0.66,
    0.6500000157500009,
    0.66,
    0.65,
    0.6601100258352137,
    0.6500000385000034,
    0.6500000067596569,
    0.6500000157500009,
    0.66,
    0.66,
    0.66,
    0.66,
    0.66,
    0.66,
    0.66,
    0.66,
    0.66,
    0.66,
    0.6500000046666667,
    0.66,
    0.6599999993436754,
    0.66,
    0.66,
    0.6599997644608755,
    0.6599997843999267,
    0.6599999741176379,
    0.6599999525179719,
    0.6500000395161373,
    0.6500000840000134,
    0.6500042000336003,
    0.6599999577599689,
    0.66,
    0.6500000195895536,
    0.6599999724999726,
    0.6599999959878408,
    0.6599999380281166,
    0.65,
    0.6500000605345998,
    0.6500000580110561,
    0.6599999380281166,
    0.659999950322531,
    0.65,
    0.6599999926869766,
    0.6599999852100761,
    0.659999909485675,
    0.65000000245,
    0.6699999195999292,
    0.6599999603999865,
    0.65,
    0.6500000046666667,
    0.66,
    0.65,
    0.6500001225000797,
    0.65,
    0.6599999844899996,
    0.6599429164504411,
    0.65,
    0.66,
    0.6400000129600009,
    0.65,
    0.65,
    0.65,
    0.64,
    0.6601933973919774,
    0.67,
    0.6799994989451005,
    0.6799998911999086,
    0.68,
    0.68,
    0.6799999480915873,
    0.67,
    0.66,
    0.6599998943999641,
    0.6599999774999944,
    0.66,
    0.6600000640983749,
    0.6600000624735088,
    0.6600001184269916,
    0.6799999637333111,
    0.67,
    0.660013600816049,
    0.6799999844571343,
    0.6799507041967577,
    0.6799507042006613,
    0.67,
    0.67,
    0.67,
    0.67,
    0.68,
    0.6899999957275529,
    0.6899999889067491,
    0.6700000629136798,
    0.6899999829395562,
    0.689999978949146,
    0.6899997699998408,
    0.6700000729954092,
    0.6899998005309135,
    0.67,
    0.6700002682224724,
    0.689999818546635,
    0.6899999793589662,
    0.6700000576035573,
    0.68,
    0.6799998911999086,
    0.67,
    0.6799999912540166,
    0.679999972935311,
    0.6799999921159399,
    0.68,
    0.6700001001123854,
    0.67,
    0.6700001390714693,
    0.68,
    0.6799999244443828,
    0.6700001094472549,
    0.68,
    0.6799999674251318,
    0.68,
    0.68,
    0.6700000055440001,
    0.6899998653152607,
    0.6899997549794789,
    0.6899999361986142,
    0.6899998462285178,
    0.6899998301135495,
    0.6700000634234303,
    0.6700000513333416,
    0.6700000713877688,
    0.67,
    0.6801623011264978,
    0.6802640019150398,
    0.6802640959101819,
    0.6799412706887347,
    0.65,
    0.65,
    0.6400943726122605,
    0.6401899503695498,
    0.6401900744260638,
    0.67,
    0.67,
    0.659930369571505,
    0.6599303695115007,
    0.6401899179516756,
    0.64,
    0.6400640867338929,
    0.6400640715960523,
    0.6400640688363528,
    0.6500999726922627,
    0.6500997748289866,
    0.6500997792477153,
    0.6800553321112752,
    0.6800554053156393,
    0.6800554053291682,
    0.6802192074066161,
    0.6802191686214115,
    0.6802192272483186,
    0.6799556917710717,
    0.6799630541871922,
    0.6801429593483456,
    0.6799278267803772,
    0.6799278265990739,
    0.6799806107610277,
    0.6698830672972843,
    0.6698830679007474,
    0.6798353690918747,
    0.6799190280521814,
    0.6799190279288814,
    0.6899997268745391,
    0.6699720236244948,
    0.62,
    0.6301804346593383,
    0.6301806474969976,
    0.6301803660767681,
    0.6799997564176341,
    0.6300280893023358,
    0.6301236145694851,
    0.6301237523584099,
    0.63,
    0.62,
    0.6599889743971478,
    0.6599889745034686,
    0.6400810533805662,
    0.6400810266540016,
    0.6599933730837858,
    0.68,
    0.64,
    0.61,
    0.5900791388829272,
    0.61,
    0.6299597989949749,
    0.6297932218594576,
    0.6298934279790293,
    0.6298934274922258,
    0.58,
    0.6199546276078833,
    0.61,
    0.6,
    0.5902511404595535,
    0.61,
    0.6301720051897985,
    0.6301719662655895,
    0.6301719912249921,
    0.6300443260553547,
    0.64,
    0.6368133410107504,
    0.61,
    0.58,
    0.6098820443072056,
    0.6,
    0.6098820433073091,
    0.5801048386782084,
    0.6,
    0.5900894663624634,
    0.63,
    0.6198525537257955,
    0.6198525538327343,
    0.6100687469766773,
    0.6199798096255904,
    0.6199798095645102,
    0.609966467111867,
    0.6099664688513826,
    0.5800289493508647,
    0.6001261351464987,
    0.6199620769799677,
    0.6199620769464428,
    0.6099956817651627,
    0.609995681566258,
    0.6199004223626466,
    0.619900421775064,
    0.6199400260756193,
    0.5801450609914186,
    0.6199676113360324,
    0.56,
    0.61,
    0.61,
    0.59,
    0.56,
    0.56,
    0.61986743993372,
    0.5800673321424894,
    0.6099029401569345,
    0.6099029407910747,
    0.6099029400274782,
    0.6199579635684259,
    0.56,
    0.6199943585051461,
    0.6199943595767717,
    0.590104619741978,
    0.5901046470387944,
    0.5901046084647612,
    0.6,
    0.6100990473598915,
    0.6101856143219208,
    0.5903051806103612,
    0.5903050326403733,
    0.6,
    0.58,
    0.6,
    0.59,
    0.5899976324573111,
    0.57,
    0.57,
    0.5699804006096164,
    0.56,
    0.5701339757661229,
    0.5700295654760811,
    0.5700295109673769,
    0.5700212163331089,
    0.5500000270232438,
    0.5698493042420367,
    0.5698493039187968,
    0.5600453486287196,
    0.5698778246904637,
    0.569877825037619,
    0.5500000078750003,
    0.55,
    0.55,
    0.58,
    0.5799437518974822,
    0.5799437523518373,
    0.589999717824995,
    0.5801788722052263,
    0.5801788811691414,
    0.580178901062073,
    0.589999717824995,
    0.587822874244087,
    0.5799514857489387,
    0.5799303037779534,
    0.5882287822878228,
    0.58,
    0.5701269751271686,
    0.5799998621781142,
    0.5698553045303457,
    0.5698553048615638,
    0.579999383748729,
    0.5699866548042705,
    0.5699343185550082,
    0.5699363732284641,
    0.5699359647300425,
    0.5699363732476631,
    0.58,
    0.5799994348694474,
    0.5501096652613501,
    0.5501096663902747,
    0.5501065303164347,
    0.550106541607347,
    0.5799997679989328,
    0.57,
    0.55,
    0.5299057534379013,
    0.5299057533294286,
    0.5298666662331591,
    0.5298666649116321,
    0.52998907774696,
    0.5299883236582559,
    0.529989077534387,
    0.5098666181488528,
    0.5098666192631599,
    0.5098666191235893,
    0.5299012095979087,
    0.5000553650004719,
    0.5299012104910773,
    0.5299012103869516,
    0.5000553736039659,
    0.500047923783757,
    0.5000479773695683,
    0.5299627239896663,
    0.5299627237412402,
    0.49012425245500285,
    0.4900082207941084,
    0.52996417604913,
    0.4800002496003794,
    0.49008985541088373,
    0.49008986087324163,
    0.52,
    0.49008990366861666,
    0.5,
    0.49,
    0.5000884466605001,
    0.49,
    0.49,
    0.5,
    0.48,
    0.4901028370245398,
    0.49010281654909293,
    0.5,
    0.48000072800262084,
    0.48,
    0.5,
    0.49008298009659873,
    0.4900829795694775,
    0.5192833864556101,
    0.49,
    0.49,
    0.49008260561571604,
    0.49008259279739413,
    0.4900826094745272,
    0.48991837732397187,
    0.4899183772825895,
    0.49,
    0.49,
    0.49,
    0.49,
    0.48004881034511604,
    0.480048761813039,
    0.4800487655042856,
    0.4700003710004823,
    0.47,
    0.47000335649774405,
    0.47000338113377665,
    0.4700033511651287,
    0.47012837095185755,
    0.49994938309997206,
    0.4701282557482719,
    0.4999493831036871,
    0.470128209897682,
    0.470067541086174,
    0.46,
    0.46,
    0.460000135000135,
    0.460000099692366,
    0.4600001530000842,
    0.46000021600011,
    0.48999991179995706,
    0.49994750547692857,
    0.49,
    0.48999984923069967,
    0.4899999684999795,
    0.48999984923069967,
    0.48999984923069967,
    0.48999991016660827,
    0.48999998218180263,
    0.48999991179995706,
    0.4899998621874526,
    0.4600000144000092,
    0.4600001530000842,
    0.460000099692366,
    0.4600000756774074,
    0.4900296931343043,
    0.49002970764068476,
    0.49994763255275104,
    0.4999476325550949,
    0.4999493873201918,
    0.4899254657447222,
    0.48992546534674086,
    0.48,
    0.47998585172608943,
    0.479985851665051,
    0.41,
    0.5,
    0.51,
    0.5,
    0.43,
    0.43,
    0.45,
    0.5099999612044342,
    0.4100004164719275,
    0.42,
    0.43,
    0.41000040644597086,
    0.41000003425807724,
    0.5,
    0.5,
    0.4998361193051459,
    0.4100001376670934,
    0.4100006781653367,
    0.42011000212761174,
    0.4201100206966051,
    0.4899003398197398,
    0.48990034065053456,
    0.4899003402123156,
    0.48989924381883765,
    0.4898992434379262,
    0.4955242966751918,
    0.4200472143010436,
    0.42004721995519645,
    0.4200472379185326,
    0.42990442054958183,
    0.43,
    0.4899378266454787,
    0.4899378261358195,
    0.48993782636021355,
    0.4300000950001425,
    0.4401007894516245,
    0.44010082041095744,
    0.44010075717551517,
    0.4997001798920648,
    0.46010532206540045,
    0.4601053200081836,
    0.46010536887252906,
    0.4401986215038506,
    0.49,
    0.41,
    0.4100940839071719,
    0.4100940943988015,
    0.48,
    0.49,
    0.49,
    0.45,
    0.49,
    0.49,
    0.3000004458652684,
    0.34,
    0.51,
    0.48999154292034025,
    0.48999154327169026,
    0.49,
    0.34,
    0.35,
    0.36,
    0.34,
    0.4899508597436021,
    0.4899508591065292,
    0.49,
    0.36,
    0.36,
    0.46,
    0.36,
    0.46,
    0.46,
    0.45,
    0.3400000158400012,
    0.47,
    0.46,
    0.45,
    0.45,
    0.45,
    0.46,
    0.37004520549845676,
    0.47,
    0.34,
    0.3600702100186395,
    0.35,
    0.46,
    0.44,
    0.3701013313273254,
    0.3701012921952711,
    0.35,
    0.35,
    0.48,
    0.4598797811396764,
    0.45987978116949424,
    0.4598227675528289,
    0.46,
    0.46,
    0.35,
    0.46,
    0.3400004620019866,
    0.46,
    0.3600797262198481,
    0.36007972993913906,
    0.36007978212504377,
    0.46,
    0.46,
    0.4599355503995875,
    0.459897016107737,
    0.41996965090662663,
    0.41996965097073896,
    0.4199696509498598,
    0.3500256994951811,
    0.35002566496820076,
    0.34,
    0.35005529108418626,
    0.350055327559238,
    0.3500552917127431,
    0.41,
    0.3500941638524479,
    0.31,
    0.3,
    0.31,
    0.30000000534351223,
    0.38,
    0.37,
    0.39002123030150415,
    0.5999828657081673,
    0.5843521747648766,
    0.3800795824073494,
    0.38007956219793365,
    0.3800795704162493,
    0.38000072333851725,
    0.37,
    0.38,
    0.37000023333411114,
    0.37,
    0.1,
    0.6799999003140463,
    0.05,
    0.05,
    0.05,
    0.6899991183246635,
    0.04
]
