[
    0.999,
    0.999,
    0.999,
    0.999,
    0.999,
    0.999,
    0.999,
    0.999,
    0.999,
    0.999,
    0.999,
    0.999,
    0.999,
    0.999,
    0.999,
    0.999,
    0.999,
    0.999,
    0.999,
    0.999,
    0.999,
    0.999,
    0.999,
    0.999,
    0.999,
    0.999,
    0.999,
    0.999,
    0.999,
    0.999,
    0.999,
    0.99,
    0.99,
    0.99,
    0.99,
    0.99,
    0.99,
    0.99,
    0.99,
    0.99,
    0.99,
    0.99,
    0.99,
    0.99,
    0.99,
    0.97,
    0.97,
    0.98,
    0.9772673204266913,
    0.94,
    0.95,
    0.94,
    0.9699999831652886,
    0.92,
    0.92,
    0.92,
    0.92,
    0.95,
    0.94,
    0.92,
    0.9,
    0.9,
    0.91,
    0.95,
    0.95,
    0.95,
    0.97,
    0.96,
    0.93,
    0.97,
    0.9327144,
    0.95,
    0.97,
    0.96,
    0.96,
    0.96,
    0.96,
    0.95,
    0.95,
    0.9699999994324159,
    0.95,
    0.95,
    0.93,
    0.94,
    0.88,
    0.89,
    0.91,
    0.9,
    0.94,
    0.9291195111942,
    0.9,
    0.9,
    0.9199994479992272,
    0.9199999889207963,
    0.91,
    0.9099999993039619,
    0.91,
    0.89,
    0.9,
    0.9099999915852004,
    0.9099999998747419,
    0.9199999999526663,
    0.9,
    0.91,
    0.91,
    0.93,
    0.93,
    0.93,
    0.93,
    0.91000000315532,
    0.9100000154800004,
    0.91,
    0.9100000081,
    0.91,
    0.91,
    0.92,
    0.91,
    0.9,
    0.9,
    0.91,
    0.9,
    0.9236246392932566,
    0.92,
    0.91,
    0.94,
    0.94,
    0.92999999628,
    0.94,
    0.87,
    0.86,
    0.84,
    0.85,
    0.8100000041574135,
    0.8499999696427498,
    0.8100000008740583,
    0.8499999999659433,
    0.85,
    0.8100000273600015,
    0.81,
    0.81,
    0.829999219799173,
    0.78,
    0.75,
    0.79,
    0.79,
    0.79,
    0.7,
    0.78,
    0.82,
    0.8,
    0.78,
    0.78,
    0.81,
    0.79,
    0.829999219799173,
    0.74,
    0.75,
    0.75,
    0.75,
    0.75,
    0.75,
    0.75,
    0.75,
    0.75,
    0.75,
    0.7599999087998286,
    0.7599999988155843,
    0.79,
    0.8,
    0.78,
    0.8,
    0.82,
    0.81,
    0.84,
    0.84,
    0.83,
    0.81,
    0.81,
    0.82,
    0.82,
    0.8299991699178219,
    0.83,
    0.84,
    0.84,
    0.85,
    0.85,
    0.85,
    0.88,
    0.86,
    0.86,
    0.8600000261333343,
    0.87,
    0.89,
    0.88,
    0.9,
    0.87,
    0.8700001014000223,
    0.88,
    0.85,
    0.86,
    0.8885371563322072,
    0.88,
    0.8600000038266666,
    0.8899999946599995,
    0.86,
    0.86,
    0.87,
    0.8899999109995639,
    0.87,
    0.87,
    0.87,
    0.8899999997196556,
    0.88,
    0.89,
    0.9,
    0.890152,
    0.87,
    0.87,
    0.84,
    0.834795628362566,
    0.82,
    0.83,
    0.8399999731199687,
    0.83,
    0.83,
    0.8498606965627107,
    0.87,
    0.82,
    0.83,
    0.81,
    0.88,
    0.88,
    0.88,
    0.86,
    0.84,
    0.85,
    0.8765027142952807,
    0.84,
    0.8399999557891852,
    0.84,
    0.8100000060800001,
    0.84,
    0.84,
    0.84,
    0.8399999966399984,
    0.8399999984827273,
    0.83,
    0.82,
    0.8100000119700005,
    0.81,
    0.82,
    0.8100000123603005,
    0.81,
    0.81,
    0.8199999835999839,
    0.8100000060800001,
    0.8100000430666713,
    0.82,
    0.819999999016,
    0.83,
    0.84,
    0.8299999086998274,
    0.8699999912999827,
    0.84,
    0.8100000061495762,
    0.83,
    0.77,
    0.7599999958658199,
    0.73,
    0.73,
    0.73,
    0.7200000412631626,
    0.72,
    0.7,
    0.69,
    0.69,
    0.69,
    0.69,
    0.69,
    0.6804145077720207,
    0.6900000164300008,
    0.6899997205498337,
    0.68,
    0.68,
    0.68,
    0.68,
    0.67,
    0.6,
    0.59,
    0.65,
    0.67,
    0.64,
    0.64,
    0.61,
    0.6,
    0.64,
    0.6,
    0.5900000031160001,
    0.5708989819890368,
    0.56,
    0.56,
    0.55,
    0.55,
    0.5300001222000904,
    0.54,
    0.53,
    0.54,
    0.55,
    0.53,
    0.56,
    0.54,
    0.5300000118075985,
    0.56,
    0.57,
    0.519999994925282,
    0.52,
    0.55,
    0.52,
    0.56,
    0.56,
    0.52,
    0.54,
    0.54,
    0.52,
    0.48,
    0.48,
    0.48,
    0.49,
    0.5,
    0.52,
    0.49,
    0.48,
    0.51,
    0.51,
    0.53,
    0.52,
    0.52,
    0.5634178465191869,
    0.52,
    0.52,
    0.52,
    0.52,
    0.52,
    0.52,
    0.52,
    0.52,
    0.53,
    0.55,
    0.54,
    0.56,
    0.56,
    0.58,
    0.57,
    0.65,
    0.65,
    0.65,
    0.65,
    0.65,
    0.62,
    0.65,
    0.62,
    0.6,
    0.6,
    0.6,
    0.6,
    0.5849056603773585,
    0.57,
    0.54,
    0.54,
    0.54,
    0.5400001150000288,
    0.54,
    0.52,
    0.53,
    0.53,
    0.46,
    0.46,
    0.49,
    0.46,
    0.46,
    0.46,
    0.44675,
    0.5,
    0.51,
    0.52,
    0.53,
    0.54,
    0.54,
    0.56,
    0.55,
    0.57,
    0.58,
    0.5899999931923074,
    0.57,
    0.57,
    0.56,
    0.57,
    0.56,
    0.56,
    0.57,
    0.56,
    0.56,
    0.57,
    0.56,
    0.58,
    0.55,
    0.54,
    0.54,
    0.54,
    0.54,
    0.51,
    0.52,
    0.49,
    0.5,
    0.52,
    0.52,
    0.52,
    0.52,
    0.47,
    0.52,
    0.47,
    0.47,
    0.52,
    0.48,
    0.52,
    0.53,
    0.48,
    0.49,
    0.52,
    0.53,
    0.52,
    0.52,
    0.44,
    0.4477960387694901,
    0.5106627906976744,
    0.45,
    0.44,
    0.49,
    0.48,
    0.45,
    0.5148514846387608,
    0.49,
    0.49,
    0.49,
    0.5,
    0.44,
    0.43,
    0.45,
    0.44,
    0.43,
    0.43,
    0.5,
    0.5,
    0.51,
    0.51,
    0.52,
    0.52,
    0.5,
    0.49,
    0.49,
    0.49,
    0.51,
    0.5,
    0.5067370689655173,
    0.5,
    0.51,
    0.51,
    0.53,
    0.54,
    0.54,
    0.53,
    0.54,
    0.5300000060146254,
    0.57,
    0.6,
    0.64,
    0.65,
    0.63,
    0.61,
    0.61,
    0.62,
    0.64,
    0.66,
    0.65,
    0.65,
    0.65,
    0.65,
    0.65,
    0.65,
    0.65,
    0.65,
    0.65,
    0.65,
    0.65,
    0.65,
    0.65,
    0.65,
    0.66,
    0.66,
    0.65,
    0.65,
    0.65,
    0.66,
    0.67,
    0.66,
    0.68,
    0.6964345338157202,
    0.67,
    0.6830555099297242,
    0.66,
    0.67,
    0.67,
    0.67,
    0.68,
    0.68,
    0.69,
    0.7,
    0.72,
    0.72,
    0.73,
    0.73,
    0.71,
    0.7,
    0.7,
    0.69,
    0.69,
    0.7,
    0.7,
    0.69,
    0.71,
    0.71,
    0.7,
    0.7076148409893993,
    0.7,
    0.7,
    0.69,
    0.71,
    0.7,
    0.7,
    0.7,
    0.72,
    0.72,
    0.75,
    0.72,
    0.69,
    0.7,
    0.72,
    0.72,
    0.73,
    0.72,
    0.71,
    0.72,
    0.6900000013034732,
    0.7,
    0.74,
    0.75,
    0.76,
    0.71,
    0.71,
    0.71,
    0.71,
    0.71,
    0.7,
    0.710000000805746,
    0.71,
    0.7,
    0.7,
    0.7,
    0.69,
    0.7,
    0.68,
    0.679999998368,
    0.68,
    0.68,
    0.6799998911999086,
    0.65,
    0.68,
    0.62,
    0.61,
    0.58,
    0.58,
    0.58,
    0.61,
    0.61,
    0.58,
    0.61,
    0.61,
    0.61,
    0.61,
    0.61,
    0.56,
    0.56,
    0.56,
    0.56,
    0.56,
    0.56,
    0.6,
    0.55,
    0.55,
    0.55,
    0.55,
    0.55,
    0.55,
    0.55,
    0.55,
    0.55,
    0.55,
    0.55,
    0.55,
    0.55,
    0.55,
    0.55,
    0.55,
    0.55,
    0.55,
    0.54,
    0.54,
    0.54,
    0.54,
    0.54,
    0.54,
    0.54,
    0.54,
    0.54,
    0.54,
    0.53,
    0.53,
    0.53,
    0.53,
    0.53,
    0.53,
    0.53,
    0.54,
    0.54,
    0.54,
    0.5499999947452227,
    0.56,
    0.5400000007929792,
    0.54,
    0.56,
    0.56,
    0.56,
    0.56,
    0.56,
    0.56,
    0.56,
    0.56,
    0.56,
    0.56,
    0.56,
    0.56,
    0.56,
    0.56,
    0.56,
    0.56,
    0.56,
    0.56,
    0.56,
    0.56,
    0.56,
    0.56,
    0.56,
    0.56,
    0.56,
    0.56,
    0.56,
    0.56,
    0.56,
    0.56,
    0.56,
    0.56,
    0.56,
    0.56,
    0.560000026837452,
    0.59,
    0.5899999997327414,
    0.59,
    0.56,
    0.56,
    0.56,
    0.56,
    0.56,
    0.56,
    0.58,
    0.5799999962838379,
    0.58,
    0.59,
    0.58,
    0.58,
    0.56,
    0.57,
    0.58,
    0.5799998230507815,
    0.56,
    0.5600000061837839,
    0.58,
    0.5600000024585912,
    0.58,
    0.5799999860799989,
    0.56,
    0.58,
    0.56,
    0.57,
    0.57,
    0.56,
    0.5699999984990125,
    0.5600000021120001,
    0.57,
    0.5600000002933333,
    0.560000000704,
    0.56,
    0.57,
    0.57,
    0.5699999960084031,
    0.57,
    0.5500000045000001,
    0.5500000016875001,
    0.5599999985066666,
    0.55,
    0.5500000375000094,
    0.57,
    0.56,
    0.56,
    0.5599999971999999,
    0.56,
    0.56,
    0.56,
    0.56,
    0.56,
    0.56,
    0.55,
    0.55,
    0.55,
    0.55,
    0.55,
    0.55,
    0.55,
    0.55,
    0.55,
    0.55,
    0.55,
    0.55,
    0.55,
    0.55,
    0.55,
    0.55,
    0.54,
    0.52,
    0.5,
    0.520000019200003,
    0.51,
    0.5,
    0.4900000064976776,
    0.46,
    0.46,
    0.45,
    0.44,
    0.45,
    0.44,
    0.51,
    0.45,
    0.44,
    0.44,
    0.44,
    0.44,
    0.45961797101449275,
    0.44,
    0.41000006268753253,
    0.45999999576799994,
    0.52,
    0.5044253333333333,
    0.5,
    0.52,
    0.5,
    0.5,
    0.48,
    0.5,
    0.5,
    0.5,
    0.5,
    0.52,
    0.51,
    0.52,
    0.52,
    0.5,
    0.52,
    0.5156502827316224,
    0.51,
    0.5,
    0.5,
    0.5099999961564449,
    0.51,
    0.49,
    0.49,
    0.5,
    0.5,
    0.5,
    0.5,
    0.5,
    0.5,
    0.5,
    0.49,
    0.49,
    0.5,
    0.5199999941948087,
    0.4834013605442177,
    0.47085,
    0.45,
    0.43,
    0.42,
    0.43999986196055696,
    0.43,
    0.4699999944356745,
    0.44,
    0.42,
    0.4803921191849243,
    0.47,
    0.47,
    0.47,
    0.47,
    0.47,
    0.48,
    0.47,
    0.51,
    0.51,
    0.51,
    0.51,
    0.51,
    0.51,
    0.52,
    0.53,
    0.51,
    0.51,
    0.52,
    0.53,
    0.5487852357553707,
    0.54,
    0.54,
    0.54,
    0.54,
    0.54,
    0.54,
    0.54,
    0.54,
    0.54,
    0.54,
    0.54,
    0.55,
    0.54,
    0.54,
    0.55,
    0.54,
    0.54,
    0.54,
    0.54,
    0.54,
    0.54,
    0.54,
    0.54,
    0.53,
    0.52,
    0.52,
    0.5,
    0.5,
    0.5,
    0.49,
    0.4700000036085107,
    0.54,
    0.54,
    0.54,
    0.51,
    0.51,
    0.51,
    0.51,
    0.52,
    0.52,
    0.51,
    0.51,
    0.51,
    0.51,
    0.51,
    0.52,
    0.51,
    0.52,
    0.52,
    0.51,
    0.52,
    0.51,
    0.51,
    0.4602,
    0.4772,
    0.48,
    0.49258640006894766,
    0.44,
    0.4590250630283257,
    0.42926828127067196,
    0.45969778780674536,
    0.45999988499997124,
    0.44230768039940743,
    0.4,
    0.42,
    0.4005534034311013,
    0.39,
    0.4,
    0.39,
    0.4,
    0.38105374077976817,
    0.38,
    0.38,
    0.37,
    0.38,
    0.3578296146044625,
    0.37964333333333333,
    0.33,
    0.36365851969741864,
    0.35859645348107505,
    0.37,
    0.37,
    0.37,
    0.37,
    0.37,
    0.34,
    0.34,
    0.36,
    0.34,
    0.3200000054400005,
    0.31,
    0.3100008970033189,
    0.31,
    0.34,
    0.32,
    0.33,
    0.33,
    0.31,
    0.32999999445599987,
    0.34,
    0.34,
    0.32000002321951704,
    0.32,
    0.32,
    0.32,
    0.32,
    0.32,
    0.32,
    0.33,
    0.32,
    0.32,
    0.33,
    0.32,
    0.27555555555555555,
    0.25,
    0.25,
    0.25,
    0.25,
    0.2400000000621995,
    0.25,
    0.240000000641511,
    0.26341458885187036,
    0.279999843199931,
    0.22,
    0.25,
    0.27,
    0.29,
    0.27,
    0.24,
    0.2700000003360339,
    0.31907407407407407,
    0.3,
    0.29,
    0.28,
    0.28,
    0.28,
    0.27,
    0.25,
    0.25,
    0.25,
    0.25,
    0.339,
    0.34,
    0.3333333333333333,
    0.31,
    0.2992063492063492,
    0.28,
    0.28,
    0.2800000002397436,
    0.2800000003456,
    0.2800001440004032,
    0.28,
    0.28,
    0.29,
    0.28,
    0.27000018980014046,
    0.27,
    0.28,
    0.2700000002119355,
    0.27,
    0.28004356653044865,
    0.28,
    0.2600000071040016,
    0.28,
    0.29000005680010904,
    0.29,
    0.29,
    0.28,
    0.28,
    0.29,
    0.27000000200825314,
    0.28,
    0.29,
    0.28,
    0.25,
    0.25,
    0.27,
    0.27,
    0.27,
    0.29850716260456966,
    0.2900000001990269,
    0.29665218571816454,
    0.29,
    0.29,
    0.3,
    0.29,
    0.28,
    0.31,
    0.31,
    0.31,
    0.28,
    0.28000000012342857,
    0.29943250605326877,
    0.3,
    0.2502258344271517,
    0.25,
    0.2512,
    0.25,
    0.25,
    0.25,
    0.25,
    0.25,
    0.23,
    0.22,
    0.22000000037738893,
    0.23,
    0.22,
    0.2,
    0.21279718693284935,
    0.25999833599400957,
    0.25,
    0.25,
    0.26,
    0.25,
    0.26,
    0.26,
    0.24000009120017146,
    0.257535,
    0.25,
    0.2700000584000148,
    0.25,
    0.25,
    0.22,
    0.22,
    0.22,
    0.19,
    0.19,
    0.19000000036257836,
    0.2,
    0.2,
    0.2,
    0.2,
    0.2,
    0.2,
    0.2,
    0.2,
    0.2,
    0.2,
    0.2,
    0.2,
    0.2,
    0.2,
    0.2,
    0.2,
    0.19,
    0.19,
    0.19,
    0.2,
    0.20915382907075294,
    0.18,
    0.17,
    0.15,
    0.16,
    0.14,
    0.14,
    0.17,
    0.17,
    0.17,
    0.14,
    0.15615384615384614,
    0.14,
    0.12,
    0.12,
    0.12000000706118633,
    0.14,
    0.12,
    0.13000001984791207,
    0.1300000000131848,
    0.14,
    0.1300000041428573,
    0.13,
    0.13,
    0.14000000086000025,
    0.14,
    0.14000000048764352,
    0.14,
    0.12,
    0.12,
    0.13,
    0.13,
    0.13,
    0.13,
    0.13,
    0.13,
    0.13,
    0.13000000121800007,
    0.13,
    0.14,
    0.14,
    0.13000011686687693,
    0.13,
    0.1299989989976977,
    0.13,
    0.12,
    0.13,
    0.12,
    0.13,
    0.12000003520017459,
    0.12,
    0.12,
    0.12,
    0.12000001408000541,
    0.12,
    0.12,
    0.120000000189144,
    0.1399997815999039,
    0.13,
    0.13,
    0.13,
    0.13,
    0.13,
    0.13,
    0.13,
    0.13,
    0.11,
    0.13,
    0.12933333333333333,
    0.13,
    0.13,
    0.13,
    0.11,
    0.11,
    0.11,
    0.11,
    0.11,
    0.11,
    0.11,
    0.11,
    0.11,
    0.12,
    0.1,
    0.12,
    0.1,
    0.1,
    0.12,
    0.12,
    0.1,
    0.1,
    0.1,
    0.1,
    0.1,
    0.1,
    0.1,
    0.1,
    0.1,
    0.1,
    0.1,
    0.11999997479999899,
    0.1,
    0.1,
    0.1,
    0.1,
    0.11,
    0.1,
    0.1,
    0.1,
    0.1,
    0.1,
    0.1,
    0.1,
    0.1,
    0.1,
    0.1,
    0.10999995214999689,
    0.1,
    0.1,
    0.11,
    0.11999989919998387,
    0.1,
    0.11,
    0.11000000004558959,
    0.11,
    0.11,
    0.11000000044500002,
    0.1100000890004361,
    0.11000000178000059,
    0.11000000044500002,
    0.11000000151877148,
    0.11,
    0.11,
    0.11,
    0.1100000539396631,
    0.1100000890004361,
    0.12,
    0.11,
    0.12,
    0.11,
    0.11,
    0.11,
    0.11,
    0.11,
    0.11,
    0.11000000392943564,
    0.12,
    0.12,
    0.11,
    0.11000000890000627,
    0.1100000020766668,
    0.11999989919998387,
    0.12,
    0.11999998991999984,
    0.11000000404545636,
    0.1100000190715099,
    0.11000023733801681,
    0.11000000320400076,
    0.11000000044500002,
    0.11,
    0.1100000021411401,
    0.11,
    0.11000001424001402,
    0.1100000890004361,
    0.12,
    0.1,
    0.1,
    0.11,
    0.11000001424001402,
    0.11000004854549603,
    0.11,
    0.11000001676083462,
    0.110000003982106,
    0.11000000679389826,
    0.11000001151358776,
    0.1100000033969467,
    0.1,
    0.1,
    0.1,
    0.1,
    0.11,
    0.10999999906054053,
    0.1,
    0.1,
    0.1,
    0.1,
    0.1,
    0.1,
    0.1,
    0.1,
    0.1,
    0.1,
    0.11,
    0.11,
    0.11,
    0.1,
    0.1,
    0.1,
    0.1,
    0.1,
    0.1,
    0.10999990319998838,
    0.1,
    0.1,
    0.1,
    0.10999990319998838,
    0.1,
    0.1,
    0.11,
    0.1,
    0.11,
    0.11,
    0.10999995214999689,
    0.11,
    0.11,
    0.1,
    0.10999999559999996,
    0.11,
    0.11,
    0.11,
    0.10999815199408638,
    0.11,
    0.11,
    0.11,
    0.1,
    0.11,
    0.11,
    0.1,
    0.1099999993980456,
    0.1,
    0.1,
    0.1,
    0.1,
    0.11,
    0.1,
    0.1,
    0.1,
    0.1,
    0.1,
    0.1,
    0.1,
    0.1,
    0.1,
    0.1,
    0.1,
    0.1,
    0.1,
    0.1,
    0.1,
    0.1,
    0.1,
    0.1,
    0.1,
    0.1,
    0.11,
    0.1,
    0.1,
    0.10999999946328207,
    0.1,
    0.11,
    0.11,
    0.11000000320400076,
    0.11000000329020351,
    0.11999999314285704,
    0.1,
    0.1,
    0.1,
    0.12,
    0.1100000890004361,
    0.11,
    0.11,
    0.1,
    0.11,
    0.11000002002500456,
    0.11,
    0.11,
    0.11000000494837327,
    0.11000007739398958,
    0.11,
    0.11000000044500002,
    0.11000023074666324,
    0.11000000254285731,
    0.11000000429692343,
    0.11000007739398958,
    0.11,
    0.11,
    0.11,
    0.11,
    0.11,
    0.11,
    0.11999998991999984,
    0.1100000007404331,
    0.11,
    0.11000000044500002,
    0.11000000445636686,
    0.11999989919998387,
    0.11000000044500002,
    0.11000000596426175,
    0.1100000267000437,
    0.11000017800245643,
    0.12,
    0.12,
    0.11,
    0.1,
    0.1,
    0.1,
    0.10999999138059689,
    0.1,
    0.11,
    0.11,
    0.11,
    0.1100000890004361,
    0.1100000053400005,
    0.11000000284800159,
    0.1100000053400005,
    0.1100000070023647,
    0.1100002472249005,
    0.11,
    0.1100000053400005,
    0.11000023733801681,
    0.11000000542682965,
    0.11000013906465116,
    0.11999998991999984,
    0.11000003890725095,
    0.1100000007337183,
    0.11,
    0.11,
    0.11,
    0.12,
    0.11000007739398958,
    0.1212145,
    0.11000000645967893,
    0.1100000012811902,
    0.12,
    0.11000012276114364,
    0.1100000267000437,
    0.11000004450002003,
    0.12,
    0.11,
    0.11,
    0.1100000053400005,
    0.11000023733801681,
    0.11000000096060474,
    0.1100000890004361,
    0.11000001299276693,
    0.1100000030859921,
    0.11,
    0.12,
    0.11000000105575339,
    0.11000000156782186,
    0.11,
    0.1100000890004361,
    0.11000000511200662,
    0.11000000404545636,
    0.11000000575586277,
    0.11,
    0.11999970352927225,
    0.11000000254285731,
    0.11000000347430237,
    0.11,
    0.11,
    0.11000000247497246,
    0.11,
    0.11,
    0.11,
    0.11,
    0.11,
    0.11,
    0.11000000159848873,
    0.1199999871829102,
    0.11000001589297038,
    0.11,
    0.11000000196793873,
    0.11000001186666848,
    0.11999989919998387,
    0.11000001977812895,
    0.11000000626270764,
    0.11000004450002003,
    0.11,
    0.11000000322230453,
    0.11000004450002003,
    0.11,
    0.11000000680948889,
    0.11,
    0.11999999807999999,
    0.11000000116951418,
    0.11,
    0.11000000014716778,
    0.11,
    0.11000000917526499,
    0.11000004450002003,
    0.11,
    0.1100000016687501,
    0.11,
    0.11000001428757167,
    0.11000000180490786,
    0.11999998079999923,
    0.11000000370833363,
    0.11000000320400076,
    0.11000001424001402,
    0.11,
    0.12,
    0.12,
    0.1100000053400005,
    0.12,
    0.11000000010915557,
    0.11,
    0.12,
    0.11,
    0.11,
    0.11,
    0.11000000098888894,
    0.1100000890004361,
    0.11000001424001402,
    0.1100000016687501,
    0.1100000053400005,
    0.12,
    0.1100000053400005,
    0.11,
    0.11,
    0.12,
    0.11,
    0.11,
    0.11000000890000627,
    0.12,
    0.1100000890004361,
    0.11000016394863255,
    0.11000000476786308,
    0.12,
    0.12000001005714848,
    0.14,
    0.14,
    0.12,
    0.11000000039885753,
    0.12,
    0.12,
    0.12,
    0.12000000029333334,
    0.12000003520017459,
    0.13999988239998118,
    0.13,
    0.11000000055399946,
    0.13999999113333317,
    0.13,
    0.13,
    0.11000001186666848,
    0.11000004450002003,
    0.11000004854549603,
    0.1100000890004361,
    0.11000000404545636,
    0.11,
    0.11000002002500456,
    0.1100000890004361,
    0.12000003520017459,
    0.12000003520017459,
    0.12000000035200002,
    0.13,
    0.12000003520017459,
    0.12,
    0.12,
    0.12,
    0.12,
    0.16,
    0.12000000352000104,
    0.12000003520017459,
    0.12000001408000541,
    0.12000001408000541,
    0.12000003520017459,
    0.16999988609996242,
    0.12,
    0.11000001424001402,
    0.11000001424001402,
    0.11,
    0.1389059706828745,
    0.11,
    0.11,
    0.1,
    0.1,
    0.1,
    0.1,
    0.1,
    0.1,
    0.10999999130999982,
    0.1,
    0.1,
    0.11,
    0.1,
    0.1,
    0.1,
    0.1,
    0.1,
    0.1,
    0.1,
    0.1,
    0.1,
    0.1,
    0.1,
    0.1,
    0.1,
    0.11,
    0.09,
    0.0900000260002964,
    0.09000000182364912,
    0.1,
    0.1,
    0.11,
    0.11000001977812895,
    0.11,
    0.11000053402638091,
    0.11000000386956621,
    0.1100002472249005,
    0.1100001525731461,
    0.11,
    0.11000000044500002,
    0.12,
    0.12,
    0.12,
    0.12999989859997768,
    0.11,
    0.1100000890004361,
    0.12,
    0.11000035601124995,
    0.1100001525731461,
    0.1100000053400005,
    0.11000017365934982,
    0.1100000370838726,
    0.11000017042840018,
    0.11000013906465116,
    0.11,
    0.11,
    0.1,
    0.10999990319998838,
    0.1,
    0.1,
    0.10999990319998838,
    0.1,
    0.1,
    0.1,
    0.1,
    0.1,
    0.1,
    0.1,
    0.1,
    0.1099991309981751,
    0.1,
    0.11,
    0.1,
    0.1,
    0.1,
    0.12,
    0.1100002472249005,
    0.14,
    0.1100004450081214,
    0.1100000890004361,
    0.11000002002500456,
    0.11,
    0.11000000404545636,
    0.11,
    0.11000002002500456,
    0.13000048937778333,
    0.1300000019575002,
    0.13000000386666752,
    0.14004190020110843,
    0.14004190003916378,
    0.13000034800160082,
    0.13000000870001732,
    0.16989006726932707,
    0.1698900439560025,
    0.1698901038051191,
    0.17,
    0.17,
    0.18002762451237286,
    0.18002762721777438,
    0.18002762438938227,
    0.1800389105899494,
    0.17000000221333347,
    0.180044096139383,
    0.15000000425000104,
    0.2,
    0.19,
    0.1900000450002475,
    0.37999977797740836,
    0.3699997939771533,
    0.17000002428193356,
    0.18000009111160717,
    0.18000002946111207,
    0.1800000130677445,
    0.1800000377012777,
    0.1800003784700977,
    0.09,
    0.08,
    0.05,
    0.4399995938457477,
    0.05,
    0.04,
    0.05,
    0.03,
    0.439999673142633
]
