[
    0.999,
    0.999,
    0.999,
    0.999,
    0.999,
    0.999,
    0.999,
    0.999,
    0.999,
    0.999,
    0.999,
    0.999,
    0.999,
    0.999,
    0.999,
    0.999,
    0.999,
    0.999,
    0.999,
    0.999,
    0.999,
    0.999,
    0.999,
    0.999,
    0.999,
    0.999,
    0.999,
    0.999,
    0.999,
    0.999,
    0.999,
    0.999,
    0.999,
    0.99,
    0.99,
    0.9989999999743583,
    0.99,
    0.99,
    0.999,
    0.99,
    0.999,
    0.999,
    0.99,
    0.99,
    0.999,
    0.999,
    0.99,
    0.99,
    0.99,
    0.99,
    0.99,
    0.99,
    0.99,
    0.99,
    0.99,
    0.99,
    0.99,
    0.99,
    0.99,
    0.99,
    0.99,
    0.99,
    0.99,
    0.99,
    0.99,
    0.99,
    0.99,
    0.99,
    0.99,
    0.99,
    0.99,
    0.99,
    0.99,
    0.99,
    0.99,
    0.9869790336379304,
    0.98,
    0.95,
    0.94999999886,
    0.9499999988125,
    0.9480406004561712,
    0.9499999992611987,
    0.92,
    0.94,
    0.92,
    0.9399999864639996,
    0.92,
    0.9399999999624,
    0.9499999819658296,
    0.9499999714999952,
    0.9499999971498575,
    0.9399993733318521,
    0.94,
    0.94,
    0.9499999714999952,
    0.95,
    0.94,
    0.94,
    0.94,
    0.94,
    0.95,
    0.9400000515887889,
    0.9430162547408749,
    0.93,
    0.9399997555998192,
    0.9450524197642265,
    0.9300005663642027,
    0.9381237521017844,
    0.93,
    0.93,
    0.93,
    0.918,
    0.83,
    0.84,
    0.86,
    0.88,
    0.84,
    0.84,
    0.9499999949061659,
    0.9591572474086373,
    0.9699999980599977,
    0.95,
    0.974639480711877,
    0.95,
    0.933333330222222,
    0.61,
    0.6,
    0.85,
    0.99,
    0.8500000184698744,
    0.85,
    0.850000100446451,
    0.8499999787499984,
    0.85,
    0.9399999981199973,
    0.95,
    0.95,
    0.95,
    0.949725791433892,
    0.96,
    0.942649269687043,
    0.82,
    0.82,
    0.9699999998059999,
    0.8899999946599995,
    0.8499999953854501,
    0.7,
    0.667889898500126,
    0.65,
    0.4100000130846784,
    0.6,
    0.5899999807189518,
    0.5899997049996012,
    0.5899999920476928,
    0.32,
    0.32000000954218655,
    0.5399999902799992,
    0.46,
    0.3,
    0.47000000636000017,
    0.3,
    0.3,
    0.5399999749285681,
    0.30000000053846154,
    0.27999997199999815,
    0.2999999982,
    0.26,
    0.2999999924999998,
    0.3,
    0.2600000407000181,
    0.3,
    0.2999999924999998,
    0.26,
    0.26,
    0.3599999759999976,
    0.3,
    0.3,
    0.3,
    0.3,
    0.3,
    0.3,
    0.3,
    0.3799999950599998,
    0.37999998327999907,
    0.32,
    0.3000000002454738,
    0.3699999956006559,
    0.43999996479999576,
    0.5,
    0.53,
    0.5,
    0.54,
    0.5899999982932191,
    0.59,
    0.59,
    0.59,
    0.63,
    0.59,
    0.6,
    0.64,
    0.5900000553500202,
    0.6,
    0.6099999993899999,
    0.6,
    0.6,
    0.6,
    0.61,
    0.62,
    0.67,
    0.67,
    0.6900000137777784,
    0.67,
    0.6599998943999641,
    0.6300000208870989,
    0.69,
    0.6900000021151386,
    0.7299999758962216,
    0.68,
    0.7,
    0.68,
    0.75,
    0.75,
    0.75,
    0.77,
    0.79,
    0.8099998925507057,
    0.8,
    0.82,
    0.82,
    0.84,
    0.8399999949599988,
    0.8399999699999475,
    0.84,
    0.86,
    0.8299999966799987,
    0.87,
    0.8699999956991522,
    0.85,
    0.8500000112500002,
    0.86,
    0.85,
    0.85,
    0.85,
    0.85,
    0.87,
    0.86,
    0.86,
    0.8600000311786666,
    0.86,
    0.869999996892856,
    0.87,
    0.87,
    0.86,
    0.88,
    0.860000021280001,
    0.8600000112000002,
    0.8600000112000002,
    0.85,
    0.85,
    0.88,
    0.87,
    0.87,
    0.86,
    0.8881526418980661,
    0.87,
    0.88,
    0.85,
    0.87,
    0.86,
    0.89,
    0.88,
    0.86,
    0.86,
    0.889999999555,
    0.86,
    0.8599999996559999,
    0.85,
    0.8387812968325048,
    0.8299999966799987,
    0.836614118881312,
    0.8299999945589986,
    0.81,
    0.81,
    0.79,
    0.7600001440000576,
    0.75,
    0.73,
    0.6903742795119395,
    0.7299999951691166,
    0.6899999520463168,
    0.6999999698275615,
    0.7,
    0.69,
    0.68,
    0.6955014962323988,
    0.6999999929999994,
    0.68,
    0.68,
    0.71,
    0.71,
    0.7,
    0.660000044625008,
    0.66,
    0.74,
    0.73,
    0.76,
    0.73,
    0.73,
    0.71,
    0.71,
    0.71,
    0.71,
    0.69,
    0.7,
    0.69,
    0.68,
    0.69,
    0.6899999852867618,
    0.6999234782608695,
    0.67,
    0.6899999675717862,
    0.69,
    0.69,
    0.69,
    0.7,
    0.6900000569944168,
    0.709999998012,
    0.7099999973605938,
    0.7,
    0.69,
    0.69,
    0.7,
    0.7,
    0.71,
    0.7,
    0.6999999719999955,
    0.7000000576923188,
    0.72,
    0.72,
    0.72,
    0.72,
    0.72,
    0.75,
    0.78,
    0.78,
    0.78,
    0.78,
    0.780000039809526,
    0.79,
    0.78,
    0.78,
    0.79,
    0.78,
    0.79,
    0.79,
    0.79,
    0.78,
    0.79,
    0.78,
    0.79,
    0.7899999490322065,
    0.780000039809526,
    0.79,
    0.79,
    0.79,
    0.79,
    0.79,
    0.8099999678571314,
    0.83,
    0.82,
    0.84,
    0.84,
    0.83,
    0.83,
    0.87,
    0.84,
    0.84,
    0.85,
    0.85,
    0.85,
    0.86,
    0.86,
    0.86,
    0.86,
    0.84,
    0.84,
    0.859999535599322,
    0.87,
    0.87,
    0.87,
    0.87,
    0.87,
    0.87,
    0.8300000129200004,
    0.8200000371030668,
    0.84,
    0.79,
    0.79,
    0.79,
    0.77,
    0.79,
    0.77,
    0.77,
    0.75,
    0.75,
    0.75,
    0.75,
    0.76,
    0.76,
    0.76,
    0.77,
    0.8,
    0.8,
    0.8,
    0.8,
    0.819999647399799,
    0.82,
    0.82,
    0.82,
    0.82,
    0.82,
    0.82,
    0.83,
    0.82,
    0.8499994474992542,
    0.8499999863999996,
    0.84,
    0.83,
    0.8300000569408307,
    0.83,
    0.84,
    0.8599999907026776,
    0.85,
    0.869999997785747,
    0.87,
    0.86,
    0.88,
    0.88,
    0.89,
    0.9099999338180061,
    0.9099999952105238,
    0.9099999932592343,
    0.909999999224046,
    0.9099999952105238,
    0.9099999926216197,
    0.9099999762608083,
    0.9099999854399536,
    0.91,
    0.8899999946599995,
    0.8899999732999563,
    0.89,
    0.8899999888749909,
    0.889999940666552,
    0.8800000100800002,
    0.9,
    0.9,
    0.88,
    0.89,
    0.9,
    0.9,
    0.9,
    0.89,
    0.9043334462016874,
    0.8999999926844136,
    0.92,
    0.92,
    0.91,
    0.9,
    0.91,
    0.9,
    0.898878357915989,
    0.8816341728186586,
    0.89,
    0.9,
    0.9,
    0.8900000086900002,
    0.9,
    0.87,
    0.87,
    0.89,
    0.88,
    0.86,
    0.88,
    0.86,
    0.85,
    0.88,
    0.8799999993001987,
    0.8600000004393942,
    0.87,
    0.87,
    0.88,
    0.889999999555,
    0.89,
    0.87,
    0.89,
    0.89,
    0.87,
    0.8700000533000048,
    0.86,
    0.87,
    0.86,
    0.82,
    0.82,
    0.82,
    0.8,
    0.8,
    0.77,
    0.77,
    0.7600000816000131,
    0.7699999969199998,
    0.75,
    0.75,
    0.75,
    0.69000001627685,
    0.69,
    0.76,
    0.73,
    0.7650085714285715,
    0.7599999695999891,
    0.73,
    0.7300000079411767,
    0.75,
    0.7400000353600023,
    0.72,
    0.75,
    0.74,
    0.74,
    0.7399999688420984,
    0.7312,
    0.74,
    0.75,
    0.74,
    0.74,
    0.74,
    0.77,
    0.75,
    0.75,
    0.75,
    0.75,
    0.75,
    0.76,
    0.76,
    0.76,
    0.74,
    0.74,
    0.74,
    0.75,
    0.74,
    0.76,
    0.76,
    0.76,
    0.75999999848,
    0.7599993311992509,
    0.76,
    0.7699951842308609,
    0.72,
    0.7000000050101735,
    0.73,
    0.7300001458000671,
    0.73,
    0.73,
    0.7399998342399488,
    0.74,
    0.73,
    0.73,
    0.723755,
    0.72,
    0.72,
    0.71,
    0.72,
    0.7100000359600027,
    0.72,
    0.72,
    0.71,
    0.72,
    0.7,
    0.7,
    0.7,
    0.6900000152753627,
    0.7,
    0.7,
    0.69,
    0.7,
    0.7,
    0.7,
    0.65,
    0.63,
    0.63,
    0.63,
    0.63,
    0.59,
    0.59,
    0.59,
    0.5900000140170952,
    0.590000010989691,
    0.6,
    0.6,
    0.59,
    0.57,
    0.5600000158762901,
    0.6099999926799997,
    0.59,
    0.6,
    0.5800000168000027,
    0.5600000264000017,
    0.5700001021547283,
    0.6199999651249911,
    0.64,
    0.64,
    0.64,
    0.64,
    0.63,
    0.63,
    0.63,
    0.6299999865548775,
    0.63,
    0.63,
    0.6499999959793813,
    0.5599999775999964,
    0.55,
    0.5500000171195665,
    0.55,
    0.56,
    0.56,
    0.56,
    0.56,
    0.56,
    0.56,
    0.56,
    0.56,
    0.56,
    0.56,
    0.56,
    0.56,
    0.56,
    0.56,
    0.56,
    0.57,
    0.58,
    0.58,
    0.6199999448888763,
    0.6100000121216229,
    0.6,
    0.6,
    0.61,
    0.61,
    0.61,
    0.6,
    0.6,
    0.61,
    0.61,
    0.61,
    0.65,
    0.6596624010466283,
    0.65,
    0.66,
    0.66,
    0.66,
    0.66,
    0.66,
    0.66,
    0.6599999408954924,
    0.66,
    0.66,
    0.67,
    0.67,
    0.66,
    0.67,
    0.66,
    0.6699999842352852,
    0.66,
    0.6400008228611396,
    0.67,
    0.67,
    0.68,
    0.68,
    0.69,
    0.69,
    0.69,
    0.69,
    0.69,
    0.67,
    0.67,
    0.67,
    0.67,
    0.66,
    0.67,
    0.67,
    0.67,
    0.67,
    0.67,
    0.67,
    0.67,
    0.67,
    0.67,
    0.67,
    0.67,
    0.67,
    0.67,
    0.67,
    0.67,
    0.67,
    0.67,
    0.67,
    0.67,
    0.67,
    0.67,
    0.67,
    0.67,
    0.67,
    0.67,
    0.67,
    0.67,
    0.67,
    0.67,
    0.67,
    0.66,
    0.67,
    0.67,
    0.67,
    0.67,
    0.67,
    0.67,
    0.65,
    0.65,
    0.67,
    0.67,
    0.67,
    0.67,
    0.67,
    0.67,
    0.67,
    0.67,
    0.67,
    0.67,
    0.67,
    0.67,
    0.67,
    0.67,
    0.6699999842352852,
    0.68,
    0.67,
    0.67,
    0.67,
    0.67,
    0.67,
    0.67,
    0.67,
    0.67,
    0.67,
    0.67,
    0.67,
    0.67,
    0.709999998012,
    0.71,
    0.7299996349965324,
    0.72,
    0.71,
    0.72,
    0.72,
    0.73,
    0.729999987589999,
    0.7222340394220232,
    0.7100001133974643,
    0.71,
    0.7199995391993733,
    0.7100001334000721,
    0.7100000365952422,
    0.71,
    0.710000003519682,
    0.72,
    0.72,
    0.7,
    0.6900000164300008,
    0.68,
    0.6899999719185976,
    0.689999996826,
    0.6899999917199968,
    0.67,
    0.6699999842352852,
    0.68,
    0.68,
    0.68,
    0.68,
    0.68,
    0.6600000088400002,
    0.68,
    0.64,
    0.64,
    0.64,
    0.64,
    0.64,
    0.64,
    0.64,
    0.64,
    0.64,
    0.64,
    0.64,
    0.64,
    0.64,
    0.64,
    0.64,
    0.64,
    0.64,
    0.64,
    0.64,
    0.64,
    0.64,
    0.64,
    0.64,
    0.64,
    0.64,
    0.64,
    0.64,
    0.64,
    0.64,
    0.64,
    0.64,
    0.63,
    0.63,
    0.63,
    0.63,
    0.63,
    0.63,
    0.63,
    0.63,
    0.63,
    0.63,
    0.63,
    0.63,
    0.63,
    0.63,
    0.63,
    0.63,
    0.61,
    0.61,
    0.61,
    0.5843137254901961,
    0.57,
    0.57,
    0.6,
    0.6,
    0.6,
    0.6,
    0.61,
    0.61,
    0.6100000250209224,
    0.62,
    0.62,
    0.64,
    0.64,
    0.64,
    0.7,
    0.7,
    0.71,
    0.7321476038424143,
    0.71,
    0.7,
    0.7,
    0.71,
    0.7,
    0.7,
    0.68,
    0.6856,
    0.7,
    0.7,
    0.7,
    0.68,
    0.68,
    0.67,
    0.68,
    0.66,
    0.66,
    0.66,
    0.66,
    0.66,
    0.66,
    0.66,
    0.66,
    0.66,
    0.67,
    0.66,
    0.69,
    0.66,
    0.69,
    0.66,
    0.6600000340000021,
    0.69,
    0.681,
    0.66,
    0.66,
    0.66,
    0.7,
    0.7,
    0.69,
    0.69,
    0.67,
    0.66,
    0.69,
    0.69,
    0.69,
    0.69,
    0.69,
    0.7000000241935503,
    0.69,
    0.69,
    0.69,
    0.67,
    0.68,
    0.6899999514084267,
    0.69,
    0.71,
    0.69,
    0.71,
    0.72,
    0.7619135592426092,
    0.74,
    0.71,
    0.73,
    0.73,
    0.74,
    0.74,
    0.7100015660072037,
    0.72,
    0.7199999610810516,
    0.72,
    0.74,
    0.74,
    0.74,
    0.74,
    0.74,
    0.74,
    0.74,
    0.74,
    0.74,
    0.74,
    0.7399999457333192,
    0.7300000045314686,
    0.74,
    0.74,
    0.74,
    0.75,
    0.74,
    0.74,
    0.74,
    0.74,
    0.74,
    0.74,
    0.74,
    0.74,
    0.73,
    0.74,
    0.7484345997172687,
    0.73,
    0.73,
    0.74,
    0.73,
    0.7399999984156296,
    0.75,
    0.75,
    0.75,
    0.75,
    0.72,
    0.71,
    0.7,
    0.7005405750798722,
    0.7,
    0.6999999719999955,
    0.7,
    0.7,
    0.6999999929999994,
    0.7,
    0.6892307692307692,
    0.67,
    0.67,
    0.6599999735999935,
    0.6300000158798299,
    0.63,
    0.6668830288774014,
    0.67,
    0.67,
    0.6999999929999994,
    0.7,
    0.670000217800074,
    0.7,
    0.7,
    0.7,
    0.6999999929999994,
    0.69,
    0.68,
    0.6799999727999957,
    0.66,
    0.6300001369000863,
    0.6499999593749923,
    0.6499999999674958,
    0.6599999953799998,
    0.659999997624,
    0.66,
    0.66,
    0.6899999855749124,
    0.66,
    0.66,
    0.66,
    0.6600000034871795,
    0.66,
    0.64,
    0.63,
    0.64,
    0.64,
    0.63,
    0.63,
    0.600272,
    0.6,
    0.6,
    0.6100001521000927,
    0.62,
    0.6,
    0.59,
    0.59,
    0.57,
    0.59,
    0.59,
    0.58,
    0.58,
    0.58,
    0.58,
    0.58,
    0.58,
    0.58,
    0.58,
    0.59,
    0.59,
    0.58,
    0.58,
    0.540136,
    0.5457477871019657,
    0.5499999587499927,
    0.55,
    0.57,
    0.57,
    0.57,
    0.54,
    0.54,
    0.54,
    0.53,
    0.55,
    0.55,
    0.54,
    0.54,
    0.54,
    0.54,
    0.54,
    0.54,
    0.54,
    0.54,
    0.54,
    0.54,
    0.54,
    0.54,
    0.54,
    0.54,
    0.54,
    0.56,
    0.55,
    0.55,
    0.56,
    0.57,
    0.57,
    0.57,
    0.54,
    0.54,
    0.57,
    0.56,
    0.5799999986511627,
    0.54,
    0.57,
    0.57,
    0.55,
    0.54,
    0.57,
    0.57,
    0.5799999860799989,
    0.57,
    0.57,
    0.57,
    0.58,
    0.6,
    0.58,
    0.5700001720001032,
    0.57,
    0.57,
    0.57,
    0.58,
    0.58,
    0.58,
    0.6,
    0.58,
    0.5800001764001023,
    0.58,
    0.58,
    0.6099999965485408,
    0.59,
    0.59,
    0.59,
    0.5900000553500202,
    0.6067743838485001,
    0.5700001720001032,
    0.58,
    0.5700006496232185,
    0.6,
    0.5920663114268798,
    0.57,
    0.57,
    0.58,
    0.58,
    0.58,
    0.58,
    0.58,
    0.5899999697148247,
    0.55,
    0.56,
    0.55,
    0.55,
    0.56,
    0.5599999775999964,
    0.55,
    0.55,
    0.56,
    0.56,
    0.6,
    0.6,
    0.6,
    0.608839590443686,
    0.62,
    0.62,
    0.6332733699438805,
    0.64,
    0.6299999806604639,
    0.6,
    0.63,
    0.64,
    0.64,
    0.64,
    0.630000001961,
    0.64,
    0.64,
    0.6,
    0.6,
    0.6,
    0.6,
    0.6,
    0.62,
    0.62,
    0.63,
    0.64,
    0.66,
    0.64,
    0.64,
    0.64,
    0.64,
    0.65,
    0.63,
    0.63,
    0.64,
    0.64,
    0.6400000280389447,
    0.64,
    0.64,
    0.65,
    0.64,
    0.6599999408954924,
    0.65,
    0.65,
    0.67,
    0.6746153846153846,
    0.65,
    0.66,
    0.66,
    0.68,
    0.6600000276250021,
    0.6799999844571343,
    0.7,
    0.7,
    0.7,
    0.69,
    0.67,
    0.67,
    0.66,
    0.67,
    0.6699999996506272,
    0.68,
    0.66,
    0.69,
    0.69,
    0.69,
    0.69,
    0.69,
    0.69,
    0.7,
    0.69,
    0.7,
    0.6900000014655704,
    0.69,
    0.71,
    0.69,
    0.7,
    0.69,
    0.68,
    0.7,
    0.69,
    0.68,
    0.68,
    0.68,
    0.68,
    0.6599998108656129,
    0.66,
    0.65,
    0.65,
    0.68,
    0.66,
    0.6500001225000797,
    0.66,
    0.67,
    0.659999997624,
    0.6599999408954924,
    0.65,
    0.66,
    0.67,
    0.6400006240009984,
    0.6400000064832418,
    0.6400000129600009,
    0.7,
    0.7,
    0.71,
    0.7,
    0.71,
    0.7,
    0.7,
    0.7,
    0.7,
    0.64,
    0.64,
    0.63,
    0.64,
    0.66,
    0.65,
    0.6400000129600009,
    0.6889665492752634,
    0.67,
    0.64,
    0.66,
    0.6200000206285733,
    0.65,
    0.65,
    0.67,
    0.66,
    0.67,
    0.59,
    0.65,
    0.6,
    0.669999999036875,
    0.67,
    0.6699999971859999,
    0.67,
    0.6500002560976859,
    0.66,
    0.67,
    0.67,
    0.65,
    0.67,
    0.67,
    0.650000007682927,
    0.66,
    0.66,
    0.66,
    0.66,
    0.6699999842352852,
    0.68,
    0.68,
    0.6713271247881334,
    0.67,
    0.68,
    0.68,
    0.679999998096,
    0.68,
    0.68,
    0.679999998096,
    0.679999998096,
    0.68,
    0.7299999998532147,
    0.7099999993846666,
    0.67,
    0.71,
    0.72,
    0.67,
    0.71,
    0.75,
    0.75,
    0.75,
    0.75,
    0.75,
    0.75,
    0.75,
    0.75,
    0.75,
    0.7200000022262714,
    0.75,
    0.75,
    0.75,
    0.75,
    0.75,
    0.75,
    0.75,
    0.75,
    0.75,
    0.75,
    0.75,
    0.75,
    0.75,
    0.72,
    0.72,
    0.72,
    0.72,
    0.7,
    0.7,
    0.71,
    0.7,
    0.71,
    0.71,
    0.71,
    0.73,
    0.7562384886464294,
    0.74,
    0.7599999087998286,
    0.76,
    0.76,
    0.74,
    0.74,
    0.74,
    0.76,
    0.740186553470379,
    0.76,
    0.76,
    0.7599841300113971,
    0.7599631587559887,
    0.7401865673529142,
    0.740000003432,
    0.740000003432,
    0.768664760120046,
    0.7599993311992509,
    0.7400001352000649,
    0.7599993311992509,
    0.76,
    0.75,
    0.75,
    0.7400000030600509,
    0.7599999429999686,
    0.75,
    0.759999991188404,
    0.7400000004642857,
    0.77,
    0.7690768295859229,
    0.75,
    0.75,
    0.75,
    0.75,
    0.75,
    0.75,
    0.75,
    0.75,
    0.75,
    0.75,
    0.76,
    0.76,
    0.760000032640002,
    0.7699999994153782,
    0.7699999997080595,
    0.7683972356905495,
    0.7599999979733333,
    0.76,
    0.7599999999490193,
    0.75,
    0.759999989064746,
    0.7599999998946712,
    0.76,
    0.76,
    0.7640423127841058,
    0.75,
    0.75,
    0.7599999998816015,
    0.7599999695999891,
    0.75,
    0.75,
    0.7674754098025589,
    0.7699999930879701,
    0.7609099791231145,
    0.7599999999155556,
    0.75,
    0.75,
    0.75,
    0.75,
    0.75,
    0.75,
    0.75,
    0.75,
    0.75,
    0.76,
    0.7599999979733333,
    0.7599999887407326,
    0.75,
    0.7599999995846994,
    0.75,
    0.75,
    0.75999999848,
    0.7599999975679997,
    0.759999999848,
    0.7599999999282172,
    0.75,
    0.7599999905105905,
    0.74,
    0.75,
    0.7400000037630032,
    0.75,
    0.75,
    0.75,
    0.7400000353600023,
    0.75,
    0.75,
    0.74,
    0.75,
    0.75,
    0.75,
    0.74,
    0.74,
    0.74,
    0.74,
    0.74,
    0.73,
    0.739999998335,
    0.739999999095124,
    0.7399999991542857,
    0.730000003672,
    0.7399999891309644,
    0.74,
    0.7328252014981673,
    0.729999967879995,
    0.7299999997286245,
    0.73,
    0.72,
    0.72,
    0.7299999997692846,
    0.73,
    0.7200000071272729,
    0.720000156800069,
    0.729999967879995,
    0.720000156800069,
    0.729999967879995,
    0.7200000009432748,
    0.7200000225592426,
    0.729999998340909,
    0.72,
    0.73,
    0.729999967879995,
    0.73,
    0.73,
    0.7299999974449999,
    0.72,
    0.7299998101998596,
    0.73,
    0.7299999997192308,
    0.729999998852857,
    0.729999987589999,
    0.7200001746789504,
    0.73,
    0.729999999416,
    0.7299998101998596,
    0.729999967879995,
    0.7299999998832,
    0.73,
    0.7299999344871294,
    0.7299998101998596,
    0.7200000063466667,
    0.72,
    0.7299999949812497,
    0.7299999760861995,
    0.7299999965468306,
    0.7299998101998596,
    0.7299999929581986,
    0.7200000163163379,
    0.729999967879995,
    0.7299999974449999,
    0.72,
    0.7299998101998596,
    0.729999967879995,
    0.7299999988832228,
    0.72,
    0.7299999974449999,
    0.72,
    0.729999992138461,
    0.72,
    0.73,
    0.7200000297035897,
    0.7281678274066454,
    0.7199202363414039,
    0.7198952879581152,
    0.7198950869396198,
    0.7100000008555,
    0.7198950219039614,
    0.71,
    0.73,
    0.73,
    0.72,
    0.72,
    0.72,
    0.72,
    0.72,
    0.72,
    0.72,
    0.7299999998529637,
    0.720000000392,
    0.7200000146596863,
    0.7299999974449999,
    0.7299999990212162,
    0.7299999959231274,
    0.7200000071680001,
    0.720000003136,
    0.729999967879995,
    0.729999987589999,
    0.7200000019584699,
    0.7200000145600007,
    0.72,
    0.7200000084000001,
    0.7200006179318016,
    0.73,
    0.73,
    0.7200002048781488,
    0.7299999999633165,
    0.7200000036372721,
    0.729999987589999,
    0.7299999974449999,
    0.7299999941599996,
    0.7299999992768698,
    0.7299998101998596,
    0.729999967879995,
    0.72,
    0.7299998101998596,
    0.720000003136,
    0.7200000046618107,
    0.72,
    0.72,
    0.72,
    0.729999967879995,
    0.7299996349965324,
    0.729999999416,
    0.72,
    0.7100000634967388,
    0.7199999152940778,
    0.710000010310384,
    0.7100000359600027,
    0.71,
    0.71,
    0.7100000166121117,
    0.7199999654399878,
    0.7199999654399878,
    0.7100000092800002,
    0.7100000092800002,
    0.7199999996544,
    0.72,
    0.7199999980799999,
    0.7199999997783899,
    0.7199999539199937,
    0.7101424369783295,
    0.72,
    0.7,
    0.71,
    0.7000000117861526,
    0.71,
    0.7100000403739085,
    0.71,
    0.72,
    0.72,
    0.72,
    0.72,
    0.7199998236734226,
    0.7100000353108856,
    0.719999877229107,
    0.71,
    0.7100001334000721,
    0.71,
    0.7199995391993733,
    0.71,
    0.7100000867735898,
    0.719999969747894,
    0.7100000359600027,
    0.7199995391993733,
    0.7199999461262622,
    0.7100000567391369,
    0.7199997839999298,
    0.71999807999232,
    0.7199997407998341,
    0.71,
    0.7199999995591837,
    0.7199999861759997,
    0.7100004736674719,
    0.7199999911414899,
    0.71999987999952,
    0.7199983542777207,
    0.7199969947690198,
    0.719997407983411,
    0.71999981999982,
    0.71999981999982,
    0.71999981999982,
    0.71999981999982,
    0.7100015660072037,
    0.71,
    0.71,
    0.71,
    0.7100000079546964,
    0.7100000725000182,
    0.7199999539199937,
    0.72,
    0.72,
    0.7100000044466668,
    0.7100000177954555,
    0.71,
    0.7,
    0.71,
    0.7000000007361626,
    0.7,
    0.7,
    0.71,
    0.7,
    0.71,
    0.7199972571271835,
    0.71,
    0.720248982964406,
    0.73,
    0.71,
    0.71,
    0.729999987589999,
    0.7299989049781778,
    0.7299999998638059,
    0.729992686932531,
    0.71,
    0.7200356320454678,
    0.7200356179099462,
    0.7100000292436994,
    0.71,
    0.7299999946793001,
    0.7100000357792241,
    0.71,
    0.7202267134223348,
    0.7202267619183109,
    0.7299999995376667,
    0.7202266880906752,
    0.7202267619183109,
    0.7299999853999987,
    0.71,
    0.7299998101998596,
    0.7100000522000081,
    0.72,
    0.729999999416,
    0.71,
    0.71,
    0.729999987589999,
    0.73,
    0.7100009570016269,
    0.7299999087499658,
    0.7100001334000721,
    0.7299999087499658,
    0.71,
    0.73,
    0.7299996349965324,
    0.7100015660072037,
    0.71,
    0.71,
    0.72,
    0.7199999519999952,
    0.7199998835293878,
    0.7100000682353089,
    0.71,
    0.71,
    0.71,
    0.71,
    0.71,
    0.7100000377113168,
    0.72,
    0.7100000153700007,
    0.71,
    0.7199999740799984,
    0.71,
    0.72,
    0.7100001334000721,
    0.71,
    0.7199999968220689,
    0.7199117882571356,
    0.7199117878827391,
    0.7299998101998596,
    0.7299998101998596,
    0.7299999203633555,
    0.7299998101998596,
    0.71,
    0.71,
    0.7100000522000081,
    0.71,
    0.7299998101998596,
    0.7296666882238177,
    0.72,
    0.71,
    0.72,
    0.7100000547399417,
    0.7299998101998596,
    0.72999987192951,
    0.7299999225305572,
    0.7200000388439365,
    0.7299999545042264,
    0.7299999879139035,
    0.7299998101998596,
    0.7299998101998596,
    0.7299998101998596,
    0.7299996349965324,
    0.7299998101998596,
    0.73,
    0.72,
    0.7100000066581634,
    0.72,
    0.72,
    0.72,
    0.72,
    0.72,
    0.7299999999928244,
    0.7299998101998596,
    0.7299998101998596,
    0.7299998101998596,
    0.7299998101998596,
    0.720000156800069,
    0.7299998101998596,
    0.7299998101998596,
    0.71,
    0.72,
    0.71,
    0.71,
    0.71,
    0.71,
    0.71,
    0.72,
    0.73,
    0.7200000071680001,
    0.7299998101998596,
    0.7200000610909235,
    0.72,
    0.7299999957058821,
    0.7299999997153204,
    0.7299999791428547,
    0.72,
    0.72,
    0.729999998132558,
    0.7100000153700007,
    0.7100000094751023,
    0.73,
    0.7199641288908307,
    0.71996412910936,
    0.71,
    0.71,
    0.7202434083089196,
    0.7100000022299563,
    0.7299999999288845,
    0.7202434090054287,
    0.7202434594134355,
    0.7299999949605516,
    0.7299999889011727,
    0.7100000059260871,
    0.7100000250359736,
    0.7100000214945332,
    0.71,
    0.7100006901787563,
    0.71,
    0.7100001416867481,
    0.7299999974449999,
    0.7299999816736368,
    0.73,
    0.72,
    0.7299999966450389,
    0.7299999615789281,
    0.73,
    0.7299999993077586,
    0.72,
    0.72,
    0.72,
    0.72,
    0.72,
    0.72,
    0.72,
    0.72,
    0.72,
    0.72,
    0.72,
    0.72,
    0.72,
    0.72,
    0.7299999999781,
    0.720000156800069,
    0.7299999893818173,
    0.7299999972348474,
    0.7200000393513565,
    0.7399999601793654,
    0.73,
    0.73,
    0.74,
    0.73,
    0.74,
    0.7300000194400006,
    0.7399999703998827,
    0.73,
    0.73,
    0.73,
    0.73,
    0.73,
    0.74,
    0.7399999674399819,
    0.7300001458000671,
    0.73,
    0.7300000344250042,
    0.73,
    0.73,
    0.73,
    0.73,
    0.7399999948174082,
    0.7399999674399819,
    0.7399999703998827,
    0.7399999457333192,
    0.7399999991777777,
    0.7300698118621943,
    0.74,
    0.7300698201076979,
    0.7399999146153398,
    0.72,
    0.7399940371487777,
    0.74,
    0.7399999592999819,
    0.7300996223519982,
    0.7300995769831777,
    0.7300996448679538,
    0.739999998735403,
    0.7399998963999731,
    0.7200000952000152,
    0.74,
    0.74,
    0.72,
    0.7399999674399819,
    0.74,
    0.72,
    0.7200000952000152,
    0.7399999674399819,
    0.7200000952000152,
    0.7299846153846153,
    0.7303060018828004,
    0.7399993657102988,
    0.74,
    0.7306837758751173,
    0.7299999974449999,
    0.7200000119546367,
    0.7399999674399819,
    0.72,
    0.72,
    0.72,
    0.72,
    0.72,
    0.72,
    0.72,
    0.72,
    0.72,
    0.72,
    0.7399999890370291,
    0.74,
    0.7399999457333192,
    0.720000156800069,
    0.7399999940799994,
    0.7399999813836249,
    0.720000156800069,
    0.720000156800069,
    0.73,
    0.73,
    0.7300001458000671,
    0.739999989639998,
    0.7300001076785926,
    0.74,
    0.7399999471428043,
    0.7300001458000671,
    0.74,
    0.74,
    0.7399999978033394,
    0.7300000072861509,
    0.7399999981106383,
    0.7399999998271029,
    0.7300000837000159,
    0.7300001458000671,
    0.7300000023080446,
    0.73,
    0.73,
    0.7300000658281828,
    0.73,
    0.74,
    0.74,
    0.73,
    0.73,
    0.73,
    0.73,
    0.73,
    0.74,
    0.73,
    0.73,
    0.74,
    0.7399997261998275,
    0.74,
    0.7300005014290729,
    0.739997409990565,
    0.7399999681408891,
    0.7399999777999969,
    0.7300001044000293,
    0.7300000837000159,
    0.7399995263946199,
    0.7399995374973984,
    0.7399997261998275,
    0.7300001458000671,
    0.7399998963999731,
    0.7300000837000159,
    0.74,
    0.730000003672,
    0.74,
    0.73,
    0.74,
    0.739999975737666,
    0.73,
    0.7300000326722704,
    0.7399999972249997,
    0.739999989639998,
    0.73,
    0.7399999592999819,
    0.7399999975333333,
    0.74,
    0.7399999777999969,
    0.7399999990822417,
    0.739999989639998,
    0.7399999954461537,
    0.7399999992210525,
    0.7399999833499942,
    0.7399999983417367,
    0.7399999991777777,
    0.7399999809714236,
    0.7399999991777777,
    0.739999989639998,
    0.7399999905818158,
    0.7399999924279067,
    0.7399994573301135,
    0.739999982988467,
    0.73,
    0.7399998206044732,
    0.7300001458000671,
    0.74,
    0.73,
    0.7300000318600026,
    0.7300788046149076,
    0.7399998206044732,
    0.74,
    0.73007891334329,
    0.7399999924489777,
    0.72,
    0.72000042000042,
    0.72,
    0.72,
    0.72,
    0.72,
    0.72,
    0.72,
    0.72,
    0.7350327952853333,
    0.7299997809995182,
    0.7299999979142856,
    0.7299999956432358,
    0.7200000038754326,
    0.729999999278022,
    0.7299999707999845,
    0.7399992952286983,
    0.72000042000042,
    0.72,
    0.7200000052659419,
    0.7399999988787879,
    0.74,
    0.72,
    0.7299999997226,
    0.7299999995376667,
    0.7299999415999852,
    0.720000156800069,
    0.7299998101998596,
    0.7299999087499658,
    0.7200000065138557,
    0.7299999976947368,
    0.72,
    0.73,
    0.72,
    0.7200000952000152,
    0.729999987589999,
    0.7200000145600007,
    0.7299999826624982,
    0.73,
    0.7399999875890909,
    0.7300000311320785,
    0.73,
    0.7300000318600026,
    0.73999999815,
    0.7300000079826088,
    0.73,
    0.7300000033,
    0.73,
    0.73,
    0.73,
    0.73,
    0.7299999938526304,
    0.7200000306526346,
    0.73,
    0.73,
    0.73,
    0.73,
    0.73,
    0.73,
    0.73,
    0.73,
    0.73,
    0.7300000907455746,
    0.73,
    0.73,
    0.73,
    0.73,
    0.73,
    0.73,
    0.73,
    0.73,
    0.73,
    0.73,
    0.73,
    0.73,
    0.73,
    0.73,
    0.73,
    0.73,
    0.73,
    0.73,
    0.73,
    0.73,
    0.73,
    0.73,
    0.73,
    0.73,
    0.7399999674399819,
    0.73,
    0.7300018602920658,
    0.73,
    0.72,
    0.7200000135048236,
    0.7200000120245403,
    0.7200000170456585,
    0.7200000104597705,
    0.73999999852,
    0.7300000306573732,
    0.73,
    0.7200340902173251,
    0.73,
    0.73,
    0.73,
    0.73,
    0.73,
    0.73,
    0.73,
    0.73,
    0.73,
    0.73,
    0.73,
    0.7200000153177799,
    0.7200000157615898,
    0.720000010189538,
    0.7345786652698719,
    0.7299999935302802,
    0.7299999941811586,
    0.720000358400258,
    0.7299999891615703,
    0.7299999972432022,
    0.73,
    0.72,
    0.7299999974182135,
    0.7200000161355936,
    0.72,
    0.7299999957309938,
    0.7299999946715319,
    0.7299999994319065,
    0.73,
    0.7299999969646568,
    0.7299999911313573,
    0.7299999921324084,
    0.7299999959369199,
    0.7299999925564453,
    0.7299999891520952,
    0.7299999858252398,
    0.7299999963886921,
    0.729999989404123,
    0.7299999914195276,
    0.7299999994319065,
    0.7299999994323483,
    0.729999987535261,
    0.7299999903947362,
    0.7299999908749993,
    0.72,
    0.720000156800069,
    0.7299999975747504,
    0.7200000268800028,
    0.72,
    0.7299999951691166,
    0.7299999906742352,
    0.7299999954216025,
    0.7299999969646568,
    0.7299999884126953,
    0.72999999284853,
    0.7299998101998596,
    0.74,
    0.739999998816,
    0.7626931919510361,
    0.73,
    0.7200000123663991,
    0.72,
    0.72,
    0.720000156800069,
    0.7399999849440445,
    0.7301898579496737,
    0.7200000049598672,
    0.7299999999262626,
    0.72,
    0.729999999416,
    0.7299999974449999,
    0.72,
    0.7200002277968109,
    0.7299999988718182,
    0.729999987589999,
    0.720000156800069,
    0.7200000268800028,
    0.73,
    0.720000156800069,
    0.7299999988630759,
    0.72,
    0.7200000052794614,
    0.7200000075932205,
    0.72,
    0.7299992091543427,
    0.72,
    0.720000156800069,
    0.7201378732096634,
    0.7201379164850957,
    0.71,
    0.7287858516066822,
    0.7199559382559613,
    0.7199567634130511,
    0.7299999946232292,
    0.7299999975410526,
    0.72,
    0.71,
    0.7100000109286962,
    0.73,
    0.7299999452499129,
    0.729999958739079,
    0.7299999840312403,
    0.7299999695833219,
    0.7299999895714238,
    0.7299999438460933,
    0.7299999415999852,
    0.7299999895714238,
    0.7299999067221306,
    0.7299999513332991,
    0.73,
    0.7299996349965324,
    0.73,
    0.7199999476363198,
    0.72,
    0.7199999745882287,
    0.7199999152940778,
    0.72,
    0.72,
    0.7199999628386876,
    0.7199999807999877,
    0.7199999519999232,
    0.7199999588571334,
    0.7199999628386876,
    0.7199999879999952,
    0.7199999476363198,
    0.7199998765712734,
    0.7199999446153675,
    0.7199999113844899,
    0.710000118230812,
    0.7199999485713772,
    0.7199999745882287,
    0.7199999588571334,
    0.71,
    0.7199999972155977,
    0.7100000067728239,
    0.71,
    0.72,
    0.7199999248695077,
    0.7199999725714035,
    0.7199998765712734,
    0.7199999588571334,
    0.7199999879999952,
    0.7199999725714035,
    0.7199999459999703,
    0.7199999628386876,
    0.7199999725714035,
    0.7199999476363198,
    0.72,
    0.7199999446153675,
    0.7199999476363198,
    0.7199999807999877,
    0.7199999113844899,
    0.7199999476363198,
    0.7199999745882287,
    0.7199999725714035,
    0.7199999248695077,
    0.7100000603200116,
    0.7100000603200116,
    0.7100001529091493,
    0.710000053606067,
    0.7100000718695787,
    0.7100000713846253,
    0.7100000522000081,
    0.710000048078952,
    0.7100000856190631,
    0.710000118230812,
    0.7100000611071519,
    0.7100000617419423,
    0.7100001022631757,
    0.7100000856190631,
    0.7100000617419423,
    0.7100000603200116,
    0.71,
    0.710000037529418,
    0.7100000856190631,
    0.7100000725000182,
    0.7199999981567999,
    0.7100000063800002,
    0.7199996543987834,
    0.71,
    0.71,
    0.71,
    0.72,
    0.72,
    0.72,
    0.72,
    0.72,
    0.72,
    0.7199999965439999,
    0.71,
    0.710000014909547,
    0.71,
    0.710000016093399,
    0.71,
    0.7100001334000721,
    0.71,
    0.71,
    0.69,
    0.69,
    0.7,
    0.71,
    0.72,
    0.7299996349965324,
    0.72,
    0.7299997753835327,
    0.73,
    0.71,
    0.72,
    0.7100011600030933,
    0.7299999974449999,
    0.71,
    0.71,
    0.7,
    0.7199999519999952,
    0.7202269752563256,
    0.7100001334000721,
    0.71,
    0.7100002046013965,
    0.7200213874822221,
    0.7299999734545223,
    0.7287853545034481,
    0.7100001529091493,
    0.71,
    0.7099998162351255,
    0.71,
    0.71,
    0.71,
    0.71,
    0.71,
    0.7000003272729652,
    0.7199998559995968,
    0.7099999431998909,
    0.7,
    0.6900000992000344,
    0.69,
    0.6900001705000767,
    0.7,
    0.690000002358887,
    0.71,
    0.71,
    0.7201332994411076,
    0.7201332707807231,
    0.7199985599596789,
    0.7480314927253187,
    0.7299999540370229,
    0.7299999540370229,
    0.7299999087499658,
    0.7299999087499658,
    0.7201300582204406,
    0.7299999087499658,
    0.7198770491803279,
    0.7198821308879108,
    0.7198821309079005,
    0.7198821306559365,
    0.7201627751853859,
    0.7332350296958685,
    0.7201114870477647,
    0.7199593679189265,
    0.7199593675930508,
    0.7199593677180566,
    0.7198996234835042,
    0.719999985599996,
    0.72,
    0.72,
    0.729999967879995,
    0.7299999974449999,
    0.73,
    0.73,
    0.73,
    0.7300001458000671,
    0.73,
    0.74,
    0.739999989639998,
    0.73,
    0.73,
    0.7488071501978064,
    0.74,
    0.74,
    0.75,
    0.7399919093851133,
    0.7499998874999719,
    0.7300001458000671,
    0.75,
    0.7300019936771952,
    0.75,
    0.75,
    0.7300000196817255,
    0.75,
    0.73,
    0.7399067735310615,
    0.7399067729794445,
    0.7399067740677406,
    0.7399012345679012,
    0.7300001458000671,
    0.7499998874999719,
    0.75,
    0.75,
    0.7400000353600023,
    0.75,
    0.74,
    0.7599999883466665,
    0.7400000065951221,
    0.7498815461051237,
    0.7599999483199932,
    0.7536255734305778,
    0.75,
    0.74,
    0.740000072800016,
    0.75,
    0.74000026000026,
    0.75,
    0.75,
    0.7400001352000649,
    0.75,
    0.7599993311992509,
    0.7599993311992509,
    0.7599999324443003,
    0.7399999979795221,
    0.75,
    0.75,
    0.7499998874999719,
    0.7401363271667238,
    0.75,
    0.7401364518441569,
    0.7401363077172725,
    0.75,
    0.7402679427125163,
    0.740329387534083,
    0.7403293152020624,
    0.7499986280445977,
    0.7399491094147582,
    0.7499986280445977,
    0.75,
    0.7499905303030303,
    0.74,
    0.73,
    0.74,
    0.73,
    0.74,
    0.7599991766641281,
    0.7599993311992509,
    0.7400000161200007,
    0.740000015166667,
    0.7572469391820296,
    0.74,
    0.74,
    0.74,
    0.7400000105654617,
    0.74,
    0.7501515362080418,
    0.7499643705463183,
    0.7400000208315638,
    0.7599999890559997,
    0.7599999324443003,
    0.76,
    0.76,
    0.7599997719983584,
    0.7599996765951942,
    0.7499704869550777,
    0.7499701714375322,
    0.7499704699097943,
    0.7400000161200007,
    0.7599997719983584,
    0.7599989866426838,
    0.75,
    0.75,
    0.75,
    0.75,
    0.7599999721100864,
    0.76,
    0.76,
    0.75,
    0.7599999878399966,
    0.76,
    0.749966114452245,
    0.7499660917421823,
    0.7499661129568106,
    0.7599999483199932,
    0.7300000318600026,
    0.7589132284941428,
    0.7400592883057385,
    0.7599984446471116,
    0.7400592152464102,
    0.7400592152464102,
    0.7300000630000063,
    0.7300000194400006,
    0.7599997669332494,
    0.75,
    0.75,
    0.73,
    0.7300000318600026,
    0.7599993311992509,
    0.73,
    0.73,
    0.73,
    0.7563317736510633,
    0.73,
    0.7402005497881463,
    0.7402004020836981,
    0.7402005002465167,
    0.7599999944727268,
    0.7402285553167087,
    0.7402285762091971,
    0.7499931833674165,
    0.7499931818093271,
    0.7499931833674165,
    0.73,
    0.740082950185456,
    0.7400829242188955,
    0.7499587798845837,
    0.73000027000027,
    0.75,
    0.7300001458000671,
    0.75,
    0.74,
    0.7300000933928359,
    0.7399020136835517,
    0.73990201260821,
    0.7399020134720299,
    0.7400383454349397,
    0.75,
    0.7400384161331652,
    0.75,
    0.73,
    0.7482242950732946,
    0.73999999852,
    0.7399999911199997,
    0.74,
    0.7300000188694472,
    0.74,
    0.74,
    0.7400001352000649,
    0.75,
    0.7400000353600023,
    0.7599998023998538,
    0.74,
    0.7502211793668501,
    0.7599999239999823,
    0.75,
    0.75,
    0.7400000065000002,
    0.7699989989912912,
    0.7799990639917631,
    0.7799990639917631,
    0.7799990639917631,
    0.7799999985818181,
    0.7799990639917631,
    0.7799990639917631,
    0.7699989989912912,
    0.7699023023653304,
    0.7699023014853119,
    0.7799989302810687,
    0.7400000043339025,
    0.7699181900212926,
    0.7699181884603127,
    0.7799990639917631,
    0.7500260786563648,
    0.7500261165149967,
    0.7699453127351402,
    0.7699447728383993,
    0.7699447730880674,
    0.7799996957998144,
    0.7699829928957397,
    0.7699829924880709,
    0.78,
    0.78,
    0.7799964639688829,
    0.78,
    0.78,
    0.78,
    0.7500077381750764,
    0.7500073559685918,
    0.7500073863692321,
    0.78,
    0.7799990639917631,
    0.7699521834624912,
    0.7799993355548911,
    0.7799998689074749,
    0.75,
    0.7500743123338086,
    0.7500744100953481,
    0.7500743045280386,
    0.7502730267386382,
    0.75,
    0.75,
    0.75,
    0.7799999980499998,
    0.7799999547599936,
    0.7602530885634831,
    0.7602531766102076,
    0.78,
    0.78,
    0.77,
    0.77,
    0.7599999324443003,
    0.7599999878399966,
    0.75,
    0.7300000837000159,
    0.74,
    0.769999137066957,
    0.7699989830163735,
    0.7699998844994398,
    0.77,
    0.76,
    0.7599999475859394,
    0.74,
    0.73,
    0.7296,
    0.72,
    0.67,
    0.7299999997055396,
    0.74,
    0.7399999999355148,
    0.74,
    0.74,
    0.71,
    0.71,
    0.6966666666666667,
    0.67,
    0.67,
    0.6998765432098766,
    0.688,
    0.67,
    0.64,
    0.68,
    0.69,
    0.7524751923928956,
    0.51,
    0.61,
    0.61,
    0.62,
    0.6301842186812371,
    0.6301842455641454,
    0.6200058450399963,
    0.6200058238163713,
    0.62,
    0.61,
    0.6301352121506122,
    0.6301351643442392,
    0.6301352111862284,
    0.75,
    0.72,
    0.71,
    0.73,
    0.74,
    0.64,
    0.64,
    0.64,
    0.64,
    0.64,
    0.64,
    0.64,
    0.64,
    0.64,
    0.64,
    0.64,
    0.64,
    0.64,
    0.64,
    0.64,
    0.64,
    0.64,
    0.64,
    0.64,
    0.64
]
