[
    0.999,
    0.999,
    0.999,
    0.999,
    0.999,
    0.999,
    0.999,
    0.999,
    0.999,
    0.999,
    0.999,
    0.999,
    0.999,
    0.999,
    0.999,
    0.999,
    0.999,
    0.999,
    0.999,
    0.999,
    0.999,
    0.999,
    0.999,
    0.999,
    0.999,
    0.999,
    0.999,
    0.999,
    0.999,
    0.999,
    0.991,
    0.999,
    0.998,
    0.999,
    0.998321230445979,
    0.998,
    0.998,
    0.999,
    0.998,
    0.998,
    0.999,
    0.998,
    0.999,
    0.999,
    0.999,
    0.999,
    0.999,
    0.998,
    0.999,
    0.999,
    0.999,
    0.999,
    0.9970000597000059,
    0.999,
    0.9989999989156687,
    0.99899999814186,
    0.99,
    0.99,
    0.99,
    0.998,
    0.991,
    0.9989999983674237,
    0.998,
    0.9989999998362105,
    0.998,
    0.9989999509990475,
    0.9989999989156687,
    0.998,
    0.998,
    0.998,
    0.999,
    0.999,
    0.999,
    0.992,
    0.999,
    0.999,
    0.9976613179097605,
    0.996,
    0.9830001267154148,
    0.9939999999905333,
    0.9929999999977686,
    0.981,
    0.9929999999828794,
    0.981,
    0.9810001426461802,
    0.9911383470072602,
    0.9899999599049976,
    0.9799999953100951,
    0.979999999779155,
    0.9700002215385297,
    0.9799999995046154,
    0.9700001096154057,
    0.9799999986525,
    0.98,
    0.9770000847461675,
    0.9330002557653531,
    0.933000003745736,
    0.9330000118992002,
    0.931000272400109,
    0.931000272400109,
    0.94,
    0.9310000019613284,
    0.9310000027662727,
    0.9400002760001104,
    0.94,
    0.9399999661599877,
    0.9310000026350618,
    0.942,
    0.94,
    0.941,
    0.9430002536501395,
    0.9420002586801397,
    0.9420051968540473,
    0.941,
    0.9410002687451196,
    0.95,
    0.9410000276120009,
    0.95,
    0.95,
    0.95,
    0.9699999692054704,
    0.951,
    0.95,
    0.95,
    0.953,
    0.953,
    0.9530006177149917,
    0.9530000431460035,
    0.9530006177149917,
    0.9799999607999937,
    0.96,
    0.96,
    0.97,
    0.97,
    0.97,
    0.97,
    0.971,
    0.97,
    0.98,
    0.971,
    0.9959109987959567,
    0.99,
    0.99,
    0.99,
    0.99,
    0.99,
    0.99,
    0.982,
    0.983,
    0.99,
    0.983000092366678,
    0.98,
    0.99,
    0.98,
    0.98,
    0.99,
    0.99,
    0.99,
    0.99,
    0.99,
    0.97,
    0.99,
    0.99,
    0.99,
    0.99,
    0.99,
    0.99,
    0.9864740851234607,
    0.97,
    0.97,
    0.97,
    0.9699999935332967,
    0.97,
    0.97,
    0.97,
    0.97,
    0.97,
    0.97,
    0.97,
    0.97,
    0.96,
    0.96,
    0.96,
    0.96,
    0.97,
    0.9699998059997801,
    0.98,
    0.97,
    0.9785551901105268,
    0.95,
    0.95,
    0.95,
    0.96,
    0.9400000284009067,
    0.95,
    0.96,
    0.95,
    0.95,
    0.95,
    0.96,
    0.95,
    0.93,
    0.95,
    0.95,
    0.95,
    0.94,
    0.929999999721,
    0.929999993024993,
    0.929999999721,
    0.939999999671,
    0.95,
    0.92,
    0.92,
    0.9399999962399888,
    0.9480445632525483,
    0.9399999981199973,
    0.94,
    0.95,
    0.95,
    0.95,
    0.95,
    0.95,
    0.95,
    0.96,
    0.95,
    0.95,
    0.95,
    0.95,
    0.95,
    0.95,
    0.96,
    0.95,
    0.95,
    0.95,
    0.9689501263936754,
    0.93,
    0.9588855382194834,
    0.9599999880228727,
    0.9599996159993855,
    0.9400011040017664,
    0.96,
    0.95,
    0.94,
    0.9399999999373333,
    0.93,
    0.98,
    0.9690672764290362,
    0.96,
    0.9100001704255718,
    0.91,
    0.91,
    0.92,
    0.91,
    0.92,
    0.959379103357719,
    0.96,
    0.92,
    0.96,
    0.96,
    0.9499272092487072,
    0.95,
    0.95,
    0.92,
    0.9100000081,
    0.9100001409434414,
    0.91,
    0.91,
    0.9,
    0.91,
    0.9,
    0.9099999464699616,
    0.9,
    0.89,
    0.908309090909091,
    0.9099999991193548,
    0.91,
    0.9099999921143793,
    0.89,
    0.9055448953902525,
    0.9,
    0.9,
    0.9099999997807229,
    0.9,
    0.9,
    0.9,
    0.9,
    0.9,
    0.9,
    0.9,
    0.9,
    0.9,
    0.9,
    0.9,
    0.9,
    0.8900000998850816,
    0.8900000478500031,
    0.9,
    0.9086269535041507,
    0.8900000993548558,
    0.9077614592913243,
    0.8900000086900002,
    0.8900000184800005,
    0.9,
    0.8819400972077263,
    0.88,
    0.88,
    0.89,
    0.88,
    0.8872956467272158,
    0.89,
    0.88,
    0.88,
    0.88,
    0.88,
    0.86,
    0.86,
    0.85,
    0.85,
    0.85,
    0.85,
    0.86,
    0.86,
    0.86,
    0.8600000012149305,
    0.86,
    0.87,
    0.85,
    0.84,
    0.85,
    0.85,
    0.86,
    0.87,
    0.84,
    0.84,
    0.84,
    0.84,
    0.84,
    0.84,
    0.84,
    0.84,
    0.8399999798399985,
    0.84,
    0.84,
    0.8200001363107087,
    0.84,
    0.84,
    0.84,
    0.84,
    0.84,
    0.8200000244800015,
    0.8200001363107087,
    0.8399999962927541,
    0.84,
    0.84,
    0.8299999086998274,
    0.83,
    0.8299999528406439,
    0.8200000720000072,
    0.8200001363107087,
    0.83,
    0.83,
    0.84,
    0.8399999966399984,
    0.8200001363107087,
    0.8499999995749999,
    0.85,
    0.8494448884347291,
    0.8399999966399984,
    0.8200000986301504,
    0.84,
    0.82,
    0.84,
    0.84,
    0.820000001296,
    0.84,
    0.82,
    0.82,
    0.8100000923972787,
    0.81,
    0.82,
    0.8,
    0.8,
    0.790000026040002,
    0.7804078964671664,
    0.7700001181507051,
    0.770000001403,
    0.77,
    0.76,
    0.76,
    0.7599999975679997,
    0.75,
    0.75,
    0.75,
    0.73,
    0.74,
    0.73,
    0.7399999996234575,
    0.72,
    0.7179180370765045,
    0.71,
    0.71,
    0.7,
    0.6900000940449681,
    0.7283420215241966,
    0.7,
    0.7,
    0.6700001203529681,
    0.67,
    0.67,
    0.65,
    0.65,
    0.67,
    0.67,
    0.67,
    0.67,
    0.67,
    0.67,
    0.67,
    0.67,
    0.67,
    0.6699999669854897,
    0.67,
    0.69,
    0.69,
    0.69,
    0.69,
    0.69,
    0.6700001203529681,
    0.69,
    0.69,
    0.69,
    0.69,
    0.67,
    0.69,
    0.69,
    0.69,
    0.69,
    0.69,
    0.69,
    0.69,
    0.69,
    0.6700001284431407,
    0.69,
    0.69,
    0.6899999917199968,
    0.69,
    0.69,
    0.69,
    0.69,
    0.6700000055440001,
    0.69,
    0.69,
    0.69,
    0.69,
    0.69,
    0.69,
    0.69,
    0.69,
    0.6700001284431407,
    0.69,
    0.69,
    0.69,
    0.6899999917199968,
    0.69,
    0.69,
    0.69,
    0.6700000409200031,
    0.69,
    0.69,
    0.69,
    0.69,
    0.6700001284431407,
    0.69,
    0.69,
    0.69,
    0.69,
    0.69,
    0.69,
    0.69,
    0.6700000409200031,
    0.69,
    0.6700001284431407,
    0.6700001284431407,
    0.6700000188100008,
    0.6999998727270644,
    0.6700000022731746,
    0.6700001284431407,
    0.6700000049763364,
    0.6913034023334104,
    0.69,
    0.69,
    0.69,
    0.69,
    0.69,
    0.69,
    0.69,
    0.69,
    0.69,
    0.69,
    0.69,
    0.69,
    0.69,
    0.69,
    0.69,
    0.69,
    0.69,
    0.69,
    0.69,
    0.69,
    0.6996423425539142,
    0.69,
    0.69,
    0.69,
    0.69,
    0.69,
    0.69,
    0.69,
    0.69,
    0.69,
    0.69,
    0.69,
    0.69,
    0.69,
    0.68,
    0.69,
    0.69,
    0.69,
    0.68,
    0.69,
    0.69,
    0.69,
    0.69,
    0.6899999585999611,
    0.69,
    0.69,
    0.69,
    0.69,
    0.69,
    0.69,
    0.69,
    0.69,
    0.69,
    0.68,
    0.69,
    0.69,
    0.69,
    0.6899999951699998,
    0.69,
    0.69,
    0.69,
    0.69,
    0.69,
    0.69,
    0.69,
    0.69,
    0.69,
    0.69,
    0.68,
    0.69,
    0.69,
    0.69,
    0.69,
    0.69,
    0.69,
    0.69,
    0.69,
    0.69,
    0.69,
    0.68,
    0.69,
    0.69,
    0.69,
    0.7,
    0.68,
    0.68,
    0.68,
    0.6700001074857407,
    0.7031228629331194,
    0.69,
    0.69,
    0.6700001074857407,
    0.69,
    0.6799999921159399,
    0.69,
    0.69,
    0.660000057800019,
    0.69,
    0.6899999585999611,
    0.69,
    0.68,
    0.69,
    0.69,
    0.68,
    0.68,
    0.68,
    0.68,
    0.68,
    0.68,
    0.67,
    0.67,
    0.67,
    0.67,
    0.67,
    0.6600000142800009,
    0.67,
    0.6600000738285976,
    0.67,
    0.67,
    0.67,
    0.67,
    0.67,
    0.67,
    0.67,
    0.67,
    0.67,
    0.6600000983648133,
    0.67,
    0.67,
    0.67,
    0.67,
    0.67,
    0.67,
    0.67,
    0.67,
    0.67,
    0.67,
    0.6600000367200034,
    0.67,
    0.67,
    0.67,
    0.67,
    0.67,
    0.6600000491701772,
    0.67,
    0.6699999949749997,
    0.67,
    0.67,
    0.67,
    0.6699999842352852,
    0.6699999842352852,
    0.67,
    0.68,
    0.68,
    0.68,
    0.68,
    0.68,
    0.68,
    0.68,
    0.68,
    0.68,
    0.68,
    0.67,
    0.67,
    0.67,
    0.6300001470199065,
    0.66,
    0.66,
    0.66,
    0.6400001144371255,
    0.6699999998593,
    0.6699999842352852,
    0.66,
    0.68,
    0.6600001125828188,
    0.669999852205828,
    0.66,
    0.66,
    0.66,
    0.67,
    0.6699998368695104,
    0.69,
    0.705514465408805,
    0.69,
    0.71,
    0.7,
    0.72,
    0.7100000966666953,
    0.7463372508391061,
    0.75,
    0.74,
    0.7400000948427924,
    0.7400000095227527,
    0.74,
    0.74,
    0.73,
    0.7299999873175792,
    0.719999991133914,
    0.71,
    0.71,
    0.69,
    0.7,
    0.6900001189308468,
    0.71,
    0.68,
    0.68,
    0.72,
    0.6700000729954092,
    0.6700001151163059,
    0.7199999892537307,
    0.68,
    0.64,
    0.64,
    0.66,
    0.66,
    0.67,
    0.6799992383978066,
    0.69,
    0.71,
    0.6900001705000767,
    0.71,
    0.6900000105400002,
    0.6900001189535119,
    0.71,
    0.74,
    0.7037228803407427,
    0.7099998205277235,
    0.69,
    0.72,
    0.68,
    0.69,
    0.67,
    0.6799999693521054,
    0.68,
    0.69,
    0.7099999431998909,
    0.71,
    0.7272113392361685,
    0.71,
    0.71,
    0.71,
    0.71,
    0.71,
    0.71,
    0.7199998559995968,
    0.72,
    0.68,
    0.68,
    0.72,
    0.72,
    0.72,
    0.7299996349965324,
    0.7199999971199998,
    0.7,
    0.7,
    0.7099999431998909,
    0.72,
    0.72,
    0.6900000053733334,
    0.72,
    0.69,
    0.69,
    0.69,
    0.7199999526575114,
    0.71,
    0.74,
    0.7,
    0.71,
    0.7386541042347324,
    0.7299999684324253,
    0.710000114044963,
    0.73,
    0.7299998101998596,
    0.6899999585999611,
    0.6500001081460948,
    0.6799999714399984,
    0.64000009707868,
    0.68,
    0.68,
    0.68,
    0.68,
    0.68,
    0.68,
    0.68,
    0.68,
    0.68,
    0.68,
    0.65,
    0.6700001203529681,
    0.6600000017399246,
    0.67,
    0.67,
    0.66,
    0.6600000840154557,
    0.66,
    0.6699999195999292,
    0.6699999970523056,
    0.6699999195999292,
    0.6600000723404487,
    0.66,
    0.6600000723404487,
    0.66,
    0.67,
    0.67,
    0.6700001422414407,
    0.68,
    0.6700000772340655,
    0.6700000003850514,
    0.6700000772340655,
    0.6700000019932575,
    0.67,
    0.660000006109021,
    0.6599999295999606,
    0.65,
    0.65,
    0.65,
    0.65,
    0.66,
    0.67,
    0.66,
    0.67,
    0.66,
    0.6599999853333325,
    0.63,
    0.66,
    0.66,
    0.66,
    0.66,
    0.66,
    0.67,
    0.7099999605555358,
    0.71,
    0.72,
    0.71,
    0.7100001334000721,
    0.71,
    0.71,
    0.71,
    0.71,
    0.7,
    0.6900001359231219,
    0.6999998225351562,
    0.7099994390993213,
    0.69,
    0.68,
    0.68,
    0.71,
    0.69,
    0.7099999974373037,
    0.690000000155,
    0.71,
    0.69,
    0.69,
    0.7,
    0.7,
    0.72,
    0.72,
    0.72,
    0.75,
    0.7499999718749982,
    0.6300000006730071,
    0.68,
    0.73,
    0.72,
    0.68,
    0.72,
    0.72,
    0.72,
    0.7,
    0.74,
    0.75,
    0.75,
    0.740000107851887,
    0.75,
    0.7400000353600023,
    0.740000000403,
    0.75,
    0.71,
    0.71,
    0.71,
    0.72,
    0.7599999087998286,
    0.76,
    0.740000007720187,
    0.74,
    0.76,
    0.740000058782621,
    0.76,
    0.76,
    0.7599999878399966,
    0.76,
    0.75,
    0.73,
    0.76,
    0.7300000837000159,
    0.7300001241129462,
    0.7699994866661534,
    0.7200001354839147,
    0.72,
    0.720000092235318,
    0.7200000045948718,
    0.7799997503985823,
    0.75,
    0.75,
    0.75,
    0.7200000268800028,
    0.78,
    0.75,
    0.75,
    0.75,
    0.75,
    0.7799999776399992,
    0.75,
    0.77999973999974,
    0.75,
    0.7899999920999764,
    0.75,
    0.76,
    0.730000001701,
    0.7300000711290517,
    0.73,
    0.7300000318600026,
    0.75,
    0.73,
    0.73,
    0.7299999873175792,
    0.72,
    0.71,
    0.7,
    0.7,
    0.7,
    0.72,
    0.7,
    0.7199999876571413,
    0.7,
    0.6994505494505494,
    0.7,
    0.6700000033,
    0.6700000816129269,
    0.6700000409200031,
    0.6700000273103472,
    0.6700000816129269,
    0.6600000367200034,
    0.6899999585999611,
    0.660000014506667,
    0.6771869237477757,
    0.66,
    0.65,
    0.66,
    0.64,
    0.64,
    0.6484545158520069,
    0.6199998511998869,
    0.6100000226200032,
    0.63,
    0.6100000162489435,
    0.6300000131540573,
    0.66,
    0.64,
    0.63,
    0.64,
    0.63,
    0.64,
    0.6100000994117881,
    0.6100000099170816,
    0.5900000972165219,
    0.5900000053300002,
    0.5900000972165219,
    0.59,
    0.61,
    0.6158940371518792,
    0.5900000696226735,
    0.6,
    0.6,
    0.6,
    0.6,
    0.6,
    0.609999998475,
    0.6,
    0.6199999982384321,
    0.62,
    0.62,
    0.64,
    0.63,
    0.65,
    0.6400000905660719,
    0.6685,
    0.67,
    0.67,
    0.67,
    0.67,
    0.68,
    0.67,
    0.67,
    0.69,
    0.6700001049006984,
    0.69,
    0.67,
    0.7199998559995968,
    0.72,
    0.68,
    0.72,
    0.7199999526575114,
    0.72,
    0.73,
    0.7199998559995968,
    0.68,
    0.68,
    0.68,
    0.68,
    0.7299976639607545,
    0.690000066801355,
    0.7574465718263116,
    0.69,
    0.69,
    0.69,
    0.69,
    0.69,
    0.7,
    0.7,
    0.69,
    0.69,
    0.7,
    0.7,
    0.7,
    0.7,
    0.7,
    0.7,
    0.7,
    0.7,
    0.7,
    0.72,
    0.69,
    0.7,
    0.7,
    0.7,
    0.7,
    0.7,
    0.7,
    0.7,
    0.7,
    0.7,
    0.7,
    0.7,
    0.7,
    0.7,
    0.72,
    0.7,
    0.7,
    0.7,
    0.7,
    0.7,
    0.7,
    0.7,
    0.7,
    0.7,
    0.7,
    0.71,
    0.69,
    0.7,
    0.7178955609106578,
    0.69,
    0.69,
    0.69,
    0.69,
    0.71,
    0.6900000051925,
    0.6900000750396942,
    0.71,
    0.690000001984,
    0.71,
    0.69,
    0.71,
    0.71,
    0.7,
    0.7,
    0.69,
    0.7,
    0.7,
    0.7,
    0.69,
    0.69,
    0.68,
    0.6899999917199968,
    0.69,
    0.69,
    0.69,
    0.67,
    0.67,
    0.6600000074350799,
    0.69,
    0.66,
    0.67,
    0.66,
    0.67,
    0.67,
    0.6500000976744368,
    0.65,
    0.67,
    0.65,
    0.65,
    0.640000002304,
    0.63,
    0.61,
    0.61,
    0.610000061176485,
    0.6100000097500002,
    0.61,
    0.6,
    0.6,
    0.6,
    0.62,
    0.61,
    0.61,
    0.61,
    0.61,
    0.61,
    0.61,
    0.61,
    0.5900000820000157,
    0.6196901546732381,
    0.5963228669928009,
    0.5700000556470735,
    0.57,
    0.5300000040117365,
    0.5699999838771423,
    0.53,
    0.5300000860891357,
    0.53,
    0.5499999986653725,
    0.5499999973012755,
    0.51,
    0.5499999559999947,
    0.51,
    0.5,
    0.5,
    0.4700000004337677,
    0.51,
    0.5,
    0.52,
    0.53,
    0.53,
    0.53,
    0.5100000196000032,
    0.5299999899299992,
    0.53,
    0.53,
    0.53,
    0.53,
    0.53,
    0.53,
    0.53,
    0.53,
    0.53,
    0.53,
    0.53,
    0.53,
    0.53,
    0.54,
    0.5400000948453901,
    0.5300000084600007,
    0.52,
    0.5400000948453901,
    0.55,
    0.55,
    0.55,
    0.55,
    0.57,
    0.57,
    0.57,
    0.57,
    0.57,
    0.57,
    0.57,
    0.57,
    0.57,
    0.57,
    0.570000039896924,
    0.57,
    0.58,
    0.570000013309525,
    0.59,
    0.58,
    0.6,
    0.6,
    0.62,
    0.6200001096907465,
    0.62,
    0.62,
    0.6300000008242282,
    0.63000000123515,
    0.63,
    0.63,
    0.63,
    0.63,
    0.63,
    0.63,
    0.63,
    0.63,
    0.63,
    0.63,
    0.6299999763749949,
    0.62,
    0.620000011661376,
    0.63,
    0.62,
    0.6200000278154331,
    0.62,
    0.65,
    0.6300001029897151,
    0.6499999674999887,
    0.6597085457768035,
    0.64,
    0.64,
    0.63,
    0.63,
    0.63,
    0.63,
    0.64,
    0.63,
    0.63,
    0.6300000060941179,
    0.6300000374539955,
    0.64,
    0.63,
    0.630000017912699,
    0.63,
    0.63,
    0.63,
    0.63,
    0.63,
    0.63,
    0.6300000090612249,
    0.63,
    0.64,
    0.64,
    0.6300000115625004,
    0.6300000010249307,
    0.63,
    0.63,
    0.64,
    0.6300000325600037,
    0.64,
    0.63,
    0.630000012982457,
    0.6300000047682395,
    0.64,
    0.64,
    0.6300001491936086,
    0.6300000015725,
    0.64,
    0.6300000112850003,
    0.63,
    0.63,
    0.63,
    0.63,
    0.63,
    0.63,
    0.6300000229400009,
    0.64,
    0.64,
    0.64,
    0.63,
    0.63,
    0.63,
    0.63,
    0.63,
    0.63,
    0.63,
    0.63,
    0.63,
    0.63,
    0.63,
    0.63,
    0.63,
    0.63,
    0.6300000013624549,
    0.63,
    0.63,
    0.63,
    0.63,
    0.63,
    0.63,
    0.63,
    0.63,
    0.63,
    0.63,
    0.63,
    0.64,
    0.64,
    0.63,
    0.64,
    0.63,
    0.6300000305250051,
    0.6300000888000231,
    0.64,
    0.63,
    0.63,
    0.63,
    0.63,
    0.63,
    0.63,
    0.63,
    0.63,
    0.63,
    0.62,
    0.6200000475000115,
    0.6200000446009442,
    0.6299999035713941,
    0.6200000736332292,
    0.6299999489188678,
    0.6200000677227826,
    0.6299999434365201,
    0.6299999613299158,
    0.63,
    0.6299999750719345,
    0.6299999914949993,
    0.6200001096907465,
    0.6200000354519021,
    0.6200000680597232,
    0.620000043511462,
    0.6299999216417618,
    0.62999990999991,
    0.62999999152466,
    0.6299999891911741,
    0.6299999506343138,
    0.6299999971999988,
    0.6200013933398356,
    0.6299997169562387,
    0.62,
    0.6299999690670945,
    0.63,
    0.62,
    0.6200000136800005,
    0.62,
    0.62,
    0.629999995803996,
    0.62,
    0.61,
    0.6100000016224486,
    0.62,
    0.62,
    0.62,
    0.62,
    0.6200000035549617,
    0.62,
    0.63,
    0.6299999975838068,
    0.6200000091501421,
    0.629999997010104,
    0.6200000084770486,
    0.6200000988000731,
    0.6200000988000731,
    0.63,
    0.6200000077089892,
    0.62,
    0.63,
    0.6200000043819821,
    0.63,
    0.62,
    0.6200002089479093,
    0.63,
    0.6200004560009728,
    0.62,
    0.62,
    0.62,
    0.620000003648,
    0.62,
    0.62,
    0.62,
    0.6299999991382979,
    0.62,
    0.6200000107742648,
    0.63,
    0.6200000126566223,
    0.62,
    0.6199999900866088,
    0.6100000010873371,
    0.62,
    0.62,
    0.62,
    0.6100000005655,
    0.6100001521000927,
    0.6199998511998869,
    0.6100000140400009,
    0.6100000140400009,
    0.6199999951361952,
    0.6199999627999948,
    0.61,
    0.6100000041186066,
    0.6100000013268041,
    0.619999998794556,
    0.6100000045035628,
    0.61,
    0.6199999994383275,
    0.6199999798499957,
    0.62,
    0.62,
    0.6100000026464286,
    0.6100000226200032,
    0.6100000312482793,
    0.61,
    0.61,
    0.610000002188835,
    0.62,
    0.62,
    0.62,
    0.619999994213333,
    0.62,
    0.62,
    0.6199999910719994,
    0.62,
    0.6100000238588277,
    0.6199999976971428,
    0.62,
    0.6199999995866666,
    0.62,
    0.61,
    0.62,
    0.62000000266,
    0.6299999780049829,
    0.63,
    0.6200000095264628,
    0.6200000258400035,
    0.62,
    0.6299999880299978,
    0.6299999978761062,
    0.6200000051272616,
    0.6299998749264034,
    0.62,
    0.62,
    0.6299999987919462,
    0.6200000234468096,
    0.6299999758906594,
    0.62,
    0.62,
    0.62,
    0.6199999900214589,
    0.62,
    0.6199999995900827,
    0.6100003458494024,
    0.6100000095258625,
    0.6199998827025663,
    0.6100000801666947,
    0.6199999393777568,
    0.62,
    0.6199999993444645,
    0.61,
    0.6199999645714205,
    0.6100000000557275,
    0.6100000442000098,
    0.629999901719976,
    0.6100000097500002,
    0.62,
    0.62,
    0.629999948339994,
    0.610000188500066,
    0.62,
    0.6299999951464713,
    0.6100001521000927,
    0.63,
    0.6100000123591555,
    0.6299999180999697,
    0.61,
    0.6199999834666644,
    0.6199999919708614,
    0.61999999814,
    0.6100000226200032,
    0.62,
    0.6100000101167319,
    0.6199999995230769,
    0.619999990926829,
    0.62,
    0.6,
    0.6,
    0.6,
    0.6,
    0.61,
    0.6,
    0.6199996706246603,
    0.6202243198305851,
    0.629999948339994,
    0.6202243156600493,
    0.6299999716499984,
    0.61,
    0.62,
    0.61,
    0.6,
    0.6200000380000089,
    0.6200000146153852,
    0.620000003648,
    0.62,
    0.6299999060635949,
    0.62,
    0.6100000051340239,
    0.62,
    0.6200000380000089,
    0.6200000051818183,
    0.6299999638799972,
    0.62,
    0.6299999700396276,
    0.6100000123132973,
    0.6201219945088383,
    0.620121973489622,
    0.6299999880063455,
    0.6100000111800005,
    0.61,
    0.6200213705809416,
    0.6200214290426269,
    0.6299999613299158,
    0.629999981099993,
    0.629999981099993,
    0.6100000240560778,
    0.6285871874318769,
    0.62,
    0.63,
    0.6299999795896291,
    0.6299999880299978,
    0.62,
    0.62,
    0.62,
    0.6199999711627859,
    0.6,
    0.6,
    0.6199999944199999,
    0.6100382780606426,
    0.6100382956642832,
    0.6,
    0.6299999926499996,
    0.6,
    0.61,
    0.6100000226200032,
    0.6299999835230748,
    0.6101136956811277,
    0.63,
    0.6,
    0.6,
    0.6,
    0.61,
    0.6,
    0.61,
    0.6200097234789218,
    0.61,
    0.61,
    0.61,
    0.61,
    0.6,
    0.61,
    0.61,
    0.6,
    0.6,
    0.6,
    0.61,
    0.61,
    0.61,
    0.6000000038104918,
    0.6200095963934156,
    0.6100000484908397,
    0.6199714502905426,
    0.6199714507327596,
    0.6199714504969681,
    0.62,
    0.629999999748,
    0.6299999880299978,
    0.6200754623690126,
    0.629999993621495,
    0.6200754908959147,
    0.6100001231580179,
    0.6201765399914531,
    0.61,
    0.629999981099993,
    0.6100000226200032,
    0.61,
    0.6199639331529991,
    0.6100000005655,
    0.6202461357402351,
    0.6202461650388688,
    0.6299999982705882,
    0.62024620442601,
    0.6299999979381817,
    0.6100000171052637,
    0.6100000230187481,
    0.6198049823062991,
    0.6198049831070113,
    0.61,
    0.6100000056061908,
    0.6199738022986692,
    0.610000004134,
    0.610000109200024,
    0.6299999880299978,
    0.610000022407487,
    0.63,
    0.61,
    0.6200206893817531,
    0.6200206522872993,
    0.61,
    0.6201144170685822,
    0.6299999990549999,
    0.6100000222670956,
    0.61,
    0.6100000140400009,
    0.6100001521000927,
    0.6100000076037739,
    0.6198868497945154,
    0.6198868501054542,
    0.6100000140400009,
    0.629999981099993,
    0.6247265578092797,
    0.6100000497250061,
    0.6199999948774442,
    0.61,
    0.6199999627999948,
    0.6199998728999625,
    0.6199998015999312,
    0.63,
    0.63,
    0.6199077276325078,
    0.6199074475866942,
    0.6199077273576796,
    0.6199077275303823,
    0.63,
    0.62,
    0.62,
    0.62,
    0.62,
    0.62,
    0.6200000167200009,
    0.6299999914949993,
    0.62,
    0.6200000988000731,
    0.63,
    0.62,
    0.6299999921879995,
    0.6299990759951952,
    0.6299999999120777,
    0.62,
    0.6200000122893623,
    0.6200000036497176,
    0.6299999961296928,
    0.6299994644977777,
    0.6200003344003745,
    0.62,
    0.63,
    0.62,
    0.62,
    0.62,
    0.6299999424895841,
    0.6200000126666669,
    0.6299999739053188,
    0.6200000627920303,
    0.6200000051818183,
    0.63,
    0.63,
    0.63,
    0.62,
    0.629999981099993,
    0.62000038000057,
    0.63,
    0.6367615578081179,
    0.629999987327585,
    0.6299999997634987,
    0.6200000005906736,
    0.6200000031739632,
    0.6200000167200009,
    0.6299999992681227,
    0.6200000015346154,
    0.6200000027767998,
    0.62,
    0.62,
    0.6299999988391778,
    0.62,
    0.62,
    0.6299999880299978,
    0.6299999976899999,
    0.61,
    0.61,
    0.61,
    0.63,
    0.6299999999004856,
    0.63,
    0.63,
    0.62,
    0.62,
    0.62,
    0.62,
    0.62,
    0.62,
    0.62,
    0.62,
    0.62,
    0.62,
    0.62,
    0.62,
    0.6199998511998869,
    0.6199999645714205,
    0.619999994213333,
    0.6199999990355493,
    0.6199999855011131,
    0.6099802325006759,
    0.6102663545052159,
    0.62,
    0.61333031104971,
    0.6099973464850076,
    0.61,
    0.62,
    0.6199999992577517,
    0.6199999974596669,
    0.6,
    0.6168393687553596,
    0.6099999989647857,
    0.6,
    0.6,
    0.6099999989223734,
    0.6,
    0.6,
    0.6099999981213584,
    0.6099999989743198,
    0.6,
    0.6199999995933759,
    0.62,
    0.5900000006538794,
    0.6199999999646512,
    0.6216566847897131,
    0.5900000011419944,
    0.6,
    0.6,
    0.6,
    0.6199999986416913,
    0.6,
    0.6,
    0.62,
    0.619999986359999,
    0.6,
    0.5900000108880393,
    0.6,
    0.619999998794045,
    0.59,
    0.5900000021904109,
    0.6199999982027358,
    0.6167422616690085,
    0.59,
    0.5900000046627721,
    0.6099999899610218,
    0.609999976118283,
    0.60999998392595,
    0.6099999769567052,
    0.609999978165033,
    0.6099999755545188,
    0.6099999739784451,
    0.6099999983393829,
    0.6099999947845416,
    0.6099999980210867,
    0.6099999786499901,
    0.59,
    0.59,
    0.59,
    0.6,
    0.6,
    0.5900000445375633,
    0.6,
    0.6,
    0.61,
    0.61,
    0.609999859699892,
    0.6,
    0.6,
    0.6,
    0.6,
    0.6,
    0.6,
    0.6,
    0.6,
    0.6,
    0.6,
    0.6,
    0.61,
    0.61,
    0.61,
    0.6,
    0.609999859699892,
    0.6099995505242813,
    0.61,
    0.61,
    0.61,
    0.61,
    0.61,
    0.61,
    0.61,
    0.61,
    0.61,
    0.6199259257965161,
    0.61,
    0.6203013937773371,
    0.6203014291165634,
    0.620301511277436,
    0.63,
    0.62,
    0.6100000426881085,
    0.62,
    0.61,
    0.63,
    0.6200000532000192,
    0.6299999921879995,
    0.63,
    0.6299999993545816,
    0.6200000016677562,
    0.62,
    0.62,
    0.62,
    0.6200000988000731,
    0.620000120705915,
    0.6299999518348514,
    0.6299999880299978,
    0.629999998035343,
    0.6299999905680315,
    0.6200000988000731,
    0.6299999995838415,
    0.6200000014122019,
    0.62,
    0.63,
    0.6299999780049829,
    0.6200000729600151,
    0.6299999996816842,
    0.6200000013272791,
    0.62,
    0.62,
    0.62,
    0.62,
    0.62,
    0.62,
    0.6200000066317628,
    0.62,
    0.6200000167200009,
    0.63,
    0.6299999180999697,
    0.63,
    0.63,
    0.6299999926499996,
    0.63,
    0.629999981099993,
    0.6200000988000731,
    0.6200000988000731,
    0.62,
    0.63,
    0.6299999180999697,
    0.6299999763749949,
    0.62999999965,
    0.62,
    0.62,
    0.62,
    0.62,
    0.62,
    0.62,
    0.62,
    0.62,
    0.62,
    0.62,
    0.62,
    0.63,
    0.6200000167200009,
    0.62,
    0.62999999965,
    0.63,
    0.6200000258400035,
    0.6299999880299978,
    0.63,
    0.6299999987496183,
    0.6200000025333334,
    0.6299999577514738,
    0.6200000988000731,
    0.6299999986304348,
    0.6299999966316832,
    0.6200000058266668,
    0.6299999881263847,
    0.6299999835230748,
    0.6200000708243849,
    0.6299999729999973,
    0.6200000136800005,
    0.6200000988000731,
    0.6299999880299978,
    0.63,
    0.6200000165217404,
    0.6299999903399989,
    0.63,
    0.620000000247,
    0.629999999834625,
    0.6299999880299978,
    0.6299999954181814,
    0.63,
    0.6200000054720002,
    0.63,
    0.62,
    0.62,
    0.62,
    0.61,
    0.61,
    0.61,
    0.61,
    0.6100000149794615,
    0.62,
    0.62,
    0.6199999958666664,
    0.6100001521000927,
    0.61,
    0.61,
    0.6250393377994882,
    0.61,
    0.6199795747234048,
    0.6199795751315271,
    0.6199795738068534,
    0.6100003503933165,
    0.61,
    0.61,
    0.61,
    0.61,
    0.61,
    0.6199896871615659,
    0.6199896843646574,
    0.6100000140400009,
    0.6299999880299978,
    0.61,
    0.6100000212376551,
    0.62,
    0.62999999965,
    0.6299999763749949,
    0.6299999967857142,
    0.6200000057655174,
    0.6299999957999993,
    0.6200000049400002,
    0.63,
    0.6200000570000073,
    0.629999981099993,
    0.6200004130439272,
    0.62,
    0.6299999453999683,
    0.63,
    0.62,
    0.62,
    0.62,
    0.6299999926499996,
    0.6299999816356251,
    0.6299999892765936,
    0.6299999905440884,
    0.6299999556666533,
    0.6299999556666533,
    0.630102500282687,
    0.6376694379780512,
    0.63,
    0.61,
    0.62,
    0.61,
    0.6100000120140132,
    0.62,
    0.61,
    0.61,
    0.61,
    0.6200000258400035,
    0.62,
    0.61,
    0.61,
    0.61,
    0.61,
    0.62,
    0.62,
    0.62,
    0.62,
    0.62,
    0.62,
    0.64,
    0.64,
    0.64,
    0.6384039900249376,
    0.61,
    0.62,
    0.62,
    0.62,
    0.6100000118727638,
    0.61,
    0.633459743263969,
    0.629999484544939,
    0.62,
    0.6200000338248841,
    0.63,
    0.63,
    0.629999948339994,
    0.6200004560009728,
    0.6200000988000731,
    0.62,
    0.6200000258400035,
    0.63,
    0.63,
    0.62,
    0.62,
    0.62,
    0.62,
    0.62,
    0.62,
    0.62,
    0.62,
    0.62,
    0.62,
    0.62,
    0.62,
    0.62,
    0.62,
    0.62,
    0.62,
    0.62,
    0.62,
    0.62,
    0.62,
    0.62,
    0.62,
    0.62,
    0.62,
    0.62,
    0.62,
    0.63,
    0.6200000532000192,
    0.6299999453999683,
    0.62,
    0.62,
    0.62,
    0.62,
    0.6200000583551436,
    0.62,
    0.62,
    0.6100000106661996,
    0.61,
    0.6100000086666671,
    0.6100000135416673,
    0.6100000117534251,
    0.6100000081533105,
    0.6199999906060599,
    0.6199999821355923,
    0.61,
    0.6199978175902228,
    0.6100000226200032,
    0.63,
    0.6299999015622078,
    0.6299999968795329,
    0.6100000035657144,
    0.6276081919911155,
    0.610000013764707,
    0.6201981073816497,
    0.6201981151597877,
    0.63,
    0.6100001028182482,
    0.6273025979027015,
    0.6199998759999295,
    0.61,
    0.61,
    0.6100001521000927,
    0.6100952443286903,
    0.6100952012893144,
    0.6199509948489008,
    0.6199509951146762,
    0.5700000012275293,
    0.6,
    0.58,
    0.6199468084908865,
    0.6199468070301559,
    0.6099708449222638,
    0.6299999990549999,
    0.6299999903399989,
    0.6199291029858509,
    0.6100001521000927,
    0.61,
    0.6239207956286418,
    0.6199999968025157,
    0.610000001755,
    0.6100000013433333,
    0.610000004134,
    0.619999968999986,
    0.6100000004242105,
    0.6100001521000927,
    0.6100001521000927,
    0.6100019890097461,
    0.619999986359999,
    0.6199998511998869,
    0.62,
    0.61,
    0.6199999627999948,
    0.6199999948333332,
    0.6199999972892472,
    0.6100000020347827,
    0.6100000140400009,
    0.62,
    0.61,
    0.6199999887272725,
    0.6199999961422221,
    0.62,
    0.6199999627999948,
    0.61,
    0.61000000182,
    0.61,
    0.6100000106550398,
    0.6100000442000098,
    0.6100000046255815,
    0.6100001521000927,
    0.63,
    0.62,
    0.62999951999808,
    0.6199540650724544,
    0.6199540644867788,
    0.6199540648718882,
    0.6201206075697919,
    0.61000039000039,
    0.6198480416868586,
    0.6198480418755788,
    0.62,
    0.61,
    0.6100000167360222,
    0.62,
    0.6199999986472727,
    0.6299999926499996,
    0.62,
    0.62,
    0.6200000039692015,
    0.63,
    0.630000004292,
    0.63,
    0.63,
    0.6299987936141979,
    0.62,
    0.6200000833998637,
    0.6200000167200009,
    0.6200000988000731,
    0.64,
    0.62,
    0.62,
    0.62,
    0.63,
    0.6100000893750167,
    0.62,
    0.6100001521000927,
    0.6100000280839453,
    0.62,
    0.62,
    0.6299998262063452,
    0.62,
    0.62,
    0.61,
    0.61,
    0.62,
    0.6100000124931132,
    0.61,
    0.6299559080599235,
    0.6299559082252595,
    0.610000109200024,
    0.6299559082003088,
    0.629999406069965,
    0.6100000033050847,
    0.6100011960043056,
    0.6100000226200032,
    0.6200248231047962,
    0.6200248571548269,
    0.64,
    0.6299356906794342,
    0.6299356910919699,
    0.62,
    0.6202072859735437,
    0.6100001521000927,
    0.61000039000039,
    0.63,
    0.6299968478106144,
    0.6200369397535908,
    0.6200369313240818,
    0.6299985749964375,
    0.63,
    0.6296495815442199,
    0.6100000545733898,
    0.6100001467327634,
    0.610000109200024,
    0.6200095650381013,
    0.6200095374558626,
    0.6200095033899573,
    0.6299999976899999,
    0.6198811537775469,
    0.6198811537056634,
    0.64,
    0.61,
    0.6,
    0.61,
    0.61,
    0.6328335376018756,
    0.6100001521000927,
    0.6,
    0.6,
    0.6299982989875826,
    0.6299982989875826,
    0.6,
    0.62,
    0.6,
    0.62,
    0.6299982989875826,
    0.6299999990176715,
    0.6199681322337203,
    0.6199681324708454,
    0.6199681324127141,
    0.6299982989875826,
    0.6299982989875826,
    0.6299982989875826,
    0.6299982989875826,
    0.629999995153846,
    0.6299999824999519,
    0.6299999650727621,
    0.6299982989875826,
    0.58,
    0.6,
    0.5500000450000045,
    0.62,
    0.58,
    0.61,
    0.5400000008438416,
    0.62,
    0.6301031593182326,
    0.64,
    0.64,
    0.6200000098397044,
    0.6299261447562777,
    0.6200000988000731,
    0.630064707084988,
    0.6300647072652772,
    0.630064673046252,
    0.62,
    0.6299098278218562,
    0.6299098280338259,
    0.6299097180993715,
    0.64,
    0.6200000056296298,
    0.64,
    0.6393593555193249,
    0.6200001279208757,
    0.6200000265502204,
    0.6301280731947605,
    0.6301280937610263,
    0.6300630344913862,
    0.6300630311263128,
    0.6302578638107057,
    0.6302576295309139,
    0.6302576243980739,
    0.64,
    0.64,
    0.6399857752479217,
    0.6200000058266668,
    0.6301337905004323,
    0.6301337894601909,
    0.6301337514437224,
    0.63,
    0.6301396741556812,
    0.6301396630349341,
    0.6301397775609193,
    0.6200000258400035,
    0.6299938423455738,
    0.6200001310345505,
    0.6316183150426047,
    0.62,
    0.63,
    0.63,
    0.64,
    0.64,
    0.64,
    0.64,
    0.6300000043342858,
    0.6300000888000231,
    0.64,
    0.64,
    0.64,
    0.62,
    0.63,
    0.63,
    0.63,
    0.59,
    0.62,
    0.59,
    0.6,
    0.63,
    0.61,
    0.62,
    0.64,
    0.6831683026271923,
    0.6400000792000222,
    0.64,
    0.64,
    0.64,
    0.64,
    0.64,
    0.64,
    0.64,
    0.65,
    0.65,
    0.65,
    0.65,
    0.65,
    0.65,
    0.65,
    0.65,
    0.65,
    0.65,
    0.65,
    0.66,
    0.66,
    0.6799415203767574,
    0.6799415201237844
]
