[
    0.999,
    0.999,
    0.999,
    0.999,
    0.999,
    0.999,
    0.999,
    0.999,
    0.999,
    0.999,
    0.998,
    0.999,
    0.999,
    0.999,
    0.999,
    0.999,
    0.999,
    0.999,
    0.998,
    0.98,
    0.98,
    0.9977215880881511,
    0.98,
    0.99,
    0.98,
    0.9973359201231102,
    0.99,
    0.99,
    0.98,
    0.998,
    0.998,
    0.9989337706446457,
    0.999,
    0.999,
    0.999,
    0.998,
    0.992,
    0.992,
    0.992,
    0.992,
    0.995,
    0.992,
    0.992,
    0.992,
    0.992,
    0.992,
    0.992,
    0.993,
    0.992,
    0.992,
    0.992,
    0.992,
    0.992,
    0.992,
    0.997,
    0.999,
    0.999,
    0.997,
    0.9989999509990475,
    0.9989999988484645,
    0.998,
    0.998,
    0.9969999999980257,
    0.9951964599433347,
    0.995,
    0.995,
    0.98,
    0.98,
    0.98,
    0.997,
    0.998,
    0.991,
    0.98,
    0.98,
    0.99,
    0.99,
    0.99,
    0.99,
    0.989,
    0.989,
    0.98,
    0.9889999999900101,
    0.988999997362584,
    0.99,
    0.99,
    0.98,
    0.99,
    0.99,
    0.99,
    0.99,
    0.99,
    0.99,
    0.99,
    0.99,
    0.99,
    0.97,
    0.99,
    0.9850122909852843,
    0.96,
    0.97,
    0.97,
    0.95,
    0.95,
    0.95,
    0.96,
    0.94,
    0.96,
    0.97,
    0.94,
    0.96,
    0.9599999654399978,
    0.9599998463999017,
    0.95,
    0.9599999654399978,
    0.96,
    0.97,
    0.9573121841737448,
    0.96,
    0.9557278946022856,
    0.93,
    0.93,
    0.95,
    0.92,
    0.92,
    0.92,
    0.92,
    0.9199999852799767,
    0.9,
    0.9,
    0.9,
    0.9,
    0.8800001008000161,
    0.909999998271,
    0.88,
    0.9399997668798713,
    0.9,
    0.9,
    0.92,
    0.9399999962399888,
    0.93,
    0.92,
    0.93,
    0.94,
    0.94,
    0.939999946284643,
    0.94,
    0.9399999849599521,
    0.95,
    0.95,
    0.9464809834922349,
    0.91,
    0.9,
    0.9,
    0.9,
    0.9,
    0.9,
    0.9,
    0.9099998179976097,
    0.91,
    0.9,
    0.89,
    0.88,
    0.88,
    0.88,
    0.88,
    0.88,
    0.88,
    0.88,
    0.88,
    0.875,
    0.8799997066545417,
    0.86,
    0.8599999991399997,
    0.86,
    0.864,
    0.850000060000006,
    0.89,
    0.86,
    0.86,
    0.86,
    0.8500001125000282,
    0.85,
    0.84,
    0.84,
    0.84,
    0.84,
    0.84,
    0.83,
    0.81,
    0.8,
    0.81,
    0.81,
    0.81,
    0.81,
    0.81,
    0.81,
    0.81,
    0.81,
    0.81,
    0.81,
    0.8399999803861684,
    0.81,
    0.81,
    0.81,
    0.81,
    0.8,
    0.81,
    0.81,
    0.7899999826199865,
    0.7899999940749991,
    0.7899998598385085,
    0.77,
    0.77,
    0.77,
    0.77,
    0.7799999719199981,
    0.8,
    0.79,
    0.79,
    0.85,
    0.84,
    0.87,
    0.84,
    0.84,
    0.84,
    0.85,
    0.84,
    0.84,
    0.839999999664,
    0.83,
    0.8200001296000363,
    0.83,
    0.83,
    0.83,
    0.83,
    0.82,
    0.82,
    0.82,
    0.82,
    0.8200012960036288,
    0.82,
    0.83,
    0.83,
    0.84,
    0.83,
    0.8499992031237549,
    0.85,
    0.85,
    0.85,
    0.85,
    0.85,
    0.85,
    0.85,
    0.85,
    0.85,
    0.85,
    0.85,
    0.85,
    0.85,
    0.82,
    0.82,
    0.83,
    0.8325002500250025,
    0.81,
    0.81,
    0.82,
    0.83,
    0.8399999949599988,
    0.84,
    0.8399999966399984,
    0.84,
    0.8399999999328,
    0.8399999773483101,
    0.8399999528971769,
    0.84,
    0.8399999357960197,
    0.839999986172834,
    0.84,
    0.84,
    0.84,
    0.839999785529688,
    0.8399999949599988,
    0.8399999551999426,
    0.83,
    0.84,
    0.84,
    0.84,
    0.84,
    0.8399999813333234,
    0.84,
    0.8399999819354454,
    0.8399999479068992,
    0.84,
    0.83,
    0.8399999807999785,
    0.8300000460687074,
    0.8399999792592278,
    0.84,
    0.84,
    0.84,
    0.84,
    0.84,
    0.84,
    0.84,
    0.84,
    0.84,
    0.84,
    0.84,
    0.84,
    0.84,
    0.84,
    0.84,
    0.83,
    0.84,
    0.8299999584999674,
    0.82,
    0.8376311319595527,
    0.8100001216000438,
    0.8,
    0.83,
    0.83,
    0.83,
    0.83,
    0.83,
    0.83,
    0.83,
    0.83,
    0.84,
    0.84,
    0.83,
    0.85,
    0.83,
    0.83,
    0.83,
    0.82,
    0.8,
    0.8,
    0.8,
    0.8,
    0.79,
    0.79,
    0.8,
    0.8,
    0.8,
    0.78,
    0.78,
    0.7388047720277945,
    0.73,
    0.7,
    0.72,
    0.7,
    0.7,
    0.7,
    0.7,
    0.7,
    0.6780483409307749,
    0.6500001225000797,
    0.67,
    0.67,
    0.67,
    0.67,
    0.67,
    0.67,
    0.6699999842352852,
    0.68,
    0.68,
    0.64,
    0.64,
    0.64,
    0.64,
    0.64,
    0.65,
    0.65,
    0.65,
    0.65,
    0.65,
    0.65,
    0.65,
    0.65,
    0.6499999617646969,
    0.66,
    0.65,
    0.65,
    0.65,
    0.65,
    0.66,
    0.65,
    0.65,
    0.66,
    0.69,
    0.66,
    0.65,
    0.68,
    0.69,
    0.69,
    0.69,
    0.69,
    0.7067058509217206,
    0.6898692307692308,
    0.67,
    0.66,
    0.6679456,
    0.67,
    0.66,
    0.63,
    0.660272,
    0.68,
    0.69,
    0.69,
    0.69,
    0.69,
    0.7,
    0.7,
    0.7,
    0.7,
    0.68,
    0.67,
    0.68,
    0.67,
    0.67,
    0.67,
    0.66,
    0.65,
    0.65,
    0.65,
    0.65,
    0.6200000988000731,
    0.62,
    0.62,
    0.6179124659651188,
    0.6,
    0.61,
    0.6,
    0.5800000422637299,
    0.59,
    0.58,
    0.59,
    0.58,
    0.62,
    0.6199999627999948,
    0.679999998368,
    0.700000180000072,
    0.6900000164300008,
    0.7274188342150155,
    0.7,
    0.7199999841599996,
    0.7,
    0.69,
    0.69,
    0.695119,
    0.69,
    0.69,
    0.69,
    0.69,
    0.67,
    0.67,
    0.67,
    0.67,
    0.68,
    0.68,
    0.68,
    0.68,
    0.68,
    0.65,
    0.65,
    0.67,
    0.67,
    0.67,
    0.65,
    0.65,
    0.68,
    0.69,
    0.690000037820003,
    0.7,
    0.73,
    0.73,
    0.700000180000072,
    0.69,
    0.6799998911999086,
    0.6599995379980134,
    0.64,
    0.67,
    0.67,
    0.67,
    0.6308356961310364,
    0.64,
    0.64,
    0.6299999998332451,
    0.63,
    0.63,
    0.63,
    0.65,
    0.6499999934999994,
    0.65,
    0.6500001225000797,
    0.57,
    0.57,
    0.54,
    0.6075077623746203,
    0.64,
    0.65,
    0.65,
    0.65,
    0.65,
    0.6500001225000797,
    0.63,
    0.62,
    0.62,
    0.62,
    0.62,
    0.62,
    0.63,
    0.63,
    0.62,
    0.62,
    0.63,
    0.63,
    0.62,
    0.63,
    0.62,
    0.63,
    0.63,
    0.65,
    0.63,
    0.63,
    0.64,
    0.65,
    0.6699999973199998,
    0.67,
    0.67,
    0.68,
    0.68,
    0.7568169479465588,
    0.7,
    0.7037785596915535,
    0.6899999648727163,
    0.6633333333333333,
    0.63,
    0.63,
    0.61,
    0.62,
    0.61,
    0.61,
    0.61,
    0.61,
    0.61,
    0.61,
    0.61,
    0.61,
    0.61,
    0.61,
    0.6,
    0.6087051724137931,
    0.6097245148747295,
    0.59,
    0.59,
    0.59,
    0.5600000293333411,
    0.52,
    0.5599999626666622,
    0.54,
    0.5100000025871856,
    0.55,
    0.54,
    0.55,
    0.56,
    0.56,
    0.57,
    0.57,
    0.57,
    0.58,
    0.57,
    0.58,
    0.61,
    0.58,
    0.61,
    0.6,
    0.6,
    0.6,
    0.58,
    0.5899999712374978,
    0.5800000067200002,
    0.5899999866266652,
    0.5700000129000022,
    0.5899999946899995,
    0.5700000702333453,
    0.59,
    0.59,
    0.59,
    0.6,
    0.59,
    0.59,
    0.59,
    0.59,
    0.59,
    0.5971777085316071,
    0.5899999995988,
    0.589999999056,
    0.5899999912062076,
    0.5899999946899995,
    0.589999645999201,
    0.5899999992133333,
    0.589999645999201,
    0.599388379204893,
    0.6,
    0.5980384338975846,
    0.5899999947555554,
    0.5899999967818181,
    0.5899999967818181,
    0.59,
    0.5899999998595238,
    0.5899999939156249,
    0.5899999992133333,
    0.5899999998595238,
    0.570000002064,
    0.5700000147428588,
    0.5899999965133365,
    0.58,
    0.58,
    0.5700000657415316,
    0.5800000067200002,
    0.58,
    0.5800000127594949,
    0.5900000041976191,
    0.6,
    0.6,
    0.5999999759999961,
    0.6,
    0.5999999976,
    0.59,
    0.59,
    0.6,
    0.6,
    0.6,
    0.6,
    0.59,
    0.6,
    0.6,
    0.6,
    0.6,
    0.6,
    0.6,
    0.6,
    0.6,
    0.6,
    0.6,
    0.6,
    0.6,
    0.6,
    0.6,
    0.6,
    0.61,
    0.61,
    0.61,
    0.61,
    0.61,
    0.61,
    0.6100000226200032,
    0.61,
    0.61,
    0.61,
    0.61,
    0.61,
    0.62,
    0.62,
    0.62,
    0.62,
    0.62,
    0.62,
    0.62,
    0.62,
    0.62,
    0.62,
    0.62,
    0.62,
    0.6299999942669999,
    0.63,
    0.63,
    0.63,
    0.63,
    0.63,
    0.62,
    0.62,
    0.62,
    0.62,
    0.62,
    0.62,
    0.62,
    0.62,
    0.62,
    0.62,
    0.62,
    0.62,
    0.6160833133253302,
    0.6,
    0.6,
    0.6099999344966367,
    0.6099999975655329,
    0.609999996096,
    0.609999859699892,
    0.59,
    0.609999859699892,
    0.5900000095863905,
    0.6099999993899999,
    0.59,
    0.59,
    0.5900000130484485,
    0.609999859699892,
    0.5900001339604849,
    0.61,
    0.6099999993899999,
    0.609999859699892,
    0.609999859699892,
    0.61,
    0.59,
    0.59,
    0.59,
    0.59,
    0.59,
    0.59,
    0.59,
    0.59,
    0.59,
    0.59,
    0.59,
    0.5900000814839863,
    0.6099999755999961,
    0.6,
    0.59,
    0.59,
    0.6,
    0.59,
    0.59,
    0.6,
    0.6,
    0.6099999799799055,
    0.6,
    0.6099998788969938,
    0.6,
    0.6099995526655035,
    0.6099997584399024,
    0.6,
    0.59,
    0.59,
    0.59,
    0.58,
    0.58,
    0.58,
    0.58,
    0.58,
    0.5799999226661614,
    0.57,
    0.5700001720001032,
    0.57,
    0.56,
    0.57,
    0.5799998259997042,
    0.5799999922666654,
    0.57,
    0.5783949528330479,
    0.56,
    0.5699999965799997,
    0.5600001936001084,
    0.569999999093853,
    0.57,
    0.5699999334999635,
    0.5600007920025344,
    0.5699998232997013,
    0.5600004400011315,
    0.5699997506243298,
    0.5799995691419462,
    0.57,
    0.5600000293333411,
    0.57,
    0.58,
    0.5799999860799989,
    0.5600000690196422,
    0.579999749803539,
    0.5799998259997042,
    0.560000326857367,
    0.57,
    0.5799999013999182,
    0.5799903334944417,
    0.5600000603428833,
    0.5600000628571563,
    0.5700403904878619,
    0.5700403896731676,
    0.57,
    0.57,
    0.57,
    0.57,
    0.5700000038700002,
    0.5799997679989328,
    0.5700000086484317,
    0.5799999877176458,
    0.57,
    0.57,
    0.57,
    0.57,
    0.57,
    0.57,
    0.57,
    0.57,
    0.57,
    0.57,
    0.57,
    0.5799997679989328,
    0.57,
    0.5699990879968991,
    0.56,
    0.56,
    0.5400002392001149,
    0.5500002025001114,
    0.54,
    0.5400002760003864,
    0.5627850577806022,
    0.5599999663999852,
    0.54999737075177,
    0.5499974140681249,
    0.5499974073116489,
    0.559999684999685,
    0.5500000450000045,
    0.55,
    0.56,
    0.5501130953119994,
    0.5501130953549825,
    0.5501130953221988,
    0.5400000736000128
]
