[
    0.001,
    0.002,
    0.002,
    0.002,
    0.002,
    0.002,
    0.002,
    0.002,
    0.002,
    0.002,
    0.002,
    0.002,
    0.002,
    0.002,
    0.002,
    0.001,
    0.001,
    0.001,
    0.001,
    0.001,
    0.001,
    0.001,
    0.001,
    0.001,
    0.001,
    0.001,
    0.001,
    0.001,
    0.001,
    0.001,
    0.001,
    0.002,
    0.002,
    0.002,
    0.002,
    0.002,
    0.003,
    0.005,
    0.005,
    0.005,
    0.005,
    0.005,
    0.004,
    0.0030000000019447977,
    0.005,
    0.006,
    0.01,
    0.005,
    0.01,
    0.01,
    0.005,
    0.01,
    0.001,
    0.001,
    0.01,
    0.01,
    0.023435759501122495,
    0.02,
    0.01,
    0.01,
    0.01,
    0.01,
    0.01,
    0.01,
    0.01,
    0.01,
    0.01,
    0.01,
    0.01,
    0.03,
    0.02,
    0.02,
    0.02,
    0.02,
    0.030000000845685056,
    0.03,
    0.03,
    0.030000000481274037,
    0.03,
    0.030000001940002324,
    0.03,
    0.03,
    0.03,
    0.030000001940002324,
    0.04,
    0.05,
    0.03,
    0.03,
    0.03,
    0.030000001940002324,
    0.03,
    0.03,
    0.03,
    0.03,
    0.03,
    0.03,
    0.03,
    0.03,
    0.03,
    0.030000000012563265,
    0.030000001940002324,
    0.03,
    0.03,
    0.03,
    0.03,
    0.030000000776000898,
    0.030000001940002324,
    0.05,
    0.030000000097,
    0.030000003935097646,
    0.04,
    0.05,
    0.06,
    0.06,
    0.06,
    0.06,
    0.05,
    0.06,
    0.05,
    0.03000000166255655,
    0.05,
    0.05,
    0.06,
    0.06,
    0.06,
    0.06,
    0.06,
    0.06,
    0.06,
    0.05,
    0.05,
    0.06,
    0.059999972399998894,
    0.05,
    0.05,
    0.06,
    0.06,
    0.06,
    0.06,
    0.06,
    0.06,
    0.06,
    0.06,
    0.04,
    0.02,
    0.04,
    0.03,
    0.03,
    0.04,
    0.03,
    0.05,
    0.04,
    0.07,
    0.02,
    0.05,
    0.06,
    0.03,
    0.03,
    0.05,
    0.03,
    0.04,
    0.1,
    0.12,
    0.12,
    0.12,
    0.12,
    0.13,
    0.13,
    0.13000000593182084,
    0.12000003520017459,
    0.12,
    0.12,
    0.12,
    0.12,
    0.12,
    0.12,
    0.12,
    0.12,
    0.12,
    0.12000003520017459,
    0.12,
    0.12,
    0.12,
    0.12,
    0.12000000782222736,
    0.12,
    0.11,
    0.12,
    0.13889762939649064,
    0.14,
    0.14,
    0.13,
    0.12,
    0.12,
    0.12999999289333325,
    0.12000000038304505,
    0.12,
    0.12,
    0.12,
    0.12,
    0.12,
    0.12,
    0.12,
    0.12,
    0.12,
    0.12,
    0.12,
    0.12,
    0.12,
    0.12,
    0.12,
    0.12,
    0.12,
    0.12,
    0.12,
    0.12,
    0.12,
    0.12,
    0.12,
    0.12,
    0.12,
    0.12,
    0.12,
    0.12,
    0.12,
    0.11180831826401447,
    0.11,
    0.11,
    0.11,
    0.11,
    0.11,
    0.11,
    0.11,
    0.03,
    0.07,
    0.05,
    0.07,
    0.03,
    0.09,
    0.03,
    0.06,
    0.08,
    0.05,
    0.03,
    0.05,
    0.06,
    0.07,
    0.03000000027090776,
    0.03,
    0.05,
    0.07,
    0.05,
    0.09,
    0.05,
    0.05,
    0.08,
    0.07,
    0.04,
    0.04,
    0.09,
    0.09,
    0.09,
    0.09000000173498578,
    0.1,
    0.1,
    0.1,
    0.1,
    0.1,
    0.1,
    0.1,
    0.1,
    0.09,
    0.08000001840000884,
    0.09009009009009009,
    0.08,
    0.1,
    0.1,
    0.1,
    0.09,
    0.1,
    0.1,
    0.1,
    0.1,
    0.1,
    0.1,
    0.10999995214999689,
    0.1,
    0.14925709729875922,
    0.11,
    0.11,
    0.12,
    0.12,
    0.14,
    0.14,
    0.14,
    0.15,
    0.14,
    0.14,
    0.14,
    0.14999996959459255,
    0.15,
    0.15,
    0.15,
    0.15,
    0.15,
    0.18999999863199998,
    0.15000000042500003,
    0.18154108656684576,
    0.15000000059074384,
    0.1799999579999958,
    0.1799999013698495,
    0.18025738185457926,
    0.17,
    0.17,
    0.17,
    0.17,
    0.17,
    0.17,
    0.17,
    0.17821780748946153,
    0.17999999279999992,
    0.18,
    0.18,
    0.17999997551999844,
    0.18,
    0.18,
    0.18,
    0.1700000033200013,
    0.179999998704,
    0.179999998335,
    0.17999999856402074,
    0.18,
    0.16,
    0.17,
    0.16,
    0.16,
    0.16,
    0.16,
    0.16,
    0.16,
    0.15000000708333386,
    0.16,
    0.15,
    0.16,
    0.15,
    0.16,
    0.16,
    0.16,
    0.17,
    0.16000000336000167,
    0.16000000245853688,
    0.16,
    0.15,
    0.16,
    0.15,
    0.16,
    0.15000000029716123,
    0.16,
    0.15000000070833336,
    0.1500000017000001,
    0.16,
    0.15000000425000104,
    0.16,
    0.15,
    0.15000000014166667,
    0.15,
    0.15,
    0.150000000085,
    0.15,
    0.16,
    0.15,
    0.15,
    0.15,
    0.16,
    0.16,
    0.16,
    0.16,
    0.15,
    0.15000000708333386,
    0.15,
    0.15,
    0.15,
    0.1500000850003315,
    0.15000000025007357,
    0.1500000850003315,
    0.16986518455282332,
    0.16,
    0.15,
    0.16,
    0.15000003541670945,
    0.15000003148152696,
    0.15000003148152696,
    0.1500000060714294,
    0.15,
    0.15,
    0.15,
    0.15,
    0.15,
    0.16954485397316468,
    0.16153686940804982,
    0.15,
    0.1500000005102715,
    0.15,
    0.15,
    0.1500000850003315,
    0.16,
    0.15,
    0.15,
    0.16,
    0.15,
    0.15,
    0.15000085000765007,
    0.15,
    0.1500000850003315,
    0.1500000850003315,
    0.16,
    0.15,
    0.16,
    0.15000000425000104,
    0.15,
    0.16,
    0.1500001148651598,
    0.16,
    0.16,
    0.1500000001780254,
    0.16,
    0.15,
    0.15,
    0.15,
    0.1499939999399994,
    0.14999963709648154,
    0.15,
    0.14000002144641024,
    0.1400000860004214,
    0.14,
    0.14,
    0.15,
    0.15,
    0.14000005009723038,
    0.14,
    0.1400000860004214,
    0.14,
    0.15,
    0.14,
    0.14000001306329757,
    0.14000000057333337,
    0.14,
    0.14000000086000025,
    0.14000028666848224,
    0.14000000022949582,
    0.14,
    0.149999939999994,
    0.14999988749997187,
    0.14000064501564163,
    0.14000001876365642,
    0.14,
    0.14,
    0.14000000025954887,
    0.14,
    0.1400000344000502,
    0.15,
    0.15,
    0.14000003127286828,
    0.140000000344,
    0.14000000047710456,
    0.14,
    0.14,
    0.14000000043000002,
    0.14,
    0.140000001661836,
    0.14,
    0.15,
    0.15,
    0.15,
    0.14,
    0.14,
    0.14000000137600016,
    0.15,
    0.1400000860004214,
    0.15,
    0.14,
    0.14,
    0.14,
    0.15,
    0.15,
    0.14000003127286828,
    0.16,
    0.14000229370950168,
    0.16,
    0.16,
    0.15,
    0.140000000344,
    0.15,
    0.15,
    0.15,
    0.15,
    0.14000000114666689,
    0.14999998874999973,
    0.14000000382222305,
    0.15,
    0.15,
    0.15,
    0.16,
    0.16,
    0.16,
    0.16,
    0.16,
    0.16,
    0.16,
    0.16,
    0.16,
    0.16,
    0.16,
    0.16,
    0.16,
    0.16,
    0.15,
    0.15,
    0.15,
    0.14,
    0.15,
    0.14,
    0.13,
    0.13,
    0.13,
    0.13,
    0.13,
    0.13,
    0.13,
    0.13000000087008703,
    0.13999999334584104,
    0.13,
    0.13000034800160082,
    0.13,
    0.14,
    0.14,
    0.13000000034779133,
    0.130000000087,
    0.13,
    0.13,
    0.13,
    0.13000000043495655,
    0.13999999282499992,
    0.13000000121800007,
    0.14,
    0.14,
    0.14,
    0.130000000130053,
    0.13,
    0.14,
    0.14,
    0.1300000010858758,
    0.14999988749997187,
    0.15,
    0.14000001720000538,
    0.14,
    0.14419513707551573,
    0.13000000174000104,
    0.13,
    0.14,
    0.14,
    0.1499999959821428,
    0.15,
    0.13000000870001732,
    0.13000000047850002,
    0.13000000174000104,
    0.149999997565462,
    0.13000000479485813,
    0.14999999796343227,
    0.13000000870001732,
    0.13,
    0.13,
    0.13,
    0.14,
    0.14999997599999904,
    0.14,
    0.13000000870001732,
    0.14054832368114112,
    0.13999999481999995,
    0.14,
    0.14739138556209397,
    0.14,
    0.13000000336774267,
    0.13999994259999485,
    0.13000000174000104,
    0.13999999852432432,
    0.13000000010624685,
    0.13,
    0.13,
    0.1300000149142876,
    0.1399997815999039,
    0.13,
    0.14,
    0.13000000174000104,
    0.1300005220205676,
    0.13,
    0.13000000870001732,
    0.13000000174000104,
    0.13000000870001732,
    0.13999994259999485,
    0.13000000047850002,
    0.1300000290003857,
    0.1300000162921376,
    0.14,
    0.1300000001480851,
    0.13999999885199998,
    0.13999999481999995,
    0.13,
    0.13,
    0.13,
    0.12000000352000104,
    0.13,
    0.13,
    0.13,
    0.13,
    0.13,
    0.13,
    0.13,
    0.13,
    0.13,
    0.13,
    0.13,
    0.13,
    0.13,
    0.13,
    0.13,
    0.13,
    0.13,
    0.13,
    0.13,
    0.13,
    0.13,
    0.13,
    0.13,
    0.13,
    0.13,
    0.13,
    0.13,
    0.13,
    0.13,
    0.13,
    0.13,
    0.13,
    0.13,
    0.13,
    0.13,
    0.13,
    0.13,
    0.13,
    0.13,
    0.13,
    0.13,
    0.13,
    0.13,
    0.13,
    0.13,
    0.13,
    0.13,
    0.13,
    0.13,
    0.12000001408000541,
    0.12000000352000104,
    0.12,
    0.13,
    0.12,
    0.12000003520017459,
    0.13,
    0.12,
    0.12000000326833887,
    0.12000003520017459,
    0.13999994259999485,
    0.12000000352000104,
    0.12000000170460057,
    0.13,
    0.1399998669999601,
    0.14,
    0.12,
    0.12,
    0.12000000140800039,
    0.12000000211874698,
    0.12,
    0.12,
    0.12,
    0.13999999393333326,
    0.13999999659546497,
    0.12,
    0.12,
    0.12000001852638366,
    0.12,
    0.12,
    0.11000001151358776,
    0.12,
    0.12,
    0.12,
    0.12,
    0.12,
    0.13,
    0.14999759999039997,
    0.13000000072500004,
    0.15,
    0.15,
    0.15,
    0.15000000238228725,
    0.15000007024810225,
    0.15000001700002005,
    0.15,
    0.1400000344000502,
    0.14999997599999904,
    0.14000000417983138,
    0.1400000344000502,
    0.14,
    0.14,
    0.13999996266666417,
    0.1300005220205676,
    0.1300000023332061,
    0.13,
    0.1300005220205676,
    0.13999996266666417,
    0.13999988239998118,
    0.1300005220205676,
    0.1300005220205676,
    0.1300005220205676,
    0.13999997871999897,
    0.13000000174000104,
    0.1300000006514415,
    0.13999998816462705,
    0.13000000174000104,
    0.13000000424908476,
    0.13999988239998118,
    0.13000001531691463,
    0.13000000425428182,
    0.13000000696000133,
    0.13000002829270502,
    0.13000006525015823,
    0.1300000589832468,
    0.13000005486491084,
    0.13,
    0.13000000339844411,
    0.1300000076821259,
    0.13,
    0.13000002685190903,
    0.13999997775967313,
    0.13000005084438399,
    0.13999997605263043,
    0.13000001692611582,
    0.13000002307694083,
    0.13000000649256632,
    0.1300000076821259,
    0.1300000650467849,
    0.13,
    0.13000005287310024,
    0.130000007733336,
    0.13000000121800007,
    0.1300000016312502,
    0.13999997606837505,
    0.13000000572369547,
    0.13000001175678044,
    0.13000002836962596,
    0.13000000867109915,
    0.13000004936187437,
    0.13000000820755483,
    0.13,
    0.1300000166507652,
    0.13000000644444917,
    0.13000002351355333,
    0.13000002974363958,
    0.1300000580002668,
    0.13000001474577183,
    0.13000003736200744,
    0.13000002704666633,
    0.13000000487395227,
    0.1300000028155349,
    0.1300000370213144,
    0.1399999698583549,
    0.13999997871999897,
    0.13999998276923023,
    0.13000000054511293,
    0.13,
    0.14,
    0.13999988239998118,
    0.14,
    0.13000001950675227,
    0.1300000393962395,
    0.13000002016558249,
    0.13000003954554262,
    0.13000004702717702,
    0.13999997370891895,
    0.14,
    0.13000000922262778,
    0.13,
    0.13000001144737128,
    0.1300000370213144,
    0.13999991169229548,
    0.1300000228947513,
    0.13000000870001732,
    0.1300000244578994,
    0.13000001967339112,
    0.13000002351355333,
    0.13000002116791876,
    0.13000002829270502,
    0.13000000870001732,
    0.13000000174000104,
    0.1300000841942192,
    0.13999999439999994,
    0.13,
    0.13,
    0.13,
    0.13000001392002206,
    0.13,
    0.13000007418632772,
    0.13000000540373172,
    0.13000002831364205,
    0.13000000240997361,
    0.13000000705406162,
    0.13000001127430036,
    0.1300000067268058,
    0.13000000339844411,
    0.13000002165161256,
    0.13,
    0.13999994032786167,
    0.1300000505161913,
    0.13000002307694083,
    0.13,
    0.13000000572369547,
    0.13999998830897678,
    0.1300000132824527,
    0.13000000540373172,
    0.13000001127430036,
    0.1399999563498069,
    0.13000000128995073,
    0.1399996966664813,
    0.14,
    0.13000000870001732,
    0.13000002130615237,
    0.1300000018049815,
    0.13,
    0.13000000572369547,
    0.13,
    0.13000000550633606,
    0.1300000205511968,
    0.13000000393666225,
    0.13000000674419646,
    0.13000000674419646,
    0.1499999371727683,
    0.1300000100928237,
    0.13000002852472953,
    0.13000002006291364,
    0.13000000981203735,
    0.13000003293377346,
    0.13000000250576138,
    0.13000000870001732,
    0.13000002965909832,
    0.13000000906250225,
    0.13000001235295353,
    0.1300000525824433,
    0.15,
    0.13,
    0.13,
    0.13000000391892066,
    0.1300000181250374,
    0.13000000230158973,
    0.13000003655465103,
    0.1300000282671573,
    0.1300000126453744,
    0.13,
    0.13000001144737128,
    0.149999939999994,
    0.14999988749997187,
    0.13000000174000104,
    0.13000003495543377,
    0.1499999749478069,
    0.13000000870001732,
    0.13000001052421464,
    0.13000002584159617,
    0.13000002394504134,
    0.1300000455896566,
    0.13000002251766768,
    0.1300000205511968,
    0.1300000100928237,
    0.1300000319853635,
    0.1499999426020335,
    0.1300000268820292,
    0.13000003023170587,
    0.13000002832562,
    0.13000003670896762,
    0.1300000188675013,
    0.15,
    0.13000000922262778,
    0.15,
    0.13000000298969483,
    0.13000001273172265,
    0.13000001661100596,
    0.13000000550633606,
    0.13000001616101542,
    0.1300000148464212,
    0.13000000240997361,
    0.13000003606228677,
    0.14999997362637246,
    0.13,
    0.1300000148464212,
    0.13000004142870097,
    0.1300000259057514,
    0.130000009508207,
    0.13000000870001732,
    0.13000001423314317,
    0.13000001621123017,
    0.13,
    0.13000001052421464,
    0.13000002584159617,
    0.14999989678896716,
    0.1300000455896566,
    0.13000002251766768,
    0.1300000205511968,
    0.1300000100928237,
    0.1300000319853635,
    0.1300000133163535,
    0.1300000268820292,
    0.13000002832562,
    0.13000003023170587,
    0.15,
    0.13000000298969483,
    0.13000001661100596,
    0.13000001621123017,
    0.15,
    0.13000000404965198,
    0.1300000153529725,
    0.1300000299063144,
    0.13000001950675227,
    0.13000000350806662,
    0.13000001129871583,
    0.1499999715639797,
    0.13000001581820453,
    0.1300000051479442,
    0.13000000187096936,
    0.1300000150000182,
    0.13000007601948463,
    0.1300000255883399,
    0.13000001392002206,
    0.13000004121054606,
    0.13000001330277244,
    0.13,
    0.1499999698492447,
    0.13000000870001732,
    0.14999997554347694,
    0.13000004936187437,
    0.13000004306947538,
    0.13000001423314317,
    0.15,
    0.13000001807122696,
    0.15,
    0.14999996284829492,
    0.13000000426471423,
    0.13000001147759058,
    0.13000000570491987,
    0.13000001746990372,
    0.13,
    0.13,
    0.13000000363256858,
    0.14103664035101088,
    0.1300000228947513,
    0.13,
    0.13,
    0.13000000870001732,
    0.13000000106530615,
    0.1300000004684977,
    0.13000000870001732,
    0.12000000352000104,
    0.12000001408000541,
    0.12000000622529773,
    0.14999988749997187,
    0.14999988749997187,
    0.1200000628576996,
    0.12000000035200002,
    0.12,
    0.12,
    0.12999989859997768,
    0.1308460020516917,
    0.12000000350423165,
    0.13,
    0.12,
    0.12000000352000104,
    0.12000003520017459,
    0.12000001530436752,
    0.12999989859997768,
    0.13,
    0.12,
    0.13,
    0.13,
    0.1499999976,
    0.13,
    0.13,
    0.12,
    0.13000000263927242,
    0.13,
    0.13000000386523522,
    0.1300000042498264,
    0.12,
    0.11000000020247724,
    0.13,
    0.12,
    0.13,
    0.12,
    0.12,
    0.12,
    0.13,
    0.11000000002510289,
    0.12,
    0.149999939999994,
    0.14999997599999904,
    0.14,
    0.14999999887499998,
    0.14000000076683017,
    0.14000000379523422,
    0.14999988749997187,
    0.14,
    0.16,
    0.16,
    0.16,
    0.13000000054561953,
    0.16,
    0.16,
    0.16,
    0.16,
    0.16,
    0.16,
    0.1699999870799997,
    0.16,
    0.16,
    0.16,
    0.16,
    0.16,
    0.16,
    0.16,
    0.16999997567028893,
    0.16,
    0.16,
    0.16,
    0.16,
    0.16,
    0.15916026367720537,
    0.16,
    0.16,
    0.16,
    0.16,
    0.16,
    0.16,
    0.15,
    0.14999992834393763,
    0.14,
    0.14999759999039997,
    0.1200003520104195,
    0.12,
    0.12,
    0.12,
    0.14999997599999904,
    0.14999988749997187,
    0.12000000019071355,
    0.13999988239998118,
    0.12000001408000541,
    0.12000001305468969,
    0.14,
    0.14,
    0.14,
    0.14,
    0.13,
    0.13000000174000104,
    0.13000031072305254,
    0.13,
    0.13,
    0.14,
    0.1300000005989732,
    0.1699986739970828,
    0.1699986739970828,
    0.17,
    0.1699999870799997,
    0.16999988609996242,
    0.13000000870001732,
    0.13000000870001732,
    0.13000001094339747,
    0.13000005287310024,
    0.13000000279642865,
    0.13,
    0.14,
    0.13000000696000133,
    0.1655887034182993,
    0.13000000263038627,
    0.13000000870001732,
    0.13,
    0.130000007922188,
    0.1300000094909107,
    0.13000000870001732,
    0.13000000012228644,
    0.13000000870001732,
    0.13,
    0.13,
    0.13,
    0.14,
    0.13,
    0.13,
    0.13000006525015823,
    0.13000000870001732,
    0.13000000870001732,
    0.13000000870001732,
    0.13000000066923104,
    0.14000000047123293,
    0.1400000860004214,
    0.13,
    0.15,
    0.13,
    0.15636363636363637,
    0.13000000174000104,
    0.1300000029000024,
    0.13000000174000104,
    0.13000000174000104,
    0.13999988239998118,
    0.13,
    0.13,
    0.12999989859997768,
    0.14,
    0.14,
    0.13999913846021303,
    0.14,
    0.13999997871999897,
    0.13999998879999978,
    0.13999988239998118,
    0.13999994259999485,
    0.13999998879999978,
    0.13999988239998118,
    0.12000003520017459,
    0.14705882352941177,
    0.12,
    0.129999980638297,
    0.13,
    0.14237885462555067,
    0.358775,
    0.13,
    0.13,
    0.13,
    0.13,
    0.3487544,
    0.14,
    0.13,
    0.38,
    0.16,
    0.3618,
    0.14,
    0.3406608,
    0.14,
    0.322,
    0.3235326,
    0.14,
    0.15,
    0.3198,
    0.14,
    0.319732,
    0.15,
    0.14,
    0.2986864,
    0.279999843199931,
    0.14,
    0.2687,
    0.14,
    0.14,
    0.15,
    0.1500000531251959,
    0.15,
    0.15000004722224583,
    0.15,
    0.15000000708333386,
    0.15000001700002005,
    0.16,
    0.15,
    0.15,
    0.16,
    0.16,
    0.16000000420000154,
    0.15,
    0.19,
    0.19,
    0.2,
    0.2,
    0.2,
    0.14000000137600016,
    0.1400000860004214,
    0.15000000708333386,
    0.1500000017000001,
    0.1500000850003315,
    0.14,
    0.2399996735997911,
    0.21,
    0.18003862389280284,
    0.1800453202519608,
    0.16,
    0.2399999673599979,
    0.2399999673599979,
    0.22,
    0.19,
    0.14,
    0.15,
    0.22982855198232383,
    0.15000000425000104,
    0.1500000026351693,
    0.23995394969890188,
    0.15,
    0.23987179472160688,
    0.15000017347076844,
    0.15,
    0.15,
    0.14,
    0.15,
    0.17002260809297345,
    0.21989325064685616,
    0.21989325034140858,
    0.17002262589651543,
    0.2198932506653497,
    0.16,
    0.15,
    0.15,
    0.1500000850003315,
    0.16,
    0.16,
    0.16,
    0.15,
    0.15,
    0.16,
    0.15000001949543476,
    0.16,
    0.16,
    0.15,
    0.15000056668140038,
    0.1500000850003315,
    0.1500000038636374,
    0.1500000850003315,
    0.1500000850003315,
    0.15000021250100937,
    0.15,
    0.1500000850003315,
    0.15,
    0.16,
    0.15,
    0.14000000066153848,
    0.14000012285741784,
    0.14,
    0.14,
    0.14000001720000538,
    0.1400000344000502,
    0.1500000850003315,
    0.15,
    0.1500000850003315,
    0.1500000850003315,
    0.16,
    0.14,
    0.16,
    0.16,
    0.17959939148073023,
    0.16,
    0.16,
    0.16000019384760025,
    0.16000014823635794,
    0.16,
    0.17,
    0.24,
    0.12000000404597932,
    0.23,
    0.14,
    0.24,
    0.12000000140800039,
    0.12,
    0.11,
    0.12,
    0.12000001173336056
]
