[
    0.001,
    0.01,
    0.01,
    0.01,
    0.02,
    0.01,
    0.01,
    0.02,
    0.01,
    0.01,
    0.02,
    0.029999994299999944,
    0.03,
    0.01,
    0.01,
    0.01,
    0.01,
    0.02,
    0.04,
    0.02,
    0.04,
    0.02,
    0.02,
    0.04,
    0.04,
    0.0591314,
    0.05,
    0.05,
    0.05,
    0.05,
    0.05,
    0.2,
    0.2,
    0.18,
    0.18,
    0.15,
    0.15,
    0.21,
    0.21000001738001353,
    0.2,
    0.21,
    0.2,
    0.21000017380065697,
    0.20999998613999954,
    0.26,
    0.32,
    0.33,
    0.38,
    0.51,
    0.5400000114092457,
    0.57,
    0.57,
    0.61,
    0.61,
    0.61,
    0.6,
    0.58,
    0.58,
    0.58,
    0.57,
    0.5700000038700002,
    0.57,
    0.57,
    0.57,
    0.57,
    0.57,
    0.57,
    0.57,
    0.57,
    0.57,
    0.57,
    0.57,
    0.5700001720001032,
    0.57,
    0.58,
    0.5507072708233096,
    0.52,
    0.52,
    0.44,
    0.57,
    0.57,
    0.57,
    0.57,
    0.5700001720001032,
    0.5407218540250749,
    0.5500000787500255,
    0.5369801708915996,
    0.54,
    0.53,
    0.54,
    0.54,
    0.54,
    0.54,
    0.5399999654399953,
    0.54,
    0.54,
    0.52,
    0.48,
    0.54,
    0.5192307532544351,
    0.4202158273381295,
    0.33,
    0.33,
    0.3300000804000707,
    0.3300000804000707,
    0.32,
    0.30309757694826456,
    0.26,
    0.31,
    0.31,
    0.26,
    0.26,
    0.30999999735737704,
    0.1900000145800012,
    0.19,
    0.2999990526295845,
    0.29364320875333977,
    0.26,
    0.32,
    0.37,
    0.37999999635199994,
    0.31,
    0.25,
    0.2800001440004032,
    0.28,
    0.28,
    0.28,
    0.25,
    0.16,
    0.16,
    0.20183083511777303,
    0.15,
    0.1400000122420036,
    0.23,
    0.15,
    0.1,
    0.1,
    0.14,
    0.12,
    0.12,
    0.12,
    0.14,
    0.11000001582224656,
    0.1,
    0.14782603232513464,
    0.1,
    0.09,
    0.0899999599499978,
    0.04,
    0.05,
    0.03,
    0.03,
    0.09,
    0.09,
    0.12,
    0.15,
    0.12000003520017459,
    0.16,
    0.1550537842814226,
    0.13,
    0.21999999683199997,
    0.22,
    0.13,
    0.13,
    0.17999957999958,
    0.1799998703999637,
    0.19,
    0.2,
    0.3,
    0.2,
    0.2,
    0.25,
    0.25,
    0.27757982622372496,
    0.25,
    0.25,
    0.25,
    0.25,
    0.25,
    0.2799999731199972,
    0.25,
    0.25,
    0.25,
    0.25,
    0.2400000001143029,
    0.26,
    0.25,
    0.26,
    0.2799999514666589,
    0.29,
    0.32,
    0.33,
    0.34,
    0.33,
    0.33,
    0.34313722327950447,
    0.35,
    0.42,
    0.42,
    0.42,
    0.42,
    0.42,
    0.42,
    0.42,
    0.42,
    0.42,
    0.42,
    0.42,
    0.42,
    0.45999998435999895,
    0.42,
    0.42,
    0.42,
    0.38,
    0.38,
    0.38,
    0.37999998327999907,
    0.38,
    0.3799999852866711,
    0.38,
    0.37,
    0.37,
    0.37,
    0.37,
    0.38394034636212443,
    0.38,
    0.38000014880011307,
    0.3800002351731355,
    0.3799999011999269,
    0.42,
    0.42,
    0.42,
    0.42,
    0.42,
    0.42,
    0.42,
    0.42,
    0.42,
    0.43,
    0.42,
    0.46,
    0.46,
    0.40468896545123934,
    0.38,
    0.3567237710390892,
    0.38,
    0.39,
    0.41,
    0.39,
    0.42,
    0.45,
    0.45,
    0.47,
    0.46,
    0.44,
    0.42,
    0.4200001740002958,
    0.43,
    0.43,
    0.43,
    0.47,
    0.48,
    0.48,
    0.46,
    0.48,
    0.48999998039999687,
    0.48,
    0.4300000002309617,
    0.519999997642258,
    0.44,
    0.44146994643919857,
    0.44,
    0.45,
    0.45,
    0.42,
    0.4,
    0.4,
    0.4,
    0.41910532020594343,
    0.42,
    0.418917,
    0.45,
    0.47,
    0.5,
    0.5427337173238812,
    0.54,
    0.54,
    0.54,
    0.5200001728001106,
    0.5499999559999947,
    0.5499999908485851,
    0.53,
    0.5,
    0.49240514307323835,
    0.4599999857464783,
    0.44,
    0.45,
    0.45,
    0.44,
    0.44,
    0.44,
    0.45,
    0.44,
    0.44,
    0.4570076762037683,
    0.47,
    0.45,
    0.44,
    0.45,
    0.45,
    0.45,
    0.44,
    0.46,
    0.45,
    0.4600000216000099,
    0.47,
    0.48,
    0.46,
    0.49,
    0.47,
    0.45,
    0.4400001568001129,
    0.42,
    0.41,
    0.41,
    0.41,
    0.42,
    0.41,
    0.38,
    0.37,
    0.3846333333333333,
    0.38,
    0.45,
    0.43,
    0.45,
    0.45,
    0.44,
    0.43,
    0.4375,
    0.43,
    0.45,
    0.46,
    0.45,
    0.45,
    0.47,
    0.46,
    0.45,
    0.49,
    0.49,
    0.49,
    0.48,
    0.49,
    0.49,
    0.489515503875969,
    0.48625,
    0.4700000116600003,
    0.47999975314263144,
    0.46,
    0.46,
    0.43,
    0.43,
    0.43,
    0.43,
    0.43,
    0.43,
    0.45,
    0.45,
    0.45,
    0.4699995038866564,
    0.51,
    0.51,
    0.51,
    0.5599999775999964,
    0.54,
    0.5,
    0.5,
    0.48,
    0.45,
    0.46,
    0.51,
    0.53,
    0.53,
    0.52,
    0.54,
    0.55,
    0.5699999555399857,
    0.5699999965799997,
    0.57,
    0.56,
    0.56,
    0.56,
    0.56,
    0.56,
    0.5576923076923077,
    0.58,
    0.58,
    0.58,
    0.6308701894653866,
    0.64,
    0.63,
    0.65,
    0.65,
    0.64,
    0.64,
    0.67,
    0.67,
    0.69,
    0.67,
    0.700000180000072,
    0.69,
    0.69,
    0.68,
    0.69,
    0.68,
    0.68,
    0.68,
    0.68,
    0.68,
    0.68,
    0.66999999933,
    0.67,
    0.69,
    0.7099999502999869,
    0.7,
    0.69,
    0.74,
    0.74,
    0.73,
    0.74,
    0.74,
    0.69,
    0.69,
    0.69,
    0.69,
    0.69,
    0.69,
    0.7,
    0.71,
    0.7,
    0.7,
    0.7,
    0.7,
    0.73,
    0.75,
    0.75,
    0.76,
    0.76,
    0.75,
    0.6999999995333334,
    0.7,
    0.75,
    0.7,
    0.7161423849654767,
    0.7,
    0.7,
    0.72,
    0.7,
    0.72,
    0.72,
    0.7,
    0.7099999991885714,
    0.7064676600513188,
    0.7034853707168037,
    0.7,
    0.7,
    0.7,
    0.7,
    0.690000003162,
    0.7,
    0.7,
    0.7,
    0.7,
    0.69,
    0.7,
    0.7,
    0.7,
    0.7,
    0.7,
    0.7,
    0.7,
    0.7,
    0.7,
    0.7,
    0.7,
    0.7,
    0.7,
    0.69999999965,
    0.7,
    0.7,
    0.7,
    0.68,
    0.7,
    0.7,
    0.7,
    0.7,
    0.7,
    0.7,
    0.7,
    0.7,
    0.7,
    0.7,
    0.7,
    0.7,
    0.71,
    0.71,
    0.71,
    0.71,
    0.71,
    0.71,
    0.71,
    0.71,
    0.71,
    0.71,
    0.71,
    0.7,
    0.7,
    0.7,
    0.7,
    0.7,
    0.7,
    0.7,
    0.68,
    0.6700004047904053,
    0.7099998940296293,
    0.68,
    0.68,
    0.67,
    0.7,
    0.6700000409200031,
    0.670000217800074,
    0.67,
    0.67,
    0.67,
    0.68,
    0.68,
    0.68,
    0.68,
    0.67,
    0.65,
    0.66,
    0.64,
    0.660483025522951,
    0.64,
    0.64,
    0.62,
    0.62,
    0.62,
    0.62,
    0.62,
    0.6199999448888763,
    0.6199969619845062,
    0.63,
    0.63,
    0.61,
    0.6099999755999961,
    0.61,
    0.6099999488386975,
    0.59,
    0.58,
    0.57,
    0.5785732376873076,
    0.58,
    0.576087,
    0.5699999826101642,
    0.59,
    0.59,
    0.59,
    0.61,
    0.61,
    0.6100000140400009,
    0.62,
    0.62,
    0.62,
    0.62,
    0.62,
    0.62,
    0.62,
    0.62,
    0.62,
    0.62,
    0.62,
    0.62,
    0.62,
    0.63,
    0.63,
    0.63,
    0.63,
    0.63,
    0.63,
    0.63,
    0.63,
    0.61,
    0.61,
    0.61,
    0.61,
    0.61,
    0.61,
    0.61,
    0.61,
    0.61,
    0.60999999878,
    0.61,
    0.61,
    0.61,
    0.61,
    0.61,
    0.61,
    0.61,
    0.59,
    0.59,
    0.59,
    0.589999953420995,
    0.59,
    0.6197558,
    0.57,
    0.57,
    0.6199999975751112,
    0.6199999978581299,
    0.58,
    0.56,
    0.56,
    0.5500002025001114,
    0.6,
    0.6,
    0.6,
    0.6,
    0.6,
    0.6,
    0.58,
    0.53,
    0.53,
    0.52,
    0.5100000061250002,
    0.51,
    0.51,
    0.54,
    0.54,
    0.54,
    0.54,
    0.59,
    0.6,
    0.59,
    0.6,
    0.61,
    0.6,
    0.6,
    0.63,
    0.6299999976299588,
    0.63,
    0.61,
    0.6,
    0.6,
    0.57,
    0.6,
    0.580363190184049,
    0.5699996579988372,
    0.58,
    0.58,
    0.59,
    0.6199999982862784,
    0.5800001764001023,
    0.6148662917585344,
    0.5800000546000202,
    0.57,
    0.58,
    0.6,
    0.58,
    0.59,
    0.59,
    0.59,
    0.575247691015953,
    0.6,
    0.58,
    0.59,
    0.59,
    0.6,
    0.5812032246420407,
    0.56,
    0.56,
    0.559999992502789,
    0.5599999973196123,
    0.56,
    0.5599999993701293,
    0.550136,
    0.54,
    0.52,
    0.52,
    0.51,
    0.53,
    0.52,
    0.588803,
    0.56,
    0.56,
    0.56,
    0.56,
    0.56,
    0.56,
    0.52,
    0.52,
    0.52,
    0.52,
    0.56,
    0.56,
    0.56,
    0.56,
    0.58,
    0.62,
    0.61,
    0.61,
    0.61,
    0.61,
    0.62,
    0.6129557581147177,
    0.63,
    0.63,
    0.657370509442707,
    0.65,
    0.6499999934999994,
    0.6499999934999994,
    0.6400000230400031,
    0.62,
    0.65,
    0.64,
    0.6300000080166669,
    0.63,
    0.6300001369000863,
    0.63,
    0.64,
    0.63,
    0.63,
    0.61,
    0.63,
    0.62,
    0.62,
    0.62,
    0.59,
    0.59,
    0.59,
    0.588182281040639,
    0.57,
    0.5500000054000002,
    0.5500000045000001,
    0.57,
    0.57,
    0.58,
    0.57,
    0.5677959336410129,
    0.57,
    0.57,
    0.57,
    0.58,
    0.57,
    0.5800000728000116,
    0.61,
    0.58,
    0.57,
    0.57,
    0.6,
    0.5500000006217078,
    0.6304621072088724,
    0.59,
    0.63,
    0.6558319303524266,
    0.6162274052478134,
    0.61,
    0.61,
    0.61,
    0.61,
    0.61,
    0.62,
    0.61,
    0.62,
    0.5900000060715557,
    0.6160792675201796,
    0.58,
    0.5500000160714291,
    0.55,
    0.5999996842098615,
    0.57,
    0.5700000194612082,
    0.5902171507267049,
    0.58,
    0.57,
    0.57,
    0.57,
    0.57,
    0.57,
    0.57,
    0.58,
    0.58,
    0.58,
    0.58,
    0.58,
    0.58,
    0.58,
    0.58,
    0.58,
    0.58,
    0.58,
    0.5899994468720615,
    0.58,
    0.59,
    0.6,
    0.6,
    0.6,
    0.58,
    0.5799999953599991,
    0.5400000013090123,
    0.56,
    0.55,
    0.54,
    0.54,
    0.54,
    0.5686341685960073,
    0.5400000083381398,
    0.54,
    0.54,
    0.54,
    0.54,
    0.54,
    0.57,
    0.57,
    0.57,
    0.6,
    0.6,
    0.58,
    0.5799996751988827,
    0.57,
    0.58,
    0.57,
    0.58,
    0.58,
    0.58,
    0.5799999941999997,
    0.5500002025001114,
    0.5815481651889064,
    0.53,
    0.53,
    0.56,
    0.55,
    0.55,
    0.55,
    0.53,
    0.52,
    0.5,
    0.52,
    0.5299999966433333,
    0.51,
    0.51,
    0.5,
    0.52,
    0.5,
    0.52,
    0.49,
    0.49,
    0.5,
    0.5,
    0.5,
    0.47,
    0.47,
    0.47,
    0.46,
    0.46,
    0.49,
    0.49,
    0.489999999902,
    0.48,
    0.4799998079996928,
    0.49,
    0.48999999901948843,
    0.48999999387499976,
    0.48999998137999884,
    0.4899999999866058,
    0.48,
    0.48,
    0.4600000028800001,
    0.46,
    0.4600000056700001,
    0.46000002880000807,
    0.4799999827199989,
    0.49,
    0.48,
    0.48,
    0.48,
    0.4899999290105859,
    0.489999999069,
    0.48505100136896867,
    0.47,
    0.47,
    0.4700000001529946,
    0.47,
    0.47,
    0.4699998777999096,
    0.46,
    0.46,
    0.46,
    0.46,
    0.46,
    0.46,
    0.46,
    0.46,
    0.46,
    0.46,
    0.46,
    0.46,
    0.46,
    0.46,
    0.46,
    0.46,
    0.46,
    0.46,
    0.46,
    0.46,
    0.4799999879999988,
    0.47,
    0.46,
    0.47,
    0.4799999951999998,
    0.48,
    0.48,
    0.46000000026747334,
    0.46,
    0.47,
    0.46,
    0.47,
    0.48,
    0.47,
    0.46,
    0.46,
    0.48,
    0.4800000099910343,
    0.48,
    0.48,
    0.48999999803999994,
    0.49,
    0.48999999991917303,
    0.48,
    0.49,
    0.5,
    0.5,
    0.5148514846387608,
    0.5194805194805194,
    0.5164273555187945,
    0.5099999999647742,
    0.509999956649982,
    0.51,
    0.51,
    0.5199999833599972,
    0.52,
    0.5,
    0.5,
    0.5,
    0.5,
    0.5,
    0.5,
    0.5,
    0.5174374262804606,
    0.5,
    0.5,
    0.5,
    0.51,
    0.5,
    0.5099998316998873,
    0.5099999993080402,
    0.5,
    0.509999998572,
    0.509999997877947,
    0.5,
    0.5,
    0.51,
    0.5099999785799988,
    0.51,
    0.51,
    0.5,
    0.5,
    0.5,
    0.5,
    0.5,
    0.5,
    0.509999956649982,
    0.5099997929701761,
    0.51,
    0.5099998316998873,
    0.5,
    0.5,
    0.5,
    0.5,
    0.5,
    0.5,
    0.5,
    0.5,
    0.5,
    0.5099998316998873,
    0.5,
    0.5,
    0.5,
    0.49,
    0.49,
    0.49,
    0.49,
    0.49,
    0.4900000149268361,
    0.5,
    0.5,
    0.49,
    0.49,
    0.4900000047600001,
    0.4900001683001128,
    0.49000002142000126,
    0.5,
    0.5,
    0.49000002142000126,
    0.490000043350018,
    0.5,
    0.49000000699428603,
    0.49,
    0.4900000204000033,
    0.49000002142000126,
    0.49000002142000126,
    0.49000002142000126,
    0.49000002142000126,
    0.49000002142000126,
    0.49000002142000126,
    0.49000002142000126,
    0.49000002142000126,
    0.49000002142000126,
    0.49000002142000126,
    0.49000002142000126,
    0.5,
    0.4900000089250003,
    0.5,
    0.5,
    0.5,
    0.5,
    0.5,
    0.5,
    0.5,
    0.5,
    0.5,
    0.5,
    0.49000054400304643,
    0.5,
    0.5,
    0.5,
    0.49000000142800004,
    0.49000000153,
    0.5,
    0.49,
    0.5,
    0.5,
    0.4900001683001128,
    0.49000002142000126,
    0.5,
    0.509999956649982,
    0.5,
    0.5,
    0.5,
    0.5,
    0.5,
    0.5,
    0.5,
    0.5,
    0.5,
    0.5,
    0.5,
    0.5,
    0.5,
    0.5,
    0.5,
    0.49,
    0.49000000453333353,
    0.5,
    0.49000000687647083,
    0.49,
    0.5,
    0.49000002637935447,
    0.49,
    0.490000029708765,
    0.49,
    0.49,
    0.5,
    0.5,
    0.49000001275000366,
    0.4900000017000006,
    0.4900000302222316,
    0.49000004935484986,
    0.4900000404482866,
    0.4900000017000006,
    0.5,
    0.4900000034693901,
    0.49000004935484986,
    0.4900000571818291,
    0.4900000017000006,
    0.49000008196430184,
    0.49000004935484986,
    0.4900000017000006,
    0.49000008196430184,
    0.4900000017000006,
    0.5,
    0.4900000204000033,
    0.490000043350018,
    0.49000004935484986,
    0.49000001275000366,
    0.4900000017000006,
    0.4900000404482866,
    0.4900000302222316,
    0.4900000017000006,
    0.49000008196430184,
    0.4900000017000006,
    0.4900000404482866,
    0.49000004935484986,
    0.49000001275000366,
    0.5,
    0.5,
    0.5,
    0.5,
    0.5,
    0.5,
    0.5,
    0.5,
    0.5,
    0.5,
    0.5,
    0.5,
    0.5,
    0.5,
    0.5,
    0.4900000157644119,
    0.5,
    0.4900000031652446,
    0.4900000055085513,
    0.5,
    0.5,
    0.49000000686868733,
    0.5,
    0.5,
    0.49000000168316843,
    0.4900001275006056,
    0.5,
    0.5,
    0.5,
    0.5,
    0.5,
    0.5,
    0.5,
    0.5,
    0.5,
    0.5,
    0.5,
    0.5,
    0.4900001275006056,
    0.4900001683001128,
    0.4900001275006056,
    0.4900000017000006,
    0.49,
    0.49,
    0.49,
    0.48,
    0.4700001219000939,
    0.5,
    0.5,
    0.48,
    0.48,
    0.48,
    0.5,
    0.5,
    0.49,
    0.4800000138666709,
    0.4800000138666709,
    0.48,
    0.500148907526427,
    0.5001489522295978
]
