[
    0.001,
    0.01,
    0.01,
    0.01,
    0.01,
    0.01,
    0.01,
    0.02,
    0.01,
    0.01,
    0.01,
    0.01,
    0.01,
    0.04,
    0.01,
    0.01,
    0.18999874599573638,
    0.03,
    0.01,
    0.18999997263999846,
    0.01,
    0.18999995693332875,
    0.01,
    0.2,
    0.25,
    0.05,
    0.01,
    0.05,
    0.27,
    0.26,
    0.25999833599400957,
    0.02,
    0.01,
    0.18,
    0.2,
    0.01,
    0.03,
    0.02,
    0.07,
    0.06,
    0.18,
    0.18000000034113364,
    0.2,
    0.2,
    0.3,
    0.3,
    0.9360873537514239,
    0.41,
    0.4099999909799993,
    0.21,
    0.08,
    0.08,
    0.07,
    0.21,
    0.21,
    0.06,
    0.41,
    0.41,
    0.41,
    0.4799999951999998,
    0.41000001062000035,
    0.41,
    0.41,
    0.4758210968302261,
    0.4799999974208955,
    0.41,
    0.48,
    0.48,
    0.5,
    0.4800000006980482,
    0.8982956284820297,
    0.48,
    0.48,
    0.48,
    0.48,
    0.49,
    0.50999999847,
    0.5099999724098331,
    0.49,
    0.7,
    0.6899999935128195,
    0.6600000367200034,
    0.79,
    0.79,
    0.88,
    0.86,
    0.8600000112000002,
    0.86,
    0.8799999295999915,
    0.8799999950719999,
    0.879999999648,
    0.88,
    0.88,
    0.88,
    0.88,
    0.8899999998516667,
    0.88,
    0.8899999997151999,
    0.88,
    0.86,
    0.8600000112000002,
    0.8600000373333359,
    0.8875504586116968,
    0.81,
    0.84,
    0.8,
    0.75,
    0.8,
    0.74,
    0.7300000096428575,
    0.8163302752293577,
    0.82,
    0.82,
    0.82,
    0.83,
    0.82,
    0.8699999974815785,
    0.8699999938775498,
    0.87,
    0.82,
    0.85,
    0.84,
    0.84,
    0.84,
    0.8499999863999996,
    0.8799999859199946,
    0.84,
    0.879999996128,
    0.8799999094856977,
    0.84,
    0.8940833,
    0.84,
    0.84,
    0.8399253257663444,
    0.85,
    0.92,
    0.9199999043199717,
    0.8969366376051656,
    0.88,
    0.9,
    0.919999999399549,
    0.9656208377233962,
    0.96,
    0.96,
    0.96,
    0.96,
    0.96,
    0.96,
    0.97,
    0.97,
    0.97,
    0.97,
    0.97000000288,
    0.99,
    0.99,
    0.9870546285466112,
    0.97,
    0.9748580802333934,
    0.96,
    0.95,
    0.9471546986343812,
    0.91,
    0.8700000024101996,
    0.88,
    0.88,
    0.88,
    0.8799999992542372,
    0.88,
    0.86,
    0.8899999109995639,
    0.8899999998007612,
    0.889999999555,
    0.89,
    0.89,
    0.9180728946856217,
    0.8900000044,
    0.9,
    0.89,
    0.9,
    0.8830022878535774,
    0.88,
    0.8800000192000008,
    0.8899999109995639,
    0.8800000192000008,
    0.87,
    0.87,
    0.8699992343991425,
    0.8699999859059997,
    0.88,
    0.8493502519927654,
    0.8,
    0.8,
    0.83,
    0.86,
    0.8,
    0.88,
    0.86,
    0.8599999741999956,
    0.86,
    0.89,
    0.8525941063902747,
    0.85,
    0.85,
    0.8699996728798614,
    0.8699998694999673,
    0.86,
    0.85,
    0.81,
    0.83,
    0.81,
    0.8543457850525654,
    0.84,
    0.84,
    0.85,
    0.84,
    0.84,
    0.85,
    0.85,
    0.87,
    0.85,
    0.87,
    0.8799999295999915,
    0.87,
    0.850000024000001,
    0.8699999963192302,
    0.85,
    0.87,
    0.8799998310399648,
    0.8899999998516667,
    0.889999985759986,
    0.8899999998516667,
    0.85,
    0.84,
    0.84,
    0.84,
    0.84,
    0.8899999996327878,
    0.8749463424769851,
    0.85,
    0.83,
    0.84,
    0.84,
    0.83,
    0.84,
    0.839999999664,
    0.84,
    0.86,
    0.869999998782,
    0.86,
    0.85,
    0.85,
    0.81,
    0.809999997819813,
    0.809999832599923,
    0.81,
    0.869461506970967,
    0.81,
    0.7969767441860465,
    0.79,
    0.78,
    0.7798721549141521,
    0.75,
    0.74,
    0.74,
    0.74,
    0.74,
    0.7154044225600253,
    0.7,
    0.7,
    0.6999999719999955,
    0.6999999719999955,
    0.7,
    0.6902210256182165,
    0.6500000157500009,
    0.65,
    0.65,
    0.68,
    0.6806334415041452,
    0.6600000367200034,
    0.66,
    0.65,
    0.66,
    0.66,
    0.6599999940983603,
    0.66,
    0.64,
    0.64,
    0.6,
    0.6,
    0.6,
    0.59,
    0.59,
    0.59,
    0.59,
    0.59,
    0.59,
    0.59,
    0.58,
    0.59,
    0.59,
    0.5899999951669161,
    0.59,
    0.59,
    0.59,
    0.59,
    0.59,
    0.58,
    0.58,
    0.5768585279846247,
    0.58,
    0.5,
    0.51,
    0.5,
    0.58,
    0.5699999925899997,
    0.5699999925899997,
    0.51,
    0.59,
    0.5899991149985618,
    0.59,
    0.65,
    0.65,
    0.64,
    0.6,
    0.6199999875999994,
    0.62,
    0.6199999999173333,
    0.6,
    0.579163802978236,
    0.6,
    0.6,
    0.6,
    0.6,
    0.619999986359999,
    0.6193806185700413,
    0.64,
    0.6562783304980555,
    0.53,
    0.5,
    0.6,
    0.58,
    0.6,
    0.49,
    0.58,
    0.64,
    0.53,
    0.57,
    0.4900000002987741,
    0.65,
    0.65,
    0.64,
    0.6400001368348969,
    0.6634698852876516,
    0.6400000393621914,
    0.65,
    0.6699999982251654,
    0.65,
    0.6,
    0.62,
    0.65,
    0.689999998965,
    0.69,
    0.69,
    0.68,
    0.68,
    0.68,
    0.68,
    0.68,
    0.73,
    0.75,
    0.74,
    0.75,
    0.75,
    0.75,
    0.76,
    0.76,
    0.75,
    0.759999999695787,
    0.75,
    0.7343065551449134,
    0.73,
    0.74,
    0.75,
    0.73,
    0.73,
    0.73,
    0.73,
    0.69,
    0.7,
    0.69,
    0.6899999868899976,
    0.66,
    0.6288798471320792,
    0.6,
    0.61,
    0.6,
    0.589606825509161,
    0.5600000099660258,
    0.56,
    0.57,
    0.57,
    0.57,
    0.57,
    0.57,
    0.5899999634199974,
    0.5806731157088724,
    0.57,
    0.56,
    0.5600000034300564,
    0.560000005146199,
    0.58,
    0.5899999946899995,
    0.56,
    0.58,
    0.59,
    0.59,
    0.59,
    0.59,
    0.59,
    0.5900000553500202,
    0.59,
    0.59,
    0.59,
    0.59,
    0.6,
    0.59,
    0.5900000021356392,
    0.59,
    0.59,
    0.5899999746717118,
    0.5899999691184504,
    0.5723316062176166,
    0.5419304347826087,
    0.54,
    0.53,
    0.530000001786,
    0.5300000015040001,
    0.515426105759625,
    0.51,
    0.5099999911312136,
    0.51,
    0.51,
    0.49,
    0.49,
    0.5,
    0.49,
    0.4900000089250003,
    0.49,
    0.4900000089250003,
    0.4900000089250003,
    0.49,
    0.5,
    0.48,
    0.49,
    0.49,
    0.49,
    0.49,
    0.51,
    0.4900000204000033,
    0.4900000089250003,
    0.49,
    0.5199999878243894,
    0.5199999958447488,
    0.49,
    0.49,
    0.4900000204000033,
    0.5,
    0.48,
    0.48,
    0.49,
    0.48,
    0.49,
    0.49,
    0.5,
    0.5,
    0.5,
    0.5299999956974168,
    0.5199999958399999,
    0.5265212543554006,
    0.5,
    0.5,
    0.5,
    0.5,
    0.5,
    0.5,
    0.5,
    0.5,
    0.5,
    0.5,
    0.5,
    0.5,
    0.5,
    0.51,
    0.51,
    0.51,
    0.51,
    0.51,
    0.51,
    0.51,
    0.51,
    0.5,
    0.5,
    0.51,
    0.51,
    0.5,
    0.51,
    0.54,
    0.53,
    0.54,
    0.52,
    0.58,
    0.58,
    0.58,
    0.5666666666666667,
    0.55,
    0.539999999298,
    0.52,
    0.54,
    0.54,
    0.53,
    0.53,
    0.5299999883399997,
    0.52,
    0.53,
    0.52,
    0.52,
    0.52,
    0.5200000087272734,
    0.53,
    0.52,
    0.53,
    0.5,
    0.51,
    0.5,
    0.51,
    0.5,
    0.5,
    0.5,
    0.5,
    0.49,
    0.5094905090298812,
    0.5,
    0.5,
    0.5,
    0.5,
    0.5,
    0.51,
    0.5223698740811543,
    0.5,
    0.5,
    0.5299999883399997,
    0.5100000034300001,
    0.5,
    0.5199999833599972,
    0.5199999958399999,
    0.49,
    0.52,
    0.52,
    0.52,
    0.52,
    0.5199999833599972,
    0.52,
    0.52,
    0.52,
    0.52,
    0.52,
    0.52,
    0.5,
    0.49,
    0.51,
    0.52,
    0.52,
    0.52,
    0.5108,
    0.51,
    0.52,
    0.512,
    0.52,
    0.52,
    0.55,
    0.53,
    0.5073565473271211,
    0.53,
    0.5,
    0.49282608695652175,
    0.48442028985507246,
    0.48,
    0.44,
    0.45,
    0.4596309963099631,
    0.44,
    0.40999999728701403,
    0.41,
    0.38,
    0.3799999938777777,
    0.3799999980828829,
    0.38,
    0.38,
    0.38,
    0.4,
    0.39,
    0.4,
    0.41,
    0.45,
    0.44,
    0.45,
    0.44,
    0.46,
    0.47,
    0.46,
    0.46,
    0.46,
    0.47,
    0.4385169663377045,
    0.43,
    0.42999998781283394,
    0.43,
    0.4299999870999978,
    0.4299999987386667,
    0.4234846854913658,
    0.4199999970592648,
    0.4199997042251438,
    0.38,
    0.41,
    0.41967117988394587,
    0.41,
    0.41,
    0.41,
    0.41,
    0.41,
    0.41,
    0.41,
    0.41,
    0.42,
    0.41,
    0.42,
    0.41,
    0.38,
    0.38,
    0.37,
    0.37999998327999907,
    0.38,
    0.38,
    0.38,
    0.38,
    0.38,
    0.38,
    0.38,
    0.41,
    0.41,
    0.41,
    0.41,
    0.4199992019975262,
    0.41,
    0.41,
    0.42,
    0.42,
    0.42,
    0.42,
    0.42,
    0.4299993956748917,
    0.4297851064142342,
    0.39,
    0.38,
    0.42905354034722315,
    0.4,
    0.4,
    0.39558654606417243,
    0.3899999859599991,
    0.3665277777777778,
    0.37,
    0.35,
    0.36,
    0.33,
    0.3438246376811594,
    0.34,
    0.33,
    0.32,
    0.33,
    0.3,
    0.3,
    0.33,
    0.32,
    0.33,
    0.33,
    0.33,
    0.33,
    0.33,
    0.33,
    0.33,
    0.3,
    0.33,
    0.32,
    0.32,
    0.32,
    0.33,
    0.33,
    0.34,
    0.33,
    0.35878014729705326,
    0.29,
    0.3,
    0.3,
    0.3,
    0.29,
    0.29,
    0.29,
    0.29,
    0.3,
    0.3,
    0.28,
    0.3,
    0.3,
    0.3186200568612328,
    0.3,
    0.28,
    0.26,
    0.29,
    0.31,
    0.29,
    0.29,
    0.29,
    0.29,
    0.29,
    0.29,
    0.29,
    0.29,
    0.29,
    0.29,
    0.29,
    0.29,
    0.29,
    0.31,
    0.29,
    0.29,
    0.29,
    0.29,
    0.29,
    0.29,
    0.29,
    0.29,
    0.29,
    0.29,
    0.29,
    0.29,
    0.3,
    0.29,
    0.29,
    0.31,
    0.32,
    0.32,
    0.33,
    0.3499999894999998,
    0.33,
    0.33,
    0.33,
    0.33,
    0.35,
    0.38823529411764707,
    0.37634888438133873,
    0.37,
    0.37,
    0.36,
    0.3799999950599998,
    0.38,
    0.38,
    0.3617761072404233,
    0.34,
    0.34,
    0.3398609121381977,
    0.32,
    0.33,
    0.33999999836767353,
    0.33,
    0.33,
    0.31,
    0.32,
    0.32,
    0.3029735433193951,
    0.2962916993999814,
    0.29,
    0.2952196266436835,
    0.2899999968542775,
    0.289999999594,
    0.28999999253095576,
    0.29,
    0.2899999996890552,
    0.28999997099999875,
    0.29,
    0.28999999236842094,
    0.28999999637409346,
    0.28999997354014356,
    0.2899999988013333,
    0.28999999263751747,
    0.289999998115,
    0.29,
    0.29,
    0.289999998115,
    0.28,
    0.28,
    0.2899999907199998,
    0.2899999514785885,
    0.27,
    0.2700000025550001,
    0.27000000058400003,
    0.2899999583550865,
    0.28,
    0.28,
    0.29,
    0.29,
    0.29,
    0.29,
    0.3,
    0.2900000284406365,
    0.3,
    0.29,
    0.31000000483000023,
    0.31,
    0.3,
    0.3,
    0.3,
    0.31,
    0.31,
    0.31,
    0.31,
    0.31,
    0.31,
    0.3100000053666668,
    0.31,
    0.31,
    0.32,
    0.3112010558732952,
    0.32,
    0.3,
    0.32,
    0.31,
    0.3,
    0.3,
    0.3,
    0.29999999968085106,
    0.3,
    0.29,
    0.2534843205574913,
    0.24,
    0.25,
    0.24,
    0.24000000304000016,
    0.26,
    0.24,
    0.24,
    0.24,
    0.24,
    0.23,
    0.22000000022308883,
    0.23,
    0.23000000654500125,
    0.24,
    0.23,
    0.23,
    0.23,
    0.22888271261812118,
    0.2,
    0.19,
    0.20932033881008266,
    0.2,
    0.2,
    0.18,
    0.19,
    0.18714052454332075,
    0.17,
    0.18,
    0.18,
    0.18,
    0.17,
    0.17000000229770026,
    0.17000001660000383,
    0.170000000664,
    0.18999961387050687,
    0.17,
    0.17,
    0.17,
    0.19569471624266144,
    0.18,
    0.17,
    0.17,
    0.17,
    0.17,
    0.17,
    0.17,
    0.17000000338689195,
    0.17,
    0.17000000486962313,
    0.17,
    0.19,
    0.17,
    0.17,
    0.17,
    0.19,
    0.17,
    0.18,
    0.17,
    0.18,
    0.18,
    0.18,
    0.18,
    0.1800000065600016,
    0.18,
    0.1800000098400048,
    0.18,
    0.18,
    0.18,
    0.18000000154183646,
    0.18000001640001606,
    0.18,
    0.18,
    0.2,
    0.22,
    0.22,
    0.21,
    0.2,
    0.22,
    0.22,
    0.22,
    0.22,
    0.22,
    0.22,
    0.22,
    0.22,
    0.23,
    0.23,
    0.23,
    0.23,
    0.23000007680380127,
    0.23,
    0.23999991839998694,
    0.24,
    0.24,
    0.24,
    0.24,
    0.24,
    0.24,
    0.25,
    0.25,
    0.25,
    0.25,
    0.2399999855999994,
    0.24,
    0.24,
    0.24,
    0.23,
    0.24,
    0.24,
    0.24,
    0.24,
    0.24,
    0.24,
    0.24,
    0.26,
    0.2518864097363083,
    0.24,
    0.24,
    0.24,
    0.25,
    0.26,
    0.25,
    0.25,
    0.26,
    0.25,
    0.25,
    0.27000000771670235,
    0.25,
    0.25,
    0.27,
    0.29,
    0.29,
    0.29,
    0.29,
    0.29,
    0.2836,
    0.29,
    0.28,
    0.29,
    0.28,
    0.29,
    0.29,
    0.29,
    0.29,
    0.29,
    0.29,
    0.29,
    0.29,
    0.29,
    0.29,
    0.29,
    0.29,
    0.29,
    0.29,
    0.29,
    0.29,
    0.27000001241000104,
    0.29,
    0.29,
    0.29,
    0.29,
    0.29,
    0.29,
    0.29,
    0.29000002982001066,
    0.3,
    0.29,
    0.32,
    0.290000008520001,
    0.29,
    0.3,
    0.3,
    0.29,
    0.31,
    0.31,
    0.31,
    0.31,
    0.31,
    0.31,
    0.31,
    0.3100000006072,
    0.31,
    0.31,
    0.31,
    0.31,
    0.31,
    0.31,
    0.31,
    0.31,
    0.31,
    0.31,
    0.31,
    0.31,
    0.31,
    0.31,
    0.31,
    0.31,
    0.31,
    0.31,
    0.31,
    0.31,
    0.31,
    0.31,
    0.31,
    0.31,
    0.31,
    0.31,
    0.32,
    0.31,
    0.31,
    0.32,
    0.32,
    0.3200000246529959,
    0.31,
    0.33904761904761904,
    0.32,
    0.32,
    0.32,
    0.32,
    0.3200000120088307,
    0.34,
    0.35999901818003305,
    0.34,
    0.31,
    0.31,
    0.33,
    0.33,
    0.31,
    0.31,
    0.31,
    0.3,
    0.3,
    0.3,
    0.29,
    0.2900000126589155,
    0.299999969999997,
    0.3,
    0.3,
    0.30000000350000006,
    0.3,
    0.3,
    0.3,
    0.3,
    0.3,
    0.3,
    0.3000000047683925,
    0.3099998294999233,
    0.31,
    0.31,
    0.31,
    0.31,
    0.33,
    0.33,
    0.33,
    0.33,
    0.33999999858333335,
    0.33,
    0.33,
    0.33,
    0.32,
    0.32,
    0.32,
    0.31,
    0.32,
    0.3299999664499978,
    0.32,
    0.32,
    0.32,
    0.32,
    0.32,
    0.32000000555858343,
    0.3299999590799969,
    0.33,
    0.33,
    0.33,
    0.33,
    0.33,
    0.33,
    0.3300000050250002,
    0.34146340672218894,
    0.34,
    0.3300000006923333,
    0.3300000048311197,
    0.34999999754999994,
    0.35,
    0.33,
    0.35,
    0.35,
    0.3599999881411762,
    0.36,
    0.36,
    0.34,
    0.36729625412849226,
    0.38,
    0.38,
    0.38,
    0.3636227120674292,
    0.35,
    0.35,
    0.35,
    0.37,
    0.38,
    0.4,
    0.4,
    0.4,
    0.4,
    0.4,
    0.4,
    0.4099999666278968,
    0.4,
    0.40000002400000384,
    0.44,
    0.45999995951999545,
    0.47,
    0.47,
    0.46,
    0.44,
    0.44,
    0.43999980639989156,
    0.42,
    0.41,
    0.41,
    0.41,
    0.41,
    0.41,
    0.41,
    0.41,
    0.38,
    0.38,
    0.38,
    0.38,
    0.39,
    0.39,
    0.3899999859599991,
    0.39,
    0.39,
    0.4,
    0.4,
    0.4,
    0.4,
    0.4,
    0.4,
    0.39,
    0.39,
    0.39,
    0.39,
    0.4,
    0.39000000527101375,
    0.4,
    0.3900000047559932,
    0.4,
    0.4,
    0.4093178007774064,
    0.40999999916231555,
    0.38,
    0.38,
    0.38,
    0.39,
    0.39,
    0.38,
    0.38000004350878797,
    0.38,
    0.39,
    0.39,
    0.39,
    0.37,
    0.38,
    0.38,
    0.39,
    0.4083152895062206,
    0.41006622719666713,
    0.36,
    0.36,
    0.38,
    0.38,
    0.4,
    0.4099998236998995,
    0.38,
    0.3800000031000001,
    0.39,
    0.39,
    0.39,
    0.38,
    0.4,
    0.4,
    0.4,
    0.4,
    0.4,
    0.4,
    0.41,
    0.43,
    0.41,
    0.42,
    0.42,
    0.41,
    0.41,
    0.42,
    0.42,
    0.42,
    0.42,
    0.44,
    0.44,
    0.43,
    0.43,
    0.44,
    0.45,
    0.43,
    0.4453124939575193,
    0.4200000037608917,
    0.42,
    0.42,
    0.42,
    0.42,
    0.42,
    0.41,
    0.41,
    0.42,
    0.42,
    0.42,
    0.42,
    0.42,
    0.43999999718793686,
    0.43,
    0.43,
    0.43,
    0.43,
    0.44,
    0.46,
    0.46,
    0.45900006068513516,
    0.43,
    0.43,
    0.44,
    0.4300000074100003,
    0.43,
    0.43,
    0.4300000250313697,
    0.43,
    0.4225,
    0.4299999931199994,
    0.41,
    0.4,
    0.4,
    0.43,
    0.41592670047080493,
    0.41,
    0.4,
    0.41,
    0.4,
    0.4,
    0.4,
    0.41,
    0.39,
    0.4,
    0.4099999446499798,
    0.4099999909799993,
    0.41,
    0.41,
    0.41,
    0.4299999988094924,
    0.41,
    0.41,
    0.41,
    0.41,
    0.41,
    0.41,
    0.41,
    0.41000001062000035,
    0.41,
    0.43,
    0.43,
    0.41,
    0.41,
    0.4,
    0.4099999835999974,
    0.4,
    0.4,
    0.41,
    0.41,
    0.41,
    0.4100000295000044,
    0.41,
    0.41,
    0.41,
    0.42,
    0.42309319338641566,
    0.4299999870999978,
    0.42999999713333326,
    0.4399999295999761,
    0.42,
    0.4399999894399992,
    0.42000001029032324,
    0.42,
    0.4399999923478254,
    0.4399999923174601,
    0.4358645142676939,
    0.43,
    0.4200000040600001,
    0.42000000041593116,
    0.42999999612999984,
    0.4299999951266664,
    0.41000002391892443,
    0.41,
    0.4100000388158073,
    0.43,
    0.41000006878888007,
    0.41,
    0.42,
    0.4100000358977966,
    0.41,
    0.429999998538,
    0.42999999901095054,
    0.42,
    0.42,
    0.4299999250458502,
    0.42,
    0.42,
    0.4299999979307026,
    0.42,
    0.42000000328666676,
    0.42999999889654666,
    0.42999997917894617,
    0.43,
    0.43,
    0.43999999753599994,
    0.44,
    0.43000009405007855,
    0.4300000452647156,
    0.43000002533333925,
    0.4300000529859255,
    0.4300000586285989,
    0.4300000586285989,
    0.4300000452647156,
    0.43000005104480205,
    0.43000001652174347,
    0.439999998064,
    0.4399999997419449,
    0.4399999997419449,
    0.42,
    0.42,
    0.43166257831359295,
    0.4200000139200011,
    0.42000000522522596,
    0.43,
    0.4300000074100003,
    0.4300000013636364,
    0.439999998064,
    0.43999999381621613,
    0.43,
    0.4200000051940301,
    0.4200000017400001,
    0.42,
    0.4200000017400001,
    0.42,
    0.42000000967000556,
    0.42999998955714236,
    0.43,
    0.42000000087,
    0.42,
    0.4200000028431373,
    0.4200001740002958,
    0.42999999942970824,
    0.4299999931199994,
    0.43,
    0.4299999931199994,
    0.4299999991829256,
    0.40000000600000024,
    0.41999999327999976,
    0.43,
    0.4141091413067457,
    0.4,
    0.4,
    0.4,
    0.4226677680684532,
    0.4,
    0.40000000600000024,
    0.41005849753149287,
    0.41,
    0.4,
    0.4,
    0.4,
    0.41,
    0.41,
    0.41,
    0.41,
    0.41,
    0.41,
    0.41,
    0.41,
    0.41,
    0.41,
    0.4199999991045306,
    0.42,
    0.4199998235998977,
    0.419999999356,
    0.42,
    0.42,
    0.41,
    0.4299999967319999,
    0.41000003754546355,
    0.4100000127076959,
    0.41000004567743054,
    0.41000006268753253,
    0.4100000711746172,
    0.41000003754546355,
    0.41000006268753253,
    0.41000004567743054,
    0.4299999987714286,
    0.4299999870999978,
    0.410000001616987,
    0.41,
    0.41,
    0.41,
    0.41,
    0.41,
    0.41,
    0.41,
    0.42995700408452703,
    0.4299999987386667,
    0.42999999904243696,
    0.42878610523757515,
    0.429999979452213,
    0.41000000531000047,
    0.41,
    0.41,
    0.43,
    0.43,
    0.43,
    0.41,
    0.41,
    0.41,
    0.41,
    0.41,
    0.41,
    0.41,
    0.43,
    0.43,
    0.42014234933808375,
    0.42014234908903014,
    0.4299999978983382,
    0.42999999973142744,
    0.42999995054998097,
    0.43,
    0.43814234797801777,
    0.42,
    0.43,
    0.42,
    0.42,
    0.4301240362051626,
    0.44,
    0.4399999027623987,
    0.4300000215546301,
    0.43,
    0.43,
    0.43,
    0.43,
    0.44,
    0.43,
    0.43,
    0.43,
    0.43,
    0.43,
    0.43,
    0.43999997066665886,
    0.43999997066665886,
    0.43999997066665886,
    0.43999997066665886,
    0.43999997066665886,
    0.43999997066665886,
    0.43,
    0.43,
    0.43,
    0.43,
    0.44,
    0.43,
    0.43,
    0.43999997066665886,
    0.44,
    0.44,
    0.43000000154714285,
    0.43999998097296866,
    0.43999995474284886,
    0.44,
    0.4399999675789412,
    0.43999996894116955,
    0.4399999413333249,
    0.43999995487178795,
    0.43999997066665886,
    0.43000004446001433,
    0.44,
    0.43999970113171455,
    0.43000000112394365,
    0.4399999543703582,
    0.4399999394999894,
    0.43999997066665886,
    0.4399999211034352,
    0.4399999729230682,
    0.4399999371428437,
    0.4399999545806352,
    0.4399999155199824,
    0.4300000034647059,
    0.4300000040418182,
    0.44,
    0.43000000112394365,
    0.43,
    0.43,
    0.43,
    0.43000000167200003,
    0.4300000041732143,
    0.4300000041732143,
    0.43000000345737716,
    0.43000000271428573,
    0.4300000033250001,
    0.43,
    0.43,
    0.43,
    0.430000002502439,
    0.44999999277108416,
    0.43000000342000033,
    0.44256980843073324,
    0.4300001767002986,
    0.4399999894399992,
    0.4399999971612903,
    0.430000010490798,
    0.43000004446001433,
    0.43,
    0.43,
    0.43,
    0.43000000086512685,
    0.44,
    0.44,
    0.44,
    0.44,
    0.44,
    0.44,
    0.44,
    0.44,
    0.44,
    0.44,
    0.44,
    0.44,
    0.44,
    0.44,
    0.44,
    0.44,
    0.44,
    0.44,
    0.45999999386666657,
    0.44,
    0.44,
    0.44,
    0.44,
    0.44,
    0.45,
    0.44,
    0.45999998435999895,
    0.45999998435999895,
    0.45999998435999895,
    0.45999998435999895,
    0.45999998435999895,
    0.45999998435999895,
    0.45999995951999545,
    0.45999998435999895,
    0.45999998435999895,
    0.4577114197866378,
    0.4599997607998852,
    0.4400000234334175,
    0.45,
    0.4599997607998852,
    0.45,
    0.45,
    0.45,
    0.45,
    0.44000000280000007,
    0.4499999549999955,
    0.44000000112000004,
    0.45,
    0.4400001556638284,
    0.4599996933314933,
    0.4599997607998852,
    0.45,
    0.45,
    0.45,
    0.45,
    0.4400011200089601,
    0.4400000634817999,
    0.4499997974998886,
    0.44999994402982985,
    0.44,
    0.44,
    0.4499999797499989,
    0.44999999212499975,
    0.4499997974998886,
    0.44,
    0.4499997974998886,
    0.44,
    0.44999999549999997,
    0.44000068174126455,
    0.45,
    0.4499997974998886,
    0.4499997974998886,
    0.4400000063890476,
    0.4499997974998886,
    0.4499997974998886,
    0.4499999856818173,
    0.44,
    0.44,
    0.44,
    0.44,
    0.44,
    0.44,
    0.44,
    0.4400001568001129,
    0.4499997974998886,
    0.44999999212499975,
    0.4400000080640002,
    0.4499997974998886,
    0.4499999972260274,
    0.45,
    0.4499997974998886,
    0.440000000672,
    0.4499999906249994,
    0.44000000112000004,
    0.44000000008582507,
    0.44,
    0.4499999158877876,
    0.44,
    0.4400000746667065,
    0.44999999355915976,
    0.44,
    0.4400000015555557,
    0.4499999797499989,
    0.44,
    0.44,
    0.4400001568001129,
    0.45,
    0.4499999992125,
    0.4400011200089601,
    0.4400000003093923,
    0.4499999997,
    0.4400000224000036,
    0.45,
    0.4499999906249994,
    0.4400000166790787,
    0.45,
    0.44,
    0.4499999549999955,
    0.44999999891129033,
    0.4400000015555557,
    0.44,
    0.44,
    0.44,
    0.44,
    0.4499999904822329,
    0.4499999212499744,
    0.44,
    0.45,
    0.440000000539759,
    0.449999997975,
    0.44000000985048443,
    0.44999998986486417,
    0.4499999879032248,
    0.44999999983349775,
    0.44000000741994866,
    0.45,
    0.45,
    0.45,
    0.45,
    0.4400000124444511,
    0.4400000336000148,
    0.4499999797499989,
    0.44000000086094976,
    0.44999997966867256,
    0.44,
    0.4499999841229828,
    0.4499999983125,
    0.44999999459999984,
    0.4400001568001129,
    0.4499999549999955,
    0.45,
    0.44000134400573443,
    0.45999999677999986,
    0.45,
    0.45,
    0.45,
    0.45,
    0.45,
    0.45,
    0.45,
    0.45,
    0.45,
    0.45000000351342295,
    0.45000000733333423,
    0.45000000063400575,
    0.4599999987310345,
    0.459999998252,
    0.46,
    0.45,
    0.4599999141332921,
    0.45000003300001123,
    0.45,
    0.45,
    0.45,
    0.45,
    0.45000000854922356,
    0.45,
    0.4599999997424,
    0.45999999902424243,
    0.45,
    0.45999998435999895,
    0.4599999867179972,
    0.4500000005184115,
    0.45,
    0.450000004489796,
    0.45,
    0.4599999997220986,
    0.4599999921590905,
    0.4599997607998852,
    0.4599999974910127,
    0.4500000038088648,
    0.45,
    0.45,
    0.459999998252,
    0.45000000687500025,
    0.4400000112732772,
    0.44,
    0.44000001374233266,
    0.4599999883267242,
    0.44000000997328653,
    0.46,
    0.45,
    0.45,
    0.4500000023571429,
    0.45000001346719004,
    0.45000000150081865,
    0.44000000933333394,
    0.44,
    0.45,
    0.44000003957598294,
    0.45,
    0.46,
    0.45999997162337375,
    0.4599999986730769,
    0.46,
    0.45,
    0.45,
    0.45,
    0.45000001556603875,
    0.45,
    0.45,
    0.45,
    0.45999999737142844,
    0.45000001100000053,
    0.45,
    0.45,
    0.45999999798048774,
    0.45,
    0.46,
    0.459999819607737,
    0.4599999775111072,
    0.45000001100000053,
    0.45000001925000127,
    0.45,
    0.450000000275,
    0.4599999838731211,
    0.4500000042307695,
    0.45999988499997124,
    0.4599999616666632,
    0.45,
    0.45,
    0.45999998435999895,
    0.45999998435999895,
    0.45999999992174967,
    0.46,
    0.45,
    0.45,
    0.4599999907999998,
    0.45,
    0.45999998435999895,
    0.45,
    0.45000004400000526,
    0.45,
    0.45,
    0.45999984076897965,
    0.450000004992436,
    0.45999999576799994,
    0.45,
    0.45,
    0.45,
    0.46,
    0.45,
    0.45,
    0.45,
    0.45000001407369605,
    0.45000000031052395,
    0.4500000250912443,
    0.45000000296153847,
    0.459999969075628,
    0.45,
    0.4500000048415501,
    0.4599999932019697,
    0.45000001227678654,
    0.45,
    0.4599999554562344,
    0.45,
    0.459999975253162,
    0.45,
    0.45,
    0.45,
    0.45,
    0.45,
    0.45,
    0.45,
    0.45000000440000015,
    0.45,
    0.45,
    0.45,
    0.45,
    0.45000000440000015,
    0.4500000008369565,
    0.45,
    0.4500000028765691,
    0.45000004489797385,
    0.45000001527777905,
    0.45999999263999963,
    0.45,
    0.450000026128271,
    0.45999995606740757,
    0.45000000687500025,
    0.450000440001408,
    0.45999999902588234,
    0.45,
    0.4599997607998852,
    0.46,
    0.46,
    0.45000027500077916,
    0.45999998435999895,
    0.45999995951999545,
    0.44,
    0.45999907999800665,
    0.4400000124444511,
    0.44000000010951273,
    0.44,
    0.44000000112000004,
    0.45999996282826705,
    0.4400000755056361,
    0.45999994249996723,
    0.45053418171777493,
    0.449999997975,
    0.4499999876644727,
    0.44,
    0.44,
    0.45,
    0.45,
    0.4400011200089601,
    0.44000000044800003,
    0.4499999761273159,
    0.45,
    0.46,
    0.45999998435999895,
    0.4300000005685899,
    0.44,
    0.44,
    0.44,
    0.44,
    0.44,
    0.44,
    0.44,
    0.44,
    0.45999995951999545,
    0.45,
    0.45,
    0.45,
    0.45,
    0.46,
    0.45,
    0.45999991805666157,
    0.45,
    0.45,
    0.45,
    0.45,
    0.45,
    0.45,
    0.45,
    0.45,
    0.45,
    0.4500000117021284,
    0.45000009777780386,
    0.459999998252,
    0.45,
    0.45,
    0.4500000084355853,
    0.4599999965799255,
    0.45999996196849957,
    0.45999996933333,
    0.46,
    0.46,
    0.46,
    0.46999962399654077,
    0.46,
    0.4600000003800007,
    0.46,
    0.46,
    0.46,
    0.46,
    0.46,
    0.4699998777999096,
    0.46999998754966643,
    0.4699999715151466,
    0.4699997779119488,
    0.4699998918999708,
    0.46999991187498413,
    0.4699999953631402,
    0.46999984959974733,
    0.46999997509932256,
    0.46,
    0.46,
    0.4699999979790615,
    0.4600000345600047,
    0.4600000038248552,
    0.46999998871999804,
    0.4699998918999708,
    0.46000001188000034,
    0.4600000216000099,
    0.47,
    0.46999999153999933,
    0.46999976499894247,
    0.4699999929499998,
    0.4699999935542856,
    0.46,
    0.4600000216000099,
    0.46,
    0.4600000216000099,
    0.4699999929499998,
    0.46999999757166666,
    0.46000002880000807,
    0.46999992612038827,
    0.47,
    0.46,
    0.46,
    0.46000000153000004,
    0.46,
    0.46999986571413227,
    0.469999954174993,
    0.4600000097200008,
    0.46000010025323057,
    0.460000135000135,
    0.46999996062825494,
    0.4699999161783055,
    0.4600002180772544,
    0.4600005890929441,
    0.46,
    0.46,
    0.46999989153843097,
    0.4600000345600047,
    0.4600000913433136,
    0.46000002880000807,
    0.46,
    0.460000051428689,
    0.4600000144000092,
    0.47,
    0.4600000153736705,
    0.46999999821399996,
    0.46000000649298717,
    0.4699998777999096,
    0.4699999875378782,
    0.46000000151200005,
    0.4600000216000099,
    0.4600000216000099,
    0.4699998918999708,
    0.4600000144000092,
    0.4699998777999096,
    0.46,
    0.4699999932319998,
    0.46,
    0.46,
    0.46,
    0.4699999929499998,
    0.4699999566504684,
    0.46000194401244165,
    0.46000004462811395,
    0.46000002880000807,
    0.4699999620967569,
    0.4600000614218231,
    0.46,
    0.4699999929499998,
    0.4600000168311727,
    0.4699999560519407,
    0.46,
    0.46000001188000034,
    0.4699999216666029,
    0.46999998871999804,
    0.4699999492945902,
    0.46999999153999933,
    0.4600000013500002,
    0.4600000345600047,
    0.46999998871999804,
    0.46,
    0.46000010093465493,
    0.4600000187351836,
    0.46,
    0.4699999989185779,
    0.46,
    0.46999999896154304,
    0.46,
    0.4600000345600047,
    0.46999971491773834,
    0.46,
    0.46000004438357317,
    0.46999994268289885,
    0.46,
    0.46999996711933034,
    0.4600000918218839,
    0.4699999886242034,
    0.46999998406120685,
    0.4600000003818953,
    0.4699998918999708,
    0.4699999994271619,
    0.46,
    0.46,
    0.46000000080148423,
    0.469999998823122,
    0.46999999153999933,
    0.46000000085594406,
    0.4699999991705882,
    0.460000099692366,
    0.46999992612038827,
    0.46,
    0.4600000614218231,
    0.46999991303962535,
    0.4600000162000018,
    0.46999999153999933,
    0.46,
    0.47,
    0.4600000216000099,
    0.46,
    0.4699992362480588,
    0.46,
    0.4699999165131178,
    0.46000008512318125,
    0.46999998871999804,
    0.47,
    0.46,
    0.469999999765,
    0.46000000064133095,
    0.46,
    0.4699999749333305,
    0.4699999929499998,
    0.46,
    0.46999995545022005,
    0.46,
    0.4699999995543912,
    0.46999975520795084,
    0.46999999228408235,
    0.4600004536014334,
    0.4600000097200008,
    0.47,
    0.46,
    0.46999998531249865,
    0.46,
    0.46,
    0.46,
    0.46,
    0.46,
    0.46,
    0.46000003240000614,
    0.4600000039827906,
    0.47,
    0.46000042146411363,
    0.4600000805263391,
    0.47,
    0.46,
    0.46999998871999804,
    0.46000004421053564,
    0.4699999406644396,
    0.46,
    0.46,
    0.46,
    0.47,
    0.460000000128827,
    0.4699999996780822,
    0.46000000013150955,
    0.46999999936604653,
    0.46,
    0.47,
    0.4600000014400001,
    0.46,
    0.4699999995871157,
    0.4600000003440367,
    0.46,
    0.46,
    0.4600000042063355,
    0.46999999902411255,
    0.46999999956043165,
    0.4600000033899927,
    0.46,
    0.46,
    0.46000000635294147,
    0.46,
    0.46,
    0.46,
    0.46,
    0.46,
    0.4600000345600047,
    0.47,
    0.46,
    0.46,
    0.4600000345600047,
    0.46,
    0.46,
    0.46012524103606744,
    0.46999998423160055,
    0.4601252411101298,
    0.45000000016282016,
    0.45,
    0.4699999991196491,
    0.45,
    0.45,
    0.45000000967139314,
    0.45,
    0.46999999914684243,
    0.4699999994772744,
    0.4500000008711905,
    0.45000001509606685,
    0.4500000009331596,
    0.4699999994852381,
    0.46999998871999804,
    0.4699999929499998,
    0.4500000016828707,
    0.46999999942173615,
    0.46,
    0.4699999981747573,
    0.4699999993221154,
    0.45000000033,
    0.469999999383722,
    0.45,
    0.4500000003357661,
    0.45,
    0.46999999973371104,
    0.4500000011720265,
    0.45,
    0.45,
    0.45,
    0.47,
    0.47,
    0.4699999984906872,
    0.47,
    0.47,
    0.47,
    0.46999999757166666,
    0.46999998871999804,
    0.4699999419612522,
    0.47,
    0.459848529202382,
    0.4500000003222027,
    0.4699999993556053,
    0.46,
    0.46999998871999804,
    0.46,
    0.4500000002175633,
    0.4699999995430767,
    0.45,
    0.47,
    0.45,
    0.46,
    0.46999999916722535,
    0.4600000097200008,
    0.46999999153999933,
    0.4699999756773187,
    0.4699998777999096,
    0.46999999917749996,
    0.4699999990944123,
    0.45,
    0.45,
    0.45,
    0.45,
    0.45,
    0.45,
    0.46999999968243245,
    0.4699999988403483,
    0.4500000005784043,
    0.46,
    0.4699999992946794,
    0.46000001188000034,
    0.46,
    0.46000001744615465,
    0.46999998880952354,
    0.4699998777999096,
    0.46,
    0.4500000055119068,
    0.46,
    0.46,
    0.46,
    0.4699999650857119,
    0.46999998960576894,
    0.46999999153999933,
    0.45000000111788624,
    0.45000001925000127,
    0.46,
    0.45000001925000127,
    0.46,
    0.46,
    0.46,
    0.45000000275000007,
    0.4500000103125011,
    0.4699999702333253,
    0.4601280325607017,
    0.4599172823683561,
    0.45000000687500025,
    0.45000003666667643,
    0.45,
    0.47,
    0.46999998871999804,
    0.4699998918999708,
    0.47,
    0.46999999569166634,
    0.46009534210389147,
    0.46009534191939727,
    0.469999954174993,
    0.4699998918999708,
    0.4699999702333253,
    0.4699998871999519,
    0.4699998858570891,
    0.46999988249993147,
    0.46999988036355805,
    0.469999890333298,
    0.4500001375001375,
    0.4500000589286072,
    0.45000000219806585,
    0.47789206156118647,
    0.47,
    0.47522444267605163,
    0.4599997607998852,
    0.4500000034161491,
    0.46975005467713477,
    0.4599997607998852,
    0.4640326446280992,
    0.45999999677999986,
    0.4599998619999428,
    0.4599999141332921,
    0.4599999079999417,
    0.45999984109081954,
    0.45999991822219133,
    0.4500001375001375,
    0.45000001833334496,
    0.45000016041675356,
    0.4500001057692918,
    0.4599997607998852,
    0.45000002247076387,
    0.45999999576799994,
    0.46,
    0.46,
    0.46,
    0.46,
    0.46,
    0.4599998619999428,
    0.4599999141332921,
    0.45999984109081954,
    0.45999991822219133,
    0.4599999079999417,
    0.45999988499997124,
    0.45999995215998585,
    0.4599998619999428,
    0.4599999141332921,
    0.45999991822219133,
    0.45999984109081954,
    0.4599999079999417,
    0.4599999987454545,
    0.4599999141332921,
    0.4599999079999417,
    0.45999995974997837,
    0.4599998619999428,
    0.45999996461536014,
    0.45999988499997124,
    0.45999999576799994,
    0.4599999691752519,
    0.4599999952083333,
    0.45999999263999963,
    0.45999998096551475,
    0.450112684339394,
    0.4501126842613613,
    0.45011268423511286,
    0.4400001568001129,
    0.44000002036365415,
    0.4400000746667065,
    0.44,
    0.45999996461536014,
    0.44,
    0.44,
    0.4400000746667065,
    0.43000084153833207,
    0.44,
    0.45999995974997837,
    0.4400000124444511,
    0.4599999141332921,
    0.4599998619999428,
    0.4599999079999417,
    0.4300000202663758,
    0.44,
    0.44,
    0.4400001015965904,
    0.4400000224000036,
    0.45,
    0.44,
    0.44,
    0.45,
    0.4599999079999417,
    0.461813256823402,
    0.4599998619999428,
    0.4728132387706856,
    0.45999991822219133,
    0.4500001375001375,
    0.46344749938344837,
    0.45000001833334496,
    0.4500000589286072,
    0.4500001057692918,
    0.45000016041675356,
    0.45,
    0.45,
    0.45,
    0.46,
    0.46,
    0.45,
    0.45,
    0.46,
    0.45000001833334496,
    0.4599997607998852,
    0.4500000589286072,
    0.45,
    0.45000016041675356,
    0.45999995974997837,
    0.4500000916667023,
    0.4599999141332921,
    0.4599998619999428,
    0.4599999079999417,
    0.45999996461536014,
    0.45,
    0.45,
    0.45,
    0.450000003928572,
    0.4599997607998852,
    0.4599999944992525,
    0.4599997607998852,
    0.45,
    0.46,
    0.4500000006875,
    0.4599997607998852,
    0.45,
    0.4599997607998852,
    0.46,
    0.46,
    0.45,
    0.450000003291902,
    0.4599999987454545,
    0.45,
    0.45,
    0.4599997239996136,
    0.4599997607998852,
    0.45,
    0.45000192501251257,
    0.45,
    0.4599997607998852,
    0.45,
    0.46,
    0.46,
    0.45,
    0.45,
    0.46,
    0.46,
    0.45000192501251257,
    0.46,
    0.45999999677999986,
    0.45,
    0.4500000034418027,
    0.4599999790909064,
    0.4500000080409367,
    0.4599997607998852,
    0.45000000348984814,
    0.45999998435999895,
    0.4500000048415501,
    0.46,
    0.45999998648865015,
    0.45999815998895993,
    0.4599999605280497,
    0.45999998689119037,
    0.4599997607998852,
    0.4500000275000124,
    0.45999995951999545,
    0.4599997607998852,
    0.45000192501251257,
    0.45,
    0.45,
    0.46,
    0.4599997607998852,
    0.45999815998895993,
    0.45,
    0.4599997607998852,
    0.45,
    0.45000192501251257,
    0.4599997607998852,
    0.45,
    0.45,
    0.45,
    0.45999815998895993,
    0.45,
    0.4599997607998852,
    0.45999988499997124,
    0.45000000130952383,
    0.45999999628461535,
    0.45999988499997124,
    0.45,
    0.4500000016041667,
    0.46,
    0.459999998252,
    0.4500001057692918,
    0.4500000159883809,
    0.45000001833334496,
    0.45,
    0.4500000887097346,
    0.45,
    0.45,
    0.45,
    0.4500000589286072,
    0.4500000816831966,
    0.45000017460325775,
    0.45,
    0.45000015942047467,
    0.45000003300001123,
    0.46,
    0.45,
    0.46,
    0.45,
    0.4400000918033389,
    0.4400000654971067,
    0.44,
    0.44000006829271626,
    0.4400000147368514,
    0.44,
    0.44000003612904937,
    0.44000016969717537,
    0.4400001225000689,
    0.44000011089117697,
    0.4400001362162751,
    0.4400000823529896,
    0.4400000445033372,
    0.44000012873575056,
    0.45999993349394547,
    0.46,
    0.4599999227971618,
    0.46,
    0.440000024888897,
    0.44000009554505265,
    0.45999999263999963,
    0.4599999141332921,
    0.4599998466666016,
    0.45999989902435084,
    0.45999992659571737,
    0.45999989384612733,
    0.45999995475406574,
    0.4599998361643297,
    0.46,
    0.430000168888964,
    0.43000009756763874,
    0.4300000775200515,
    0.4300000780498142,
    0.43000001762886997,
    0.4499999439252232,
    0.44999993571426866,
    0.44999989864858014,
    0.4499999613733773,
    0.44,
    0.4300000001128958,
    0.43,
    0.44,
    0.44,
    0.44,
    0.43,
    0.4499999278845807,
    0.4499999464285523,
    0.449999851102881,
    0.4499999549999955,
    0.44999996931817,
    0.4499999241572735,
    0.4499999039633766,
    0.4499999021738918,
    0.4499999397320971,
    0.4499999032257752,
    0.4499999665841444,
    0.44999987695306254,
    0.4499999521276392,
    0.44000009554505265,
    0.4499999278845807,
    0.4499999440993511,
    0.44000003481866873,
    0.44,
    0.4400000988235604,
    0.4499999181818033,
    0.4499999279999539,
    0.44000004786326424,
    0.45,
    0.44,
    0.4400000988235604,
    0.4499998822674042,
    0.4499999506578785,
    0.45,
    0.44999993571426866,
    0.4400001191490376,
    0.4400000988235604,
    0.44000004933922443,
    0.44000009554505265,
    0.4499998983870542,
    0.449999966542741,
    0.4400000390697874,
    0.4499999353447997,
    0.44999996249999064,
    0.4400001568001129,
    0.44000000112000004,
    0.45999989686096343,
    0.45999988147235044,
    0.4599998700564605,
    0.4599999767088521,
    0.44000000516043164,
    0.46,
    0.45999991144381996,
    0.45999988499997124,
    0.45999989686096343,
    0.4599999987259578,
    0.47,
    0.46999995942444933,
    0.4699999190983083,
    0.469999952635627,
    0.4605509891313325,
    0.45999999503150274,
    0.45,
    0.44000001189865084,
    0.4500000275000124,
    0.4599998685713673,
    0.45999997243444823,
    0.4500000702554911,
    0.45000017460325775,
    0.45999989239762307,
    0.45000026484780964,
    0.45,
    0.4599999718777187,
    0.45,
    0.46999998871999804,
    0.46999999770595235,
    0.45,
    0.4699998918999708,
    0.46000322685331335,
    0.46000322684897405,
    0.46999999917749996,
    0.46,
    0.4699999785599275,
    0.4500000010865271,
    0.46,
    0.46,
    0.4600000216000099,
    0.4600000216000099,
    0.46999998871999804,
    0.46999988249993147,
    0.46,
    0.4600000345600047,
    0.4699999317093824,
    0.4600000771428885,
    0.4600001089908537,
    0.46999992922778255,
    0.4600000976884736,
    0.46000009101127176,
    0.4600000972973236,
    0.47,
    0.469999968855405,
    0.4699999966282608,
    0.46000000265657526,
    0.4699999929499998,
    0.4699998918999708,
    0.4699999743277271,
    0.4699999679074841,
    0.4600000025592423,
    0.4600000212359602,
    0.46000001314401856,
    0.4699999679074841,
    0.4699999697424782,
    0.4600000408139623,
    0.46999998871999804,
    0.4699999749333305,
    0.46,
    0.46000005474655087,
    0.4699999650857119,
    0.46,
    0.46000001476082303,
    0.4699999688265274,
    0.4600000412410568,
    0.4600000059016409,
    0.46999992646257155,
    0.4600000638709945,
    0.46,
    0.46999998146171335,
    0.4699999832142817,
    0.4600000199589356,
    0.46000004931507527,
    0.4699999502988444,
    0.4600000214285791,
    0.4699999556603722,
    0.4699999970935567,
    0.46,
    0.46,
    0.46,
    0.47,
    0.47,
    0.47,
    0.47,
    0.4699999367306561,
    0.46999999770595235,
    0.46,
    0.44989455654267785,
    0.44989458261688464,
    0.44989458489240064,
    0.45,
    0.45,
    0.45,
    0.45,
    0.44,
    0.44,
    0.44,
    0.44,
    0.43000598086124403,
    0.4399925067026158,
    0.42000001047700586,
    0.4301233151677442,
    0.43012331442733104,
    0.4300026990553306,
    0.43998238662157607,
    0.43006643296190067,
    0.4300664322507817,
    0.4300664331511967,
    0.4399999894399992,
    0.42997152991454046,
    0.42997153319486053,
    0.42997150675962426,
    0.4298263620467114,
    0.4300040899795501,
    0.4300610502002588,
    0.43006105022874164,
    0.43012738984072035,
    0.4301273886603018,
    0.4299488477784296,
    0.429948951526858,
    0.4299489822836469,
    0.43012483296213005,
    0.4301248329479355,
    0.4399999847466662,
    0.42997058802902227,
    0.4300464949928469,
    0.44,
    0.42,
    0.43999999753599994,
    0.43,
    0.4200000035263566,
    0.43,
    0.43,
    0.4298786538642794,
    0.4298786387765174,
    0.42987863341154986,
    0.4200000116000012,
    0.4301780151312862,
    0.43999980639989156,
    0.43,
    0.42996058258406183,
    0.42000000603200016,
    0.42000001947977617,
    0.4399999956977777,
    0.43999996479999576,
    0.43999999295999986,
    0.42000001082666794,
    0.439999995368421,
    0.41,
    0.4,
    0.42,
    0.42,
    0.42,
    0.39,
    0.4411309802486805,
    0.429948713722396,
    0.4399999295999761,
    0.43,
    0.42999999554074064,
    0.41,
    0.4494518868956043,
    0.4,
    0.3900000007433317,
    0.41,
    0.4301000726028928,
    0.43010007153925384,
    0.44548461121708915,
    0.39000000190029,
    0.41,
    0.42,
    0.4,
    0.41,
    0.4,
    0.3900000084143242,
    0.4,
    0.39,
    0.44909573929105656,
    0.4399999894399992,
    0.4299704660386827,
    0.4399999894399992,
    0.44,
    0.41000035400079904,
    0.4199999937313429,
    0.42001565929694223,
    0.4200156592948183,
    0.43999980639989156,
    0.42,
    0.41999992719998835,
    0.41999996219999397,
    0.41999992719998835,
    0.4199999964672896,
    0.42,
    0.41,
    0.41999998991999926,
    0.42,
    0.42,
    0.42,
    0.42,
    0.42,
    0.42,
    0.42,
    0.42,
    0.42,
    0.42,
    0.42,
    0.42,
    0.42,
    0.42,
    0.42,
    0.42,
    0.42,
    0.42,
    0.42,
    0.42,
    0.42,
    0.42,
    0.42,
    0.42,
    0.42,
    0.42,
    0.42,
    0.42,
    0.42,
    0.42,
    0.42,
    0.42,
    0.42,
    0.42,
    0.42,
    0.43003958645787504,
    0.42,
    0.42,
    0.43003958625136673,
    0.42,
    0.42,
    0.42,
    0.42,
    0.42,
    0.42,
    0.42,
    0.42,
    0.42,
    0.42,
    0.42,
    0.42,
    0.42,
    0.42,
    0.42,
    0.42,
    0.42,
    0.42,
    0.42,
    0.42,
    0.42,
    0.44,
    0.42,
    0.42,
    0.44,
    0.44,
    0.42,
    0.44,
    0.42,
    0.44,
    0.42,
    0.42,
    0.42,
    0.44,
    0.44,
    0.44,
    0.44,
    0.44,
    0.44,
    0.44,
    0.44,
    0.44,
    0.44,
    0.44,
    0.44,
    0.44,
    0.44,
    0.44,
    0.4200000017400001,
    0.44,
    0.44,
    0.44,
    0.44,
    0.44,
    0.44,
    0.43467264872050515,
    0.43,
    0.43,
    0.43,
    0.43,
    0.43,
    0.43,
    0.43,
    0.43,
    0.44,
    0.44,
    0.44,
    0.44,
    0.44205993690851736,
    0.45,
    0.45,
    0.45,
    0.45,
    0.45,
    0.45,
    0.45,
    0.45,
    0.45,
    0.45,
    0.45,
    0.45,
    0.45,
    0.45,
    0.45,
    0.45,
    0.45,
    0.45,
    0.4495218990304246,
    0.44,
    0.44,
    0.44,
    0.44,
    0.45,
    0.4421485319516408,
    0.44917284785965106,
    0.44,
    0.44,
    0.44,
    0.44,
    0.44,
    0.44,
    0.4413401709401709,
    0.44979398299542184,
    0.43,
    0.44,
    0.44,
    0.44,
    0.44,
    0.43,
    0.44,
    0.44,
    0.43,
    0.45,
    0.45,
    0.45,
    0.44,
    0.45,
    0.44,
    0.44,
    0.44,
    0.43,
    0.44,
    0.44,
    0.44,
    0.43,
    0.44,
    0.44,
    0.44,
    0.44,
    0.44,
    0.43,
    0.43,
    0.44,
    0.43,
    0.44,
    0.43,
    0.44,
    0.44,
    0.44,
    0.44,
    0.44,
    0.44,
    0.43,
    0.44,
    0.45,
    0.45,
    0.45,
    0.45,
    0.45,
    0.45,
    0.45,
    0.45,
    0.45,
    0.45,
    0.4400370010319154,
    0.4400370005460433,
    0.4400370009559322,
    0.4300001767002986,
    0.44999999156249965,
    0.43,
    0.45,
    0.45,
    0.45,
    0.45,
    0.45,
    0.45,
    0.45,
    0.45,
    0.45,
    0.45,
    0.45,
    0.45,
    0.4499998392856569,
    0.449999879999952,
    0.45,
    0.45,
    0.4499999062499414,
    0.44999985681809723,
    0.4499998392856569,
    0.449999879999952,
    0.4499999062499414,
    0.44999985681809723,
    0.45,
    0.4499999156249631,
    0.449999879999952,
    0.4499998392856569,
    0.44999994807688914,
    0.4499999062499414,
    0.44999999549999997,
    0.4499997974998886,
    0.4499999156249631,
    0.449999879999952,
    0.4499998392856569,
    0.44999994807688914,
    0.4499999062499414,
    0.4499999839285709,
    0.4499999879999995,
    0.4499999906249994,
    0.4499999856818173,
    0.45,
    0.45,
    0.44,
    0.44,
    0.45005474877123053,
    0.44000035293045014,
    0.45999994904614383,
    0.4599999458823394,
    0.45005476915365206,
    0.45999996071173316,
    0.45005472439820526,
    0.4500547364111276,
    0.46,
    0.450054692008797,
    0.4599999418390544,
    0.44,
    0.4400000494637336,
    0.45999997243444823,
    0.4400001191490376,
    0.44000004392158243,
    0.4400000654971067,
    0.45999985846149827,
    0.44000006007664494,
    0.45999991577463367,
    0.45999998322188,
    0.44,
    0.46,
    0.44000000896000346,
    0.4699999643939313,
    0.4400000068501549,
    0.4400000127671771,
    0.46999989153843097,
    0.46999991478018843,
    0.4692537536168202,
    0.4599999211428331,
    0.44,
    0.43,
    0.46,
    0.45999996071173316,
    0.4599999211428331,
    0.44,
    0.4300000910651281,
    0.4599999792792709,
    0.4300000834146626,
    0.45999993486723706,
    0.45999996282826705,
    0.45999996623852424,
    0.4300000103012108,
    0.43000003009901827,
    0.45999990835247356,
    0.45999996623852424,
    0.43000002799108256,
    0.45999996368420143,
    0.4400000044896986,
    0.4599377862869637,
    0.45993803334699723,
    0.4599380070320723,
    0.4699999957507861,
    0.4699999143228877,
    0.4699998918999708,
    0.459866854297467,
    0.45986687084971967,
    0.4598668594493644,
    0.4598668998722417,
    0.4699999700227741,
    0.47,
    0.46999997228773094,
    0.46999993227072256,
    0.46999997505307456,
    0.46999997572768937,
    0.46999995673284817,
    0.46082026390502473,
    0.4615162014698445,
    0.46884503223482404,
    0.4599999718777187,
    0.45999996112674557,
    0.45999996512635016,
    0.45999995411470634,
    0.45999995606740757,
    0.4599999724423916,
    0.45999995128309096,
    0.45999998584615154,
    0.4599999812244829,
    0.45999997212120675,
    0.4599999718777187,
    0.4599999619548761,
    0.45999993164085584,
    0.45999995471501864,
    0.4599999622816363,
    0.45999994005011813,
    0.4599999767088521,
    0.4599999192366246,
    0.45999997625806066,
    0.4599999192366246,
    0.4599999358139411,
    0.45999997629976147,
    0.4599999861306502,
    0.4599999764102509,
    0.45999997809523263,
    0.45999990964283455,
    0.4599999853503143,
    0.4599999529926712,
    0.4599999525560481,
    0.4599999339226249,
    0.4599999564210338,
    0.4599999649826895,
    0.45999994792450966,
    0.4599999537106819,
    0.4599999626774802,
    0.459999987222219,
    0.4599999551219337,
    0.4599999436734619,
    0.4599999595370312,
    0.46,
    0.45999993129868927,
    0.45999997629976147,
    0.4599999192366246,
    0.45999996873785104,
    0.4599999739797942,
    0.4599999666968199,
    0.4599999525560481,
    0.4599999411871953,
    0.45999996993462283,
    0.459999954882724,
    0.4599999250370215,
    0.4599999750833295,
    0.4599999402949754,
    0.45999996845713603,
    0.4599999851911444,
    0.4599999495890351,
    0.45999997688441163,
    0.459999943872671,
    0.45999978703693845,
    0.45999995951999545,
    0.44,
    0.44999997772276784,
    0.4499999587911975,
    0.45,
    0.45,
    0.45,
    0.4499998142200897,
    0.44999995418551464,
    0.4499999439252232,
    0.4599999731778363,
    0.45999988629209904,
    0.45999999576799994,
    0.4599999649826895,
    0.4599999401625932,
    0.4397439518676817,
    0.4397439925472681,
    0.45408455302618506,
    0.4499999201183101,
    0.4499999788401198,
    0.44999987695306254,
    0.4499999474299004,
    0.45,
    0.4499999376922971,
    0.44999995431470224,
    0.4499999799703214,
    0.44999995631066264,
    0.44999992775227204,
    0.45,
    0.449999968309855,
    0.44999994972064794,
    0.44,
    0.43,
    0.42,
    0.42,
    0.43,
    0.43,
    0.4200000439394017,
    0.4200000489330226,
    0.42000005618234676,
    0.4200000421818343,
    0.4200000402449116,
    0.42000004142858405,
    0.42000004089744614,
    0.4200000166053199,
    0.420000065791057,
    0.4200000530892643,
    0.42,
    0.4200000374193634,
    0.42,
    0.4200001046137125,
    0.4200000474114532,
    0.4200000090448359,
    0.42000000403338106,
    0.42,
    0.4200000568627674,
    0.4200000391011429,
    0.42000009914536696,
    0.42000003824176274,
    0.4200000629152901,
    0.42000002124542823,
    0.42,
    0.42000005206983376,
    0.4200000693227285,
    0.42000001487179767,
    0.42000000751620026,
    0.4200001003243612,
    0.42,
    0.4200000563198102,
    0.42000000524886993,
    0.42,
    0.4200000601372007,
    0.4200000351515206,
    0.42000008887098994,
    0.42000001297539413,
    0.4200000481994687,
    0.4200000693227285,
    0.4200001114124709,
    0.42000001168766016,
    0.42,
    0.4200001185402948,
    0.4398681590409693,
    0.4200000152822653,
    0.42,
    0.42000000781145036,
    0.4200000616611435,
    0.42000009246382036,
    0.4200000602597497,
    0.4200001197827142,
    0.4200000274556254,
    0.4200000783122918,
    0.42000009572818603,
    0.4200000201990093,
    0.43,
    0.42000012705371464,
    0.4300000628226075,
    0.4300000150993423,
    0.4300000436224679,
    0.44,
    0.44,
    0.45761657544524664,
    0.4200001189744108,
    0.42000001526316755,
    0.4200001288889557,
    0.4200000315953413,
    0.4200000319799561,
    0.42,
    0.420000050515719,
    0.4200000662857446,
    0.42000003348454795,
    0.42,
    0.4200001543202983,
    0.4200000783784031,
    0.4200000176521772,
    0.4200000624050961,
    0.4200000038032799,
    0.4200000697744802,
    0.42000004776473004,
    0.43000000907035235,
    0.4537705162079735,
    0.4200003174365637,
    0.4200000763786222,
    0.44,
    0.4200022040357054,
    0.44999996359222416,
    0.4538949439937272,
    0.4200000166053199,
    0.4200000518947459,
    0.4200001516340464,
    0.420000142193697,
    0.4200000795668048,
    0.4200000514793006,
    0.42000009914536696,
    0.4200000421818343,
    0.4200000720261584,
    0.42000001487179767,
    0.42000003491639754,
    0.4200000362500091,
    0.42000013181830165,
    0.4200000783122918,
    0.45,
    0.44999995168710694,
    0.449999918918897,
    0.45,
    0.4499999224137396,
    0.4499999328357808,
    0.45,
    0.44999997772276784,
    0.45759274496290026,
    0.4499999742857084,
    0.4594422474121834,
    0.4499999117646799,
    0.42,
    0.42000007227417935,
    0.4499999332626935,
    0.45527602285372104,
    0.4200001491429253,
    0.44999984055111203,
    0.42000007227417935,
    0.42000010707698565,
    0.42000003682540177,
    0.42000001338462023,
    0.4200000239175371,
    0.4200000201990093,
    0.4200000474114532,
    0.4200000086567195,
    0.42000001526316755,
    0.4399322367293604,
    0.42,
    0.4200001461418105,
    0.42000003232444993,
    0.42,
    0.4200000071165665,
    0.4399322231197236,
    0.4200000697744802,
    0.42000008079604884,
    0.4200000572839803,
    0.43,
    0.4200003188572157,
    0.449999851102881,
    0.4599999433175291,
    0.43000027265539087,
    0.43,
    0.44,
    0.44,
    0.44,
    0.4400000896000255,
    0.44000004274810467,
    0.44,
    0.44000001400000255,
    0.4400000918033389,
    0.44000002835443613,
    0.44,
    0.4400000189830556,
    0.4400000092181106,
    0.4400000796838146,
    0.4400000543689532,
    0.4400000961963615,
    0.44000004253166924,
    0.440000071337616,
    0.4400000151011266,
    0.44,
    0.44000000871595657,
    0.440000084351487,
    0.4400000570181967,
    0.4400000746667065,
    0.4400000428936229,
    0.44,
    0.4400000617080162,
    0.4400000445033372,
    0.4400000384313793,
    0.440000019764711,
    0.44000011089117697,
    0.44000007832172217,
    0.44000001914531484,
    0.440000119289986,
    0.440000031111118,
    0.44,
    0.4400000574359079,
    0.4400000097816635,
    0.44000004647304447,
    0.4400001005128669,
    0.44,
    0.44000001009009443,
    0.4400000654971067,
    0.4400000180645301,
    0.4529734943034869,
    0.44000001124014393,
    0.4400000118339629,
    0.44000001453496823,
    0.4400000051454827,
    0.4499999933701656,
    0.44000001124014393,
    0.44000000506405457,
    0.4400000172175271,
    0.4400000016434337,
    0.4400001145454962,
    0.4400001792002294,
    0.44000006173230094,
    0.4400000598219698,
    0.44,
    0.4400001225000689,
    0.44000004933922443,
    0.4400000049448134,
    0.4400000097816635,
    0.44,
    0.4400000888687735,
    0.45000006790124714,
    0.45,
    0.45000004700856305,
    0.45000001155462643,
    0.4500000115789496,
    0.45,
    0.4500000232263543,
    0.450000037162168,
    0.4500000381282535,
    0.4500000928270669,
    0.45000004056048093,
    0.4500000616246602,
    0.45000003098592245,
    0.45000001936620104,
    0.5,
    0.5,
    0.5,
    0.5,
    0.48650552546999515,
    0.46999998969032214,
    0.46999999643263735,
    0.4699999827559719,
    0.46999997572768937,
    0.4699999760727198,
    0.4699998653370416,
    0.4699999851338168,
    0.46999994477805995,
    0.4699999438043342,
    0.46999994285359076,
    0.46999999216666516,
    0.4699999642014681,
    0.46999998631067735,
    0.4699999328571225,
    0.46999995848055437,
    0.469999964703546,
    0.4699999741284299,
    0.46999995545022005,
    0.46999994477805995,
    0.4699999458176861,
    0.4599299970161022,
    0.45992997911847416,
    0.4599300438966269,
    0.46999991288790965,
    0.4699999760727198,
    0.46999996720929615,
    0.4599999435087293,
    0.5,
    0.5,
    0.5,
    0.5,
    0.4977785965832194,
    0.46999997644109803,
    0.4699999681612822,
    0.4699999926562496,
    0.4699999618550645,
    0.46999994930336486,
    0.4699999580810735,
    0.46999996352238,
    0.46999998890855155,
    0.4699999635658802,
    0.469999983420836,
    0.4699999880445145,
    0.4699999936343111,
    0.4685154620503936,
    0.45008219187087267,
    0.4500821922850213,
    0.45008219201600064,
    0.4599999220846784,
    0.45999995756812917,
    0.4599999868883583,
    0.4599999713140266,
    0.4599999716632403,
    0.45999991144381996,
    0.45999994485803336,
    0.45999997959677097,
    0.45999997809523263,
    0.4400000353950396,
    0.45999994010415884,
    0.4400000351097707,
    0.4599999747560912,
    0.45999997914357255,
    0.4599999727118602,
    0.4599999020370125,
    0.45999997173183743,
    0.4599998887441612,
    0.4599999434889365,
    0.4599999220846784,
    0.4599999626774802,
    0.459999973863623,
    0.45999998174602885,
    0.45999997212120675,
    0.4599999660046136,
    0.5,
    0.5,
    0.5,
    0.5,
    0.49498210673720244,
    0.46,
    0.4599999710994631,
    0.45999988147235044,
    0.459999924303762,
    0.45999993531248384,
    0.45999993594935573,
    0.4599999642332564,
    0.45999989384612733,
    0.46,
    0.4599999734383148,
    0.4599999812790651,
    0.45999991822219133,
    0.45999995858519943,
    0.45999988403354525,
    0.45999994709999287,
    0.45999998223175653,
    0.45999994792450966,
    0.4599999588366835,
    0.46,
    0.4599999648087266,
    0.4500025962887857,
    0.4599999731778363,
    0.45999993428569014,
    0.4599999799376893,
    0.45999986941930765,
    0.45999990234633487,
    0.4599999709002381,
    0.45999989930345453,
    0.4599999269841154,
    0.4599998879486734,
    0.4599999642332564,
    0.44984242952077585,
    0.4498423620402387,
    0.44984241144914583,
    0.44999998513215583,
    0.45999994010415884,
    0.45010115612499857,
    0.4501011563567107,
    0.45999998245231194,
    0.459999987222219,
    0.45999998348717586,
    0.45999996506328494,
    0.4599999773770457,
    0.45009495140324585,
    0.4500949516260518,
    0.45009495141673345,
    0.4501511879049676,
    0.44988907564784275,
    0.45991617810980967,
    0.45010825782363867,
    0.45010825814444677,
    0.4501082579230423,
    0.4499177563566053,
    0.4499271019026342,
    0.44992711073101466,
    0.4498537082114235,
    0.44985376598525273,
    0.4498537630945728,
    0.4501128880736323,
    0.45,
    0.45,
    0.45,
    0.45999539452587973,
    0.45004113817571045,
    0.4500411381747505,
    0.4500411381996924,
    0.459999986618181,
    0.4501018428791695,
    0.45010184298369255,
    0.4500670055452865,
    0.45010799168022314,
    0.4501079917213304,
    0.45007537077558957,
    0.4501866181156122,
    0.4500270361625735,
    0.45002703768049235,
    0.45003102961918195,
    0.44997321117014083,
    0.449973269626116,
    0.43,
    0.46,
    0.46,
    0.4799530634982365,
    0.4701574806299225,
    0.46,
    0.46,
    0.46,
    0.45092846200269254,
    0.4500812581913499,
    0.45000803890831625,
    0.45000803858830574,
    0.4590818333767594,
    0.4398425146989237,
    0.43989771869006955,
    0.43989777372096395,
    0.43989781261047284,
    0.43,
    0.43998407768125297,
    0.44009387223094387,
    0.44009387234561226,
    0.440093872387398,
    0.43000004446001433,
    0.43,
    0.43,
    0.43,
    0.4398416443857942,
    0.43984170282699103,
    0.43984163956830613,
    0.43,
    0.4500830833524502,
    0.4499108591918913,
    0.44991080100922587,
    0.44991079262853206,
    0.43973616349423755,
    0.43973612277477236,
    0.43000004446001433,
    0.449999979955453,
    0.44000553281337784,
    0.44000553252730606,
    0.4400055325249,
    0.43000009405007855,
    0.4398991574163113,
    0.4398835142622897,
    0.4300001767002986,
    0.4300000034276787,
    0.43,
    0.4398660593603414,
    0.43986596393234817,
    0.4398660521998849,
    0.43,
    0.43998346824006934,
    0.4399693744753857,
    0.439969369635464,
    0.4499999549999955,
    0.45,
    0.44,
    0.44,
    0.43,
    0.4300000040204081,
    0.4400777111665529,
    0.44007771115758043,
    0.4400777118391575,
    0.4499999212499744,
    0.4300003420011628,
    0.44,
    0.43999980639989156,
    0.4300000040418182,
    0.4401183267730844,
    0.44011832324436617,
    0.4401183234815104,
    0.43000000304655184,
    0.44,
    0.4398917094523607,
    0.4398917140375983,
    0.4499999549999955,
    0.43,
    0.41000015340011353,
    0.41990476156092843,
    0.419904940323745,
    0.41,
    0.41990308711674623,
    0.4199030023094688,
    0.429999767799661,
    0.43,
    0.4300568183196357,
    0.43005681878348595,
    0.430056884816467,
    0.430069179568602,
    0.4300693417285224,
    0.44990992798738094,
    0.42,
    0.42011874112831366,
    0.42011874076454464,
    0.42007973147215405,
    0.42007973150511063,
    0.41007929104477614,
    0.42003158581162753,
    0.45,
    0.4200315862258388,
    0.4200315856119851,
    0.4,
    0.4,
    0.4,
    0.4,
    0.4,
    0.4,
    0.4,
    0.40000000461538476,
    0.4000003428579265,
    0.4499209310245572,
    0.4499209086451748,
    0.4,
    0.4101309273558068,
    0.4101309279709352,
    0.4,
    0.4,
    0.4499754522571947,
    0.4499753919123002,
    0.44997212831043487,
    0.4499721104279357,
    0.4499351641016885,
    0.4499353094821609,
    0.44993519222460543,
    0.4,
    0.4,
    0.4,
    0.459908084912564,
    0.45990806676211193,
    0.45990808687507223,
    0.4000000515021636,
    0.4,
    0.4,
    0.4,
    0.4,
    0.4476189066107854,
    0.4000000451127955,
    0.4,
    0.4,
    0.41999986451608534,
    0.44761897110291876,
    0.4,
    0.4199999453999798,
    0.4,
    0.4100975895384015,
    0.4199999129729518,
    0.4,
    0.4199999453999798,
    0.4000000389610491,
    0.4000000515021636,
    0.4,
    0.41999994630135223,
    0.40000004411766005,
    0.4199999036697027,
    0.4,
    0.4,
    0.4199999356097435,
    0.4199999285829792,
    0.42,
    0.41012116916758784,
    0.4199999453999798,
    0.41999993060867696,
    0.4,
    0.40000004615386037,
    0.4,
    0.4,
    0.4000000378548991,
    0.4,
    0.4199999741095818,
    0.4199999252668906,
    0.4,
    0.4199999192307537,
    0.4,
    0.4199999957999999,
    0.4,
    0.4098040027168644,
    0.41999999529599996,
    0.4199998235998977,
    0.39000014030010804,
    0.4,
    0.4,
    0.41000032551818427,
    0.4100005531279385,
    0.41000000531000047,
    0.41,
    0.41000002622224047,
    0.4100000461739496,
    0.4100001130834059,
    0.41000017464008803,
    0.41000017464008803,
    0.41000014976942317,
    0.42999995085711334,
    0.4299998670908293,
    0.42999989966660646,
    0.42999992723072555,
    0.41000002622224047,
    0.4100000461739496,
    0.4100001130834059,
    0.41000014976942317,
    0.41000017464008803,
    0.41000017464008803,
    0.4299998670908293,
    0.42999995085711334,
    0.42999989966660646,
    0.42999992723072555,
    0.41979060304620214,
    0.41979070861845896,
    0.4197907148065758
]
