[
    0.001,
    0.01,
    0.01,
    0.01,
    0.01,
    0.02,
    0.03,
    0.01,
    0.01,
    0.01,
    0.059999972399998894,
    0.03,
    0.01,
    0.030000001940002324,
    0.03000000012135623,
    0.030000001940002324,
    0.030000000194000034,
    0.01,
    0.11,
    0.11,
    0.10999998151999942,
    0.11,
    0.01,
    0.05,
    0.02,
    0.07,
    0.06,
    0.05,
    0.02,
    0.03,
    0.03,
    0.04,
    0.01,
    0.05,
    0.07000001116000433,
    0.11,
    0.11,
    0.21999997226086704,
    0.11,
    0.14,
    0.21759890316943017,
    0.25,
    0.25,
    0.25,
    0.3500000126953142,
    0.35,
    0.43999998994285594,
    0.35,
    0.36,
    0.37,
    0.41,
    0.43999997066665886,
    0.37,
    0.37,
    0.37,
    0.63,
    0.6999999719999955,
    0.68,
    0.63,
    0.6300001369000863,
    0.67,
    0.72,
    0.67,
    0.7,
    0.71,
    0.73,
    0.8099999982887323,
    0.72,
    0.71,
    0.71,
    0.71,
    0.68,
    0.69,
    0.6999999664383532,
    0.7799998984374603,
    0.78,
    0.7440476190476191,
    0.8167330673386136,
    0.774253534076543,
    0.75,
    0.77,
    0.8899999959545436,
    0.75,
    0.72,
    0.7107061057590984,
    0.72,
    0.65,
    0.65,
    0.63,
    0.68,
    0.649996921034806,
    0.7199999966407464,
    0.68,
    0.68,
    0.68,
    0.68,
    0.6799999936533332,
    0.7299999948591548,
    0.6400002304003134,
    0.74,
    0.64,
    0.66,
    0.66,
    0.699999983908039,
    0.61,
    0.63,
    0.61,
    0.6899999762886525,
    0.62,
    0.66,
    0.66,
    0.66,
    0.64,
    0.76,
    0.6044444444444445,
    0.598546499637988,
    0.55,
    0.55,
    0.52,
    0.8614720232624696,
    0.63,
    0.5399999902799992,
    0.5610350584307179,
    0.5,
    0.5,
    0.5,
    0.5,
    0.45,
    0.4426760864911154,
    0.4,
    0.48,
    0.48,
    0.48,
    0.48,
    0.48,
    0.43,
    0.46,
    0.47,
    0.39,
    0.4018456524422971,
    0.4,
    0.44,
    0.5,
    0.41,
    0.4,
    0.4,
    0.4,
    0.39,
    0.39,
    0.41,
    0.4,
    0.39,
    0.40999990257423236,
    0.4,
    0.41,
    0.41,
    0.4199999962174332,
    0.45999999059090824,
    0.44,
    0.47,
    0.47,
    0.47,
    0.4700000105774523,
    0.47,
    0.4700000030459787,
    0.5299998583167292,
    0.53,
    0.5799999713766211,
    0.47,
    0.46,
    0.54,
    0.54,
    0.54,
    0.54,
    0.54,
    0.66,
    0.65,
    0.65,
    0.65,
    0.65,
    0.65,
    0.75,
    0.7,
    0.69,
    0.7170846586098797,
    0.7,
    0.71,
    0.72,
    0.68,
    0.74,
    0.72,
    0.73,
    0.74,
    0.75,
    0.75,
    0.75,
    0.8,
    0.8,
    0.8,
    0.7785648567365627,
    0.782106149957877,
    0.7799997564118744,
    0.75,
    0.75,
    0.78,
    0.78,
    0.77,
    0.77,
    0.7799999978159999,
    0.77,
    0.77,
    0.77,
    0.7898954,
    0.77,
    0.77,
    0.77,
    0.77000000276,
    0.75,
    0.77,
    0.74,
    0.7,
    0.73,
    0.72,
    0.7000000180000007,
    0.7299999932214282,
    0.7,
    0.7,
    0.7,
    0.7,
    0.63,
    0.63,
    0.61,
    0.62,
    0.6599999999897842,
    0.620000003648,
    0.65,
    0.65,
    0.65,
    0.68,
    0.6500000196000021,
    0.65,
    0.6799999727999957,
    0.68,
    0.66,
    0.66,
    0.72,
    0.6745205624187536,
    0.619999968999986,
    0.6722677442427684,
    0.6199999996889112,
    0.6002135139639981,
    0.59,
    0.59,
    0.59,
    0.6,
    0.62,
    0.58,
    0.5925564368517389,
    0.58,
    0.59,
    0.59,
    0.552,
    0.53,
    0.53,
    0.53,
    0.6126246775685102,
    0.47555555555555556,
    0.51,
    0.51,
    0.51,
    0.44000002146965,
    0.5399999741739114,
    0.49,
    0.46,
    0.49,
    0.49,
    0.46,
    0.46,
    0.46,
    0.46,
    0.44,
    0.44193199601650307,
    0.43,
    0.43,
    0.44,
    0.45,
    0.43,
    0.43000000342000033,
    0.41,
    0.42897259630810464,
    0.39,
    0.42,
    0.40000000093052107,
    0.44,
    0.44,
    0.44,
    0.44,
    0.44000000881889817,
    0.44,
    0.44,
    0.44,
    0.44,
    0.44,
    0.44,
    0.44,
    0.44,
    0.47,
    0.47,
    0.47,
    0.4633792917004596,
    0.46,
    0.47,
    0.47,
    0.48,
    0.48,
    0.47,
    0.5,
    0.49,
    0.51,
    0.5005765954028342,
    0.5174478012384603,
    0.48,
    0.48,
    0.48,
    0.47,
    0.47,
    0.4700000001761684,
    0.47,
    0.47,
    0.47,
    0.47,
    0.48,
    0.48000000254222225,
    0.48,
    0.48,
    0.51,
    0.48,
    0.48,
    0.48,
    0.48,
    0.48,
    0.48,
    0.45,
    0.45,
    0.46,
    0.44,
    0.41,
    0.42,
    0.4,
    0.38,
    0.38,
    0.38,
    0.35,
    0.3747116916692608,
    0.35,
    0.35,
    0.35,
    0.41,
    0.41,
    0.41,
    0.41,
    0.41,
    0.41,
    0.41,
    0.41,
    0.41,
    0.41,
    0.41,
    0.42,
    0.41,
    0.41,
    0.41,
    0.41,
    0.41,
    0.41,
    0.41,
    0.41,
    0.41,
    0.41,
    0.41,
    0.41,
    0.41,
    0.41,
    0.41,
    0.41,
    0.41,
    0.4,
    0.41,
    0.41,
    0.41,
    0.41,
    0.4,
    0.41,
    0.41,
    0.41,
    0.41,
    0.4399999894399992,
    0.47,
    0.47,
    0.44233085279274653,
    0.42,
    0.42,
    0.43,
    0.42,
    0.4200000629152901,
    0.42906315789473687,
    0.41,
    0.41,
    0.42,
    0.41,
    0.45,
    0.46999999153999933,
    0.46,
    0.46,
    0.45,
    0.45,
    0.45,
    0.46,
    0.48,
    0.46,
    0.45,
    0.46,
    0.46,
    0.48,
    0.48,
    0.45,
    0.48,
    0.46,
    0.45,
    0.46,
    0.4255555555555556,
    0.38,
    0.38,
    0.37,
    0.38,
    0.3789760040878475,
    0.35,
    0.3799999011999269,
    0.36,
    0.36,
    0.36,
    0.36,
    0.36,
    0.36,
    0.36,
    0.36,
    0.36,
    0.36,
    0.36,
    0.36,
    0.36,
    0.36,
    0.36,
    0.36,
    0.36,
    0.36,
    0.36,
    0.36,
    0.36,
    0.36,
    0.36,
    0.36,
    0.36,
    0.36,
    0.36,
    0.36,
    0.36,
    0.36,
    0.36,
    0.36,
    0.36,
    0.36,
    0.36,
    0.36,
    0.36,
    0.36,
    0.379999750624774,
    0.37,
    0.37,
    0.37,
    0.37,
    0.37,
    0.37,
    0.37,
    0.37,
    0.37,
    0.38,
    0.37,
    0.37,
    0.37,
    0.37,
    0.37,
    0.37,
    0.37,
    0.37,
    0.37,
    0.37,
    0.37,
    0.37,
    0.37,
    0.37,
    0.37,
    0.3700000023924054,
    0.37,
    0.37,
    0.37,
    0.37,
    0.37,
    0.37,
    0.37,
    0.37,
    0.37,
    0.37,
    0.37,
    0.37,
    0.37,
    0.37,
    0.37000001197000215,
    0.37,
    0.37,
    0.37,
    0.37,
    0.37,
    0.37,
    0.37,
    0.37,
    0.37,
    0.37,
    0.37,
    0.3700000090778123,
    0.37,
    0.37,
    0.37,
    0.37,
    0.37,
    0.37,
    0.37,
    0.37,
    0.38,
    0.37,
    0.37,
    0.37,
    0.37,
    0.37,
    0.37,
    0.37,
    0.37,
    0.37,
    0.37,
    0.37,
    0.37,
    0.37,
    0.37,
    0.37,
    0.37,
    0.37,
    0.36,
    0.3500000036462229,
    0.37,
    0.37,
    0.37,
    0.37,
    0.36,
    0.35,
    0.36,
    0.35,
    0.35,
    0.35,
    0.35,
    0.35,
    0.35,
    0.35,
    0.35,
    0.35,
    0.35,
    0.35,
    0.35,
    0.35,
    0.35,
    0.35,
    0.35,
    0.35,
    0.35,
    0.36999996743999636,
    0.35,
    0.35,
    0.35,
    0.35,
    0.35,
    0.35,
    0.35,
    0.35,
    0.35,
    0.36,
    0.35,
    0.35,
    0.35,
    0.35,
    0.35,
    0.35,
    0.35,
    0.35,
    0.35,
    0.35,
    0.35,
    0.35,
    0.35,
    0.35,
    0.35,
    0.35,
    0.3770962061328531,
    0.35,
    0.34,
    0.35,
    0.35,
    0.35,
    0.35,
    0.35,
    0.35,
    0.34,
    0.3686272917581762,
    0.34,
    0.34,
    0.34,
    0.34,
    0.34,
    0.34,
    0.34,
    0.34,
    0.34,
    0.34,
    0.34,
    0.34,
    0.34,
    0.34,
    0.34,
    0.34,
    0.34,
    0.34,
    0.34,
    0.33,
    0.34,
    0.34,
    0.34,
    0.33,
    0.33,
    0.33,
    0.33,
    0.33,
    0.33,
    0.33,
    0.33,
    0.34999999299999984,
    0.34,
    0.34,
    0.35,
    0.35000004850747357,
    0.34,
    0.33999999813,
    0.34,
    0.33,
    0.34,
    0.33,
    0.33,
    0.34,
    0.33,
    0.34,
    0.33,
    0.33,
    0.34,
    0.34,
    0.29,
    0.28,
    0.27,
    0.26,
    0.24000001013333827,
    0.25999996463999775,
    0.25,
    0.25,
    0.25999996463999775,
    0.25,
    0.26,
    0.26,
    0.27,
    0.25,
    0.24,
    0.24,
    0.24,
    0.25,
    0.25,
    0.25,
    0.27,
    0.27,
    0.3,
    0.3,
    0.31,
    0.3,
    0.31,
    0.31,
    0.31,
    0.31,
    0.31,
    0.31,
    0.31,
    0.31,
    0.31,
    0.31,
    0.31,
    0.31,
    0.31,
    0.31,
    0.31,
    0.31,
    0.31,
    0.31,
    0.31,
    0.31,
    0.31,
    0.31,
    0.31,
    0.31,
    0.31,
    0.31,
    0.31,
    0.33,
    0.33,
    0.33,
    0.33,
    0.3,
    0.3,
    0.3,
    0.3,
    0.31,
    0.3,
    0.3157894700277008,
    0.3,
    0.27000001268242074,
    0.3,
    0.31838186908969024,
    0.29,
    0.31,
    0.31,
    0.27,
    0.25983176298084004,
    0.24,
    0.25,
    0.27,
    0.2693833333333333,
    0.26,
    0.2567831985390034,
    0.2599998647999351,
    0.26,
    0.26,
    0.07,
    0.22,
    0.15,
    0.11,
    0.05,
    0.15,
    0.11,
    0.21,
    0.06,
    0.21,
    0.26,
    0.23,
    0.24,
    0.26,
    0.26,
    0.26,
    0.26,
    0.27,
    0.2821560583181597,
    0.27,
    0.27,
    0.2699999681399974,
    0.27,
    0.27,
    0.26999999797204255,
    0.27,
    0.27,
    0.27,
    0.27,
    0.27,
    0.27,
    0.2700000090638247,
    0.28,
    0.28,
    0.27,
    0.26999999369999994,
    0.2699999807999992,
    0.27,
    0.27,
    0.29,
    0.28000001440000405,
    0.3,
    0.3,
    0.29,
    0.31,
    0.3099792293145674,
    0.29,
    0.31,
    0.33,
    0.35,
    0.35,
    0.35,
    0.35,
    0.35,
    0.36999996743999636,
    0.37,
    0.3685719183953369,
    0.35,
    0.35,
    0.35999999039999964,
    0.36,
    0.36,
    0.35,
    0.35,
    0.34,
    0.34,
    0.36,
    0.36,
    0.36,
    0.35,
    0.35,
    0.32,
    0.31,
    0.31,
    0.30201472418474196,
    0.29,
    0.283,
    0.26,
    0.25,
    0.25,
    0.25,
    0.24,
    0.25,
    0.25,
    0.17,
    0.19,
    0.1700000000597552,
    0.27,
    0.25,
    0.27,
    0.28,
    0.2899995263325281,
    0.29,
    0.29,
    0.29,
    0.29,
    0.29,
    0.3,
    0.3,
    0.32,
    0.32,
    0.30999993644998125,
    0.28,
    0.28,
    0.25,
    0.24000000269036084,
    0.26,
    0.27,
    0.26,
    0.1900000003183812,
    0.21,
    0.2,
    0.24,
    0.24,
    0.26,
    0.26,
    0.26,
    0.27,
    0.27000000027399934,
    0.27,
    0.27,
    0.27000003421880187,
    0.29,
    0.29,
    0.29,
    0.3,
    0.3,
    0.3299988559963392,
    0.3299999885599996,
    0.31,
    0.31,
    0.31,
    0.31000000401357286,
    0.3294010872957709,
    0.3100000414000389,
    0.3299999956480218,
    0.3100000115827343,
    0.3252819647712736,
    0.3100000022468918,
    0.31000000009755957,
    0.31,
    0.3,
    0.3,
    0.31,
    0.3,
    0.3099999855333328,
    0.3,
    0.3000000002978723,
    0.30999996217999704,
    0.3,
    0.3,
    0.3,
    0.30999999683799995,
    0.32,
    0.32,
    0.3,
    0.32,
    0.3,
    0.31795238663010217,
    0.31,
    0.30999998356999925,
    0.3099998294999233,
    0.3,
    0.3000000014861996,
    0.3,
    0.3,
    0.3,
    0.3,
    0.32,
    0.3,
    0.32,
    0.3,
    0.32,
    0.31735707882240605,
    0.31,
    0.3,
    0.3000000018666667,
    0.3,
    0.31,
    0.3,
    0.30000002800000447,
    0.3000000218545175,
    0.3,
    0.3,
    0.3,
    0.3142721670543815,
    0.3099984809922531,
    0.3,
    0.30999998945999985,
    0.3,
    0.3000000070000006,
    0.3,
    0.30999993644998125,
    0.30999994006665826,
    0.3,
    0.3,
    0.3,
    0.32,
    0.32,
    0.310001725030188,
    0.3100000414000389,
    0.3,
    0.31,
    0.31,
    0.31,
    0.3,
    0.31,
    0.3,
    0.3,
    0.3000000009030143,
    0.31000000483000023,
    0.3100000414000389,
    0.31,
    0.32,
    0.3100000414000389,
    0.3100000014673573,
    0.31,
    0.3100000414000389,
    0.32,
    0.31000046000276,
    0.3100000414000389,
    0.31000000828000324,
    0.32,
    0.31,
    0.31000004710846835,
    0.31000005750001436,
    0.31,
    0.31000001271672417,
    0.32,
    0.32,
    0.32,
    0.32,
    0.32,
    0.32,
    0.32,
    0.3299998927499812,
    0.3299999876897902,
    0.3299999590799969,
    0.32999999445599987,
    0.32,
    0.33,
    0.33,
    0.32,
    0.3200000054400005,
    0.32,
    0.33,
    0.32999999651314,
    0.32000000206582285,
    0.3200000054400005,
    0.3200000054400005,
    0.3299999590799969,
    0.3200001088000914,
    0.3200000054400005,
    0.3200001088000914,
    0.3200007253373952,
    0.32,
    0.3100000414000389,
    0.32,
    0.32,
    0.323529405103806,
    0.32,
    0.32,
    0.32,
    0.31000000103870967,
    0.3100000414000389,
    0.31,
    0.31,
    0.3,
    0.3,
    0.30000002333334036,
    0.32,
    0.32,
    0.31,
    0.31,
    0.32,
    0.3,
    0.31,
    0.3,
    0.31,
    0.31000000944903616,
    0.31,
    0.32999998952884596,
    0.31,
    0.32590177841350354,
    0.31,
    0.31,
    0.32,
    0.32,
    0.32,
    0.31000005750001436,
    0.32,
    0.3100000414000389,
    0.3100000414000389,
    0.31000000402500033,
    0.32,
    0.32,
    0.31000000828000324,
    0.31000000828000324,
    0.31000000046000004,
    0.31,
    0.31,
    0.30000019444547066,
    0.31,
    0.31,
    0.31,
    0.31,
    0.31,
    0.31,
    0.3,
    0.31,
    0.31,
    0.3,
    0.3,
    0.30000000296547347,
    0.3099999193999887,
    0.3,
    0.31,
    0.3099999959937968,
    0.3,
    0.3,
    0.3,
    0.30999999467187495,
    0.2900001014291365,
    0.2900001868425478,
    0.3,
    0.29999992499998124,
    0.3,
    0.3,
    0.3,
    0.2900001014291365,
    0.2900000820604157,
    0.3,
    0.299999819999928,
    0.29000005680010904,
    0.28,
    0.3,
    0.299999819999928,
    0.3,
    0.28,
    0.2800004114295118,
    0.2800000192000123,
    0.2800001440004032,
    0.2800000733758822,
    0.2999999995890411,
    0.28000003456001216,
    0.2899999640399973,
    0.2800001440004032,
    0.2800001440004032,
    0.29,
    0.29,
    0.28,
    0.28,
    0.28,
    0.28,
    0.2899993277257754,
    0.2899995577495688,
    0.28001622121703673,
    0.280016229291351,
    0.28,
    0.28,
    0.27,
    0.29,
    0.28,
    0.2899999907199998,
    0.27000018980014046,
    0.2700003650034675,
    0.28,
    0.28,
    0.28,
    0.29,
    0.28,
    0.28,
    0.28,
    0.3,
    0.299999819999928,
    0.29,
    0.28000000446511697,
    0.299999819999928,
    0.29,
    0.28000003456001216,
    0.29,
    0.28,
    0.28,
    0.29,
    0.28,
    0.27,
    0.27000001273539026,
    0.28,
    0.27,
    0.28,
    0.29,
    0.28,
    0.3,
    0.3,
    0.2999996999997,
    0.3,
    0.29999947058761245,
    0.29,
    0.3,
    0.2800001440004032,
    0.2900935930805675,
    0.2800001440004032,
    0.29,
    0.28,
    0.27000000119520196,
    0.28,
    0.27,
    0.28,
    0.27,
    0.3
]
