[
    0.001,
    0.001,
    0.008049414824447335,
    0.001,
    0.001,
    0.001,
    0.001,
    0.001,
    0.002,
    0.001,
    0.002,
    0.001,
    0.001,
    0.001,
    0.003,
    0.003,
    0.003,
    0.003,
    0.004,
    0.009854699899407623,
    0.004,
    0.004,
    0.005,
    0.005,
    0.013,
    0.015,
    0.01,
    0.01500000012484166,
    0.015000006156627055,
    0.015000001094850633,
    0.015,
    0.027611109061402597,
    0.01600000019974626,
    0.016,
    0.013000000394800789,
    0.031,
    0.032,
    0.05,
    0.042,
    0.061,
    0.087,
    0.085,
    0.08,
    0.08500000058199446,
    0.14999997599999904,
    0.181,
    0.181,
    0.172,
    0.22999999971399313,
    0.22999996917999796,
    0.191,
    0.191,
    0.23,
    0.23999998102325512,
    0.23233300263052084,
    0.23,
    0.2399999673599979,
    0.25,
    0.2,
    0.23,
    0.2300000119482767,
    0.279999843199931,
    0.171,
    0.19879243170622482,
    0.17,
    0.17,
    0.22999982749995687,
    0.171,
    0.17,
    0.171,
    0.23238100601581652,
    0.17000000249000036,
    0.17,
    0.17,
    0.17,
    0.15,
    0.1500000010625,
    0.15,
    0.20999997395999803,
    0.17,
    0.16000000012876522,
    0.18,
    0.17,
    0.18,
    0.16,
    0.15,
    0.12,
    0.1,
    0.09904105,
    0.09799991767998682,
    0.09,
    0.09,
    0.09,
    0.1,
    0.1,
    0.1,
    0.1,
    0.06,
    0.06,
    0.05,
    0.07,
    0.06,
    0.06,
    0.069,
    0.069,
    0.06,
    0.06,
    0.059666666666666666,
    0.04999359778739532,
    0.031,
    0.03,
    0.03,
    0.03,
    0.03,
    0.03,
    0.029999971199998848,
    0.03,
    0.03,
    0.03,
    0.03,
    0.03,
    0.03,
    0.03,
    0.03,
    0.03911111111111111,
    0.04,
    0.03,
    0.03,
    0.029987745098039215,
    0.029998395644368517,
    0.028999725659851858,
    0.03,
    0.04,
    0.03,
    0.04,
    0.04,
    0.04,
    0.04,
    0.04,
    0.06,
    0.05,
    0.04,
    0.06,
    0.06,
    0.04,
    0.07,
    0.07,
    0.06,
    0.08,
    0.06,
    0.08,
    0.08,
    0.08,
    0.08,
    0.1,
    0.1,
    0.1,
    0.1,
    0.11999989919998387,
    0.11999989919998387,
    0.11,
    0.1100000890004361,
    0.11000001424001402,
    0.12,
    0.11,
    0.11,
    0.11,
    0.11,
    0.11,
    0.11,
    0.11,
    0.11,
    0.11,
    0.11,
    0.11,
    0.11,
    0.11,
    0.11,
    0.11,
    0.11,
    0.06000000026841806,
    0.07,
    0.09,
    0.11,
    0.11,
    0.11,
    0.11,
    0.13999792798922556,
    0.20769803736249026,
    0.24,
    0.25,
    0.25,
    0.26,
    0.25,
    0.25,
    0.25,
    0.25999988647884287,
    0.25,
    0.25,
    0.25,
    0.25,
    0.25,
    0.25,
    0.25,
    0.25,
    0.25,
    0.25,
    0.25,
    0.25,
    0.25,
    0.25,
    0.25999997563963756,
    0.25,
    0.25,
    0.29,
    0.28,
    0.25,
    0.25,
    0.2999999559902157,
    0.33,
    0.33,
    0.3213424798051032,
    0.2900000036014498,
    0.29,
    0.27987146529562984,
    0.24,
    0.21,
    0.22,
    0.2,
    0.22,
    0.22,
    0.25,
    0.25,
    0.241044,
    0.22000000632432598,
    0.25,
    0.26,
    0.25,
    0.2600000018793651,
    0.26,
    0.26,
    0.26,
    0.22,
    0.2600000029600002,
    0.24,
    0.26,
    0.26000001973334336,
    0.23,
    0.23,
    0.19,
    0.22,
    0.19,
    0.23314849320791808,
    0.2,
    0.19,
    0.17,
    0.2,
    0.22,
    0.22494099134539733,
    0.22,
    0.25,
    0.25,
    0.25,
    0.25,
    0.28,
    0.28,
    0.28,
    0.28,
    0.28,
    0.25,
    0.28,
    0.28,
    0.28,
    0.28,
    0.28,
    0.28,
    0.28000001000694985,
    0.28,
    0.28,
    0.28,
    0.28,
    0.27,
    0.27,
    0.3,
    0.3,
    0.3,
    0.31,
    0.32,
    0.32,
    0.32,
    0.32,
    0.32,
    0.32,
    0.32,
    0.3299999947242205,
    0.32,
    0.32,
    0.32,
    0.32,
    0.32,
    0.33,
    0.33,
    0.33,
    0.33000001576471477,
    0.32,
    0.32,
    0.32,
    0.32,
    0.32,
    0.32000000163200004,
    0.3499999842499991,
    0.34,
    0.34,
    0.34,
    0.34,
    0.34,
    0.34,
    0.32,
    0.32,
    0.32,
    0.32,
    0.33,
    0.32,
    0.32,
    0.32,
    0.32,
    0.32,
    0.32,
    0.32,
    0.32,
    0.32,
    0.32,
    0.28,
    0.270000001548316,
    0.32,
    0.3099998294999233,
    0.2700000004882943,
    0.31,
    0.31,
    0.31,
    0.31,
    0.3099999683881559,
    0.2700000023150388,
    0.29,
    0.29,
    0.3,
    0.29,
    0.29,
    0.3,
    0.28,
    0.3,
    0.2300000005775135,
    0.3000000583334257,
    0.32,
    0.2900000497000131,
    0.32,
    0.3,
    0.32999999669999996,
    0.31,
    0.308,
    0.31,
    0.31,
    0.3,
    0.31,
    0.31,
    0.31,
    0.28,
    0.26,
    0.1900000068850003,
    0.19,
    0.2,
    0.2,
    0.2,
    0.2,
    0.22,
    0.23,
    0.25,
    0.2,
    0.24,
    0.24,
    0.31,
    0.31,
    0.31,
    0.31,
    0.31,
    0.31,
    0.31,
    0.31,
    0.31,
    0.31,
    0.31,
    0.31,
    0.31,
    0.31,
    0.31,
    0.31,
    0.31,
    0.31,
    0.31,
    0.31,
    0.31,
    0.31,
    0.31,
    0.31,
    0.31,
    0.31,
    0.31,
    0.31,
    0.31,
    0.3,
    0.3,
    0.3,
    0.3,
    0.3,
    0.28,
    0.29,
    0.3,
    0.27000001182394595,
    0.29,
    0.283,
    0.265,
    0.25,
    0.21000000064953753,
    0.2,
    0.2,
    0.24000009120017146,
    0.24,
    0.24,
    0.24,
    0.23369005172500376,
    0.22999982749995687,
    0.24,
    0.2300000026235096,
    0.27999964159974194,
    0.25,
    0.25,
    0.24,
    0.23,
    0.25,
    0.26,
    0.25,
    0.26,
    0.26,
    0.28,
    0.3,
    0.3,
    0.31,
    0.31,
    0.3,
    0.3,
    0.3,
    0.3,
    0.3,
    0.3,
    0.3,
    0.31,
    0.3,
    0.31,
    0.31,
    0.31,
    0.31,
    0.3,
    0.3,
    0.3,
    0.3,
    0.3,
    0.3,
    0.3000000070000006,
    0.32,
    0.3,
    0.28,
    0.26,
    0.26000000888000036,
    0.2899999907199998,
    0.3000000070000006,
    0.32,
    0.32000001554286567,
    0.3,
    0.3,
    0.32,
    0.28000004734248857,
    0.28,
    0.26,
    0.2600000325600181,
    0.28,
    0.25,
    0.299999969999997,
    0.33,
    0.33,
    0.2900000047333335,
    0.3,
    0.3,
    0.33,
    0.35,
    0.38,
    0.38,
    0.38,
    0.38,
    0.38,
    0.39,
    0.3900000244000039,
    0.4099999835999974,
    0.39,
    0.39,
    0.38,
    0.38000000248000004,
    0.34,
    0.3400000023760001,
    0.34,
    0.34,
    0.34,
    0.34,
    0.36,
    0.36,
    0.36,
    0.34,
    0.34,
    0.34,
    0.34,
    0.34,
    0.34,
    0.35,
    0.35,
    0.35000005909092163,
    0.35,
    0.34000001805970326,
    0.34,
    0.34,
    0.35,
    0.35,
    0.34,
    0.35,
    0.35,
    0.34,
    0.35,
    0.35,
    0.35,
    0.36,
    0.36,
    0.36,
    0.36,
    0.37,
    0.39,
    0.38,
    0.38,
    0.38,
    0.38,
    0.38,
    0.39,
    0.39,
    0.3900000003355,
    0.4,
    0.4,
    0.39,
    0.39000000061000006,
    0.41,
    0.41,
    0.41,
    0.43,
    0.43,
    0.43,
    0.43,
    0.43,
    0.43,
    0.42999999793599997,
    0.36,
    0.3400000060342858,
    0.34,
    0.35,
    0.35,
    0.3000000070000006,
    0.35,
    0.34,
    0.33,
    0.3,
    0.3000000001982044,
    0.34,
    0.34,
    0.34,
    0.34,
    0.34,
    0.35999993759999,
    0.34,
    0.34,
    0.34,
    0.34,
    0.34,
    0.3599987039917055,
    0.3400000007423968,
    0.36,
    0.36,
    0.38,
    0.36,
    0.37,
    0.38,
    0.38,
    0.37,
    0.38,
    0.4,
    0.4,
    0.4,
    0.4,
    0.4199999453999798,
    0.43,
    0.43,
    0.43,
    0.43,
    0.44,
    0.44,
    0.44,
    0.44,
    0.42,
    0.43,
    0.41,
    0.410000011512196,
    0.41,
    0.41,
    0.41,
    0.41,
    0.39,
    0.4,
    0.37,
    0.37,
    0.39,
    0.37,
    0.37,
    0.39,
    0.42999999612999984,
    0.42,
    0.42,
    0.45,
    0.44,
    0.4355673333333333,
    0.43,
    0.44,
    0.44,
    0.44,
    0.44,
    0.44,
    0.44,
    0.42000009860008186,
    0.43999999808174384,
    0.4399999964799999,
    0.42000002759933613,
    0.4474939730221382,
    0.4200001740002958,
    0.4200000017400001,
    0.43999999207999974,
    0.44,
    0.44,
    0.44,
    0.44,
    0.44,
    0.44,
    0.44,
    0.44,
    0.44,
    0.4499999797499989,
    0.4499999829113909,
    0.4499999549999955,
    0.45,
    0.4499999996846973,
    0.44,
    0.45,
    0.4400001568001129,
    0.44,
    0.44000000112000004,
    0.4499999997975,
    0.44,
    0.4400000224000036,
    0.4499999549999955,
    0.44999999212499975,
    0.4400000260465165,
    0.4499999797499989,
    0.4499992767842937,
    0.44,
    0.44000001623189533,
    0.44999975304861484,
    0.4400000002698795,
    0.440000829634546,
    0.4400000224000036,
    0.44999999966826043,
    0.44004499823926546,
    0.4400450137140458,
    0.45,
    0.4499997974998886,
    0.4300001767002986,
    0.44776117598574183,
    0.44,
    0.44,
    0.44,
    0.44,
    0.44,
    0.44,
    0.44,
    0.44,
    0.44,
    0.44,
    0.44,
    0.44,
    0.449999998875,
    0.44,
    0.44,
    0.44,
    0.44,
    0.44,
    0.44,
    0.44,
    0.44,
    0.44,
    0.44,
    0.44999992499998126,
    0.45,
    0.44,
    0.44,
    0.44000005090910943,
    0.4499999992125,
    0.4499999797499989,
    0.45,
    0.44,
    0.4400001568001129,
    0.44999999212499975,
    0.44000000112000004,
    0.44,
    0.44,
    0.43,
    0.4300000389500103,
    0.4300000389500103,
    0.44,
    0.43,
    0.44,
    0.44,
    0.44,
    0.44,
    0.44,
    0.44,
    0.44,
    0.44,
    0.44,
    0.44,
    0.44,
    0.44,
    0.44,
    0.44,
    0.44,
    0.44,
    0.44,
    0.44,
    0.44,
    0.43,
    0.44,
    0.44,
    0.44,
    0.44,
    0.44,
    0.44,
    0.44,
    0.44,
    0.44,
    0.43,
    0.43,
    0.43,
    0.43,
    0.43,
    0.43,
    0.43,
    0.43,
    0.43,
    0.43,
    0.43,
    0.43,
    0.43,
    0.43,
    0.43,
    0.43,
    0.43,
    0.43,
    0.43,
    0.42999995054998097,
    0.41,
    0.41,
    0.4100000022046103,
    0.42015421079696036,
    0.4100000536368464,
    0.41999993196260665,
    0.42,
    0.42,
    0.42,
    0.42,
    0.42000000580000035,
    0.42000023200106723,
    0.42,
    0.429999767799661,
    0.42,
    0.43,
    0.4299998279998968,
    0.43,
    0.4299999899952514,
    0.4200000070753282,
    0.4299999811573021,
    0.42000001546666754,
    0.4200001280982884,
    0.4200001740002958,
    0.4299999967319999,
    0.42,
    0.42,
    0.43,
    0.42000009860008186,
    0.42,
    0.42000009860008186,
    0.42999999058786703,
    0.42,
    0.42000000323720943,
    0.42,
    0.4100000295000044,
    0.41,
    0.4263939752507585,
    0.4100000033714288,
    0.41,
    0.4100000186833343,
    0.41999997836065434,
    0.41000014750007485,
    0.42,
    0.42,
    0.42,
    0.42,
    0.42,
    0.42,
    0.42,
    0.42,
    0.42,
    0.41999988505254204,
    0.41000001877273007,
    0.41999998392857,
    0.4199999831999973,
    0.4199999677999971,
    0.4100000287625022,
    0.4199998235998977,
    0.4100000007648148,
    0.42118428151804027,
    0.41000000531000047,
    0.41000059000531003,
    0.4100000104384622,
    0.4100001376670934,
    0.41999994091742143,
    0.4100000295000044,
    0.41000112100347513,
    0.41000001062000035,
    0.4100000295000044,
    0.41000059000531003,
    0.41000000154875,
    0.41000000148469845,
    0.41000059000531003,
    0.41000003245001443,
    0.42,
    0.41000004720009064,
    0.42,
    0.42,
    0.41000015340011353,
    0.41000059000531003,
    0.41999998991999926,
    0.4100000033714288,
    0.42,
    0.41000059000531003,
    0.41000000531000047,
    0.41999997192801525,
    0.41000001722627827,
    0.4,
    0.41,
    0.41,
    0.41,
    0.41999998486486406,
    0.4,
    0.4,
    0.4,
    0.4199999831999973,
    0.4100000098333348,
    0.41999999529599996,
    0.4000000023945548,
    0.41,
    0.41,
    0.41,
    0.41,
    0.41,
    0.41000094400478293,
    0.4100000295000044,
    0.42,
    0.4100000295000044,
    0.4,
    0.42,
    0.4,
    0.41999999395199983,
    0.4,
    0.41999998991999926,
    0.4199999819999982,
    0.4,
    0.42,
    0.41015315277653985,
    0.4,
    0.4099999946699998,
    0.4,
    0.4000000150000015,
    0.4199999669999967,
    0.41,
    0.4,
    0.41,
    0.41999999823069206,
    0.41000059000531003,
    0.41,
    0.41000000216513766,
    0.4100000455909159,
    0.41000094400478293,
    0.4199999858249996,
    0.41000059000531003,
    0.4199999453999798,
    0.41000000655062313,
    0.41,
    0.41,
    0.41000020731276154,
    0.41999998809999933,
    0.41000015340011353,
    0.42,
    0.42,
    0.42,
    0.42000021959951506,
    0.42,
    0.4200022040357054,
    0.42,
    0.4200001304760901,
    0.42000001606153925,
    0.429999767799661,
    0.42000121634641546,
    0.42,
    0.4200028698522026,
    0.42,
    0.4200001740002958,
    0.4299998279998968,
    0.4299999996388,
    0.42999995054998097,
    0.4200022040357054,
    0.42000009860008186,
    0.4200001740002958,
    0.43,
    0.4200003248011173,
    0.4200000099428584,
    0.4200003866676978,
    0.4200001237334719,
    0.4200001740002958,
    0.42,
    0.41,
    0.42,
    0.41000000039120776,
    0.41,
    0.4299999835818173,
    0.4200022040357054,
    0.42000000464000087,
    0.42000000015269334,
    0.42,
    0.429999947264145,
    0.4299999578815435,
    0.42999999062305216,
    0.42999999072776174,
    0.42999998553982094,
    0.4299999616389996,
    0.4299999870999978,
    0.42999993425075445,
    0.4199999611881096,
    0.41000003245001443,
    0.4100000168571454,
    0.4100000186833343,
    0.41000001062000035,
    0.42252231139410285,
    0.4100000098333348,
    0.41000094400478293,
    0.4199998235998977,
    0.41,
    0.41,
    0.4100000059967893,
    0.42,
    0.41000003245001443,
    0.41000094400478293,
    0.4199999797368386,
    0.41000001855346085,
    0.41,
    0.41000000144049065,
    0.41,
    0.41999997754010215,
    0.419999991669421,
    0.41999998576271047,
    0.4199999263157701,
    0.4199997042251438,
    0.4199999644776061,
    0.4199999660769193,
    0.41999998191387206,
    0.41,
    0.4,
    0.4,
    0.4099999423115514,
    0.41,
    0.41,
    0.41,
    0.419999999356,
    0.41,
    0.40000002784223254,
    0.40999997248917336,
    0.4,
    0.4000000208695681,
    0.40999997661914117,
    0.4,
    0.4,
    0.4099999909799993,
    0.41,
    0.4,
    0.4,
    0.4,
    0.4,
    0.40000002400000384,
    0.4,
    0.41,
    0.4,
    0.41,
    0.41,
    0.41,
    0.4,
    0.4099999692833799,
    0.41,
    0.41,
    0.41,
    0.41,
    0.409999928933322,
    0.41,
    0.41,
    0.4,
    0.4,
    0.4,
    0.419999989133246,
    0.4000000199335575,
    0.4165289170712378,
    0.40999998248181735,
    0.41,
    0.40999998248181735,
    0.41,
    0.41,
    0.41,
    0.40999998248181735,
    0.40000000600000024,
    0.40000000600000024,
    0.4,
    0.4099999733923282,
    0.40000003821657026,
    0.4,
    0.4099995817995902,
    0.4,
    0.40999995975459697,
    0.4000000269058344,
    0.40000000600000024,
    0.4099999678431345,
    0.4,
    0.4,
    0.4,
    0.4,
    0.4,
    0.4,
    0.40999998501461826,
    0.4,
    0.41,
    0.4,
    0.4000000150000015,
    0.4099999835999974,
    0.4099999446499798,
    0.41,
    0.41,
    0.4,
    0.41,
    0.41,
    0.41,
    0.41,
    0.41,
    0.41,
    0.41,
    0.41,
    0.41,
    0.41,
    0.41,
    0.41,
    0.4,
    0.41,
    0.41,
    0.4,
    0.4,
    0.4,
    0.4099999926955844,
    0.4,
    0.4099999909799993,
    0.41,
    0.41,
    0.4000000107913677,
    0.40999998828571377,
    0.4,
    0.41,
    0.4,
    0.40999998781316255,
    0.4099998236998995,
    0.4099999962514285,
    0.41,
    0.41,
    0.41,
    0.41,
    0.4199998235998977,
    0.41,
    0.41,
    0.41,
    0.41,
    0.41999999676923067,
    0.4100000295000044,
    0.4,
    0.41999999096026436,
    0.41,
    0.4,
    0.41000015340011353,
    0.41,
    0.4,
    0.41002387244952576,
    0.4,
    0.4000004521490645,
    0.41,
    0.41999798398951677,
    0.41000006826451135,
    0.41009799838290667,
    0.4,
    0.41,
    0.4,
    0.40997772828507795,
    0.4,
    0.4,
    0.4199998235998977,
    0.41,
    0.40000003930561134,
    0.4199998235998977,
    0.41000015340011353,
    0.4199999831999973,
    0.4100256895690873,
    0.4,
    0.41,
    0.40000226418511975,
    0.41999999395199983,
    0.41000015340011353,
    0.41,
    0.41,
    0.4,
    0.41,
    0.41,
    0.4099998236998995,
    0.40000000150000004,
    0.40000002400000384,
    0.40000002400000384,
    0.40000002400000384,
    0.40000002400000384,
    0.4099998236998995,
    0.4,
    0.4,
    0.4000000208695681,
    0.4,
    0.4,
    0.4,
    0.4,
    0.4097701145390641,
    0.41,
    0.4097701145428613,
    0.4098261754954084,
    0.4098261758654226,
    0.4,
    0.4,
    0.41,
    0.4,
    0.41,
    0.4,
    0.41,
    0.41000005476961165,
    0.4100000295000044,
    0.4199999831999973,
    0.41000015340011353,
    0.41000000531000047,
    0.41000015340011353,
    0.41000015340011353,
    0.42,
    0.4100000295000044,
    0.41,
    0.41999999495999996,
    0.41000000317439705,
    0.4100000727667062,
    0.41,
    0.42,
    0.41,
    0.41,
    0.42,
    0.4100000295000044,
    0.41999999529599996,
    0.41000015340011353,
    0.4100000104384622,
    0.41999998991999926,
    0.4100000295000044,
    0.41,
    0.41,
    0.41,
    0.41,
    0.41,
    0.41,
    0.4,
    0.4,
    0.40999990716974477,
    0.40999993944614416,
    0.4000000542986622,
    0.4,
    0.4000000535714477,
    0.4099999269687402,
    0.4099999522489824,
    0.4,
    0.40000002400000384,
    0.4000000034285715,
    0.4099999835999974,
    0.40000004181185833,
    0.4,
    0.4099999321691039,
    0.409999902475704,
    0.40999995820935914,
    0.4000000618556956,
    0.4,
    0.4000000331491786,
    0.40000006593409493,
    0.4000000351906241,
    0.4000000436363763,
    0.4099999487499785,
    0.4099999167896541,
    0.4000000542986622,
    0.4,
    0.41,
    0.40999987913291375,
    0.4,
    0.4099999361475248,
    0.40000007894740996,
    0.4,
    0.4000000628272514,
    0.40000005581397424,
    0.4000000466926215,
    0.40999991768338245,
    0.4,
    0.4099999738105686,
    0.4,
    0.4099998736089665,
    0.40999990415580434,
    0.4,
    0.4,
    0.4,
    0.41,
    0.41,
    0.39000000061000006,
    0.40999999343999965,
    0.39000000122000006,
    0.41,
    0.3900000265699423,
    0.39,
    0.39,
    0.4099999946699998,
    0.39,
    0.4,
    0.39000008068789116,
    0.40000009836072026,
    0.4,
    0.40999996658306437,
    0.40999997911527697,
    0.4099999049274894,
    0.4099999035293777,
    0.4,
    0.39000044947571866,
    0.4,
    0.4099999909799993,
    0.39,
    0.4087405545480526,
    0.3999612460576275,
    0.399960454751767,
    0.39996045475613057,
    0.3900008540022204,
    0.39000079300689916,
    0.39000002135000994,
    0.39000079300689916,
    0.3900001059474058,
    0.39000079300689916,
    0.39000014030010804,
    0.3900000244000039,
    0.39000079300689916,
    0.4,
    0.4,
    0.4,
    0.4,
    0.4099995284981847,
    0.4,
    0.4099999446499798,
    0.4099999688399899,
    0.4,
    0.4,
    0.39000079300689916,
    0.39000079300689916,
    0.39,
    0.39,
    0.39000000122000006,
    0.39,
    0.39000079300689916,
    0.3900000610000346,
    0.40623851576668396,
    0.39000014030010804,
    0.3900000244000039,
    0.39995440729334975,
    0.39995440728993,
    0.39000079300689916,
    0.39,
    0.40999990195650254,
    0.40999990238092915,
    0.4099999028947087,
    0.4099999367916501,
    0.4099998447856622,
    0.39000002517461013,
    0.40999990681811826,
    0.4099999311785584,
    0.39000010675011476,
    0.3900000769131007,
    0.3900000457500292,
    0.3900001830003518,
    0.4,
    0.3900000827858213,
    0.4,
    0.4,
    0.40002407930228895,
    0.40002409396781674,
    0.4000251991936258,
    0.4099999909799993,
    0.4,
    0.3900000018998677,
    0.4099999909799993,
    0.40999990238092915,
    0.40999995899999,
    0.4099998447856622,
    0.409999933769216,
    0.40999990433329186,
    0.4,
    0.4099999943814813,
    0.40999999471098975,
    0.41,
    0.4,
    0.4,
    0.4,
    0.4099999946699998,
    0.4000000150000015,
    0.41,
    0.4,
    0.4099998447856622,
    0.4,
    0.4,
    0.4,
    0.4,
    0.4,
    0.4,
    0.4,
    0.4,
    0.4,
    0.4,
    0.4,
    0.4,
    0.4,
    0.4,
    0.4,
    0.4,
    0.4,
    0.4,
    0.4,
    0.4,
    0.39,
    0.39,
    0.39,
    0.39,
    0.39,
    0.39992668023128386,
    0.39992668011986804,
    0.3999266802428731,
    0.3900000073200003,
    0.39000000534712503,
    0.4099999993780388,
    0.4,
    0.4,
    0.4,
    0.4099999269687402,
    0.409999851374961,
    0.4099999688399899,
    0.4099999703888828,
    0.40999990238092915,
    0.41,
    0.41,
    0.41,
    0.41,
    0.41,
    0.41,
    0.41,
    0.41999999327999976,
    0.41000004720009064,
    0.42,
    0.42,
    0.42,
    0.42,
    0.42,
    0.42,
    0.42,
    0.42,
    0.42,
    0.42,
    0.42,
    0.42,
    0.4200001740002958,
    0.43,
    0.43000022009936073,
    0.43,
    0.43,
    0.43,
    0.43,
    0.4300000527250215,
    0.4575034509958588,
    0.44999999127906926,
    0.456328423867017,
    0.44999998283898224,
    0.43,
    0.43000000501600033,
    0.43000002035714574,
    0.4300001767002986,
    0.43000009405007855,
    0.43000001962295337,
    0.44,
    0.4400002018020927,
    0.4583235,
    0.45975,
    0.45,
    0.45,
    0.45,
    0.45,
    0.4499999935033681,
    0.44999999436247207,
    0.44000000130232564,
    0.44,
    0.4400000336000148,
    0.4400000012138027,
    0.44,
    0.4400001792002294,
    0.44,
    0.44,
    0.44000001114428394,
    0.449999906682004,
    0.4499999736070319,
    0.44999995279719124,
    0.44999995538242804,
    0.449999906682004,
    0.4499999711538406,
    0.45,
    0.4400000314018821,
    0.44,
    0.4400000052705894,
    0.4400000068501549,
    0.4400000598219698,
    0.4300000783851758,
    0.43,
    0.43000000589147436,
    0.43000058050658874,
    0.44,
    0.44999797498886246,
    0.4400001568001129,
    0.44001169923257677,
    0.4400117265575368,
    0.4400242913656911,
    0.43,
    0.430000168888964,
    0.44,
    0.43,
    0.44,
    0.44,
    0.4300000006472255,
    0.43,
    0.44,
    0.43,
    0.44,
    0.44,
    0.44,
    0.44000018666816,
    0.45,
    0.45999995951999545,
    0.45,
    0.45,
    0.45,
    0.4599997607998852,
    0.45,
    0.45,
    0.46,
    0.45,
    0.44,
    0.4499536321005998,
    0.4599999434889365,
    0.4400000144206036,
    0.45999998073298004,
    0.44000004786326424,
    0.45999995411470634,
    0.4599999776698986,
    0.4599998755293722,
    0.4599999712499928,
    0.4599999220846784,
    0.45999997809523263,
    0.4599999626774802,
    0.44000006109092094,
    0.4400000082656856,
    0.45,
    0.44000018382196054,
    0.450000440001408,
    0.4501812279706096,
    0.4599999844904208,
    0.4400000151465071,
    0.459999982559241,
    0.44000000182113835,
    0.45167916339477804,
    0.44999999734461044,
    0.440000008722742,
    0.44,
    0.45,
    0.43020814515311856,
    0.43,
    0.41,
    0.44,
    0.4,
    0.38,
    0.42,
    0.39,
    0.44000021538494677,
    0.44000052266792106,
    0.44000052266792106,
    0.4400005539092143,
    0.4500032139707906,
    0.45000322368845225,
    0.45000320904027324,
    0.4499855198378222,
    0.43986579485685157,
    0.4398657948141259,
    0.43996981132075474,
    0.4398253705316067,
    0.4361296,
    0.43,
    0.43,
    0.43,
    0.43,
    0.43,
    0.43,
    0.43,
    0.43,
    0.43,
    0.43,
    0.43,
    0.43,
    0.37011691778451883,
    0.36,
    0.41976071784646063,
    0.3700191450942531,
    0.37001910538939975,
    0.37000604561988326,
    0.35,
    0.4198347673638585,
    0.4198347671719241,
    0.41,
    0.4,
    0.33,
    0.32007217285911876,
    0.3899406173421114,
    0.3,
    0.33,
    0.32010109053869723,
    0.3798309858496326,
    0.3,
    0.37,
    0.38008311996805255,
    0.38008311360425695,
    0.389890170236134,
    0.3700000100861534,
    0.3801846749050937,
    0.38002864863418034,
    0.3897092418512866,
    0.3897092405117544,
    0.38970924013991026,
    0.3800870082964218,
    0.3800869899346945,
    0.37,
    0.38006899414304873,
    0.38004649070947233,
    0.3800465000711736,
    0.3800465078202154,
    0.37,
    0.3801244495830318,
    0.370001549713303,
    0.38012440796150443,
    0.38998674060276917,
    0.38998674072627365,
    0.3899867398817143,
    0.37,
    0.3900598483614898,
    0.3900599154307042,
    0.39,
    0.37002784215410905,
    0.37002769557617193,
    0.370027702550904,
    0.3899783275757028,
    0.38997832700658575,
    0.3798679678530425,
    0.37020179992182733,
    0.370036137281562,
    0.37003611767068,
    0.37005767500596815,
    0.3700576622063537,
    0.3899826989619377,
    0.339946325151349,
    0.3399463250367942,
    0.33994632482988846,
    0.32,
    0.36010069570368064,
    0.36010068135556095,
    0.3601006780875065,
    0.3698489871086556,
    0.3600198287097338,
    0.3700496901448283,
    0.3800166142641577,
    0.38001659482566214,
    0.3700496748769298,
    0.37986806363989134,
    0.3700380309257787,
    0.37003803334079083,
    0.3797563098346388,
    0.3799837272727273,
    0.37996869553107593,
    0.38000802087106295,
    0.38000805288463807,
    0.3699116416191892,
    0.36991164170049595,
    0.36002531870818444,
    0.3697546891778956,
    0.3697546886902762,
    0.34982916156468935,
    0.32,
    0.3697826082322191,
    0.32,
    0.3200183920588943,
    0.32001840824831845,
    0.32,
    0.32,
    0.32,
    0.35986182606339745,
    0.32,
    0.32,
    0.3201528578193634,
    0.3201528269165883,
    0.32015280612225744,
    0.3599155083028517,
    0.35991550816931833,
    0.31,
    0.3599868938152584,
    0.31,
    0.3599868938224812,
    0.34981824417009605,
    0.3200297789602473,
    0.32011516516141664,
    0.3300131352074702,
    0.3201151713393734,
    0.36989949693589796,
    0.3698994949494949,
    0.320032791725935,
    0.320032795741706,
    0.3300085463868579,
    0.31,
    0.30000116668416693,
    0.28,
    0.25,
    0.24000002026666883,
    0.99,
    0.99
]
