[
    0.001,
    0.001,
    0.001,
    0.001,
    0.002,
    0.001,
    0.001,
    0.001,
    0.001,
    0.001,
    0.001,
    0.001,
    0.001,
    0.002,
    0.001,
    0.001,
    0.001,
    0.003,
    0.003,
    0.001,
    0.002,
    0.002,
    0.002,
    0.003,
    0.002,
    0.002,
    0.002,
    0.001,
    0.001,
    0.002,
    0.001,
    0.002,
    0.006,
    0.003,
    0.006,
    0.002,
    0.013000000001530232,
    0.021,
    0.04,
    0.02,
    0.011,
    0.037791788856304985,
    0.02799999464639995,
    0.01,
    0.01,
    0.007,
    0.019988404262206688,
    0.011,
    0.01,
    0.007,
    0.0070000000058411775,
    0.009000000013213336,
    0.008,
    0.008,
    0.012,
    0.013,
    0.01254917360215684,
    0.012,
    0.012,
    0.012,
    0.013,
    0.012,
    0.019,
    0.013000000394800789,
    0.015,
    0.01500000008660658,
    0.016,
    0.015,
    0.03,
    0.03,
    0.031,
    0.021,
    0.0579989722376567,
    0.04,
    0.049,
    0.02,
    0.016000000649024716,
    0.045,
    0.045,
    0.045,
    0.04499999574749998,
    0.02,
    0.045,
    0.05,
    0.051,
    0.052,
    0.052,
    0.052,
    0.08,
    0.06,
    0.09150741843971631,
    0.081,
    0.101,
    0.10100000101,
    0.101,
    0.1,
    0.09472875335798667,
    0.08600000115732838,
    0.099,
    0.08600000015211151,
    0.1,
    0.08600000219360061,
    0.108,
    0.09,
    0.085,
    0.08627676145150356,
    0.05,
    0.058,
    0.069,
    0.069,
    0.066,
    0.041,
    0.04,
    0.06540740740740741,
    0.039,
    0.02,
    0.05,
    0.09,
    0.07000000930010221,
    0.089,
    0.08,
    0.08,
    0.08,
    0.07,
    0.06964986718575744,
    0.05,
    0.042066037735849056,
    0.033,
    0.03300000068878174,
    0.03300000001934,
    0.03300000041366404,
    0.032000000387200016,
    0.031,
    0.04,
    0.03251948051948052,
    0.032,
    0.03100000010669192,
    0.032000000077440006,
    0.032000001548802476,
    0.042,
    0.049444444444444444,
    0.051,
    0.05,
    0.05100000532442505,
    0.081,
    0.081,
    0.10999998151999942,
    0.085,
    0.08100000008854354,
    0.11,
    0.12,
    0.12999998699999968,
    0.13999988239998118,
    0.111,
    0.15,
    0.1552461739130435,
    0.11000001129251491,
    0.151,
    0.155,
    0.16,
    0.16,
    0.16,
    0.2,
    0.21,
    0.19,
    0.18,
    0.18,
    0.19,
    0.18,
    0.18,
    0.19,
    0.19,
    0.19,
    0.16,
    0.15200000848000203,
    0.16,
    0.16,
    0.121,
    0.13,
    0.15899999490497232,
    0.12999997741414077,
    0.10461538461538461,
    0.09000000038307726,
    0.1,
    0.09875,
    0.08953455024833623,
    0.085,
    0.08481409875074361,
    0.085,
    0.043,
    0.057,
    0.06,
    0.060000037600487305,
    0.058,
    0.056997413347128816,
    0.05,
    0.056989626556016595,
    0.05599202055505019,
    0.055,
    0.05,
    0.033,
    0.033000000204308294,
    0.0559618320610687,
    0.033000000045174255,
    0.033,
    0.032,
    0.032000001548802476,
    0.032,
    0.05,
    0.059999972399998894,
    0.08824112477984986,
    0.05,
    0.06,
    0.05,
    0.04,
    0.04,
    0.05543054203596496,
    0.049,
    0.046,
    0.04792292276861415,
    0.03,
    0.04315441512821177,
    0.02,
    0.029999998574999995,
    0.03,
    0.03,
    0.02,
    0.03,
    0.03,
    0.03,
    0.03,
    0.03,
    0.03,
    0.03,
    0.02,
    0.03,
    0.02,
    0.03,
    0.03,
    0.02,
    0.04,
    0.05999999783999999,
    0.03,
    0.0593723483418115,
    0.05,
    0.030000004850053327,
    0.02,
    0.02,
    0.02,
    0.02,
    0.02,
    0.02,
    0.02,
    0.02,
    0.03,
    0.03,
    0.03,
    0.03,
    0.02,
    0.03,
    0.05,
    0.08633143138425463,
    0.06345406618242659,
    0.04,
    0.04,
    0.0761904761904762,
    0.08,
    0.04,
    0.04,
    0.06,
    0.06,
    0.04,
    0.1186282022476812,
    0.08,
    0.07000000021912257,
    0.08,
    0.07,
    0.06,
    0.06,
    0.05,
    0.05,
    0.04,
    0.04,
    0.04,
    0.04,
    0.05541372028322386,
    0.059999992968152796,
    0.05999999723999999,
    0.04,
    0.04,
    0.04,
    0.05,
    0.04,
    0.030000000033464064,
    0.04,
    0.05,
    0.05,
    0.05,
    0.05999922857032653,
    0.05,
    0.06,
    0.06,
    0.05999998895999983,
    0.05,
    0.06,
    0.07,
    0.06,
    0.03,
    0.07,
    0.05,
    0.04,
    0.05,
    0.02,
    0.04,
    0.04,
    0.1,
    0.08,
    0.08000000122666699,
    0.08,
    0.08,
    0.11,
    0.11,
    0.11,
    0.11,
    0.11,
    0.11,
    0.11,
    0.12,
    0.11,
    0.12,
    0.12,
    0.12,
    0.12,
    0.12,
    0.12,
    0.12,
    0.12,
    0.12,
    0.12,
    0.12999998777380922,
    0.12,
    0.12,
    0.12,
    0.12000001582023155,
    0.11,
    0.11,
    0.1,
    0.1,
    0.09,
    0.09,
    0.1111111111111111,
    0.09,
    0.1,
    0.1,
    0.08,
    0.09,
    0.1,
    0.09000000068250016,
    0.1,
    0.09,
    0.1,
    0.1,
    0.09,
    0.09,
    0.1,
    0.1,
    0.1,
    0.1,
    0.11,
    0.1,
    0.1,
    0.1,
    0.1,
    0.1,
    0.1,
    0.1,
    0.1,
    0.1,
    0.1,
    0.1,
    0.1,
    0.1,
    0.1,
    0.1,
    0.1,
    0.1,
    0.1,
    0.1,
    0.1,
    0.1,
    0.10999998151999942,
    0.1,
    0.1,
    0.1,
    0.1,
    0.09,
    0.09000000064156806,
    0.09,
    0.09000001456004636,
    0.09000000105675728,
    0.09,
    0.09,
    0.09,
    0.09,
    0.09000000002426667,
    0.0900000005888064,
    0.09,
    0.09,
    0.1,
    0.09,
    0.09,
    0.09,
    0.09,
    0.1,
    0.09,
    0.09,
    0.09,
    0.09,
    0.09,
    0.09,
    0.09,
    0.09,
    0.09,
    0.09,
    0.09,
    0.08,
    0.1,
    0.08,
    0.0800000000455996,
    0.1,
    0.09,
    0.09,
    0.09000000086666671,
    0.1,
    0.09000000075833346,
    0.09,
    0.09,
    0.08999998451999956,
    0.08,
    0.08,
    0.06,
    0.09,
    0.08,
    0.05,
    0.07,
    0.1,
    0.11,
    0.11999999519999995,
    0.11,
    0.12,
    0.12,
    0.12,
    0.12,
    0.12,
    0.12,
    0.13,
    0.16074509437895515,
    0.13000000870001732,
    0.13000000696000133,
    0.13000000107353082,
    0.13,
    0.14,
    0.14,
    0.14,
    0.14,
    0.12,
    0.14,
    0.12,
    0.12,
    0.13,
    0.12,
    0.12,
    0.14,
    0.13000000870001732,
    0.13,
    0.14,
    0.14,
    0.14,
    0.14,
    0.14,
    0.14,
    0.14,
    0.14,
    0.14,
    0.14,
    0.14,
    0.14,
    0.14,
    0.14,
    0.12,
    0.12,
    0.12,
    0.12,
    0.12,
    0.12,
    0.12,
    0.12,
    0.14,
    0.12000008186102862,
    0.15,
    0.14,
    0.14,
    0.18,
    0.18,
    0.18,
    0.18,
    0.18,
    0.18,
    0.18,
    0.18,
    0.18,
    0.2,
    0.2,
    0.2,
    0.2,
    0.2,
    0.2,
    0.24,
    0.24,
    0.2,
    0.2,
    0.2,
    0.2,
    0.2,
    0.2,
    0.23,
    0.2599998647999351,
    0.230000035538469,
    0.2225,
    0.22,
    0.2,
    0.21,
    0.21,
    0.209999998425,
    0.2,
    0.2,
    0.2,
    0.2,
    0.2,
    0.2,
    0.21,
    0.2,
    0.2,
    0.21,
    0.22999999309999986,
    0.23,
    0.23,
    0.23,
    0.23,
    0.23,
    0.23,
    0.23,
    0.23,
    0.23,
    0.2399999673599979,
    0.22,
    0.22,
    0.25,
    0.25,
    0.2727149633653941,
    0.23300970731265905,
    0.23300970731265905,
    0.21,
    0.21,
    0.21,
    0.21,
    0.21,
    0.20999999669770328,
    0.17,
    0.24,
    0.22,
    0.24,
    0.24,
    0.25,
    0.27,
    0.299999819999928,
    0.27,
    0.27,
    0.27000000109729894,
    0.3,
    0.3,
    0.3,
    0.30000003888889754,
    0.2999999982,
    0.3,
    0.3,
    0.3,
    0.3,
    0.3,
    0.3,
    0.3,
    0.3,
    0.3,
    0.3,
    0.3,
    0.3,
    0.309999998016,
    0.3,
    0.31,
    0.31,
    0.31,
    0.31,
    0.31,
    0.3799999950599998,
    0.3699998695512444,
    0.3840791934203532,
    0.33,
    0.33,
    0.33,
    0.37,
    0.37,
    0.37,
    0.37,
    0.37,
    0.3700000356835987,
    0.37,
    0.37,
    0.37,
    0.36999996743999636,
    0.34,
    0.3599999955918367,
    0.3660071843553483,
    0.3,
    0.3299999034146153,
    0.3399996114279053,
    0.3599999039999616,
    0.34,
    0.34,
    0.34,
    0.34,
    0.34,
    0.3400000245963029,
    0.3400000046200002,
    0.34,
    0.34,
    0.35,
    0.35,
    0.35,
    0.35,
    0.35,
    0.35,
    0.35,
    0.35,
    0.35,
    0.36,
    0.36,
    0.35,
    0.35,
    0.35,
    0.33,
    0.31,
    0.26000000013564767,
    0.35,
    0.3,
    0.33,
    0.35,
    0.35,
    0.3740157377976004,
    0.36,
    0.35,
    0.35,
    0.39,
    0.4,
    0.39,
    0.41,
    0.4,
    0.43999997066665886,
    0.41,
    0.3900000073200003,
    0.42,
    0.42,
    0.42,
    0.3900000073790337,
    0.37,
    0.37,
    0.36,
    0.35,
    0.4260685424439267,
    0.35,
    0.35,
    0.35,
    0.38,
    0.3800000072656263,
    0.38,
    0.39,
    0.39,
    0.4,
    0.4,
    0.4,
    0.43999996479999576,
    0.44,
    0.43,
    0.4,
    0.40000002264151285,
    0.42065007605774785,
    0.43249770862455167,
    0.3800000051752923,
    0.3800000012104942,
    0.4,
    0.4,
    0.41,
    0.41000000531000047,
    0.42,
    0.42,
    0.43,
    0.45,
    0.45,
    0.45,
    0.45,
    0.45,
    0.45,
    0.44,
    0.43,
    0.4815429023234137,
    0.48,
    0.46,
    0.46,
    0.47,
    0.47,
    0.48,
    0.47,
    0.5,
    0.5,
    0.5,
    0.5,
    0.5,
    0.5,
    0.5199999937599997,
    0.5199999918431366,
    0.46,
    0.46,
    0.46,
    0.46,
    0.46,
    0.46,
    0.46,
    0.46,
    0.46,
    0.46,
    0.46,
    0.46,
    0.46,
    0.46,
    0.46,
    0.46,
    0.45000004400000526,
    0.4599997607998852,
    0.46,
    0.46,
    0.4599999813416515,
    0.45,
    0.45,
    0.45,
    0.5,
    0.51,
    0.51,
    0.51,
    0.5054,
    0.51,
    0.5,
    0.5,
    0.5,
    0.5,
    0.5,
    0.5,
    0.5,
    0.5099999795999968,
    0.5,
    0.5,
    0.5,
    0.5,
    0.5,
    0.53,
    0.53,
    0.54,
    0.5499999724999877,
    0.54,
    0.54,
    0.5118705666693233,
    0.46000001023157927,
    0.430000000397878,
    0.47,
    0.43,
    0.41000000545148074,
    0.44,
    0.43,
    0.47,
    0.49,
    0.49,
    0.49,
    0.49,
    0.49,
    0.49,
    0.49,
    0.49,
    0.49,
    0.48,
    0.48,
    0.48,
    0.48,
    0.44,
    0.44,
    0.44,
    0.48757069653277746,
    0.44,
    0.45,
    0.45,
    0.46,
    0.46,
    0.4300000003642416,
    0.46,
    0.48,
    0.49,
    0.48,
    0.48,
    0.48,
    0.5,
    0.5199999833599972,
    0.5,
    0.52,
    0.5,
    0.5199999833599972,
    0.46,
    0.46,
    0.45,
    0.46,
    0.49,
    0.49,
    0.5,
    0.5,
    0.5,
    0.5,
    0.5,
    0.5,
    0.5,
    0.5,
    0.5,
    0.5,
    0.5,
    0.5,
    0.5,
    0.5,
    0.5,
    0.5,
    0.5,
    0.5,
    0.5,
    0.5,
    0.5,
    0.5,
    0.5,
    0.5,
    0.5,
    0.5,
    0.5,
    0.5,
    0.5,
    0.5,
    0.5,
    0.5,
    0.51,
    0.5,
    0.51,
    0.51,
    0.51,
    0.53,
    0.52999999841,
    0.54,
    0.54,
    0.54,
    0.55,
    0.55,
    0.5499999559999947,
    0.55,
    0.5699999925899997,
    0.57,
    0.5699999939199997,
    0.5600000105600008,
    0.56,
    0.5602276712370177,
    0.5602276708735483,
    0.6099999786499901,
    0.572049929176013,
    0.56,
    0.55,
    0.55,
    0.55,
    0.5599999995608704,
    0.55,
    0.559999998988387,
    0.5500681267434425,
    0.5599998895774088,
    0.5500681265791426,
    0.5500681267036677,
    0.55999999888,
    0.55999999888,
    0.55999999888,
    0.5599999663999852,
    0.56,
    0.5579079465811221,
    0.55,
    0.5400002392001149,
    0.5500000007180851,
    0.5599999990850741,
    0.55,
    0.55,
    0.55,
    0.56,
    0.56,
    0.56,
    0.57,
    0.56,
    0.5600000063354935,
    0.5699999917919998,
    0.5699999965799997,
    0.5699992209958713,
    0.57,
    0.5699999899115037,
    0.5600630631104078,
    0.57,
    0.5706303454469627,
    0.56,
    0.5500002025001114,
    0.5599995927260879,
    0.5599999628435955,
    0.55,
    0.5599999971999999,
    0.5599999998900164,
    0.54,
    0.54,
    0.54,
    0.56,
    0.55,
    0.55,
    0.55,
    0.561894667332774,
    0.55,
    0.55,
    0.55,
    0.55,
    0.5599999948623852,
    0.56,
    0.56,
    0.56,
    0.56,
    0.56,
    0.56,
    0.56,
    0.56,
    0.56,
    0.56,
    0.56,
    0.56,
    0.56,
    0.56,
    0.56,
    0.5699995752927686,
    0.57,
    0.57,
    0.5699999999165272,
    0.5699999299658312,
    0.57,
    0.5699999966939999,
    0.57,
    0.57,
    0.57,
    0.57,
    0.57999999884,
    0.5799999920547944,
    0.579999997912,
    0.5700001720001032,
    0.5799999860799989,
    0.5799999860799989,
    0.5799999860799989,
    0.57,
    0.5799999860799989,
    0.57,
    0.5799999860799989,
    0.57999999913,
    0.57,
    0.56,
    0.56,
    0.56,
    0.57,
    0.5700730183345561,
    0.5799999982599999,
    0.57,
    0.57,
    0.57,
    0.56,
    0.57,
    0.5600000018145416,
    0.5700000129000022,
    0.57999999884,
    0.5799999235164095,
    0.57,
    0.59,
    0.5700000830198271,
    0.5899999746717118,
    0.58,
    0.58,
    0.58,
    0.58,
    0.59,
    0.5899999974433333,
    0.5999999759999961,
    0.6,
    0.6,
    0.599999939999976,
    0.6,
    0.6,
    0.599999939999976,
    0.5999999759999961,
    0.6,
    0.59,
    0.59,
    0.59,
    0.59,
    0.59,
    0.59,
    0.59,
    0.59,
    0.59,
    0.59,
    0.59,
    0.6,
    0.6099999755999961,
    0.609999999634,
    0.5900000277966178,
    0.59,
    0.60999999878,
    0.6,
    0.6,
    0.6,
    0.6,
    0.6,
    0.6,
    0.6,
    0.6,
    0.6,
    0.6099999993899999,
    0.61,
    0.61,
    0.61,
    0.62,
    0.6199999993799999,
    0.62,
    0.6199999834666644,
    0.6199999914153834,
    0.6199999751999983,
    0.61,
    0.61,
    0.61,
    0.61,
    0.61,
    0.61,
    0.61000000325,
    0.61,
    0.61,
    0.61,
    0.61,
    0.61,
    0.62,
    0.62,
    0.62,
    0.62,
    0.62,
    0.62,
    0.62,
    0.62,
    0.62,
    0.62,
    0.62,
    0.62,
    0.62,
    0.62,
    0.62,
    0.62,
    0.63004,
    0.6300400001822332,
    0.6499999986999999,
    0.6499999674999887,
    0.6200000883898285,
    0.62,
    0.62,
    0.6499999934999994,
    0.6499999024999659,
    0.6499999934999994,
    0.6462135921741917,
    0.6472697184805104,
    0.6399087406562414,
    0.6499999999614919,
    0.6499988181624791,
    0.640103093269408,
    0.6401030928063306,
    0.64,
    0.6400000129600009,
    0.64,
    0.639943438233017,
    0.6399434458981806,
    0.6399434184024994,
    0.64,
    0.64,
    0.64,
    0.64,
    0.65,
    0.6440259264309842,
    0.6300000229400009,
    0.64,
    0.64,
    0.64,
    0.63,
    0.63,
    0.65,
    0.65,
    0.6299287936265248,
    0.6299289039431232,
    0.6299289153123515,
    0.6299289323136156,
    0.65,
    0.6499617669319285,
    0.61,
    0.61,
    0.62,
    0.6100000000854454,
    0.62,
    0.61,
    0.61,
    0.62,
    0.62,
    0.61,
    0.62,
    0.61,
    0.62,
    0.61,
    0.62,
    0.61,
    0.61,
    0.62,
    0.62,
    0.61,
    0.61,
    0.62,
    0.61,
    0.62,
    0.6425914710188758,
    0.6299999880299978,
    0.6299999880299978,
    0.629999998236,
    0.6299999880299978,
    0.629999910749864,
    0.63,
    0.63,
    0.6200000012831169,
    0.6200000988000731,
    0.629999981099993,
    0.6399743958992481,
    0.6302130328786607,
    0.630213034493639,
    0.6302130326238004,
    0.64,
    0.64,
    0.62,
    0.62,
    0.6299916652019346,
    0.6299918340507638,
    0.6299918272003454,
    0.620000003648,
    0.64,
    0.64,
    0.64,
    0.64,
    0.63,
    0.63,
    0.63,
    0.63,
    0.64,
    0.64,
    0.64,
    0.64,
    0.64,
    0.64,
    0.64,
    0.63,
    0.6300240678235605,
    0.6300240677027126,
    0.64,
    0.6388946992818184,
    0.6299999453999683,
    0.6200000476628521,
    0.62,
    0.62,
    0.6200000532000192,
    0.6200000988000731,
    0.63,
    0.6299994644977777,
    0.63,
    0.6200000049400002,
    0.62,
    0.6299999955529407,
    0.6200000129647062,
    0.63,
    0.63,
    0.64,
    0.63,
    0.63,
    0.64,
    0.64,
    0.6499998631578515,
    0.64,
    0.64,
    0.65,
    0.64,
    0.64,
    0.64,
    0.64,
    0.64,
    0.64,
    0.63,
    0.64,
    0.6300000229400009,
    0.63,
    0.63,
    0.629999982149999,
    0.62,
    0.6200000532000192,
    0.629999998236,
    0.6299982989875826,
    0.6200000167200009,
    0.63,
    0.63,
    0.6299999554677601,
    0.6299999834693834,
    0.63,
    0.6200000457306666,
    0.6200000406812708,
    0.6299999708333212,
    0.6299999739053188,
    0.6200000700971084,
    0.6200000988000731,
    0.6200000290214844,
    0.6299999503818418,
    0.6200000819917175,
    0.62,
    0.6299999891911741,
    0.6299999653397853,
    0.6299999326414955,
    0.62,
    0.6299999914949993,
    0.6299998461067904,
    0.6200000286792509,
    0.6299999582608551,
    0.6299996975989356,
    0.63,
    0.6200000167200009,
    0.6299999980615385,
    0.6200000660869738,
    0.6299999561597855,
    0.629999998236,
    0.62,
    0.6299999563087181,
    0.6200000238031358,
    0.6299999701721636,
    0.6200000304717028,
    0.62,
    0.6299999914949993,
    0.63,
    0.63,
    0.63,
    0.6299994031553189,
    0.6200000228000024,
    0.6299999880299978,
    0.6200000715942413,
    0.6299998858695032,
    0.6299999739053188,
    0.63,
    0.6200000237500021,
    0.620000037238312,
    0.62,
    0.63,
    0.629999984516127,
    0.6299999820342176,
    0.6200000988000731,
    0.6299999880299978,
    0.62,
    0.6200000461682402,
    0.62,
    0.6200000988000731,
    0.6299999655109382,
    0.629999981099993,
    0.6299999673198817,
    0.6299996975989356,
    0.6200007600035466,
    0.63,
    0.63,
    0.63,
    0.6200000532000192,
    0.6299999615492801,
    0.6299999880299978,
    0.6200773199450847,
    0.6299999952749997,
    0.6200773203631234,
    0.63,
    0.6299999986,
    0.62,
    0.62,
    0.62,
    0.62,
    0.62,
    0.6299999453999683,
    0.62,
    0.62,
    0.62,
    0.62,
    0.62,
    0.6299986874917968,
    0.63,
    0.63,
    0.6299994644977777,
    0.629999963035707,
    0.6299999880299978,
    0.6299994644977777,
    0.63,
    0.6299999993331451,
    0.629999981099993,
    0.629999981099993,
    0.6299999672399755,
    0.6299999914949993,
    0.629999981099993,
    0.6299996975989356,
    0.6299999880299978,
    0.62,
    0.62,
    0.63,
    0.6299999914949993,
    0.63,
    0.62,
    0.62,
    0.62,
    0.6299999880299978,
    0.63,
    0.62,
    0.63,
    0.6299994346129926,
    0.63,
    0.63,
    0.63,
    0.63,
    0.63,
    0.62,
    0.62,
    0.62,
    0.6299998339534034,
    0.6299996975989356,
    0.629999981099993,
    0.63,
    0.6299999985879715,
    0.62,
    0.62,
    0.61,
    0.6299999225408661,
    0.63,
    0.6299999763749949,
    0.62,
    0.62,
    0.62,
    0.62,
    0.61,
    0.6200000403352025,
    0.63,
    0.629999996925525,
    0.6200000258400035,
    0.6299999453999683,
    0.6299999180999697,
    0.63,
    0.6299998453633932,
    0.62,
    0.62,
    0.6100000210329075,
    0.62,
    0.6299999982348821,
    0.63,
    0.629999981099993,
    0.6299999914949993,
    0.61,
    0.6100000432077859,
    0.62,
    0.62,
    0.62,
    0.62,
    0.6199997438054763,
    0.6199079134347742,
    0.62,
    0.62,
    0.6299747858841269,
    0.6201035197779383,
    0.63,
    0.6201035202458562,
    0.62015838190875,
    0.620158381086297,
    0.6201583813873791,
    0.6198976212219001,
    0.6201784616774979,
    0.6201784615472926,
    0.6201784628017398,
    0.6200060587814611,
    0.6200060588116326,
    0.620661115818366,
    0.6199,
    0.6199327842528363,
    0.6199322312620419,
    0.6099285659021331,
    0.6199327925846215,
    0.6099502635556415,
    0.59,
    0.6734755093267996,
    0.5999398694795766,
    0.5999219890704356,
    0.5900000164000027,
    0.6,
    0.6,
    0.6,
    0.6,
    0.6,
    0.6,
    0.59,
    0.59,
    0.5899999704999955,
    0.5800000100800008,
    0.5899994468720615,
    0.5899996853329768,
    0.5800000728000116,
    0.59,
    0.59,
    0.59,
    0.59,
    0.59,
    0.59,
    0.59,
    0.59,
    0.59,
    0.59,
    0.59,
    0.59,
    0.59,
    0.59,
    0.59,
    0.59,
    0.59,
    0.5899999704999955,
    0.58,
    0.5801821477138104,
    0.5801821435225925,
    0.5801821431399738,
    0.5800459937061244,
    0.58,
    0.59,
    0.58,
    0.58,
    0.579929522070244,
    0.5799295112084065,
    0.5799295020976605,
    0.589996693006871,
    0.5899966387903659,
    0.580002503129806,
    0.5899966397494657,
    0.580002503140414,
    0.5800025031302694,
    0.5800100749627952,
    0.5800100738764884,
    0.57,
    0.5902502234137623,
    0.5900594451783355,
    0.5898573951294429,
    0.5899323189353607,
    0.5899324120561815,
    0.5899324021609467,
    0.5999970000149999,
    0.5899118108355136,
    0.589911803537743,
    0.5801792528666037,
    0.589911820580475,
    0.5801792532177471,
    0.5797884736245157,
    0.5797884880940353,
    0.5901298297694256,
    0.5901298300336664,
    0.5901298297302998,
    0.58,
    0.5898338174999636,
    0.5898338275890375,
    0.6222406287915844,
    0.5701375317574404,
    0.5701375322812255,
    0.5701375345125222,
    0.5799998711110442,
    0.58,
    0.5799069879497245,
    0.58,
    0.5899999051784174,
    0.58,
    0.58,
    0.58,
    0.59,
    0.59,
    0.59,
    0.59,
    0.59,
    0.59,
    0.5900004715018152,
    0.59,
    0.59,
    0.59,
    0.6198697642615613,
    0.6198697569075072,
    0.6,
    0.63,
    0.62,
    0.6174115823587432,
    0.6100815668704376,
    0.6100815666364358,
    0.6100855033035367,
    0.6099253684294115,
    0.6199999627999948,
    0.610155587264958,
    0.6099502422445743,
    0.6099999926799997,
    0.6,
    0.6,
    0.6,
    0.61,
    0.61,
    0.61,
    0.6099282482441613,
    0.6099282090179976,
    0.6199799986420436,
    0.6101244298883021,
    0.6101244341850435,
    0.6101244308847971,
    0.61,
    0.61,
    0.6100000328481735,
    0.6100000328779137,
    0.6100000111800005,
    0.6199999627999948,
    0.6199992766614827,
    0.6100000403448408,
    0.6199992766614827,
    0.6101832669322709,
    0.6101563071395014,
    0.6100133958472873,
    0.6099885600333241,
    0.6099999755999961,
    0.62,
    0.62,
    0.62,
    0.61,
    0.6099999993899999,
    0.6099992069931008,
    0.609999859699892,
    0.6099999786499901,
    0.609999991459999,
    0.6100141203700145,
    0.6100141212171555,
    0.6100141225134472,
    0.6100943396226415,
    0.6199999914153834,
    0.619999999132,
    0.6199999944199999,
    0.6099217316256879,
    0.6099217315647387,
    0.6099217309247366,
    0.6171334077719687,
    0.60999947511551,
    0.615018158447445,
    0.6099992069931008,
    0.6099992069931008,
    0.6099992069931008,
    0.6099999755999961,
    0.6,
    0.5999445684811443,
    0.6,
    0.6099999786499901,
    0.6000657894736842,
    0.6000657894770173,
    0.59,
    0.5999563943416306,
    0.5999564079991009,
    0.5999563963571138,
    0.609999859699892,
    0.61,
    0.6,
    0.6,
    0.6,
    0.5999999972727272,
    0.599999939999976,
    0.6,
    0.59,
    0.59,
    0.5899998465998865,
    0.58,
    0.58,
    0.58,
    0.58,
    0.58,
    0.58,
    0.5899998465998865,
    0.58,
    0.58,
    0.5701292484784367,
    0.5701292504764846,
    0.5701292491961193,
    0.5899999946899995,
    0.5799842997088933,
    0.5799843256236875,
    0.57,
    0.57,
    0.57,
    0.57,
    0.58,
    0.58,
    0.58,
    0.58,
    0.58,
    0.58,
    0.58,
    0.5742574047054197,
    0.57,
    0.5696666666666667,
    0.6799998911999086
]
