[
    0.999,
    0.999,
    0.999,
    0.99,
    0.999,
    0.99,
    0.99,
    0.961,
    0.999,
    0.999,
    0.999,
    0.999,
    0.999,
    0.999,
    0.999,
    0.999,
    0.999,
    0.999,
    0.999,
    0.999,
    0.999,
    0.999,
    0.999,
    0.999,
    0.999,
    0.999,
    0.999,
    0.999,
    0.999,
    0.999,
    0.999,
    0.999,
    0.999,
    0.999,
    0.999,
    0.999,
    0.999,
    0.999,
    0.999,
    0.999,
    0.999,
    0.999,
    0.999,
    0.999,
    0.999,
    0.999,
    0.999,
    0.999,
    0.999,
    0.998,
    0.99,
    0.981,
    0.98,
    0.9699999440384468,
    0.96,
    0.98,
    0.97,
    0.9700000142500004,
    0.98,
    0.97,
    0.95,
    0.968383238106801,
    0.96,
    0.96,
    0.95,
    0.96,
    0.96,
    0.95,
    0.9300000060900001,
    0.93,
    0.9199999998464042,
    0.9100001548000434,
    0.92,
    0.9299999990514,
    0.93,
    0.94,
    0.9399999991958937,
    0.93,
    0.89,
    0.9195404136980166,
    0.89,
    0.9,
    0.9,
    0.89,
    0.8900000086900002,
    0.89,
    0.8900000184800005,
    0.9184103984658001,
    0.89,
    0.9,
    0.9,
    0.9,
    0.9,
    0.92,
    0.91,
    0.91,
    0.91,
    0.91,
    0.91,
    0.86,
    0.86,
    0.87,
    0.8999999485714169,
    0.85,
    0.8500001500000375,
    0.84,
    0.85,
    0.84,
    0.84,
    0.84,
    0.83,
    0.8200001288421487,
    0.83,
    0.83,
    0.8256521739130435,
    0.82,
    0.8,
    0.7800001302400271,
    0.8,
    0.77,
    0.75,
    0.77,
    0.77,
    0.76,
    0.7,
    0.7333486253892777,
    0.7,
    0.7,
    0.7,
    0.7299999974449999,
    0.69,
    0.68,
    0.75,
    0.75,
    0.75,
    0.75,
    0.7461715696358774,
    0.75,
    0.75,
    0.7899999826199865,
    0.7420877318848007,
    0.74,
    0.7600000242590017,
    0.8,
    0.7972471645468711,
    0.76,
    0.7600001305600335,
    0.75,
    0.7427213309566251,
    0.75,
    0.75,
    0.75,
    0.7599999969599999,
    0.7599999087998286,
    0.7699999975799998,
    0.73,
    0.73,
    0.729999999416,
    0.7,
    0.7,
    0.68,
    0.7157004239053196,
    0.7099999994632394,
    0.7,
    0.68,
    0.68,
    0.69,
    0.68,
    0.68,
    0.68,
    0.7,
    0.65,
    0.61,
    0.5800000028,
    0.6069756082807846,
    0.619999986359999,
    0.57,
    0.5800001764001023,
    0.51,
    0.5543579483448526,
    0.51,
    0.51,
    0.5245409186205129,
    0.53,
    0.53,
    0.53,
    0.53,
    0.5699999965799997,
    0.5300000070500003,
    0.5300000067680002,
    0.53,
    0.53,
    0.54,
    0.480414201183432,
    0.43,
    0.4,
    0.42,
    0.4,
    0.4299998279998968,
    0.340000000495,
    0.34000004950000867,
    0.44,
    0.46,
    0.45,
    0.61,
    0.562278942694245,
    0.6021123268735872,
    0.6,
    0.5953999587671374,
    0.45,
    0.5,
    0.55,
    0.51,
    0.6,
    0.6,
    0.6099999755999961,
    0.61,
    0.61,
    0.61,
    0.64,
    0.6237816764132553,
    0.64,
    0.62,
    0.62,
    0.5900000090200007,
    0.5805405405405405,
    0.58000000105,
    0.61,
    0.62,
    0.62,
    0.6200000057644712,
    0.6200000058266668,
    0.62,
    0.62,
    0.62,
    0.62,
    0.6200000167200009,
    0.61,
    0.61,
    0.631279931634664,
    0.6699999931964677,
    0.7230992409165008,
    0.7,
    0.69,
    0.73,
    0.65,
    0.6900000164300008,
    0.65,
    0.65,
    0.65,
    0.6,
    0.5700000011813187,
    0.65,
    0.65,
    0.64,
    0.64,
    0.6,
    0.6,
    0.6,
    0.59516,
    0.6380409835809763,
    0.62,
    0.57,
    0.5800000168000027,
    0.57,
    0.64,
    0.53,
    0.48,
    0.45943396226415095,
    0.42,
    0.4,
    0.4,
    0.33,
    0.3655040579710145,
    0.33,
    0.3,
    0.29,
    0.29,
    0.299999819999928,
    0.3,
    0.3,
    0.29,
    0.29,
    0.27,
    0.29,
    0.29,
    0.27,
    0.2700000025550001,
    0.29,
    0.29,
    0.3,
    0.29,
    0.29,
    0.25,
    0.25,
    0.28043550724637684,
    0.25,
    0.22,
    0.21,
    0.2,
    0.17999998703999964,
    0.17,
    0.17,
    0.13000000002862616,
    0.16004840579710145,
    0.14999988749997187,
    0.16,
    0.16,
    0.11,
    0.11,
    0.11,
    0.13,
    0.13,
    0.12,
    0.15,
    0.15,
    0.15,
    0.16,
    0.18,
    0.18000000771765426,
    0.15,
    0.15,
    0.15,
    0.17,
    0.17,
    0.17,
    0.17,
    0.17,
    0.2,
    0.2,
    0.2,
    0.2,
    0.2,
    0.2,
    0.2,
    0.2,
    0.2,
    0.2,
    0.2,
    0.2,
    0.2,
    0.2,
    0.2,
    0.2,
    0.2,
    0.2,
    0.2,
    0.2,
    0.2,
    0.19206874356333675,
    0.16,
    0.176428,
    0.16,
    0.16,
    0.17,
    0.16,
    0.1600000237176743,
    0.1600000237176743,
    0.15,
    0.15,
    0.15,
    0.15,
    0.15,
    0.16746503822401743,
    0.16,
    0.16,
    0.15,
    0.14000001977013266,
    0.15,
    0.15161900670598233,
    0.13,
    0.14,
    0.14,
    0.14000001977013266,
    0.13000000266871412,
    0.14,
    0.13,
    0.13,
    0.13,
    0.13,
    0.15,
    0.14,
    0.13999988239998118,
    0.14,
    0.14,
    0.14,
    0.14,
    0.14,
    0.14,
    0.14,
    0.14,
    0.13,
    0.1299999789399992,
    0.14356803092803042,
    0.13999997871999897,
    0.13999988239998118,
    0.13,
    0.11,
    0.12,
    0.14,
    0.13,
    0.13,
    0.13,
    0.13,
    0.13,
    0.13,
    0.13,
    0.13,
    0.13,
    0.13,
    0.13,
    0.13,
    0.149999939999994,
    0.149999939999994,
    0.13,
    0.15,
    0.13,
    0.13,
    0.13,
    0.13,
    0.13,
    0.13,
    0.13,
    0.13,
    0.13,
    0.13,
    0.13,
    0.13,
    0.13,
    0.139999997648,
    0.13,
    0.13,
    0.16,
    0.13,
    0.14,
    0.13,
    0.14,
    0.13,
    0.15,
    0.149999939999994,
    0.13,
    0.13000000121800007,
    0.13000000000913592,
    0.130000000232,
    0.14999997599999904,
    0.149999939999994,
    0.15,
    0.15,
    0.15,
    0.15,
    0.14,
    0.15,
    0.13,
    0.16,
    0.14,
    0.13000000001372625,
    0.16,
    0.13,
    0.11,
    0.11999989919998387,
    0.11,
    0.1699999758599986,
    0.20999998843289347,
    0.20083776671032144,
    0.187719,
    0.2,
    0.19698531368706299,
    0.19,
    0.18,
    0.18,
    0.17,
    0.13,
    0.1591499139612929,
    0.11,
    0.11,
    0.12,
    0.13,
    0.12000003520017459,
    0.12000000023311258,
    0.1,
    0.14999998874999973,
    0.13546636085626912,
    0.12,
    0.1199999519999952,
    0.12999999568399997,
    0.11,
    0.1,
    0.1,
    0.1,
    0.1,
    0.08999998042499936,
    0.07000001116000433,
    0.09,
    0.09,
    0.09,
    0.09,
    0.08999999227579548,
    0.0899999951785714,
    0.09,
    0.06,
    0.07,
    0.07000001116000433,
    0.07000001116000433,
    0.08,
    0.08,
    0.1,
    0.1,
    0.1,
    0.1,
    0.1,
    0.1,
    0.1,
    0.1,
    0.1,
    0.1,
    0.11,
    0.1299999789399992,
    0.1,
    0.1,
    0.1,
    0.1499999908396945,
    0.13067445322919777,
    0.1,
    0.12,
    0.11,
    0.11,
    0.11,
    0.11,
    0.11,
    0.11,
    0.11,
    0.11,
    0.11,
    0.1,
    0.1,
    0.1,
    0.1,
    0.1,
    0.1,
    0.1,
    0.1,
    0.1,
    0.1,
    0.1,
    0.1,
    0.1,
    0.09,
    0.1,
    0.1,
    0.1,
    0.08,
    0.0800000248649986,
    0.1,
    0.1,
    0.1,
    0.1,
    0.1,
    0.09,
    0.09,
    0.09,
    0.09,
    0.09,
    0.09,
    0.08999999066249981,
    0.08967418353866832,
    0.08999999735999999,
    0.09,
    0.08999999697599997,
    0.08999998380368059,
    0.09,
    0.08999999189999992,
    0.08999999410883273,
    0.08,
    0.08999998451999956,
    0.08,
    0.08999966347805603,
    0.08999999845199999,
    0.09,
    0.09,
    0.08999999920744521,
    0.08,
    0.0800000000696785,
    0.07,
    0.08481710406001976,
    0.089999999736,
    0.08999997359999895,
    0.0899999189999919,
    0.08863413996672248,
    0.08999999919,
    0.06,
    0.08,
    0.060000037600487305,
    0.08,
    0.01,
    0.02,
    0.01,
    0.03,
    0.06,
    0.01,
    0.04,
    0.05,
    0.01,
    0.01,
    0.06,
    0.05,
    0.03,
    0.04,
    0.02,
    0.01,
    0.05,
    0.05,
    0.04,
    0.04,
    0.03,
    0.07,
    0.06,
    0.06,
    0.07,
    0.03,
    0.06,
    0.06,
    0.07,
    0.06,
    0.02,
    0.08,
    0.08,
    0.09,
    0.09,
    0.09,
    0.05,
    0.07,
    0.04,
    0.01,
    0.08,
    0.05,
    0.09,
    0.06,
    0.08,
    0.08,
    0.02,
    0.07,
    0.09,
    0.06,
    0.03,
    0.08,
    0.08,
    0.08,
    0.06,
    0.08,
    0.09,
    0.07,
    0.07,
    0.09,
    0.07,
    0.09,
    0.08,
    0.09,
    0.08,
    0.08,
    0.08,
    0.01,
    0.04,
    0.05,
    0.02,
    0.09,
    0.07,
    0.09,
    0.05,
    0.07,
    0.02,
    0.09000000011904317,
    0.09000004026559184,
    0.09,
    0.1,
    0.1,
    0.1,
    0.1,
    0.1,
    0.1,
    0.1,
    0.1,
    0.1,
    0.1,
    0.1,
    0.1,
    0.1,
    0.1,
    0.1,
    0.1,
    0.1,
    0.1,
    0.1,
    0.1,
    0.1,
    0.1,
    0.1,
    0.1,
    0.1,
    0.1,
    0.1,
    0.1,
    0.1,
    0.1,
    0.1,
    0.0900000001442605,
    0.09,
    0.1,
    0.1,
    0.1,
    0.1,
    0.11992945326278659,
    0.1,
    0.1,
    0.1,
    0.1,
    0.1,
    0.10999999945647058,
    0.1,
    0.1,
    0.1,
    0.10999999945647058,
    0.1,
    0.1,
    0.12,
    0.1,
    0.1,
    0.11999999807999999,
    0.1,
    0.11999998079999923,
    0.1,
    0.1,
    0.1,
    0.1,
    0.1,
    0.11,
    0.1,
    0.1,
    0.11,
    0.1,
    0.11,
    0.11,
    0.11,
    0.11000000020524647,
    0.11000001159609861,
    0.12,
    0.11000000046866779,
    0.11000004450002003,
    0.11000000004409069,
    0.1100000167529724,
    0.11000000389781134,
    0.11000000071948265,
    0.11,
    0.12,
    0.12,
    0.11000000149364679,
    0.11,
    0.1100000890004361,
    0.11000005235355402,
    0.11999985230764687,
    0.11999999807999999,
    0.11000000206763078,
    0.11000000006440408,
    0.11,
    0.11,
    0.11,
    0.11,
    0.11000000147742371,
    0.1100000017519687,
    0.11,
    0.11,
    0.11,
    0.11000000030385801,
    0.11999998079999923,
    0.11,
    0.11000000536953401,
    0.11000000071925013,
    0.1100000890004361,
    0.11000000062609923,
    0.11,
    0.11999998991999984,
    0.11999519995199952,
    0.11000000100825381,
    0.12,
    0.11000000044500002,
    0.11000000060823517,
    0.11,
    0.1100000890004361,
    0.11000000121474078,
    0.11,
    0.11,
    0.1100000004149958,
    0.1,
    0.1,
    0.1,
    0.1,
    0.1,
    0.1,
    0.1,
    0.1,
    0.1,
    0.1,
    0.1,
    0.1,
    0.1,
    0.1,
    0.1,
    0.1,
    0.1,
    0.1,
    0.1,
    0.10999996247058633,
    0.1,
    0.1,
    0.1,
    0.1,
    0.1,
    0.1,
    0.1,
    0.1,
    0.1,
    0.1,
    0.1,
    0.1,
    0.1,
    0.1,
    0.1,
    0.1,
    0.11,
    0.1,
    0.1,
    0.1,
    0.1,
    0.10999983396220149,
    0.1,
    0.1,
    0.1,
    0.1,
    0.10999937666604333,
    0.1,
    0.1,
    0.10999999376666661,
    0.1,
    0.1,
    0.1,
    0.10999937666604333,
    0.1,
    0.10999999376666661,
    0.1,
    0.1,
    0.1,
    0.1,
    0.1,
    0.1099996215997881,
    0.10999953105216263,
    0.10999999751902173,
    0.1,
    0.1,
    0.1099996215997881,
    0.1099997029998119,
    0.1,
    0.1,
    0.1,
    0.1,
    0.1,
    0.1,
    0.1,
    0.1,
    0.1099952149688973,
    0.10999977449989852,
    0.1,
    0.1,
    0.1,
    0.1,
    0.1,
    0.1,
    0.1099994224994225,
    0.1,
    0.1,
    0.1,
    0.1,
    0.10999990319998838,
    0.1,
    0.1,
    0.1,
    0.11,
    0.1,
    0.10999990319998838,
    0.1,
    0.10999990319998838,
    0.1,
    0.1,
    0.1,
    0.1,
    0.1,
    0.1,
    0.1,
    0.1,
    0.11,
    0.10999999846,
    0.1,
    0.1,
    0.1,
    0.1,
    0.1,
    0.1,
    0.1,
    0.1,
    0.10999990319998838,
    0.1,
    0.1,
    0.1,
    0.1,
    0.1,
    0.10999997662499912,
    0.10999999130999982,
    0.1,
    0.1,
    0.10999995214999689,
    0.1,
    0.1,
    0.1,
    0.1,
    0.1,
    0.11,
    0.1,
    0.10999990319998838,
    0.11,
    0.1,
    0.1,
    0.1,
    0.1,
    0.1,
    0.1,
    0.10999919333252667,
    0.1,
    0.11,
    0.11,
    0.1,
    0.1,
    0.1,
    0.1,
    0.1,
    0.1,
    0.1,
    0.1,
    0.1,
    0.1,
    0.11,
    0.1100000017755614,
    0.1100000890004361,
    0.1100000020766668,
    0.11,
    0.1,
    0.1,
    0.11,
    0.12,
    0.11,
    0.11000000021190477,
    0.11000000044500002,
    0.12,
    0.11,
    0.11000000308076946,
    0.11,
    0.11,
    0.11,
    0.1,
    0.10999979790687804,
    0.1,
    0.1,
    0.1,
    0.11,
    0.1,
    0.1,
    0.1,
    0.1,
    0.1,
    0.11,
    0.11,
    0.1,
    0.1,
    0.1,
    0.1,
    0.11,
    0.1,
    0.1,
    0.11,
    0.1,
    0.11,
    0.1,
    0.1,
    0.1,
    0.1,
    0.1,
    0.12,
    0.1,
    0.1,
    0.1,
    0.1,
    0.11999989919998387,
    0.1,
    0.11999989919998387,
    0.11000035601124995,
    0.1,
    0.1,
    0.1,
    0.1,
    0.1,
    0.1,
    0.12,
    0.1,
    0.1,
    0.11,
    0.1,
    0.1,
    0.1,
    0.1,
    0.1,
    0.1,
    0.11,
    0.1,
    0.11,
    0.1,
    0.11000035601124995,
    0.11000035601124995,
    0.11000035601124995,
    0.11000001424001402,
    0.11000035601124995,
    0.11000035601124995,
    0.11000035601124995,
    0.11000000105378896,
    0.11000035601124995,
    0.11000035601124995,
    0.11000035601124995,
    0.12,
    0.11000000044500002,
    0.11000035601124995,
    0.11000035601124995,
    0.1,
    0.12,
    0.11940298507462686,
    0.1,
    0.1,
    0.1,
    0.1,
    0.1,
    0.1,
    0.1,
    0.1,
    0.1,
    0.1,
    0.1,
    0.1,
    0.1,
    0.1,
    0.1,
    0.1,
    0.1,
    0.1,
    0.1,
    0.1,
    0.1,
    0.1,
    0.1,
    0.1,
    0.1,
    0.1,
    0.1,
    0.11,
    0.11,
    0.1,
    0.11,
    0.1,
    0.1,
    0.11999998991999984,
    0.11,
    0.1,
    0.11,
    0.119056964543135,
    0.11,
    0.11,
    0.11,
    0.11,
    0.11,
    0.11,
    0.11,
    0.11,
    0.11,
    0.12,
    0.11,
    0.11,
    0.1,
    0.11,
    0.11,
    0.11,
    0.11,
    0.11,
    0.11,
    0.11,
    0.11,
    0.11,
    0.11,
    0.11,
    0.11,
    0.11,
    0.11,
    0.11,
    0.11,
    0.11,
    0.11,
    0.11,
    0.11,
    0.11,
    0.11,
    0.11,
    0.1,
    0.11,
    0.11,
    0.11,
    0.11,
    0.11,
    0.11,
    0.11,
    0.11,
    0.11,
    0.11,
    0.11,
    0.11,
    0.11,
    0.11,
    0.11,
    0.11,
    0.11,
    0.11,
    0.11,
    0.11,
    0.11,
    0.11,
    0.11,
    0.11,
    0.11,
    0.11,
    0.11,
    0.11,
    0.11,
    0.11,
    0.11,
    0.11,
    0.12,
    0.1,
    0.1,
    0.11,
    0.1,
    0.11,
    0.1,
    0.1,
    0.1,
    0.1,
    0.11,
    0.1,
    0.1,
    0.11,
    0.11000002321753202,
    0.1,
    0.1,
    0.11,
    0.1,
    0.1,
    0.1,
    0.1,
    0.1,
    0.11,
    0.11999989919998387,
    0.1,
    0.12,
    0.1,
    0.11,
    0.1,
    0.1,
    0.1,
    0.11,
    0.1,
    0.11,
    0.11,
    0.11,
    0.12,
    0.1,
    0.11,
    0.11,
    0.1,
    0.1,
    0.1,
    0.12,
    0.1,
    0.1,
    0.1,
    0.1,
    0.1,
    0.12,
    0.11857707433767127,
    0.1,
    0.1,
    0.1,
    0.11999998079999923,
    0.11,
    0.11,
    0.1,
    0.1,
    0.11999998991999984,
    0.1,
    0.1,
    0.11,
    0.11,
    0.1,
    0.1,
    0.1,
    0.1,
    0.11,
    0.11,
    0.11999995967999742,
    0.1,
    0.1,
    0.1,
    0.11,
    0.12,
    0.12,
    0.1,
    0.1,
    0.11681484189047794,
    0.10999990319998838,
    0.1,
    0.1,
    0.1,
    0.1,
    0.1,
    0.1,
    0.1,
    0.1,
    0.1,
    0.1,
    0.1,
    0.1,
    0.1,
    0.10999990319998838,
    0.1,
    0.11999999412484692,
    0.1,
    0.1,
    0.1,
    0.1,
    0.1,
    0.11,
    0.11,
    0.1,
    0.11,
    0.11,
    0.11000002342106081,
    0.11,
    0.11,
    0.1100000890004361,
    0.1,
    0.12,
    0.11764705882352941,
    0.1,
    0.1,
    0.1,
    0.11,
    0.11,
    0.11,
    0.11,
    0.11,
    0.11,
    0.11,
    0.11,
    0.11,
    0.1199998079999232,
    0.1100000053400005,
    0.11999989919998387,
    0.1100000890004361,
    0.1199998079999232,
    0.1100000053400005,
    0.1100000890004361,
    0.1100000890004361,
    0.11000001424001402,
    0.11999989919998387,
    0.11000001424001402,
    0.1,
    0.1,
    0.1,
    0.1,
    0.1,
    0.1,
    0.1,
    0.11999931428473469,
    0.1,
    0.11,
    0.11,
    0.1,
    0.11,
    0.11000000254285731,
    0.12,
    0.12,
    0.11000006022560511,
    0.11000001424001402,
    0.12,
    0.11000000885575655,
    0.11000001424001402,
    0.1199997479998992,
    0.11000000890000627,
    0.11,
    0.1,
    0.11,
    0.11,
    0.11,
    0.11,
    0.11,
    0.11,
    0.11,
    0.11,
    0.11000001424001402,
    0.11000001424001402,
    0.11,
    0.11000000576318433,
    0.1100000053400005,
    0.11000000178178196,
    0.11000004158886084,
    0.11000000504862438,
    0.1211794388546068,
    0.11999998079999923,
    0.11000000370833363,
    0.11000004450002003,
    0.11000005933344804,
    0.12,
    0.11,
    0.12,
    0.11000001633028991,
    0.11000000142400009,
    0.11000024273088427,
    0.11000000830666991,
    0.11999999748,
    0.11999989919998387,
    0.11000000044500002,
    0.11,
    0.11,
    0.11,
    0.12,
    0.11000000190069478,
    0.11000001424001402,
    0.12,
    0.11000002002500456,
    0.11000001424001402,
    0.1100000890004361,
    0.1100000890004361,
    0.11000000484134352,
    0.11000000883375448,
    0.1100000890004361,
    0.11000000328716618,
    0.11000000044500002,
    0.11,
    0.1100000890004361,
    0.1100000890004361,
    0.11000000212991488,
    0.1100000890004361,
    0.11999998102766724,
    0.12,
    0.11000001424001402,
    0.11000006780971239,
    0.11000001424001402,
    0.11000000224747507,
    0.12,
    0.11999989919998387,
    0.11000001424001402,
    0.1100000053400005,
    0.11000001424001402,
    0.11000000404545636,
    0.11000003204008856,
    0.11,
    0.11,
    0.11,
    0.11,
    0.11,
    0.11,
    0.11,
    0.11,
    0.11,
    0.11,
    0.11,
    0.11,
    0.11,
    0.11,
    0.11,
    0.11,
    0.11,
    0.11,
    0.11,
    0.11,
    0.11,
    0.11,
    0.11,
    0.11,
    0.11,
    0.11,
    0.11,
    0.11,
    0.11,
    0.11,
    0.11,
    0.11,
    0.11,
    0.11,
    0.11,
    0.11,
    0.11,
    0.11,
    0.11,
    0.11,
    0.11,
    0.11,
    0.11,
    0.11,
    0.11,
    0.11,
    0.11,
    0.11,
    0.11,
    0.11,
    0.11,
    0.11,
    0.11,
    0.11,
    0.11,
    0.11,
    0.11,
    0.11,
    0.11,
    0.11,
    0.11,
    0.11,
    0.11000017800245643,
    0.11999998753246721,
    0.11000000044132233,
    0.11000001424001402,
    0.1100000053400005,
    0.11,
    0.11000000044500002,
    0.11,
    0.11999998079999923,
    0.11999989919998387,
    0.1100000267000437,
    0.11000000044500002,
    0.11,
    0.11000001424001402,
    0.11,
    0.11,
    0.12,
    0.11999989919998387,
    0.1,
    0.1,
    0.12,
    0.1,
    0.1,
    0.12,
    0.1,
    0.1,
    0.11999998991999984,
    0.1,
    0.1,
    0.1,
    0.1,
    0.1,
    0.1,
    0.1,
    0.1,
    0.12,
    0.1,
    0.1,
    0.1,
    0.1,
    0.1,
    0.11999989919998387,
    0.11659160496636875,
    0.10999986289852291,
    0.1,
    0.1,
    0.1,
    0.1,
    0.1,
    0.1,
    0.1,
    0.10999815199408638,
    0.10999919333252667,
    0.1,
    0.1,
    0.1,
    0.1,
    0.1,
    0.1,
    0.1,
    0.10999990319998838,
    0.1,
    0.11,
    0.1099991309981751,
    0.1,
    0.1,
    0.11,
    0.1,
    0.1,
    0.11,
    0.1099998271428201,
    0.11,
    0.1,
    0.1,
    0.11,
    0.1,
    0.11,
    0.10999995214999689,
    0.11,
    0.1,
    0.10999990319998838,
    0.11,
    0.1,
    0.1,
    0.1,
    0.1,
    0.1,
    0.12999989859997768,
    0.1,
    0.11,
    0.1,
    0.11,
    0.1,
    0.11000001447159154,
    0.1,
    0.11,
    0.1299999789399992,
    0.1100000890004361,
    0.1299999789399992,
    0.1,
    0.12999989859997768,
    0.1299999789399992,
    0.1,
    0.1,
    0.1,
    0.11,
    0.12,
    0.12,
    0.12000000670476313,
    0.12,
    0.12000000035200002,
    0.12000001408000541,
    0.12,
    0.12,
    0.13,
    0.13000000062702713,
    0.13,
    0.13000000870001732,
    0.14999988749997187,
    0.13,
    0.14999997599999904,
    0.15814306396025038,
    0.149999939999994,
    0.14,
    0.1300000149142876,
    0.13,
    0.12,
    0.12000003520017459,
    0.13999998879999978,
    0.12,
    0.13,
    0.1300000243600188,
    0.14,
    0.14,
    0.14,
    0.14,
    0.14,
    0.14,
    0.14,
    0.14,
    0.14,
    0.14,
    0.14,
    0.14,
    0.14,
    0.14,
    0.14,
    0.14,
    0.14,
    0.14,
    0.14,
    0.14,
    0.14,
    0.14000000137600016,
    0.14000000315596445,
    0.1400000040952393,
    0.14000000086000025,
    0.15,
    0.16,
    0.16,
    0.16000000560000088,
    0.18999993729998935,
    0.18999987839995622,
    0.16,
    0.16,
    0.1400000344000502,
    0.1400000344000502,
    0.14,
    0.14000000529230808,
    0.14000000982857974,
    0.14000000897391374,
    0.1696428301817591,
    0.13000000319000052,
    0.18999997263999846,
    0.18779527444209182,
    0.13000000174000104,
    0.13000000174000104,
    0.16,
    0.13000000870001732,
    0.16,
    0.13000002251556067,
    0.14,
    0.14000022933938788,
    0.15,
    0.14,
    0.14,
    0.14,
    0.15,
    0.14,
    0.14,
    0.14,
    0.14,
    0.15,
    0.14,
    0.14,
    0.14,
    0.14,
    0.15,
    0.14,
    0.15,
    0.15,
    0.15,
    0.15,
    0.14,
    0.15,
    0.1300000001870968,
    0.15,
    0.1499988749971875,
    0.140000000344,
    0.14000000137600016,
    0.13,
    0.14000000086000025,
    0.1300000100724579,
    0.13,
    0.13000006692410138,
    0.13000009943026458,
    0.13000013593790358,
    0.13000009943026458,
    0.13,
    0.14000022051446023,
    0.1100000890004361,
    0.1100000890004361,
    0.33999896380774747,
    0.1300000535385406,
    0.13000000348000026,
    0.3899998164704047,
    0.4899998338980799,
    0.13000006607652984,
    0.13000008787886777,
    0.13,
    0.12,
    0.5299407202438917,
    0.5299407202972757,
    0.13000004121054606,
    0.030000012125136255,
    0.01,
    0.99,
    0.99,
    0.99
]
