[
    0.999,
    0.999,
    0.999,
    0.999,
    0.999,
    0.999,
    0.999,
    0.999,
    0.999,
    0.999,
    0.999,
    0.999,
    0.999,
    0.999,
    0.999,
    0.999,
    0.999,
    0.999,
    0.999,
    0.999,
    0.999,
    0.999,
    0.999,
    0.999,
    0.999,
    0.999,
    0.999,
    0.998999999075925,
    0.999,
    0.999,
    0.999,
    0.999,
    0.999,
    0.999,
    0.999,
    0.999,
    0.9989999998754057,
    0.998,
    0.998,
    0.998,
    0.999,
    0.999,
    0.999,
    0.999,
    0.999,
    0.999,
    0.998,
    0.999,
    0.999,
    0.999,
    0.997,
    0.997,
    0.9969994037153709,
    0.999,
    0.997,
    0.998,
    0.998,
    0.998,
    0.998,
    0.998,
    0.997,
    0.997,
    0.998,
    0.998,
    0.999,
    0.998,
    0.999,
    0.9989997430244327,
    0.9977269217321074,
    0.998,
    0.994,
    0.9963953174278661,
    0.961,
    0.9869999999984698,
    0.979,
    0.96,
    0.962,
    0.96,
    0.98,
    0.988,
    0.989,
    0.973,
    0.96,
    0.962,
    0.965,
    0.97,
    0.99,
    0.9720000053536001,
    0.99,
    0.99,
    0.993,
    0.99,
    0.98,
    0.98,
    0.981,
    0.99,
    0.989,
    0.9899999899019997,
    0.99,
    0.9929999999941588,
    0.981,
    0.9909999999867867,
    0.9908989320650919,
    0.9888626568346139,
    0.9887439116732898,
    0.987,
    0.9882935964043182,
    0.988,
    0.988,
    0.987,
    0.988,
    0.9869999996051992,
    0.985,
    0.9845684143345578,
    0.985,
    0.98,
    0.97,
    0.97,
    0.97,
    0.97,
    0.969,
    0.979,
    0.967,
    0.96,
    0.9420010277623433,
    0.96,
    0.96,
    0.9599999903999996,
    0.9514370624608454,
    0.951,
    0.9509999907753,
    0.9509999599153477,
    0.955,
    0.951,
    0.9751108833423983,
    0.955,
    0.98,
    0.9549999173924906,
    0.9487161237590573,
    0.92,
    0.9389618612029191,
    0.915,
    0.92,
    0.901,
    0.92,
    0.92,
    0.92,
    0.9176666666666666,
    0.88,
    0.87,
    0.899,
    0.9,
    0.901,
    0.911,
    0.911,
    0.911,
    0.9139999988426716,
    0.901,
    0.9139999998478885,
    0.901,
    0.9,
    0.891,
    0.9139999978063994,
    0.891,
    0.891,
    0.891,
    0.890999916245966,
    0.892,
    0.93,
    0.912,
    0.9060000196647652,
    0.92,
    0.911,
    0.95,
    0.942,
    0.931,
    0.931,
    0.931,
    0.96,
    0.942,
    0.934,
    0.961,
    0.9726833763989015,
    0.9609999244653908,
    0.95,
    0.9299999906998978,
    0.911,
    0.92,
    0.92,
    0.92,
    0.93,
    0.931,
    0.931,
    0.9499999971499999,
    0.931,
    0.931,
    0.94,
    0.952,
    0.951,
    0.953,
    0.96,
    0.952,
    0.953,
    0.9669999993112183,
    0.96699999998066,
    0.966999999586336,
    0.9679999996128,
    0.968,
    0.96,
    0.9688765877788561,
    0.96799999992256,
    0.9679999984511976,
    0.9589147109275433,
    0.9599999451428446,
    0.96,
    0.95,
    0.951,
    0.9495333035913451,
    0.9474840240909591,
    0.929999996931,
    0.8900000184800005,
    0.9166314946745919,
    0.88,
    0.8799999997028801,
    0.8700000130000003,
    0.85,
    0.85,
    0.86,
    0.842,
    0.8810659776961538,
    0.8599999923629803,
    0.849,
    0.845,
    0.84,
    0.84,
    0.8,
    0.79,
    0.791,
    0.8,
    0.81,
    0.76,
    0.82,
    0.82,
    0.81,
    0.82,
    0.8199999088883928,
    0.81,
    0.81,
    0.81,
    0.8412698396674224,
    0.771,
    0.751,
    0.815,
    0.74,
    0.772,
    0.75,
    0.701,
    0.815,
    0.84,
    0.84,
    0.87,
    0.8700000225858592,
    0.88,
    0.9099999996169227,
    0.9,
    0.9,
    0.9,
    0.9,
    0.905,
    0.9,
    0.91,
    0.911,
    0.91,
    0.914,
    0.915,
    0.915,
    0.917,
    0.915,
    0.957,
    0.9429367041090353,
    0.9399999623995127,
    0.942,
    0.942,
    0.942,
    0.944,
    0.943,
    0.95,
    0.95,
    0.944,
    0.943,
    0.9595637996639781,
    0.944,
    0.945,
    0.945,
    0.95,
    0.9669999997956917,
    0.945,
    0.9669999999548258,
    0.968,
    0.9619999884559995,
    0.9679999984511976,
    0.968,
    0.95,
    0.95,
    0.9499998891666057,
    0.95,
    0.95,
    0.95,
    0.95,
    0.9484201826881252,
    0.941608,
    0.92,
    0.912,
    0.911,
    0.95,
    0.94,
    0.95,
    0.96,
    0.96,
    0.95,
    0.95,
    0.94,
    0.95,
    0.95,
    0.976,
    0.951,
    0.954,
    0.952,
    0.953,
    0.97,
    0.97,
    0.95,
    0.95,
    0.96,
    0.96,
    0.96,
    0.9813536895942662,
    0.97,
    0.97,
    0.97,
    0.97,
    0.97,
    0.96,
    0.97,
    0.97,
    0.97,
    0.98,
    0.97,
    0.97,
    0.9799424773759453,
    0.9699998302499448,
    0.97,
    0.96,
    0.97,
    0.93,
    0.94,
    0.9699999951499467,
    0.95,
    0.98,
    0.98,
    0.98,
    0.98,
    0.98,
    0.98,
    0.98,
    0.98,
    0.98,
    0.9734991491088482,
    0.9599999451428446,
    0.95999999616,
    0.95,
    0.95,
    0.93,
    0.92,
    0.9100000010676157,
    0.91,
    0.9300000505310376,
    0.93,
    0.94,
    0.94,
    0.96,
    0.95999999616,
    0.93,
    0.93,
    0.953958264293916,
    0.88,
    0.88,
    0.91,
    0.85,
    0.89,
    0.88,
    0.92,
    0.91,
    0.8500000023036874,
    0.9399999948844957,
    0.9236324265078356,
    0.92,
    0.93,
    0.94,
    0.94,
    0.95,
    0.95,
    0.96,
    0.95,
    0.94,
    0.94,
    0.9300000615005003,
    0.95,
    0.9400000070318472,
    0.9400000041310563,
    0.94,
    0.96,
    0.95,
    0.96,
    0.9658489593566442,
    0.95,
    0.95,
    0.9400007714296734,
    0.9424876169510181,
    0.95,
    0.9614092671817346,
    0.9,
    0.92,
    0.919999998773333,
    0.92,
    0.92,
    0.89,
    0.89,
    0.89,
    0.89,
    0.89,
    0.89,
    0.887388,
    0.88,
    0.88,
    0.88,
    0.88,
    0.88,
    0.88,
    0.88,
    0.88,
    0.88,
    0.88,
    0.8700000122261908,
    0.88,
    0.88,
    0.88,
    0.88,
    0.8799999841797684,
    0.89,
    0.9,
    0.9,
    0.9102019172915253,
    0.91,
    0.88,
    0.89,
    0.9,
    0.88,
    0.91,
    0.9199999960632558,
    0.91,
    0.9099999993174999,
    0.91,
    0.91,
    0.9,
    0.9,
    0.9,
    0.89,
    0.9,
    0.9,
    0.9,
    0.9,
    0.9,
    0.9,
    0.9,
    0.9,
    0.9,
    0.9,
    0.9,
    0.9,
    0.9,
    0.9,
    0.9,
    0.9,
    0.9,
    0.9,
    0.9,
    0.9,
    0.9,
    0.8900000184800005,
    0.9,
    0.9,
    0.9,
    0.9099999993584319,
    0.91,
    0.9099999854399536,
    0.9099999989432427,
    0.904,
    0.9,
    0.91,
    0.91,
    0.91,
    0.9099999999757333,
    0.9099999994111936,
    0.91,
    0.9,
    0.9,
    0.91,
    0.9,
    0.91,
    0.91,
    0.91,
    0.9,
    0.91,
    0.91,
    0.91,
    0.91,
    0.91,
    0.91,
    0.91,
    0.91,
    0.91,
    0.91,
    0.9,
    0.9199999999571166,
    0.9,
    0.9,
    0.9099999991333333,
    0.9,
    0.9099999992416665,
    0.91,
    0.9100000154800004,
    0.9339004880148472,
    0.88,
    0.8800000215536606,
    0.89,
    0.88,
    0.88,
    0.88,
    0.88,
    0.88,
    0.88,
    0.87,
    0.86,
    0.8699999216999929,
    0.8599998655631776,
    0.84,
    0.84,
    0.8699999912999827,
    0.8699999930399986,
    0.8630411486129708,
    0.86,
    0.87,
    0.86,
    0.8699999912999827,
    0.87,
    0.88,
    0.8799999841599995,
    0.86,
    0.88,
    0.87,
    0.88,
    0.88,
    0.88,
    0.88,
    0.8599999843636331,
    0.86,
    0.8799999181389714,
    0.86,
    0.86,
    0.83,
    0.83,
    0.83,
    0.83,
    0.83,
    0.83,
    0.82,
    0.82,
    0.82,
    0.82,
    0.82,
    0.82,
    0.82,
    0.82,
    0.8,
    0.79,
    0.8,
    0.8,
    0.8,
    0.8,
    0.8,
    0.79,
    0.76,
    0.76,
    0.8,
    0.8,
    0.8,
    0.8,
    0.8,
    0.77,
    0.7599989663972713,
    0.76,
    0.7400001352000649,
    0.76,
    0.769999964461531,
    0.77,
    0.78,
    0.77,
    0.78,
    0.7960407799663466,
    0.79,
    0.8,
    0.81,
    0.8,
    0.8,
    0.8,
    0.79,
    0.8,
    0.8,
    0.7899999934429999,
    0.79,
    0.7700000069000001,
    0.79,
    0.77,
    0.77,
    0.77,
    0.77,
    0.77,
    0.77,
    0.77,
    0.760000032640002,
    0.79,
    0.7824280347108566,
    0.78,
    0.75,
    0.75,
    0.76,
    0.7200000021995152,
    0.8,
    0.8,
    0.79,
    0.7600000018227848,
    0.7600000018227848,
    0.79,
    0.8,
    0.79,
    0.79,
    0.79,
    0.79,
    0.79,
    0.79,
    0.7900000077406589,
    0.78,
    0.7736,
    0.76,
    0.76,
    0.7291500912240975,
    0.7,
    0.6999999611111025,
    0.7000000018,
    0.7199995391993733,
    0.72,
    0.7,
    0.7,
    0.7,
    0.7,
    0.7,
    0.7,
    0.7,
    0.7,
    0.7,
    0.7,
    0.7,
    0.7,
    0.69,
    0.66,
    0.66,
    0.6200000049400002,
    0.6300001304487556,
    0.61,
    0.62,
    0.62,
    0.61,
    0.63,
    0.67,
    0.67,
    0.67,
    0.6662351406744923,
    0.63,
    0.63,
    0.63,
    0.63,
    0.6299999643164013,
    0.63,
    0.63,
    0.63,
    0.6300000378543077,
    0.66,
    0.6400000044081633,
    0.65,
    0.7,
    0.6700000965853847,
    0.6600003885720946,
    0.6400000960000384,
    0.66,
    0.66,
    0.66,
    0.659999975403697,
    0.6599999953799998,
    0.66,
    0.6699999839199988,
    0.6699999970855,
    0.65,
    0.64,
    0.64,
    0.65,
    0.61,
    0.63,
    0.65,
    0.6977588178913983,
    0.63,
    0.6200000251470602,
    0.6458272923820425,
    0.60887605920235,
    0.5937009698334377,
    0.5600000293333411,
    0.6099999926799997,
    0.58,
    0.58,
    0.58,
    0.6099999926209664,
    0.63,
    0.63,
    0.63,
    0.63,
    0.64,
    0.65,
    0.5700000022194367,
    0.58,
    0.65,
    0.65,
    0.65,
    0.62,
    0.6199999927343737,
    0.61,
    0.6,
    0.56,
    0.57,
    0.6,
    0.5999999773584872,
    0.58,
    0.5600005694127026,
    0.5600000019480786,
    0.58,
    0.57,
    0.58,
    0.6199999948247077,
    0.6129631818316849,
    0.6,
    0.59,
    0.59,
    0.59,
    0.5899999946899995,
    0.571975176546116,
    0.53,
    0.58,
    0.58,
    0.55,
    0.5689300235394821,
    0.53,
    0.51,
    0.52,
    0.53,
    0.53,
    0.52,
    0.54,
    0.5308771929824562,
    0.52,
    0.52,
    0.53,
    0.5,
    0.5,
    0.5,
    0.5,
    0.5,
    0.49,
    0.5,
    0.4800000062400002,
    0.4800000081568634,
    0.54,
    0.54,
    0.54,
    0.54,
    0.54,
    0.54,
    0.54,
    0.54,
    0.54,
    0.54,
    0.54,
    0.54,
    0.54,
    0.54,
    0.54,
    0.54,
    0.54,
    0.54,
    0.54,
    0.5499999559999947,
    0.5400002392001149,
    0.54,
    0.54,
    0.54,
    0.5400000186583485,
    0.55,
    0.55,
    0.5,
    0.49,
    0.49,
    0.49,
    0.49,
    0.5,
    0.49,
    0.5,
    0.5,
    0.5,
    0.5,
    0.5,
    0.4900000204000033,
    0.5,
    0.5,
    0.5,
    0.5,
    0.4899999977133332,
    0.49,
    0.47,
    0.5,
    0.46,
    0.46,
    0.49,
    0.539999998056,
    0.569999999602122,
    0.53,
    0.568421397294393,
    0.53,
    0.51,
    0.51,
    0.51,
    0.51,
    0.51,
    0.5136630036630037,
    0.52,
    0.52,
    0.52,
    0.56,
    0.5,
    0.52,
    0.52,
    0.5516605442621104,
    0.54,
    0.52,
    0.5,
    0.5,
    0.5,
    0.55,
    0.51,
    0.51,
    0.5,
    0.5,
    0.5,
    0.5,
    0.5,
    0.5,
    0.5,
    0.5,
    0.5,
    0.5,
    0.5,
    0.5,
    0.5,
    0.5,
    0.5,
    0.5,
    0.5,
    0.5,
    0.5,
    0.5,
    0.5,
    0.5,
    0.5,
    0.5,
    0.5,
    0.5,
    0.49175357643758766,
    0.47,
    0.48,
    0.47000000159,
    0.46,
    0.45,
    0.45,
    0.45,
    0.45,
    0.45000004400000526,
    0.45,
    0.43,
    0.43,
    0.43,
    0.4300000074100003,
    0.43,
    0.43000000608000033,
    0.4399999894399992,
    0.44,
    0.43977232876298233,
    0.43977232912645164,
    0.39000002135000994,
    0.43,
    0.3900001251634236,
    0.4599997607998852,
    0.44,
    0.44,
    0.44,
    0.4520155955627196,
    0.44,
    0.44000000043912957,
    0.45,
    0.44,
    0.44000000125958344,
    0.4499318732565575,
    0.4400001104225912,
    0.4499318734208574,
    0.4499318732963324,
    0.44000000112000004,
    0.44000000112000004,
    0.44000000112000004,
    0.4400000336000148,
    0.44,
    0.44,
    0.45,
    0.44,
    0.44,
    0.45,
    0.4599997607998852,
    0.44999999928191486,
    0.4400000009149259,
    0.45,
    0.44,
    0.44,
    0.43,
    0.44,
    0.4399999936645065,
    0.4300000082080002,
    0.43000000342000033,
    0.4300007790041287,
    0.43,
    0.4300000100884963,
    0.43993693688959223,
    0.43,
    0.43,
    0.43,
    0.44,
    0.43,
    0.42,
    0.43,
    0.42,
    0.43,
    0.44,
    0.4499997974998886,
    0.44000040727391204,
    0.44000003715640446,
    0.45,
    0.44000000280000007,
    0.44,
    0.4400000006934355,
    0.44,
    0.44,
    0.46,
    0.44,
    0.45,
    0.43,
    0.44,
    0.43000002269410836,
    0.45,
    0.44,
    0.4400000051376149,
    0.44,
    0.44,
    0.44,
    0.44,
    0.44,
    0.44,
    0.44,
    0.44,
    0.44,
    0.44,
    0.44,
    0.43000042470723143,
    0.4329982142857143,
    0.43,
    0.43,
    0.4399993816208194,
    0.43,
    0.43,
    0.43000001224099155,
    0.43,
    0.43,
    0.43,
    0.43,
    0.4300000700341689,
    0.43,
    0.43999980639989156,
    0.4399998970212459,
    0.430000003306,
    0.43,
    0.43999980639989156,
    0.43999980639989156,
    0.43,
    0.42000000116,
    0.4299998279998968,
    0.42,
    0.42000001657300845,
    0.43,
    0.4200000139200011,
    0.4200000139200011,
    0.4200000008828006,
    0.42,
    0.43,
    0.43999999430588227,
    0.4399,
    0.4299269816654439,
    0.42,
    0.42,
    0.4323384435968151,
    0.4299999870999978,
    0.4200000012314225,
    0.42,
    0.42000007648359045,
    0.42,
    0.42,
    0.41,
    0.41,
    0.4299999169801729,
    0.41999999471999994,
    0.42,
    0.42,
    0.42,
    0.42,
    0.4199997599998255,
    0.41,
    0.4100000025566667,
    0.42,
    0.41,
    0.40000002400000384,
    0.4,
    0.4,
    0.4,
    0.41,
    0.400000060000024,
    0.40999999204117615,
    0.4,
    0.4,
    0.4,
    0.4,
    0.4,
    0.4,
    0.4,
    0.4,
    0.400000060000024,
    0.4099999835999974,
    0.40000002400000384,
    0.4,
    0.41,
    0.41,
    0.41,
    0.41,
    0.41,
    0.41,
    0.41,
    0.4,
    0.3900000244000039,
    0.390000000366,
    0.40999999378787844,
    0.39000000122000006,
    0.4,
    0.4,
    0.39000000061000006,
    0.39,
    0.39,
    0.39,
    0.38,
    0.38000000062,
    0.38,
    0.38,
    0.38,
    0.38,
    0.38,
    0.38,
    0.3800000215563176,
    0.3800000116220967,
    0.39,
    0.39,
    0.39,
    0.39,
    0.39,
    0.39,
    0.3899999967499999,
    0.39,
    0.39,
    0.39,
    0.39,
    0.38,
    0.38,
    0.38,
    0.38,
    0.38,
    0.38,
    0.38,
    0.38,
    0.37,
    0.37,
    0.38,
    0.38,
    0.38,
    0.36996,
    0.36995999981776684,
    0.35000000130000003,
    0.3500000325000114,
    0.35,
    0.373811087396795,
    0.35000000650000057,
    0.35000009750003414,
    0.35000000650000057,
    0.35,
    0.36009421265141317,
    0.35,
    0.36009127090510473,
    0.350000003549399,
    0.36009125934375863,
    0.35,
    0.3500000000386559,
    0.36999998467142703,
    0.350001181837521,
    0.3598969067305921,
    0.3598969071936694,
    0.36653768205377224,
    0.3599999870399992,
    0.36,
    0.3699999887149998,
    0.3600565617669829,
    0.36005655410181936,
    0.3600565815975006,
    0.36,
    0.36,
    0.36,
    0.36,
    0.35,
    0.35000000060075714,
    0.36,
    0.36,
    0.36999997705999915,
    0.36,
    0.36,
    0.36,
    0.36,
    0.35,
    0.35,
    0.35,
    0.3700712063734753,
    0.3700710960568768,
    0.37007108468764843,
    0.3700710676863844,
    0.35,
    0.35,
    0.3500000000322518,
    0.35,
    0.35,
    0.35,
    0.36,
    0.35,
    0.35,
    0.35,
    0.35,
    0.35,
    0.35,
    0.35,
    0.35,
    0.35,
    0.35,
    0.35,
    0.3883618729726037,
    0.36,
    0.36,
    0.37,
    0.36,
    0.37000001197000215,
    0.37000001197000215,
    0.37000000176400005,
    0.37000001197000215,
    0.3700000892501361,
    0.37,
    0.37,
    0.3799999987168831,
    0.3799999011999269,
    0.370000018900007,
    0.3697869671213393,
    0.36978696550636103,
    0.3697869673761997,
    0.36,
    0.36,
    0.36,
    0.36,
    0.37000833479806544,
    0.3700081659492363,
    0.3700081727996546,
    0.37999999635199994,
    0.36,
    0.36,
    0.36,
    0.36,
    0.37,
    0.37,
    0.37,
    0.36,
    0.36,
    0.36,
    0.36,
    0.36,
    0.36,
    0.36,
    0.36,
    0.37,
    0.36,
    0.36,
    0.36997593217643954,
    0.3699759322972874,
    0.36,
    0.37,
    0.3600000220215084,
    0.36,
    0.3700000797080967,
    0.37,
    0.37999998733333307,
    0.37999994679998084,
    0.3799999011999269,
    0.37,
    0.37000053550222234,
    0.37,
    0.3799999950599998,
    0.3700000044470593,
    0.3799999870352938,
    0.37,
    0.36,
    0.36999992723332337,
    0.3699999887149998,
    0.36,
    0.36,
    0.36,
    0.35,
    0.36,
    0.36,
    0.36,
    0.36,
    0.36,
    0.36,
    0.36,
    0.36,
    0.36,
    0.36,
    0.36,
    0.36,
    0.36,
    0.36,
    0.36,
    0.36,
    0.36,
    0.37,
    0.36,
    0.36999997705999915,
    0.37,
    0.37,
    0.37,
    0.37,
    0.37,
    0.37,
    0.37,
    0.37,
    0.37,
    0.370000017850001,
    0.37,
    0.37999994679998084,
    0.37000000176400005,
    0.3700017010124174,
    0.37999998327999907,
    0.37,
    0.37,
    0.3700000445322399,
    0.37000001653061665,
    0.37,
    0.37,
    0.37,
    0.37999995426933336,
    0.37999995931872926,
    0.37000002916667885,
    0.3700000260946812,
    0.3799999299028915,
    0.3799999011999269,
    0.37999997097851557,
    0.3700000496181582,
    0.3799999180082824,
    0.38,
    0.370000010808826,
    0.3700000346602147,
    0.37000006735850455,
    0.37,
    0.37000000850500075,
    0.37000015389320967,
    0.37999997132074914,
    0.37000004173914497,
    0.37000030240106446,
    0.37,
    0.37999998327999907,
    0.37000000193846155,
    0.3799999339130262,
    0.37000004384021445,
    0.37000000176400005,
    0.38,
    0.3700000436912819,
    0.37999997619686415,
    0.3700000298278364,
    0.3799999695282971,
    0.37,
    0.37000000850500075,
    0.37,
    0.37,
    0.37,
    0.3700005968446811,
    0.37999997719999756,
    0.37000001197000215,
    0.3799999284057587,
    0.3700001141304968,
    0.3700000260946812,
    0.37,
    0.37999997624999793,
    0.379999962761688,
    0.37,
    0.37000001548387296,
    0.37000001796578236,
    0.3799999011999269,
    0.37000001197000215,
    0.38,
    0.3799999538317597,
    0.38,
    0.3799999011999269,
    0.37000003448906177,
    0.370000018900007,
    0.3700000326801183,
    0.37000030240106446,
    0.3799992399964533,
    0.37,
    0.37,
    0.37,
    0.37999994679998084,
    0.37000003845071994,
    0.37,
    0.37,
    0.37000001197000215,
    0.3799226800549153,
    0.3700000047250003,
    0.3799226796368766,
    0.37,
    0.3700000014,
    0.38,
    0.38,
    0.38,
    0.38,
    0.37000005460003166,
    0.38,
    0.38,
    0.3700013125082032,
    0.37,
    0.37,
    0.37,
    0.37,
    0.37,
    0.37000053550222234,
    0.37000003696429296,
    0.37000001197000215,
    0.37000053550222234,
    0.37,
    0.37000000066685484,
    0.370000018900007,
    0.370000018900007,
    0.3700000327600245,
    0.37000000850500075,
    0.370000018900007,
    0.37000030240106446,
    0.37000001197000215,
    0.38,
    0.37,
    0.37000000850500075,
    0.37,
    0.38,
    0.37000001197000215,
    0.37,
    0.38,
    0.37,
    0.38,
    0.37000056538700743,
    0.37,
    0.38,
    0.37,
    0.38,
    0.37,
    0.37,
    0.38,
    0.3799999011999269,
    0.37,
    0.38,
    0.3700001660465966,
    0.37000030240106446,
    0.370000018900007,
    0.37,
    0.37000000141202843,
    0.37,
    0.37,
    0.3700000774591338,
    0.37,
    0.37,
    0.37,
    0.370000023625005,
    0.3799999596647975,
    0.37,
    0.37,
    0.37000000307447495,
    0.3799999741599966,
    0.37000005460003166,
    0.3700000819000303,
    0.37,
    0.37000015463660685,
    0.3844489535430692,
    0.370000001765118,
    0.37,
    0.370000018900007,
    0.37000000850500075,
    0.3879232355306797,
    0.37,
    0.38,
    0.38,
    0.38009205944222574,
    0.38000000000601214,
    0.3800920865652258,
    0.3899999773799968,
    0.38,
    0.38,
    0.38,
    0.38,
    0.3700000151575935,
    0.3798964802220617,
    0.37,
    0.37989647975414376,
    0.37984161809125006,
    0.37984161891370305,
    0.37984161861262083,
    0.37,
    0.37,
    0.3801023787781,
    0.37982153832250215,
    0.3798215384527074,
    0.3798215371982602,
    0.3799939412185389,
    0.37999394118836743,
    0.3700000469402029,
    0.3801,
    0.36,
    0.37,
    0.36,
    0.37,
    0.3800672157471638,
    0.38006776873795817,
    0.39007143409786693,
    0.38006720741537847,
    0.3900497364443585,
    0.38,
    0.37,
    0.36,
    0.37,
    0.31,
    0.3000000004091307,
    0.400060153972427,
    0.39,
    0.39,
    0.36,
    0.38,
    0.35,
    0.36,
    0.40006013052042344,
    0.40007801092956446,
    0.4099999835999974,
    0.4,
    0.4,
    0.4,
    0.4,
    0.4,
    0.4,
    0.41,
    0.41,
    0.4100000295000044,
    0.41999998991999926,
    0.4100005531279385,
    0.4100003146670233,
    0.41999992719998835,
    0.41,
    0.41,
    0.41,
    0.41,
    0.41,
    0.41,
    0.41,
    0.41,
    0.41,
    0.41,
    0.41,
    0.41,
    0.41,
    0.41,
    0.41,
    0.41,
    0.41,
    0.4100000295000044,
    0.41,
    0.41,
    0.41,
    0.4198204731411157,
    0.41981785647740755,
    0.4198178568600262,
    0.4199540062938756,
    0.43999980639989156,
    0.42,
    0.41,
    0.41,
    0.42007047792975605,
    0.4200704887915934,
    0.4200704979023395,
    0.41,
    0.4,
    0.4,
    0.4100033069931291,
    0.41000336120963415,
    0.41999749687019405,
    0.4100033602505343,
    0.419997496859586,
    0.4199974968697307,
    0.4199899250372047,
    0.41998992612351155,
    0.40974977658623774,
    0.40994055482166447,
    0.4099998236998995,
    0.41014260487055704,
    0.41006768106463937,
    0.4100675879438184,
    0.4100675978390533,
    0.4,
    0.4,
    0.41008818916448647,
    0.410088196462257,
    0.41982074713339634,
    0.4100881794195251,
    0.4198207467822529,
    0.42021152637548437,
    0.4202115119059648,
    0.41,
    0.40987017026970024,
    0.42,
    0.4101661825000365,
    0.41016617241096254,
    0.37,
    0.37,
    0.39,
    0.38,
    0.41,
    0.42,
    0.36000004024525456,
    0.4,
    0.4298624682425596,
    0.4298624677187745,
    0.4298624654874777,
    0.4200001288889557,
    0.42,
    0.4200930120502755,
    0.42,
    0.4100000948215827,
    0.42,
    0.41,
    0.41,
    0.41,
    0.41,
    0.41,
    0.4099995284981847,
    0.41,
    0.406278,
    0.3801302357384388,
    0.38013024309249277,
    0.4,
    0.4,
    0.4,
    0.4,
    0.37,
    0.37,
    0.38,
    0.37,
    0.3899184331295625,
    0.38991843336356424,
    0.3899144966964633,
    0.3900746315705886,
    0.3800000372000052,
    0.38,
    0.38984441273504195,
    0.39004975775542566,
    0.3900000073244682,
    0.39,
    0.4,
    0.39,
    0.39,
    0.39,
    0.3900717517558388,
    0.3900717909820024,
    0.38000000200394357,
    0.38987557011169793,
    0.3898755658149565,
    0.38987556911520294,
    0.39,
    0.3899999911079998,
    0.38999996712208623,
    0.3899999888199996,
    0.3800000372000052,
    0.38000072333851725,
    0.3899999596551592,
    0.38000072333851725,
    0.38,
    0.38981673306772907,
    0.38,
    0.3898436928604986,
    0.39,
    0.39,
    0.3900114399666758,
    0.3900000244000039,
    0.4,
    0.38,
    0.38,
    0.38,
    0.38,
    0.39,
    0.39000000061000006,
    0.39000079300689916,
    0.39000014030010804,
    0.39000002135000994,
    0.390000008540001,
    0.3899858796299855,
    0.38998587878284446,
    0.3899858774865527,
    0.38990566037735847,
    0.3999904079038872,
    0.38,
    0.3800000164117691,
    0.38,
    0.38,
    0.38000000307554943,
    0.3800000055800001,
    0.39007826837431214,
    0.3900782684352612,
    0.3900782690752635,
    0.38,
    0.38000001721923427,
    0.39,
    0.39000052488448994,
    0.3800003676628287,
    0.39,
    0.39000079300689916,
    0.39000079300689916,
    0.39000079300689916,
    0.3900000244000039,
    0.4,
    0.4,
    0.38,
    0.39,
    0.4000554315188557,
    0.4,
    0.39,
    0.39,
    0.39000002135000994,
    0.3999342105263158,
    0.3999342105229828,
    0.40007344801353584,
    0.4000436056583694,
    0.4000435920008991,
    0.40004360364288616,
    0.39000014030010804,
    0.39,
    0.39,
    0.4,
    0.4,
    0.4,
    0.4,
    0.40000000272727276,
    0.400000060000024,
    0.4,
    0.41,
    0.41,
    0.41000015340011353,
    0.42,
    0.42,
    0.42,
    0.42,
    0.42,
    0.42,
    0.41000015340011353,
    0.4,
    0.41,
    0.41,
    0.42987075152156334,
    0.4298707495235155,
    0.42987075080388076,
    0.41,
    0.4100000129512224,
    0.42001570029110663,
    0.42001567437631254,
    0.43,
    0.43,
    0.43,
    0.43,
    0.43,
    0.42,
    0.42,
    0.42,
    0.42,
    0.42,
    0.42,
    0.42,
    0.43,
    0.42000004855814677,
    0.43,
    0.43,
    0.43,
    0.43,
    0.43,
    0.44,
    0.3200001088000914
]
