[
    0.001,
    0.001,
    0.001,
    0.001,
    0.001,
    0.001,
    0.001,
    0.001,
    0.001,
    0.001,
    0.001,
    0.001,
    0.001,
    0.001,
    0.001,
    0.001,
    0.001,
    0.001,
    0.001,
    0.001,
    0.001,
    0.002,
    0.002,
    0.003,
    0.003,
    0.003,
    0.0030000000221555917,
    0.0030000000249250174,
    0.0070000000175,
    0.003,
    0.0030000000249250174,
    0.0030000008450706606,
    0.0030000000249250174,
    0.003,
    0.003,
    0.003,
    0.003,
    0.003000000012,
    0.003,
    0.002,
    0.002,
    0.005,
    0.002,
    0.005,
    0.00457153817214635,
    0.002,
    0.002,
    0.002,
    0.006,
    0.009523809523809525,
    0.006,
    0.01,
    0.01,
    0.01,
    0.011,
    0.011,
    0.01,
    0.01,
    0.01,
    0.01,
    0.01,
    0.02,
    0.02,
    0.02,
    0.04,
    0.02,
    0.03,
    0.03,
    0.03610025,
    0.04,
    0.04,
    0.04,
    0.04,
    0.04,
    0.04,
    0.04,
    0.04,
    0.04,
    0.04,
    0.04,
    0.04,
    0.04,
    0.04,
    0.04,
    0.04,
    0.04,
    0.04,
    0.04,
    0.04,
    0.04094031720557771,
    0.04,
    0.04,
    0.03,
    0.03000000140881124,
    0.03,
    0.05,
    0.05,
    0.05,
    0.0699360412459314,
    0.05,
    0.03,
    0.03000000009820797,
    0.04,
    0.04,
    0.04,
    0.03,
    0.06,
    0.06,
    0.06,
    0.06,
    0.06000000094000056,
    0.06,
    0.05,
    0.06,
    0.05,
    0.05,
    0.05,
    0.05,
    0.05,
    0.06,
    0.06,
    0.06,
    0.05,
    0.06,
    0.06,
    0.06,
    0.06,
    0.05,
    0.07,
    0.07,
    0.07000000139500034,
    0.07,
    0.08,
    0.07,
    0.05,
    0.07,
    0.07000000930010221,
    0.08,
    0.09,
    0.1,
    0.12,
    0.11,
    0.12,
    0.12,
    0.12,
    0.12,
    0.13,
    0.14,
    0.14,
    0.14,
    0.14,
    0.16999999792127302,
    0.17,
    0.17,
    0.17,
    0.15,
    0.16,
    0.16,
    0.16,
    0.17,
    0.17,
    0.17,
    0.17,
    0.18,
    0.19,
    0.2,
    0.2,
    0.2,
    0.2,
    0.18,
    0.17999998016207353,
    0.18,
    0.18,
    0.2,
    0.22,
    0.22,
    0.22,
    0.22,
    0.22,
    0.22,
    0.22999996917999796,
    0.21,
    0.2,
    0.21999850399521279,
    0.22,
    0.23,
    0.22999931958251116,
    0.23,
    0.23,
    0.22000001872000705,
    0.24,
    0.24716237177925462,
    0.23,
    0.25999999716363636,
    0.23000000654500125,
    0.23,
    0.23,
    0.21,
    0.24689655172413794,
    0.21000000032068197,
    0.21,
    0.22,
    0.22,
    0.2799999731199972,
    0.25,
    0.25,
    0.25,
    0.25,
    0.25,
    0.26,
    0.24,
    0.24,
    0.25,
    0.2297716728484315,
    0.21,
    0.23829276412154785,
    0.21,
    0.21,
    0.21,
    0.2098458249528797,
    0.2,
    0.2,
    0.2,
    0.2,
    0.199975,
    0.19,
    0.18999900249692436,
    0.18000000046524822,
    0.18,
    0.18,
    0.18,
    0.18,
    0.1800000098400048,
    0.18999998802999957,
    0.19,
    0.19,
    0.19000002592001472,
    0.19,
    0.2,
    0.2,
    0.2,
    0.18000000709342862,
    0.180000000656,
    0.19,
    0.18000001640001606,
    0.19,
    0.19,
    0.18000001640001606,
    0.19,
    0.19810725552050473,
    0.18,
    0.19,
    0.19,
    0.18,
    0.18,
    0.18,
    0.18,
    0.18,
    0.18,
    0.18,
    0.18,
    0.18,
    0.18,
    0.18,
    0.18999999745399998,
    0.18999837444029025,
    0.18,
    0.18,
    0.1899996895119452,
    0.19,
    0.170000000664,
    0.18999999957482516,
    0.17000000207500005,
    0.17,
    0.17000000003557142,
    0.17,
    0.17000000074700003,
    0.18999995693332875,
    0.18999999960368097,
    0.1700000000155625,
    0.1700000442667381,
    0.17000000265600052,
    0.1700000207500306,
    0.18999999952827587,
    0.17000001660000383,
    0.1700000003640077,
    0.17,
    0.1700000207500306,
    0.17,
    0.17000000007014085,
    0.1700000000436842,
    0.17,
    0.18999999957482516,
    0.1700000071142882,
    0.18999995487499663,
    0.18999993729998935,
    0.18999987839995622,
    0.19,
    0.1700000033200013,
    0.17000000004742857,
    0.18999996147221934,
    0.18,
    0.18,
    0.17,
    0.18,
    0.17,
    0.17,
    0.17000000003574306,
    0.18000000123000012,
    0.18999953133292716,
    0.18999987839995622,
    0.18000000191333346,
    0.18999993729998935,
    0.18,
    0.18,
    0.18000001640001606,
    0.1899999667499975,
    0.18000003228352685,
    0.18,
    0.18,
    0.18,
    0.18000000825157483,
    0.18,
    0.18000001640001606,
    0.18,
    0.19,
    0.1800000000656,
    0.18,
    0.18000001640001606,
    0.18000000060260887,
    0.18000001640001606,
    0.19,
    0.18,
    0.1800000098400048,
    0.18,
    0.18,
    0.18,
    0.18,
    0.18000001640001606,
    0.18,
    0.18,
    0.1800000013628337,
    0.1800000065600016,
    0.1800000065600016,
    0.19,
    0.19,
    0.18000001640001606,
    0.18000000109333336,
    0.18999993729998935,
    0.18,
    0.19,
    0.18,
    0.1800005963740458,
    0.18,
    0.18999999780549046,
    0.18000000630769372,
    0.18999999955838479,
    0.19,
    0.1800000098400048,
    0.18000000136723637,
    0.18,
    0.18,
    0.18999993729998935,
    0.17000009130017255,
    0.18,
    0.17,
    0.18,
    0.18,
    0.17,
    0.18,
    0.18000001640001606,
    0.17,
    0.17,
    0.17,
    0.17,
    0.17000009130017255,
    0.17000000074700003,
    0.1700000044351155,
    0.18999995693332875,
    0.17000000265600052,
    0.17000004192631868,
    0.18,
    0.18,
    0.18000003587373165,
    0.18000001640001606,
    0.1800006560388375,
    0.18000000447272765,
    0.18999994858822905,
    0.18000001640001606,
    0.18,
    0.1700000009764706,
    0.17000000249000036,
    0.19,
    0.17000010060665816,
    0.1800786308973173,
    0.17000000013845257,
    0.18,
    0.18999987839995622,
    0.17000000063800022,
    0.17,
    0.17000027149777566,
    0.17,
    0.17000001363850062,
    0.17,
    0.1800067658998647,
    0.1700000001143353,
    0.18,
    0.17,
    0.17,
    0.17,
    0.17000000022673406,
    0.17000066403267042,
    0.1700000033200013,
    0.17000066403267042,
    0.17000009130017255,
    0.1700000033200013,
    0.1700000033200013,
    0.17,
    0.17000000265600052,
    0.17000000027513812,
    0.17000060868650985,
    0.17000000031125,
    0.17000000031125,
    0.18,
    0.18,
    0.17000066403267042,
    0.17000024900191732,
    0.17000058101411863,
    0.17000000472396234,
    0.17000000033200002,
    0.17000066403267042,
    0.17000000326038167,
    0.17,
    0.1700000442667381,
    0.17,
    0.17000000439411866,
    0.17,
    0.1700000415000325,
    0.17000060868650985,
    0.17,
    0.17999998703999964,
    0.17000009130017255,
    0.1700000033200013,
    0.1799999279999928,
    0.17000000004024046,
    0.17000000265600052,
    0.17000060868650985,
    0.17000000249000036,
    0.17999997551999844,
    0.17000001798334494,
    0.17000000232400023,
    0.19,
    0.17000060868650985,
    0.1700000033200013,
    0.18475301412238593,
    0.18,
    0.17000066403267042,
    0.1700000013833337,
    0.1700000033200013,
    0.17000000074700003,
    0.17,
    0.17,
    0.17,
    0.18,
    0.17,
    0.17000060868650985,
    0.17000009130017255,
    0.17000000069747911,
    0.18849206224292958,
    0.17000066403267042,
    0.17,
    0.1700000000664,
    0.1700000033200013,
    0.1700000033200013,
    0.17000066403267042,
    0.17,
    0.17000000049404762,
    0.18,
    0.1700000033200013,
    0.17000000007472765,
    0.17,
    0.17000066403267042,
    0.17,
    0.18,
    0.17000003320007456,
    0.18000045920157964,
    0.18000001640001606,
    0.18,
    0.18,
    0.18,
    0.18,
    0.18,
    0.18,
    0.18,
    0.18,
    0.18,
    0.18,
    0.17,
    0.17000000074700003,
    0.17000009130017255,
    0.17000009130017255,
    0.17000066403267042,
    0.1700000207500306,
    0.17000000011448277,
    0.18,
    0.18,
    0.1700000207500306,
    0.17,
    0.1799998703999637,
    0.18,
    0.17,
    0.17999999958,
    0.17000009130017255,
    0.1799998703999637,
    0.17000000658730285,
    0.17000066403267042,
    0.17000009130017255,
    0.18,
    0.17,
    0.1700000033200013,
    0.17,
    0.17000000249000036,
    0.17000000105063295,
    0.17000058101411863,
    0.17000007661543648,
    0.1700000033200013,
    0.17,
    0.17,
    0.1700000001046223,
    0.1700000207500306,
    0.17,
    0.17000000028887652,
    0.1700000207500306,
    0.17000058101411863,
    0.17000009130017255,
    0.17999927999928,
    0.18,
    0.17999927999928,
    0.17999927999928,
    0.17,
    0.17,
    0.17,
    0.17,
    0.17,
    0.17,
    0.17,
    0.17,
    0.17,
    0.1700000207500306,
    0.1700000207500306,
    0.17,
    0.1700000033200013,
    0.1700000207500306,
    0.17,
    0.170000000166,
    0.17000066403267042,
    0.1799998703999637,
    0.1700000033200013,
    0.1700000207500306,
    0.17000060868650985,
    0.17999996999999843,
    0.17,
    0.1700000033200013,
    0.1700000207500306,
    0.18,
    0.17000066403267042,
    0.17000009130017255,
    0.17000000249000036,
    0.17000000113504277,
    0.17,
    0.17000000371809826,
    0.17000058101411863,
    0.17,
    0.17,
    0.17,
    0.17,
    0.17,
    0.170000049800163,
    0.17000000004585594,
    0.1700000033200013,
    0.17000000074584395,
    0.17000000924276776,
    0.1700000033200013,
    0.17,
    0.17000009130017255,
    0.1700000033200013,
    0.1700000033200013,
    0.1700000033200013,
    0.17000009130017255,
    0.17,
    0.1700000005605848,
    0.18999999587241373,
    0.1700000033200013,
    0.18,
    0.17,
    0.18000000310774253,
    0.1800001640002952,
    0.189999960459457,
    0.18000000410000025,
    0.19,
    0.18,
    0.18,
    0.18,
    0.18,
    0.18,
    0.18,
    0.18,
    0.18,
    0.18,
    0.18,
    0.18,
    0.18,
    0.18,
    0.18,
    0.18,
    0.18,
    0.18999997038960859,
    0.1800000065600016,
    0.18000000098400004,
    0.18000004415391171,
    0.18000021867243962,
    0.19,
    0.18000001640001606,
    0.19,
    0.18000001640001606,
    0.18999993729998935,
    0.1899999750469029,
    0.18000000499130497,
    0.18000045920157964,
    0.18999994731091685,
    0.18,
    0.18,
    0.19,
    0.18000001640001606,
    0.18000045920157964,
    0.19,
    0.19,
    0.19,
    0.19,
    0.18,
    0.19,
    0.19,
    0.19,
    0.19,
    0.19,
    0.19,
    0.18999999799866665,
    0.18000001640001606,
    0.19,
    0.18999998802999957,
    0.18000001640001606,
    0.19,
    0.18000001640001606,
    0.18999991806248412,
    0.1800000159002789,
    0.18000000098400004,
    0.189999960689652,
    0.18000000765333582,
    0.18,
    0.19,
    0.18000001640001606,
    0.18000001640001606,
    0.18999998259723905,
    0.18999997263999846,
    0.19,
    0.18000001640001606,
    0.1800000007392938,
    0.19,
    0.18000001640001606,
    0.18,
    0.19,
    0.18000001640001606,
    0.18,
    0.18000001640001606,
    0.18000041000620134,
    0.18999999075333315,
    0.19,
    0.18000001640001606,
    0.19,
    0.18000001640001606,
    0.18,
    0.19,
    0.1899999946270491,
    0.18000000109333336,
    0.1899999939199999,
    0.19,
    0.18000001640001606,
    0.1800001025004997,
    0.18999987839995622,
    0.19,
    0.18999991841175176,
    0.180000008200003,
    0.18000001640001606,
    0.180000008200003,
    0.19,
    0.18000001640001606,
    0.19,
    0.18000001640001606,
    0.18,
    0.18000001640001606,
    0.18000001640001606,
    0.18000001640001606,
    0.18,
    0.18000006776881347,
    0.18000001640001606,
    0.18999987839995622,
    0.1800000098400048,
    0.1899999974075993,
    0.1800000002624,
    0.18000001640001606,
    0.18000000765333582,
    0.18000001640001606,
    0.18000001640001606,
    0.18,
    0.1800000065600016,
    0.18000000287719306,
    0.18000001640001606,
    0.18000001640001606,
    0.18000001640001606,
    0.18000001640001606,
    0.18000000590282011,
    0.19,
    0.19,
    0.18000000259083768,
    0.18000001640001606,
    0.18999998877272692,
    0.18000000765333582,
    0.18,
    0.18,
    0.18000000102967864,
    0.18,
    0.1800000218073733,
    0.18999987839995622,
    0.1800000007199298,
    0.18000001640001606,
    0.18999998802999957,
    0.18999987839995622,
    0.18000001640001606,
    0.18000001640001606,
    0.18,
    0.18000001640001606,
    0.18000001640001606,
    0.18999998802999957,
    0.18000001382799768,
    0.18,
    0.19,
    0.18,
    0.18,
    0.18,
    0.19,
    0.18,
    0.1800000098400048,
    0.1899999983923077,
    0.1800000065600016,
    0.19,
    0.18,
    0.18999997263999846,
    0.18000000098400004,
    0.1899999939199999,
    0.1800000022701208,
    0.18,
    0.18000000728241686,
    0.18,
    0.19,
    0.18000001640001606,
    0.18,
    0.19,
    0.18,
    0.18999999139411752,
    0.19,
    0.1800000065600016,
    0.18000001640001606,
    0.19,
    0.18,
    0.18,
    0.18000000098400004,
    0.18000000546666753,
    0.18,
    0.18999998802999957,
    0.18000000447272765,
    0.18999998877272692,
    0.1800000098400048,
    0.18000000049540843,
    0.18000001640001606,
    0.18000000606957983,
    0.1800000098400048,
    0.18,
    0.18000001640001606,
    0.18000000765333582,
    0.1800000001312,
    0.18,
    0.18999874599573638,
    0.18000004592005253,
    0.1800000168205254,
    0.1800000158709879,
    0.18000006560008222,
    0.18000001561906964,
    0.18000001640001606,
    0.18000001561906964,
    0.18000001640001606,
    0.1800000136667006,
    0.1899999490799933,
    0.1800000242364704,
    0.18000002655871433,
    0.18000002062895626,
    0.18000005061740582,
    0.18000000735426333,
    0.1899999540213471,
    0.18,
    0.18999994273971713,
    0.18000005774655614,
    0.18000004592005253,
    0.18000005492830484,
    0.1800000108609414,
    0.18000001772973415,
    0.18000001640001606,
    0.18000004100001077,
    0.18000001490911774,
    0.18000003184467442,
    0.18,
    0.18000004415391171,
    0.18000004251859505,
    0.18000005788248505,
    0.1800000172631666,
    0.18000004663515684,
    0.18000001360996956,
    0.18000003236843043,
    0.18000004592005253,
    0.18000001261542323,
    0.18000000765333582,
    0.18999994048192245,
    0.18999994322708597,
    0.18999995012499232,
    0.170000000664,
    0.17,
    0.1700000033200013,
    0.17,
    0.18,
    0.17000000009560742,
    0.180039860488291,
    0.18999976059982285,
    0.17000003996297583,
    0.17,
    0.17000002862073801,
    0.1700000033200013,
    0.17000001660000383,
    0.1700000283947508,
    0.1700000442667381,
    0.17,
    0.170000049800163,
    0.17000000221333347,
    0.19,
    0.17000000249000036,
    0.17,
    0.18,
    0.18001060003533345,
    0.18,
    0.18001051228100098,
    0.18001053688216254,
    0.18001045598325802,
    0.18001051315050118,
    0.18001053688216254,
    0.18001047402049322,
    0.18001047472179826,
    0.18001045487831682,
    0.18001044667293856,
    0.18999994959182953,
    0.17000002165219216,
    0.17,
    0.1899999358222154,
    0.17000001812227827,
    0.17000002544063175,
    0.17000002601883243,
    0.17000001074434687,
    0.17000001633861453,
    0.17000003239029005,
    0.18999994679999554,
    0.19,
    0.19,
    0.1700000033200013,
    0.19,
    0.19,
    0.17000003516953474,
    0.1700000320601534,
    0.17000000544263005,
    0.17000005763899162,
    0.1700000377273782,
    0.17000004136213792,
    0.17000003387759574,
    0.17000003820085105,
    0.1862890050181528,
    0.18999994048192245,
    0.17,
    0.1700000033200013,
    0.17,
    0.1700000147337537,
    0.17000002584778584,
    0.170000037303411,
    0.1700000025075559,
    0.17,
    0.17000001224189495,
    0.1700000357538886,
    0.17000002453203106,
    0.18999994285155736,
    0.1899999408196663,
    0.17000060868650985,
    0.17000002862073801,
    0.17000004611121103,
    0.1700000415000325,
    0.1700000442667381,
    0.1700000415000325,
    0.1700000415000325,
    0.17000002845716627,
    0.1700000415000325,
    0.1700000442667381,
    0.17,
    0.18999994048192245,
    0.18999999132608672,
    0.17000004220353074,
    0.1700000218421526,
    0.1700000157027109,
    0.17000002363927724,
    0.1700000401839891,
    0.18,
    0.1800000448087897,
    0.18,
    0.17000002232406958,
    0.18,
    0.18999994509505203,
    0.18000005013111076,
    0.1899999382700362,
    0.1800310882180686,
    0.18,
    0.18003108814024785,
    0.18003159695838275,
    0.18003108984982225,
    0.1700000320601534,
    0.1700000050303152,
    0.17000005042060481,
    0.17000001850320198,
    0.17000004319710407,
    0.17000000540716784,
    0.17000006119829317,
    0.17000002024391606,
    0.19,
    0.18999994592884778,
    0.17000000559551062,
    0.18999994322708597,
    0.17000005042060481,
    0.1899999532587825,
    0.18999992278073874,
    0.17000001469028472,
    0.17000005123467016,
    0.17000001469028472,
    0.17000006343956642,
    0.1700000442667381,
    0.1700000541305195,
    0.17000000544263005,
    0.17,
    0.1700000698948781,
    0.17000001952945726,
    0.17000000425641132,
    0.17000000425641132,
    0.1700000207500306,
    0.17000009130017255,
    0.1700000033200013,
    0.17,
    0.17000004882373168,
    0.17000006073190038,
    0.17000004026125218,
    0.17000001601288717,
    0.17000001464707148,
    0.17,
    0.17000002862073801,
    0.17000001753523558,
    0.19,
    0.18999992962962312,
    0.17000060868650985,
    0.17,
    0.17000001464707148,
    0.17000001952945726,
    0.1700000698948781,
    0.17000000074700003,
    0.17,
    0.17000000221333347,
    0.1700000033200013,
    0.17000009130017255,
    0.17000001952945726,
    0.1700000434762503,
    0.17000002234616185,
    0.18,
    0.17000006400122883,
    0.18999994402488954,
    0.1800000158709879,
    0.1700000024830298,
    0.18,
    0.17,
    0.18,
    0.18,
    0.18000021867243962,
    0.1800000098400048,
    0.18000001640001606,
    0.18,
    0.18000001640001606,
    0.18000001640001606,
    0.18000001640001606,
    0.18000001640001606,
    0.18000021867243962,
    0.18000001640001606,
    0.18,
    0.1800000092732937,
    0.18000001640001606,
    0.18,
    0.18,
    0.18000001640001606,
    0.18,
    0.18000001640001606,
    0.18000001640001606,
    0.18,
    0.18000001640001606,
    0.1800000065600016,
    0.18000001640001606,
    0.18,
    0.18000001640001606,
    0.18,
    0.18,
    0.18,
    0.18,
    0.18991909024443998,
    0.18000001640001606,
    0.1899189372402226,
    0.18,
    0.1800000065600016,
    0.18000001640001606,
    0.1800000002624,
    0.18,
    0.18000001640001606,
    0.1800000065600016,
    0.18,
    0.18000000054666673,
    0.18000000098400004,
    0.18000000765333582,
    0.1800000098400048,
    0.18000021867243962,
    0.18,
    0.18,
    0.18,
    0.18000000023573134,
    0.19,
    0.18,
    0.19,
    0.19,
    0.19,
    0.19,
    0.1900000112789884,
    0.2,
    0.19000021600138242,
    0.19,
    0.1900000068850003,
    0.2,
    0.19000051841003643,
    0.19000021600138242,
    0.19000021600138242,
    0.2,
    0.19000002430009647,
    0.2,
    0.19000002430009647,
    0.19000004455008665,
    0.19000002430009647,
    0.190000012568974,
    0.19000000879699533,
    0.19000021600138242,
    0.19000000303750006,
    0.19000000303750006,
    0.19,
    0.19,
    0.19,
    0.1800001640002952,
    0.18,
    0.16,
    0.18,
    0.16,
    0.12000000005131554,
    0.14,
    0.16,
    0.17,
    0.16,
    0.13,
    0.12,
    0.15,
    0.17,
    0.17,
    0.14,
    0.16,
    0.17,
    0.13,
    0.17,
    0.12000000022889858,
    0.13,
    0.16,
    0.15,
    0.16,
    0.17,
    0.18,
    0.18,
    0.18,
    0.17000002203547565,
    0.1700000030055711,
    0.18,
    0.19,
    0.19000005837847936,
    0.19000005837847936,
    0.19,
    0.19,
    0.18,
    0.1700000033200013,
    0.17000000128284395,
    0.17000000034662768,
    0.1700000060145058,
    0.17000000249000036,
    0.1700000062946929,
    0.17000000249000036,
    0.1700000207500306,
    0.18,
    0.2,
    0.1800001056532408,
    0.19,
    0.17,
    0.18,
    0.1896745068203207,
    0.18967453700273929,
    0.1800689225946245,
    0.18006892314319534,
    0.19,
    0.17000001436650192,
    0.17,
    0.18,
    0.17,
    0.18000001640001606,
    0.17,
    0.17,
    0.18,
    0.18,
    0.17,
    0.15,
    0.17,
    0.19,
    0.13,
    0.16,
    0.14,
    0.18,
    0.15,
    0.16,
    0.16,
    0.18,
    0.18,
    0.18,
    0.19,
    0.15,
    0.15,
    0.13,
    0.17,
    0.19,
    0.12000000017148957,
    0.17,
    0.19,
    0.18,
    0.19,
    0.18,
    0.19,
    0.19,
    0.19000001185366414,
    0.1999892795342707,
    0.19998923808498864,
    0.19998933605393343,
    0.2,
    0.19,
    0.19,
    0.19,
    0.19000005137605042,
    0.19,
    0.19,
    0.19,
    0.19,
    0.19000002430009647,
    0.19,
    0.2,
    0.19,
    0.19,
    0.2,
    0.19,
    0.19000010136973033,
    0.19,
    0.19979912739600103,
    0.21,
    0.21,
    0.21,
    0.20999203703703703,
    0.2,
    0.2,
    0.2,
    0.2,
    0.2086352961309806,
    0.20669,
    0.2,
    0.2,
    0.19894179894179895,
    0.2,
    0.1992,
    0.17000002964306782,
    0.17,
    0.1798550404652714,
    0.17000000414352637,
    0.18,
    0.1700000033200013,
    0.17000009130017255,
    0.18,
    0.18004540382071185,
    0.1800454038992309,
    0.17000009130017255,
    0.1700000033200013,
    0.1880714,
    0.1700000033200013,
    0.1700001867518255,
    0.17000009130017255,
    0.17000017025768502,
    0.1700000033200013,
    0.17,
    0.16,
    0.16,
    0.16,
    0.16,
    0.15,
    0.15,
    0.16,
    0.16,
    0.16,
    0.16,
    0.1600000988249711,
    0.16,
    0.16,
    0.15000001700002005,
    0.15000000582191936,
    0.15,
    0.15,
    0.15,
    0.15,
    0.15000000185265927,
    0.16,
    0.17,
    0.1600001344002473,
    0.1740235195296094,
    0.15,
    0.15000036956827034,
    0.15,
    0.13,
    0.13000000870001732,
    0.13000000870001732,
    0.13000000870001732,
    0.13000000870001732,
    0.13000000870001732,
    0.13000000870001732,
    0.1500000850003315,
    0.1500000301418536,
    0.15,
    0.15000003541670945,
    0.16000302297625654,
    0.160003022976869,
    0.16000882612688774,
    0.1600088262730564,
    0.21967936518000586,
    0.2196793152612751,
    0.21963866410701605,
    0.2098627322445053,
    0.20986263836867453,
    0.20986269587373552,
    0.21963861064239698,
    0.2196384783457278,
    0.1600718993409227,
    0.1900927076187121,
    0.16001221995926682,
    0.21975008884774483,
    0.21975008473653654,
    0.16,
    0.21982473675053965,
    0.15,
    0.17004210583752422,
    0.21992702448851656,
    0.20971211900194403,
    0.2097121727178479,
    0.20971214236468913,
    0.1600730754693209,
    0.2199269729381429,
    0.29998680830848046,
    0.299986791524491,
    0.15000000512048345,
    0.16,
    0.16,
    0.16,
    0.37999971771409213,
    0.13,
    0.12000001676194436,
    0.5599999370786234,
    0.99,
    0.01,
    0.99,
    0.01
]
