[
    0.01,
    0.01,
    0.01,
    0.01,
    0.01,
    0.01,
    0.01,
    0.01,
    0.02,
    0.02,
    0.02,
    0.01,
    0.01,
    0.01,
    0.01,
    0.01,
    0.01,
    0.01,
    0.01,
    0.02,
    0.02,
    0.02,
    0.02,
    0.02,
    0.03,
    0.03,
    0.03,
    0.03,
    0.03,
    0.08,
    0.04,
    0.06,
    0.06,
    0.1,
    0.06000000094000056,
    0.1,
    0.08,
    0.08,
    0.08,
    0.07,
    0.11,
    0.14,
    0.08,
    0.18,
    0.22,
    0.2,
    0.21,
    0.26,
    0.26,
    0.28,
    0.31,
    0.29000000244586627,
    0.24000009120017146,
    0.24000002598292175,
    0.26,
    0.27,
    0.27,
    0.27,
    0.2600000014800001,
    0.260000000990795,
    0.27000000038929667,
    0.32,
    0.39,
    0.39,
    0.37,
    0.35,
    0.37,
    0.38,
    0.3799999950599998,
    0.38,
    0.39,
    0.4,
    0.43,
    0.44999999549999997,
    0.3800000372000052,
    0.38,
    0.39000000061000006,
    0.3800000018600001,
    0.42,
    0.42,
    0.4200000139200011,
    0.41999998991999926,
    0.34999999754999994,
    0.34005,
    0.3400000046200002,
    0.34,
    0.3000000070000006,
    0.29,
    0.29,
    0.25,
    0.25,
    0.25,
    0.2200000158823562,
    0.25,
    0.36,
    0.3,
    0.3,
    0.3,
    0.38,
    0.38,
    0.38,
    0.34,
    0.32,
    0.32,
    0.32000002720000437,
    0.33,
    0.36,
    0.37999999635199994,
    0.46,
    0.42,
    0.43,
    0.4299999987386667,
    0.43,
    0.4300001767002986,
    0.43,
    0.43,
    0.43,
    0.42,
    0.41,
    0.37,
    0.37,
    0.34,
    0.36,
    0.34,
    0.34,
    0.37,
    0.3399999788401681,
    0.3346,
    0.36,
    0.36,
    0.36,
    0.44,
    0.44,
    0.47,
    0.44,
    0.42,
    0.42,
    0.45,
    0.44,
    0.45000001925000127,
    0.46,
    0.4300000074100003,
    0.43000000342000033,
    0.4420866489832007,
    0.43,
    0.43,
    0.41000000531000047,
    0.42,
    0.44,
    0.45,
    0.46,
    0.45,
    0.46,
    0.47,
    0.46,
    0.4599997607998852,
    0.46,
    0.4400000224000036,
    0.46,
    0.4600000004928694,
    0.5,
    0.5,
    0.47,
    0.4700000100700008,
    0.46000000194400004,
    0.46,
    0.46,
    0.4300001767002986,
    0.44,
    0.44,
    0.44,
    0.5,
    0.5,
    0.5,
    0.53,
    0.53,
    0.55,
    0.55,
    0.55,
    0.56,
    0.56,
    0.56,
    0.5599999919359998,
    0.54,
    0.5300000012051205,
    0.5400001150000288,
    0.58,
    0.59,
    0.59,
    0.5400000003864649,
    0.57,
    0.56,
    0.5499999214285546,
    0.56,
    0.56,
    0.57,
    0.56,
    0.59,
    0.5798290095549461,
    0.54,
    0.54,
    0.54,
    0.5799998230507815,
    0.5799998230507815,
    0.58,
    0.59,
    0.6099999488386975,
    0.6099999488386975,
    0.6099999488386975,
    0.61,
    0.61,
    0.6099999488386975,
    0.6099999488386975,
    0.6099999488386975,
    0.57999993708471,
    0.57999993708471,
    0.56,
    0.56,
    0.5599999921403482,
    0.5599999921403482,
    0.58,
    0.58,
    0.59,
    0.5899999272332938,
    0.5899999272332938,
    0.5899999272332938,
    0.61,
    0.61,
    0.61,
    0.61,
    0.61,
    0.5899999543225695,
    0.62,
    0.5599999613792996,
    0.58,
    0.57,
    0.56,
    0.57999993708471,
    0.57,
    0.59,
    0.59,
    0.59,
    0.59,
    0.5599999316610021,
    0.5799998230507815,
    0.61,
    0.61,
    0.6099999488386975,
    0.59,
    0.62,
    0.62,
    0.64,
    0.64,
    0.62,
    0.62,
    0.64,
    0.64,
    0.64,
    0.6300001369000863,
    0.669999852205828,
    0.63,
    0.63,
    0.63,
    0.63,
    0.63,
    0.6,
    0.6,
    0.59,
    0.59,
    0.59,
    0.59,
    0.59,
    0.5899998111999345,
    0.58,
    0.59,
    0.59,
    0.59,
    0.59,
    0.59,
    0.59,
    0.6,
    0.6,
    0.580000027892722,
    0.59,
    0.59,
    0.59,
    0.61,
    0.61,
    0.61,
    0.59,
    0.59,
    0.56,
    0.59,
    0.54,
    0.54,
    0.5,
    0.53,
    0.53,
    0.53,
    0.53,
    0.5299999823192988,
    0.53,
    0.53,
    0.53,
    0.53,
    0.4900000058211796,
    0.4900000017204459,
    0.4900000152800495,
    0.49,
    0.5200000480000192,
    0.53,
    0.5532011572385542,
    0.53,
    0.53,
    0.53,
    0.53,
    0.53,
    0.53,
    0.53,
    0.52,
    0.52,
    0.52,
    0.52,
    0.52,
    0.53,
    0.52,
    0.52,
    0.52,
    0.51,
    0.52,
    0.52,
    0.52,
    0.52,
    0.52,
    0.52,
    0.52,
    0.52,
    0.52,
    0.5100000034300001,
    0.52,
    0.52,
    0.52,
    0.52,
    0.52,
    0.52,
    0.52,
    0.52,
    0.52,
    0.52,
    0.52,
    0.52,
    0.52,
    0.52,
    0.51,
    0.51,
    0.51,
    0.51,
    0.51,
    0.51,
    0.51,
    0.51,
    0.51,
    0.51,
    0.51,
    0.51,
    0.51,
    0.51,
    0.51,
    0.51,
    0.51,
    0.51,
    0.51,
    0.4800001439446964,
    0.5,
    0.51,
    0.51,
    0.51,
    0.51,
    0.5,
    0.5,
    0.5099999815384602,
    0.5,
    0.5,
    0.5,
    0.4700000100700008,
    0.5,
    0.5,
    0.51,
    0.4800000166400028,
    0.47,
    0.47,
    0.47,
    0.47,
    0.47,
    0.47,
    0.5,
    0.5,
    0.47,
    0.48,
    0.5,
    0.53999997892193,
    0.5,
    0.54,
    0.54,
    0.5200001728001106,
    0.53,
    0.54,
    0.54,
    0.540000001748,
    0.5400000092000001,
    0.54,
    0.5,
    0.5,
    0.4899999982033333,
    0.5,
    0.5399999725090823,
    0.54,
    0.54,
    0.54,
    0.54,
    0.54,
    0.520000019200003,
    0.5200000019200001,
    0.55,
    0.5399999924210501,
    0.5699999826101642,
    0.5699999826101642,
    0.58,
    0.59,
    0.59,
    0.59,
    0.59,
    0.61,
    0.61,
    0.59,
    0.59,
    0.59,
    0.59,
    0.63,
    0.63,
    0.64,
    0.64,
    0.64,
    0.65,
    0.65,
    0.65,
    0.65,
    0.677836628244734,
    0.62,
    0.62,
    0.62,
    0.62,
    0.62,
    0.62,
    0.61,
    0.61,
    0.62,
    0.62,
    0.62,
    0.65,
    0.62,
    0.65,
    0.65,
    0.65,
    0.65,
    0.7,
    0.7,
    0.7,
    0.7,
    0.65,
    0.66,
    0.68,
    0.66,
    0.66,
    0.66,
    0.66,
    0.66,
    0.66,
    0.66,
    0.66,
    0.66,
    0.66,
    0.65,
    0.65,
    0.65,
    0.63,
    0.6199999448888763,
    0.6267847826086956,
    0.63,
    0.6400000792000222,
    0.65,
    0.61,
    0.6,
    0.57,
    0.6,
    0.57,
    0.53,
    0.53,
    0.5300000084600007,
    0.57,
    0.5699999488965387,
    0.5399999725090823,
    0.5399999305714127,
    0.55,
    0.51,
    0.4700000274814902,
    0.47,
    0.46,
    0.47,
    0.47,
    0.47,
    0.4700000116600003,
    0.47,
    0.4600000274909177,
    0.43,
    0.43000009405007855,
    0.47,
    0.48,
    0.47,
    0.49,
    0.48,
    0.48000000784905944,
    0.47000012513903316,
    0.49,
    0.48,
    0.48999998039999687,
    0.47,
    0.47,
    0.47,
    0.47,
    0.47,
    0.47,
    0.47,
    0.4700001524659184,
    0.4700001508462269,
    0.47,
    0.4899999684999795,
    0.47,
    0.47,
    0.47,
    0.5148786723853248,
    0.47,
    0.4700001219000939,
    0.47,
    0.47,
    0.47,
    0.46,
    0.47,
    0.47,
    0.47,
    0.48,
    0.440000013413176,
    0.44,
    0.44,
    0.44,
    0.44,
    0.42000001015488264,
    0.46,
    0.49,
    0.48,
    0.49,
    0.48,
    0.51,
    0.5100000094613829,
    0.51,
    0.49,
    0.49,
    0.46,
    0.5194296710511689,
    0.4700000061322316,
    0.5,
    0.5,
    0.5,
    0.48,
    0.48,
    0.5,
    0.51,
    0.51,
    0.51,
    0.5,
    0.5,
    0.51,
    0.49,
    0.49,
    0.46,
    0.46,
    0.46,
    0.46,
    0.46,
    0.4600000345600047,
    0.46,
    0.46,
    0.46,
    0.46000001188000034,
    0.46,
    0.46,
    0.46,
    0.46,
    0.46,
    0.46,
    0.46,
    0.4799999827199989,
    0.46,
    0.4300000082080002,
    0.4300000128856397,
    0.43,
    0.43,
    0.4300001681969474,
    0.43,
    0.4200000017400001,
    0.42999999741999995,
    0.39,
    0.43,
    0.42,
    0.42,
    0.42000000603200016,
    0.45,
    0.4500000785714454,
    0.45,
    0.45,
    0.44,
    0.44,
    0.44,
    0.44,
    0.44,
    0.45,
    0.4400000224000036,
    0.44,
    0.44,
    0.44,
    0.44,
    0.44,
    0.44,
    0.44,
    0.44,
    0.44,
    0.44,
    0.44,
    0.44,
    0.44,
    0.42,
    0.4200001740002958,
    0.45,
    0.5,
    0.52,
    0.52,
    0.53,
    0.54,
    0.54,
    0.55,
    0.55,
    0.5399999654399953,
    0.57,
    0.55,
    0.56,
    0.55,
    0.56,
    0.56,
    0.56,
    0.5599999613792996,
    0.58,
    0.58,
    0.58,
    0.5942006016295376,
    0.52,
    0.52,
    0.52,
    0.51,
    0.48,
    0.45,
    0.4400001568001129,
    0.45,
    0.4,
    0.42,
    0.42,
    0.49,
    0.49,
    0.52,
    0.5130287538644951,
    0.5,
    0.49,
    0.4900000089250003,
    0.49,
    0.4900000204000033,
    0.49,
    0.49,
    0.49,
    0.49,
    0.49,
    0.49,
    0.49,
    0.5,
    0.49,
    0.51,
    0.51,
    0.4900001683001128,
    0.51,
    0.49,
    0.51,
    0.51,
    0.51,
    0.49,
    0.51,
    0.51,
    0.51,
    0.53,
    0.53,
    0.53,
    0.52,
    0.53,
    0.53,
    0.53,
    0.53,
    0.53,
    0.5199999921509405,
    0.5299999725185097,
    0.5331234184738192,
    0.53,
    0.5299999650199954,
    0.5299999725185097,
    0.54,
    0.54,
    0.56,
    0.56,
    0.52,
    0.56,
    0.56,
    0.57,
    0.57,
    0.57,
    0.57,
    0.57,
    0.57,
    0.57,
    0.57,
    0.57,
    0.57,
    0.57,
    0.57,
    0.5699999881126163,
    0.5699999826101642,
    0.59,
    0.58,
    0.57,
    0.61,
    0.57,
    0.5699998251999371,
    0.6,
    0.5900000090200007,
    0.6301119871131311,
    0.63,
    0.629999981099993,
    0.6299999881874928,
    0.63,
    0.6299922928709056,
    0.6495806248689453,
    0.64,
    0.6300001369000863,
    0.6300000041481346,
    0.64,
    0.63,
    0.63,
    0.63,
    0.63,
    0.63,
    0.63,
    0.63,
    0.63,
    0.63,
    0.63,
    0.63,
    0.63,
    0.62,
    0.6199999997809187,
    0.6100000035657144,
    0.62,
    0.61,
    0.61,
    0.6100000226200032,
    0.6100001521000927,
    0.61,
    0.61,
    0.61,
    0.61,
    0.61,
    0.61,
    0.62,
    0.62,
    0.6199999627999948,
    0.61,
    0.6100001521000927,
    0.62,
    0.6100001521000927,
    0.6100031426015906,
    0.6199998511998869,
    0.62,
    0.62,
    0.62,
    0.62,
    0.62,
    0.62,
    0.6200000988000731,
    0.62,
    0.6316521739130435,
    0.6299999047057366,
    0.6299999866999988,
    0.6299999896499995,
    0.62,
    0.62,
    0.6299997920384998,
    0.62,
    0.6200000889930336,
    0.6200000434285803,
    0.629999996703009,
    0.6299999907579441,
    0.62,
    0.62,
    0.62,
    0.62,
    0.62,
    0.62,
    0.62,
    0.62,
    0.62,
    0.62,
    0.62,
    0.62,
    0.62,
    0.6299982989875826,
    0.6200000532000192,
    0.63,
    0.63,
    0.63,
    0.63,
    0.63,
    0.63,
    0.64,
    0.63,
    0.64,
    0.64,
    0.64,
    0.64,
    0.64,
    0.64,
    0.64,
    0.64,
    0.64,
    0.64,
    0.64,
    0.64,
    0.64,
    0.64,
    0.6499998869563448,
    0.6499998720471686,
    0.64,
    0.64,
    0.64,
    0.64,
    0.64,
    0.64,
    0.6499999514925264,
    0.65,
    0.65,
    0.65,
    0.65,
    0.6499999934999994,
    0.65,
    0.65,
    0.65,
    0.64,
    0.64,
    0.64,
    0.65,
    0.6499998522724922,
    0.65,
    0.64,
    0.65,
    0.64,
    0.64,
    0.64,
    0.64,
    0.63,
    0.63,
    0.64,
    0.64,
    0.64,
    0.64,
    0.64,
    0.64,
    0.64,
    0.64,
    0.64,
    0.64,
    0.63,
    0.62,
    0.62,
    0.62,
    0.6301987031155002,
    0.6398525938976913,
    0.6301987582512754,
    0.6398525943362312,
    0.6301987009597602,
    0.6399546870574908,
    0.630042520576576,
    0.6421812281503723,
    0.6300424693641682,
    0.64,
    0.6303204936958546,
    0.6303204219081521,
    0.630320387024519,
    0.62,
    0.6200000036391702,
    0.62,
    0.63,
    0.64,
    0.6300741187735144,
    0.6300741294184733,
    0.64,
    0.63,
    0.630042463051542,
    0.63,
    0.6300424612740652,
    0.64,
    0.6300424601313824,
    0.6300426066646397,
    0.64,
    0.63,
    0.63,
    0.63,
    0.63,
    0.63,
    0.63,
    0.629999940805335,
    0.63,
    0.63,
    0.63,
    0.6299999314285323,
    0.629999901719976,
    0.6299995972127119,
    0.629999901719976,
    0.6299999857499996,
    0.62,
    0.62,
    0.63,
    0.63,
    0.629999901719976,
    0.6299999453999683,
    0.629999948339994,
    0.63,
    0.6200000532000192,
    0.629999973421872,
    0.6299999987011718,
    0.6299989037975225,
    0.62999957999958,
    0.62,
    0.63,
    0.6300923566226925,
    0.6300923658091115,
    0.6300902622350295,
    0.6300901380965546,
    0.630090251202019,
    0.6299144602851324,
    0.63,
    0.64,
    0.6301155127680724,
    0.630115594435311,
    0.6301155354860551,
    0.6299271134370024,
    0.63,
    0.63,
    0.63,
    0.63,
    0.64,
    0.64,
    0.64,
    0.6300000339166693,
    0.64,
    0.64,
    0.6300000727666766,
    0.64,
    0.6300019610092168,
    0.6300000325600037,
    0.64,
    0.6300001369000863,
    0.64,
    0.6300000229400009,
    0.6300000044082937,
    0.63,
    0.63,
    0.6463159969752397,
    0.63,
    0.6300003596205023,
    0.63,
    0.64,
    0.64,
    0.64,
    0.64,
    0.64,
    0.64,
    0.6300001369000863,
    0.64,
    0.64,
    0.64,
    0.64,
    0.63,
    0.63,
    0.64,
    0.63,
    0.6300000048466454,
    0.64,
    0.64,
    0.64,
    0.64,
    0.6300000138466261,
    0.63,
    0.6300000974850626,
    0.63,
    0.64,
    0.63,
    0.63,
    0.63,
    0.64,
    0.64,
    0.64,
    0.64,
    0.65,
    0.64,
    0.6402514975180339,
    0.6402514919063491,
    0.6402515422407554,
    0.64015460483116,
    0.6401545883990561,
    0.6399883720930233,
    0.6498967617207139,
    0.6400499075470653,
    0.6498967619000945,
    0.6400498868416573,
    0.6402,
    0.64,
    0.64,
    0.64,
    0.64,
    0.6300001369000863,
    0.64,
    0.64,
    0.64,
    0.64,
    0.64,
    0.64,
    0.64,
    0.6499999991672538,
    0.65,
    0.65,
    0.65,
    0.65,
    0.65,
    0.65,
    0.65,
    0.65,
    0.65,
    0.65,
    0.65,
    0.65,
    0.65,
    0.65,
    0.65,
    0.65,
    0.65,
    0.65,
    0.65,
    0.66,
    0.650002187513672,
    0.6599978549801586,
    0.6599999603999865,
    0.650000070000021,
    0.6500001225000797,
    0.65,
    0.6499994583292708,
    0.64,
    0.6499302030456853,
    0.65,
    0.64,
    0.64,
    0.64,
    0.64,
    0.6300001252308232,
    0.63,
    0.6300001252308232,
    0.64,
    0.63,
    0.6300024122073253,
    0.63,
    0.63,
    0.63,
    0.6300001645825241,
    0.63,
    0.63,
    0.64,
    0.64,
    0.64,
    0.63,
    0.63,
    0.64,
    0.63,
    0.63,
    0.64,
    0.64,
    0.64,
    0.64,
    0.6400768514196937,
    0.6400768010466755,
    0.64,
    0.6400334741905807,
    0.6401575966028975,
    0.6401576568995221,
    0.6401576056822619,
    0.63,
    0.63,
    0.639882664536965,
    0.6401674371149942,
    0.640167455887221,
    0.6300001620661787,
    0.6499999024999659,
    0.64,
    0.64,
    0.6499799756107438,
    0.6400707311649338,
    0.6400707049142343,
    0.6400707009037259,
    0.64,
    0.64,
    0.63,
    0.63,
    0.6300000027460643,
    0.63,
    0.6300001369000863,
    0.64,
    0.63,
    0.63,
    0.63,
    0.63,
    0.63,
    0.62,
    0.6299999914949993,
    0.6200000049400002,
    0.6200006080020672,
    0.62,
    0.629999901719976,
    0.62,
    0.6202357878470698,
    0.6202358607075821,
    0.6202357815512325,
    0.619924892625773,
    0.6199248924762029,
    0.6200614931901345,
    0.6200615024181791,
    0.6299999914949993,
    0.6199196787148594,
    0.6200079638626655,
    0.6200079525286262,
    0.6200080702768137,
    0.6199283453451812,
    0.6199283472330211,
    0.61,
    0.6199432785025525,
    0.6201907975980268,
    0.6290924806345317,
    0.6,
    0.6,
    0.6,
    0.6,
    0.6,
    0.6,
    0.6,
    0.6,
    0.6,
    0.59,
    0.5999548702519745,
    0.6,
    0.59,
    0.6100849685242348,
    0.6102529871282726,
    0.6101126225326687,
    0.6,
    0.59,
    0.6100482851656444,
    0.6001504968114909,
    0.6001504656139842,
    0.5900000281545106,
    0.6,
    0.6,
    0.6101686412658557,
    0.6101686348450587,
    0.6001090193287524,
    0.6001091051220457,
    0.6001090972979842,
    0.59,
    0.59,
    0.59,
    0.61,
    0.6098465951336733,
    0.609846594240599,
    0.6098465954463942,
    0.59,
    0.6,
    0.590000009815322,
    0.6,
    0.6,
    0.5900000164000027,
    0.5900000090200007,
    0.600019126718879,
    0.6000191080334315,
    0.6000191855333838,
    0.5900000164000027,
    0.6,
    0.6099999959333327,
    0.6099999389999654,
    0.61,
    0.609999859699892,
    0.6,
    0.6,
    0.6,
    0.6,
    0.609999859699892,
    0.6,
    0.6,
    0.6,
    0.6177534548729583,
    0.6000033021312469,
    0.6000033558351078,
    0.600052776688235,
    0.6000528113357013,
    0.5999999759999961,
    0.6000148476963902,
    0.6000148591653938,
    0.5800001764001023,
    0.59,
    0.58,
    0.58,
    0.590135367498827,
    0.5901355244034218,
    0.5902310663807256,
    0.5902310410651352,
    0.58,
    0.5800000635000934,
    0.59,
    0.59,
    0.59,
    0.59,
    0.59,
    0.58,
    0.579985559566787,
    0.5799855594732388,
    0.5799855595295168,
    0.5799854227028993,
    0.5799854220424238,
    0.5800001764001023,
    0.53,
    0.61,
    0.6199998649503907,
    0.61999999752,
    0.5300000136921498,
    0.55,
    0.619999968999986,
    0.6199998511998869,
    0.6098755182909138,
    0.6098755166076791,
    0.5998984272514689,
    0.570056360053623,
    0.619999986359999,
    0.6298110409046608,
    0.52,
    0.52,
    0.5300955413206011,
    0.530095592976751,
    0.5501465221638323,
    0.5501465183170906,
    0.5601086143252894,
    0.5601086496757864,
    0.5601086154488849,
    0.6099872481509819,
    0.5501483834555552,
    0.649999293475957,
    0.65,
    0.47,
    0.4600006545466446,
    0.6499995357129592,
    0.6899993099944173,
    0.43000042470723143,
    0.7599594409508243,
    0.7599594411769948,
    0.789999871020166,
    0.01,
    0.01
]
