[
    0.001,
    0.001,
    0.001,
    0.001,
    0.001,
    0.001,
    0.002,
    0.002,
    0.004166666666666667,
    0.002,
    0.002,
    0.002,
    0.002,
    0.006,
    0.003,
    0.007,
    0.006,
    0.007,
    0.006000000007646156,
    0.006000000009538204,
    0.008,
    0.008,
    0.008,
    0.027276896356335147,
    0.008,
    0.01,
    0.007,
    0.0070000000010749545,
    0.007,
    0.007,
    0.006,
    0.0060000001924032835,
    0.025708895821162633,
    0.02,
    0.02,
    0.02,
    0.02,
    0.02,
    0.02,
    0.02,
    0.02,
    0.02,
    0.02,
    0.017648,
    0.002,
    0.004,
    0.016,
    0.01990049751243781,
    0.01,
    0.02999,
    0.02,
    0.01,
    0.02,
    0.02,
    0.03,
    0.03,
    0.04,
    0.053109538422997433,
    0.05,
    0.03,
    0.03,
    0.03,
    0.04,
    0.05,
    0.05,
    0.04,
    0.04,
    0.04,
    0.06,
    0.059999986499999665,
    0.07000000008830232,
    0.09789525208027411,
    0.07000000139500034,
    0.1,
    0.11,
    0.10999998151999942,
    0.10423377020981157,
    0.14999999399999994,
    0.0900000052500025,
    0.1,
    0.1,
    0.1,
    0.1,
    0.09,
    0.09,
    0.08999998451999956,
    0.09,
    0.09,
    0.08,
    0.08,
    0.08,
    0.08,
    0.08,
    0.08,
    0.08,
    0.08,
    0.08,
    0.08,
    0.08,
    0.08,
    0.08,
    0.08,
    0.06000000094000056,
    0.07,
    0.07000000930010221,
    0.08,
    0.07,
    0.07,
    0.08,
    0.05,
    0.05,
    0.05,
    0.060000000188018814,
    0.08417508417508418,
    0.07,
    0.07,
    0.06999993629999426,
    0.06999997535999881,
    0.06,
    0.06,
    0.05999999928311688,
    0.06,
    0.05,
    0.05,
    0.07,
    0.05,
    0.06,
    0.05,
    0.05,
    0.05,
    0.05,
    0.05,
    0.05,
    0.05,
    0.05,
    0.05,
    0.05,
    0.05,
    0.05,
    0.06999993629999426,
    0.0699999993309786,
    0.06999998739999974,
    0.06,
    0.06000000188000263,
    0.06539672037536089,
    0.06,
    0.06,
    0.06,
    0.06,
    0.06,
    0.05999998895999983,
    0.05,
    0.05,
    0.05,
    0.06,
    0.05,
    0.06,
    0.05,
    0.0699999994984252,
    0.06000000028923078,
    0.06000000003491179,
    0.07,
    0.06999993629999426,
    0.06,
    0.06,
    0.06999876799704319,
    0.07,
    0.06999999390999992,
    0.060000037600487305,
    0.06000000188000263,
    0.06,
    0.06,
    0.06000000006266667,
    0.06,
    0.06000000009510801,
    0.07,
    0.060000003760011265,
    0.06,
    0.06,
    0.06,
    0.06,
    0.06,
    0.06,
    0.06,
    0.06,
    0.06,
    0.06,
    0.06000000008053172,
    0.06,
    0.06,
    0.060000037600487305,
    0.06,
    0.07,
    0.06,
    0.06,
    0.07,
    0.06,
    0.0600000000148552,
    0.06000000001264656,
    0.07,
    0.06000013428857271,
    0.08,
    0.060000000335924245,
    0.060000000120327704,
    0.08,
    0.06000000686133886,
    0.06000000188000263,
    0.08,
    0.06000025067996942,
    0.07,
    0.06999997969999912,
    0.06,
    0.06999999641764704,
    0.07,
    0.060000037600487305,
    0.06999996884999829,
    0.06,
    0.0699999941454545,
    0.06,
    0.06,
    0.06,
    0.06,
    0.069999997424,
    0.060000003760011265,
    0.07,
    0.07,
    0.07,
    0.07,
    0.07,
    0.06,
    0.06000013428857271,
    0.060000062669795975,
    0.06999997969999912,
    0.06999999390999992,
    0.07,
    0.07,
    0.07,
    0.07,
    0.07,
    0.07,
    0.07,
    0.07,
    0.07,
    0.07,
    0.07,
    0.07,
    0.07000001116000433,
    0.07000001116000433,
    0.07,
    0.07000027901526214,
    0.08,
    0.07000001860008333,
    0.07000001860008333,
    0.07000001860008333,
    0.07000001860008333,
    0.0700000143077141,
    0.07,
    0.07,
    0.07000000930010221,
    0.07000000930010221,
    0.07000000930010221,
    0.08,
    0.07000000930010221,
    0.07000001116000433,
    0.07000000062584136,
    0.07000000465000138,
    0.08,
    0.08,
    0.07000000029035282,
    0.07000000308970304,
    0.07000031001023034,
    0.07000000238359685,
    0.08,
    0.08,
    0.08999999949636586,
    0.08,
    0.08,
    0.08,
    0.08,
    0.08,
    0.08,
    0.08,
    0.08,
    0.08,
    0.08,
    0.08,
    0.08,
    0.07,
    0.07,
    0.07,
    0.07000000078326792,
    0.07000000027900002,
    0.07000025365474208,
    0.07000000160160835,
    0.07000000031991752,
    0.07000001116000433,
    0.07000000697500693,
    0.07000000095156922,
    0.07000000492932903,
    0.07000001116000433,
    0.08,
    0.07000000176269941,
    0.08,
    0.07000001116000433,
    0.07000000058016227,
    0.07000000465000138,
    0.07000000465000138,
    0.07000031001023034,
    0.08,
    0.07000000095111489,
    0.07000000465000138,
    0.07000000103333358,
    0.07000000465000138,
    0.07000000009343932,
    0.07,
    0.07,
    0.07,
    0.07000001116000433,
    0.07000000930010221,
    0.07,
    0.07,
    0.07,
    0.07000000330177533,
    0.07000000465000138,
    0.07000000930010221,
    0.07000000465000138,
    0.07,
    0.07000000093336023,
    0.07000000016651747,
    0.07000000123505984,
    0.07000001116000433,
    0.07000000016168291,
    0.07000000065980874,
    0.07000000058638105,
    0.07000000074021015,
    0.07000000045982704,
    0.07000000008086957,
    0.07000000072798446,
    0.08,
    0.0899999189999919,
    0.08,
    0.07000001116000433,
    0.07000000022794123,
    0.07000000190965171,
    0.07000000027900002,
    0.07000000031000007,
    0.07000000127688802,
    0.09,
    0.07000001860008333,
    0.07,
    0.07000000128690076,
    0.07000001116000433,
    0.0899999189999919,
    0.07000000930010221,
    0.07000000257922276,
    0.08999990662498016,
    0.08,
    0.08,
    0.08,
    0.08,
    0.08,
    0.08,
    0.08000000368000108,
    0.08000000122666699,
    0.08000000060101267,
    0.08,
    0.0899999923775509,
    0.08,
    0.09,
    0.08,
    0.09,
    0.08999999189999992,
    0.08,
    0.09,
    0.08,
    0.08,
    0.08,
    0.08,
    0.08,
    0.08,
    0.08,
    0.08,
    0.09,
    0.08,
    0.08,
    0.09,
    0.08,
    0.09,
    0.08,
    0.08000000147200005,
    0.08,
    0.09,
    0.08,
    0.08,
    0.09,
    0.08,
    0.09,
    0.08,
    0.08,
    0.09,
    0.08000007666697972,
    0.08,
    0.08,
    0.09,
    0.08,
    0.09,
    0.08,
    0.09,
    0.0899999189999919,
    0.08,
    0.09,
    0.08,
    0.09,
    0.08,
    0.09,
    0.08,
    0.09,
    0.08,
    0.08,
    0.08000001226669512,
    0.08,
    0.09,
    0.08,
    0.08,
    0.09,
    0.08,
    0.08000000368000108,
    0.08,
    0.08000000037551021,
    0.08,
    0.08,
    0.08,
    0.08,
    0.08000001840000884,
    0.08,
    0.08,
    0.08,
    0.08,
    0.08,
    0.08,
    0.08,
    0.08999918999919,
    0.08,
    0.08,
    0.08,
    0.09,
    0.09,
    0.09,
    0.08999999804249999,
    0.08000000061333337,
    0.08,
    0.08,
    0.08000004433793487,
    0.08,
    0.08000000525714883,
    0.08,
    0.08,
    0.08999998451999956,
    0.08,
    0.08000006456173878,
    0.0899999599499978,
    0.08000001226669512,
    0.08000000214367305,
    0.08,
    0.08,
    0.08000001840000884,
    0.08,
    0.08000000031428817,
    0.08,
    0.08,
    0.08,
    0.08,
    0.08,
    0.08,
    0.1,
    0.1,
    0.07,
    0.1,
    0.1,
    0.07000027901526214,
    0.07000000697500693,
    0.07,
    0.06000000053857717,
    0.07,
    0.07,
    0.07000006642885138,
    0.08,
    0.08,
    0.08,
    0.08,
    0.08,
    0.08,
    0.08,
    0.08000000127821308,
    0.09,
    0.09000045500735596,
    0.09,
    0.09,
    0.09000072801397786,
    0.1,
    0.09,
    0.09000072801397786,
    0.09000072801397786,
    0.09000000045500023,
    0.09,
    0.1,
    0.1,
    0.08000001840000884,
    0.09,
    0.09,
    0.1,
    0.09,
    0.0900000019498837,
    0.09,
    0.09,
    0.090000001590328,
    0.09,
    0.09000000060666687,
    0.09,
    0.09,
    0.09,
    0.09,
    0.09,
    0.09000011375140768,
    0.09,
    0.09,
    0.1,
    0.0900000295135285,
    0.09000000028623105,
    0.1,
    0.09,
    0.0900000008272728,
    0.09,
    0.09,
    0.09000000288889094,
    0.09,
    0.09,
    0.0900000009538789,
    0.09,
    0.1,
    0.09000000065000019,
    0.09,
    0.08000001226669512,
    0.09,
    0.09,
    0.09,
    0.09,
    0.1,
    0.09,
    0.09,
    0.09,
    0.08,
    0.08,
    0.08,
    0.08,
    0.08,
    0.08,
    0.09,
    0.09,
    0.09,
    0.09,
    0.09,
    0.08,
    0.08,
    0.08,
    0.08,
    0.08,
    0.08,
    0.08,
    0.08,
    0.07547169811320754,
    0.05,
    0.05,
    0.07,
    0.07000000930010221,
    0.08,
    0.07,
    0.06,
    0.06000000037600005,
    0.060000037600487305,
    0.17,
    0.06000000173470197,
    0.07,
    0.17,
    0.060000003760011265,
    0.17652916970914478,
    0.06000000940000696,
    0.060000003760011265,
    0.04,
    0.05,
    0.06,
    0.05,
    0.06000007094513104,
    0.06,
    0.05
]
