[
    0.999,
    0.999,
    0.999,
    0.999,
    0.999,
    0.999,
    0.999,
    0.999,
    0.999,
    0.999,
    0.999,
    0.999,
    0.999,
    0.999,
    0.999,
    0.999,
    0.999,
    0.999,
    0.998,
    0.998,
    0.998999999112942,
    0.998,
    0.998,
    0.996,
    0.995,
    0.998,
    0.998,
    0.997,
    0.998,
    0.9980722357057703,
    0.9930069907848745,
    0.993,
    0.9939999999923539,
    0.9939999999904618,
    0.992,
    0.97,
    0.9904781191964168,
    0.9929999999989251,
    0.993,
    0.9938061237396405,
    0.981,
    0.981,
    0.985,
    0.9977184114684797,
    0.995,
    0.981,
    0.981,
    0.99,
    0.981,
    0.971,
    0.9831181713211588,
    0.97,
    0.97,
    0.92,
    0.9680294117647059,
    0.9596296296296296,
    0.94,
    0.9299999999116977,
    0.9299999986049996,
    0.89,
    0.9,
    0.8900000249691133,
    0.9099999947499975,
    0.9,
    0.9,
    0.9,
    0.9,
    0.9,
    0.9,
    0.9,
    0.92,
    0.9399999990599994,
    0.93,
    0.9299999906998978,
    0.93,
    0.9399999998119812,
    0.93,
    0.91,
    0.93,
    0.93,
    0.9300000637000058,
    0.9300000246400012,
    0.94,
    0.95,
    0.93,
    0.949749241122139,
    0.95,
    0.9300000637000058,
    0.9300000006690214,
    0.9300000126000002,
    0.94,
    0.9399999981199973,
    0.9300000020980177,
    0.95,
    0.95,
    0.95,
    0.95,
    0.9492290141061148,
    0.9300000005133454,
    0.9399999997107692,
    0.9399999999650882,
    0.94,
    0.94,
    0.9399999623995127,
    0.9399999981199973,
    0.94,
    0.9399999999373333,
    0.94,
    0.939999999904892,
    0.9399999962399888,
    0.939999999974034,
    0.94,
    0.9399999623995127,
    0.94,
    0.94,
    0.94,
    0.94,
    0.9399999999851448,
    0.9399999999873534,
    0.9399998657114272,
    0.92,
    0.9399999996640758,
    0.9399999998796723,
    0.92,
    0.92,
    0.92,
    0.92,
    0.92,
    0.9399999931386611,
    0.9399999981199973,
    0.92,
    0.92,
    0.9399997493200306,
    0.93,
    0.93,
    0.94,
    0.93,
    0.9399999623995127,
    0.9300000311500017,
    0.94,
    0.93,
    0.93,
    0.9300000064723618,
    0.93,
    0.94,
    0.94,
    0.930000002576,
    0.9399999962399888,
    0.93,
    0.93,
    0.93,
    0.93,
    0.93,
    0.94,
    0.9399998657114272,
    0.939999937330204,
    0.9300000203000008,
    0.9300000060900001,
    0.93,
    0.9299999888399957,
    0.9299999888399957,
    0.93,
    0.9299997209847378,
    0.92,
    0.9299999813999167,
    0.9299999813999167,
    0.9299999813999167,
    0.9299999813999167,
    0.9299999856922859,
    0.93,
    0.9299999906998978,
    0.9299999906998978,
    0.9299999906998978,
    0.92,
    0.92,
    0.92,
    0.92,
    0.9299999906998978,
    0.9299999888399957,
    0.9299999993741587,
    0.9299999953499987,
    0.92,
    0.92,
    0.9299999997096472,
    0.929999996910297,
    0.9299996899897697,
    0.9283428347342219,
    0.92,
    0.9100000005036342,
    0.92,
    0.92,
    0.92,
    0.92,
    0.92,
    0.92,
    0.92,
    0.92,
    0.92,
    0.92,
    0.92,
    0.92,
    0.92,
    0.92,
    0.92,
    0.92,
    0.92,
    0.92,
    0.92,
    0.92,
    0.93,
    0.93,
    0.93,
    0.929999999216732,
    0.929999999721,
    0.929999746345258,
    0.9299999983983916,
    0.9299999996800825,
    0.9299999888399957,
    0.929999993024993,
    0.9299999990484308,
    0.929999995070671,
    0.9299999888399957,
    0.92,
    0.92,
    0.9299999982373006,
    0.92,
    0.9299999888399957,
    0.9299999994198377,
    0.9299999953499987,
    0.9299999953499987,
    0.9299996899897697,
    0.92,
    0.92,
    0.92,
    0.9299999990488851,
    0.9299999953499987,
    0.9299999989666664,
    0.9299999953499987,
    0.9299999999853581,
    0.93,
    0.9299999888399957,
    0.9299999906998978,
    0.93,
    0.93,
    0.93,
    0.9299999966982246,
    0.9299999953499987,
    0.9299999906998978,
    0.9299999953499987,
    0.93,
    0.9299999990666398,
    0.9299999998334825,
    0.9299999987649401,
    0.9299999888399957,
    0.929999999838317,
    0.9299999993401913,
    0.929999999413619,
    0.9299999992597898,
    0.929999999540173,
    0.9299999999191304,
    0.9299999992720155,
    0.92,
    0.9100000810000081,
    0.92,
    0.92,
    0.9299999888399957,
    0.9299999997720587,
    0.9299999980903483,
    0.929999999721,
    0.9299999996899999,
    0.929999998723112,
    0.91,
    0.9299999813999167,
    0.93,
    0.9299999987130992,
    0.9299999888399957,
    0.9100000810000081,
    0.9299999906998978,
    0.9299999986770977,
    0.9299997116995128,
    0.91,
    0.91,
    0.9299999951456042,
    0.9299999750759986,
    0.9299998158599628,
    0.93,
    0.929999983266239,
    0.9100000933750199,
    0.9291140647547301,
    0.92,
    0.92,
    0.92,
    0.919999996319999,
    0.919999998773333,
    0.9199999993989874,
    0.92,
    0.9100000076224491,
    0.92,
    0.91,
    0.92,
    0.91,
    0.9100000081,
    0.92,
    0.91,
    0.92,
    0.9299973694209803,
    0.9299999153699908,
    0.92,
    0.91,
    0.92,
    0.92,
    0.91,
    0.92,
    0.91,
    0.92,
    0.919999998528,
    0.92,
    0.91,
    0.92,
    0.92,
    0.91,
    0.92,
    0.91,
    0.92,
    0.91,
    0.9199999233330203,
    0.92,
    0.92,
    0.91,
    0.92,
    0.91,
    0.92,
    0.91,
    0.9100000810000081,
    0.92,
    0.91,
    0.92,
    0.91,
    0.92,
    0.91,
    0.92,
    0.91,
    0.92,
    0.92,
    0.9199999877333048,
    0.92,
    0.91,
    0.92,
    0.92,
    0.91,
    0.92,
    0.919999996319999,
    0.92,
    0.9199999996244898,
    0.92,
    0.92,
    0.91,
    0.92,
    0.92,
    0.9199999815999912,
    0.92,
    0.92,
    0.92,
    0.92,
    0.92,
    0.92,
    0.92,
    0.91000081000081,
    0.92,
    0.92,
    0.92,
    0.91,
    0.91,
    0.91,
    0.91,
    0.910000010222733,
    0.9199999993866667,
    0.92,
    0.9199999556620652,
    0.92,
    0.9199999947428512,
    0.92,
    0.9100000154800004,
    0.92,
    0.9199999354382612,
    0.9100000400500022,
    0.9199999877333048,
    0.9199999989437427,
    0.92,
    0.9199999815999912,
    0.92,
    0.9199999996857119,
    0.92,
    0.92,
    0.92,
    0.92,
    0.92,
    0.92,
    0.9,
    0.9,
    0.9299999995815,
    0.9,
    0.9,
    0.9299997209847378,
    0.929999993024993,
    0.91,
    0.9338531700214878,
    0.9299999953499987,
    0.92,
    0.92,
    0.92,
    0.9197341125728843,
    0.91,
    0.92,
    0.9166478079356732,
    0.909999544992644,
    0.91,
    0.9099992719860222,
    0.9,
    0.91,
    0.9099992719860222,
    0.9099992719860222,
    0.9099999995449998,
    0.91,
    0.9,
    0.9,
    0.9199999815999912,
    0.91,
    0.91,
    0.91,
    0.9099999993933331,
    0.91,
    0.9099999995449998,
    0.9099999993933331,
    0.91,
    0.91,
    0.91,
    0.91,
    0.9099998862485923,
    0.91,
    0.91,
    0.9099999704864715,
    0.909999999713769,
    0.91,
    0.9099999991727272,
    0.91,
    0.91,
    0.909999997111109,
    0.91,
    0.91,
    0.909999999046121,
    0.91,
    0.9099999993499999,
    0.9199999877333048,
    0.91,
    0.91,
    0.91,
    0.91,
    0.92,
    0.92,
    0.92,
    0.92,
    0.92,
    0.92,
    0.91,
    0.91,
    0.91,
    0.91,
    0.91,
    0.95,
    0.95,
    0.9299999906998978,
    0.9399999996239999,
    0.9399999623995127,
    0.9143731645099548,
    0.9399999962399888,
    0.820000022231103,
    0.9399999905999931,
    0.9399999962399888,
    0.96,
    0.95,
    0.9490917456385859,
    0.939999929054869,
    0.9405940426428483
]
