[
    0.999,
    0.999,
    0.999,
    0.999,
    0.999,
    0.999,
    0.999,
    0.999,
    0.999,
    0.999,
    0.999,
    0.999,
    0.999,
    0.998,
    0.9989999962371,
    0.998,
    0.998,
    0.9989999509990475,
    0.998999998999002,
    0.999000000999,
    0.998,
    0.998,
    0.9989999509990475,
    0.9989999967436851,
    0.998,
    0.9989999995924268,
    0.9989999996291383,
    0.999,
    0.999,
    0.998,
    0.999,
    0.999,
    0.999,
    0.999,
    0.998,
    0.998,
    0.997,
    0.997,
    0.997,
    0.982,
    0.991,
    0.993,
    0.993,
    0.997,
    0.993,
    0.993,
    0.994,
    0.993,
    0.993,
    0.9969999269198907,
    0.9969999769194482,
    0.9969999953862337,
    0.99,
    0.9969999269198907,
    0.99,
    0.98,
    0.99,
    0.99,
    0.991,
    0.9969999903417311,
    0.9969999435864104,
    0.9969998269207608,
    0.99,
    0.996,
    0.993,
    0.9959999637455941,
    0.9969999269198907,
    0.993,
    0.994,
    0.994,
    0.9929999988083752,
    0.99,
    0.9904124876888409,
    0.9896997260273973,
    0.989,
    0.975,
    0.975,
    0.976,
    0.98299999769978,
    0.9794357820898937,
    0.9699999980599977,
    0.96,
    0.979,
    0.9789999882517417,
    0.95,
    0.971,
    0.971,
    0.971,
    0.971,
    0.98,
    0.98,
    0.98,
    0.99,
    0.98,
    0.97,
    0.97,
    0.9699999980599977,
    0.9699999999598143,
    0.969999833159962,
    0.96,
    0.97,
    0.96,
    0.96,
    0.96,
    0.96,
    0.96,
    0.95,
    0.9699999944237612,
    0.97,
    0.9699999967666662,
    0.96,
    0.9400000110400002,
    0.96,
    0.94,
    0.9483823163918462,
    0.9199999292300942,
    0.9,
    0.9099998835199683,
    0.9099999958139998,
    0.92,
    0.92,
    0.88,
    0.89,
    0.92,
    0.9,
    0.89,
    0.9099999995449998,
    0.9099999315053079,
    0.9102964670653879,
    0.909651081493276,
    0.869999998259999,
    0.8699992374061929,
    0.8774436680001815,
    0.84,
    0.89,
    0.89,
    0.91,
    0.9,
    0.91,
    0.9,
    0.9,
    0.89,
    0.9255535774431025,
    0.89,
    0.87,
    0.85,
    0.85,
    0.85,
    0.85,
    0.85,
    0.85,
    0.85,
    0.84,
    0.85,
    0.8499999659999946,
    0.83,
    0.84,
    0.8399999949599988,
    0.84,
    0.8,
    0.81,
    0.79,
    0.78,
    0.79,
    0.79,
    0.79,
    0.7899999802499955,
    0.79,
    0.79,
    0.79,
    0.7899999802499955,
    0.78,
    0.7600000248275879,
    0.79,
    0.76,
    0.76,
    0.8,
    0.8,
    0.79,
    0.8,
    0.8,
    0.79,
    0.77,
    0.76,
    0.76,
    0.75,
    0.74,
    0.73,
    0.7299999415999852,
    0.69,
    0.64,
    0.65,
    0.64,
    0.65,
    0.64,
    0.65,
    0.65,
    0.65,
    0.65,
    0.65,
    0.65,
    0.65,
    0.65,
    0.65,
    0.65,
    0.65,
    0.65,
    0.65,
    0.65,
    0.65,
    0.65,
    0.65,
    0.6499999934999994,
    0.6499999948541666,
    0.619999986359999,
    0.6,
    0.61,
    0.61,
    0.6,
    0.61,
    0.63,
    0.63,
    0.6299999941398279,
    0.63,
    0.63,
    0.63,
    0.6,
    0.63,
    0.63,
    0.6599999974269005,
    0.6499999409090784,
    0.66,
    0.68,
    0.68,
    0.68,
    0.6969537302172005,
    0.64,
    0.64,
    0.66,
    0.66,
    0.65,
    0.65,
    0.64,
    0.64,
    0.65,
    0.64,
    0.66,
    0.66,
    0.66,
    0.6599999889119997,
    0.6599999953799998,
    0.66,
    0.66,
    0.6599998108656129,
    0.6607863794268461,
    0.6599999408954924,
    0.66,
    0.6599999408954924,
    0.66,
    0.66,
    0.66,
    0.6599999841599988,
    0.6599999408954924,
    0.66,
    0.6641656023235792,
    0.6599999841599988,
    0.66,
    0.66,
    0.66,
    0.66,
    0.66,
    0.66,
    0.6599998108656129,
    0.6599998108656129,
    0.66,
    0.69,
    0.69,
    0.6999999984782608,
    0.68,
    0.68,
    0.67,
    0.65,
    0.6499998829999742,
    0.61,
    0.6099997449567833,
    0.601001,
    0.5700001720001032,
    0.6,
    0.5999999759999961,
    0.5495477406261408,
    0.5399999985599999,
    0.54,
    0.55,
    0.5328258592776927,
    0.5100000036255476,
    0.52,
    0.5200001191724664,
    0.5301239692054072,
    0.5302147400000757,
    0.5302147129916972,
    0.52,
    0.5201089993022485,
    0.5201089857960774,
    0.51,
    0.5399999966676017,
    0.5399999881199997,
    0.5399999947636361,
    0.54,
    0.53,
    0.53,
    0.54,
    0.54,
    0.54,
    0.54,
    0.54,
    0.54,
    0.54,
    0.5499999972499999,
    0.54,
    0.54,
    0.54,
    0.5499999455445059,
    0.55,
    0.55,
    0.55,
    0.55,
    0.55,
    0.55,
    0.5500002884620931,
    0.55,
    0.550000072289174,
    0.5599999688888819,
    0.5599999910399965,
    0.5599999775999964,
    0.55,
    0.55,
    0.55,
    0.55,
    0.55,
    0.55,
    0.55,
    0.55,
    0.55,
    0.55,
    0.55,
    0.55,
    0.55,
    0.55,
    0.55,
    0.55,
    0.5499999966091245,
    0.55,
    0.55,
    0.55,
    0.55,
    0.55,
    0.55,
    0.55,
    0.55,
    0.55,
    0.55,
    0.55,
    0.55,
    0.55,
    0.55,
    0.55,
    0.55,
    0.55,
    0.55,
    0.55,
    0.55,
    0.55,
    0.55,
    0.55,
    0.55,
    0.55,
    0.55,
    0.55,
    0.55,
    0.55,
    0.56,
    0.5600001760003696,
    0.5699999953669613,
    0.5699999937483867,
    0.5699999999164,
    0.56,
    0.5699999555399857,
    0.56,
    0.57,
    0.55,
    0.5601373274606347,
    0.5699999965799997,
    0.5600237289195027,
    0.550000411675106,
    0.5699999969999997,
    0.5600237641999227,
    0.569999999696,
    0.5602477659723528,
    0.57,
    0.5699999049998575,
    0.57,
    0.5699999966939999,
    0.57,
    0.57,
    0.5721819904372081,
    0.5699999966939999,
    0.5699999939199997,
    0.56,
    0.56,
    0.5599243900581726,
    0.5599243901834612,
    0.5599243901438316,
    0.5699999926255706,
    0.5500001132075899,
    0.55,
    0.569999999145,
    0.5699999997054711,
    0.5699999555399857,
    0.56,
    0.5599805131347831,
    0.5599805126560433,
    0.5599805130787693,
    0.5601424921019615,
    0.5601424665847559,
    0.5699999555399857,
    0.5699999966939999,
    0.5699999965799997,
    0.58,
    0.5799999265332937,
    0.57,
    0.57,
    0.57,
    0.5799856979200485,
    0.57,
    0.57,
    0.57,
    0.57,
    0.57,
    0.57,
    0.57,
    0.57,
    0.57,
    0.58,
    0.58,
    0.58,
    0.58,
    0.58,
    0.57,
    0.58,
    0.57,
    0.57,
    0.58,
    0.57,
    0.57,
    0.57,
    0.57,
    0.57,
    0.57,
    0.57,
    0.57,
    0.57,
    0.57,
    0.57,
    0.565906432748538,
    0.57,
    0.57,
    0.57,
    0.57,
    0.5508333333333333,
    0.553985401459854,
    0.54,
    0.54,
    0.53,
    0.54,
    0.54,
    0.54,
    0.54,
    0.54,
    0.54,
    0.5299999839018678,
    0.51,
    0.53,
    0.5299999729466308,
    0.51,
    0.5100000030548633,
    0.51,
    0.5199370910099345,
    0.5199370910136726,
    0.5100000235925943,
    0.5199370910590986,
    0.5199781706931733,
    0.5198492061472761,
    0.51,
    0.5198492055111698,
    0.51,
    0.5198492059575418,
    0.5199708911603913,
    0.5199708911694352,
    0.5198977505112474,
    0.5299999797636334,
    0.51,
    0.51,
    0.51,
    0.5200418424018021,
    0.52,
    0.5199320497902893,
    0.5199320497241359,
    0.5200134023057305,
    0.5299997151244409,
    0.52,
    0.5299999661989732,
    0.52,
    0.52,
    0.52,
    0.52,
    0.51,
    0.52,
    0.51,
    0.52,
    0.5299999996188307,
    0.52,
    0.52,
    0.5198674179618864,
    0.5201499100658069,
    0.5200605440606422,
    0.5200605463044582,
    0.5200085872977719,
    0.5200086016910519,
    0.5200086013465133,
    0.5199823366077405,
    0.5199823361504818,
    0.51,
    0.53,
    0.5200241438266769,
    0.5201386091901519,
    0.5201385729016917,
    0.519981321503619,
    0.5199999833599972,
    0.51,
    0.510000000255029,
    0.51,
    0.5100001715001115,
    0.5201973482028152,
    0.5201973814842988,
    0.5201973721358164,
    0.529978786004911,
    0.5200729348806302,
    0.5200729012814616,
    0.5200728956911848,
    0.5100000186200011,
    0.52,
    0.5299991307979487,
    0.51,
    0.52,
    0.51,
    0.5100000218005512,
    0.5199999833599972,
    0.51,
    0.5255064396420204,
    0.5099729509853773,
    0.5102077930915838,
    0.5,
    0.51,
    0.5100919461394052,
    0.5100918154919047,
    0.5100918389672657,
    0.51,
    0.51,
    0.5135802435531167,
    0.51,
    0.51,
    0.51,
    0.52,
    0.51,
    0.51,
    0.51,
    0.51,
    0.52,
    0.51,
    0.51,
    0.51,
    0.51,
    0.51,
    0.52,
    0.51,
    0.51,
    0.51,
    0.5299999883399997,
    0.52,
    0.52,
    0.52,
    0.52,
    0.52,
    0.52,
    0.52,
    0.52,
    0.52,
    0.5100000027210492,
    0.51,
    0.51,
    0.5199999993882353,
    0.5199993759945087,
    0.5199999986133332,
    0.5100000080500005,
    0.5199999861333291,
    0.5199999243635786,
    0.5100009800078401,
    0.5199993759945087,
    0.5199999701578166,
    0.5100000244281548,
    0.5199999748640419,
    0.51,
    0.5199999843999966,
    0.52,
    0.5199999908479997,
    0.52,
    0.519999989599995,
    0.5100000032133256,
    0.51,
    0.5100003150839699,
    0.52,
    0.5199999782686544,
    0.5199999998336,
    0.519999668405528,
    0.52,
    0.5199997503996207,
    0.5199999984242424,
    0.5199999833599972,
    0.52,
    0.5199999908479997,
    0.52,
    0.5199999861333291,
    0.51,
    0.5100000231132108,
    0.51,
    0.52,
    0.5199999174007053,
    0.52,
    0.52,
    0.52,
    0.51,
    0.52,
    0.52,
    0.52,
    0.52,
    0.52,
    0.52,
    0.52,
    0.52,
    0.52,
    0.52,
    0.52,
    0.52,
    0.52,
    0.52,
    0.52,
    0.52,
    0.52,
    0.53,
    0.53,
    0.53,
    0.53,
    0.53,
    0.53,
    0.53,
    0.53,
    0.53,
    0.53,
    0.53,
    0.53,
    0.53,
    0.53,
    0.53,
    0.53,
    0.5399999855999907,
    0.54,
    0.5399998868570588,
    0.5300001222000904,
    0.54,
    0.53,
    0.53,
    0.5399999909286045,
    0.5399999461495749,
    0.53999997839999,
    0.5399992979974025,
    0.5399999537142802,
    0.5399997119991936,
    0.54,
    0.5399999654399953,
    0.539999849999625,
    0.5399999990742858,
    0.5399997119991936,
    0.5399999995357501,
    0.5399997637493651,
    0.5399999897518243,
    0.5399999902799992,
    0.5399999767622937,
    0.539999869354765,
    0.54,
    0.54,
    0.5399999675999938,
    0.5399999654399953,
    0.54,
    0.5399980559875583,
    0.53,
    0.5399999881199997,
    0.5300001880005515,
    0.54,
    0.54,
    0.54,
    0.5499999559999947,
    0.55,
    0.5499999972499999,
    0.549999559998592,
    0.5499999298469119,
    0.549999947519069,
    0.5400000460000163,
    0.5400000788571669,
    0.5400000643356778,
    0.5499999551630228,
    0.5400000903571655,
    0.55,
    0.5499999384328197,
    0.55,
    0.5499998395832464,
    0.5499999889999995,
    0.5499999807499988,
    0.5499999816666551,
    0.5499999490740474,
    0.5499999633333236,
    0.5400002392001149,
    0.55,
    0.5447639630403962,
    0.54,
    0.53,
    0.53,
    0.53,
    0.5399149265315742,
    0.5399044050145817,
    0.5399043720419959,
    0.53,
    0.53,
    0.5483153118675987,
    0.53,
    0.53,
    0.53,
    0.54,
    0.54,
    0.5399057469440465,
    0.5399057460396733,
    0.5478801420406008,
    0.5399999274857034,
    0.5300001222000904,
    0.5399999963052631,
    0.5399999996914285,
    0.5300001222000904,
    0.5399999881199997,
    0.54,
    0.53,
    0.54,
    0.54,
    0.54,
    0.54,
    0.5399999986499998,
    0.539999994086242,
    0.54,
    0.54,
    0.5399999855999907,
    0.5399999654399953,
    0.5399999654399953,
    0.54,
    0.54,
    0.54,
    0.5399999436521308,
    0.5300000084600007,
    0.5300001222000904,
    0.5399998158137308,
    0.5399999985599999,
    0.5300000297666747,
    0.5300001346629584,
    0.530000158053184,
    0.530000152845603,
    0.5300001446154412,
    0.5300001484211173,
    0.539999835254148,
    0.5399999781080942,
    0.5399999373912663,
    0.5399998564555527,
    0.5399998903124366,
    0.53999997839999,
    0.5300001346629584,
    0.5399999855999907,
    0.530000158053184,
    0.530000152845603,
    0.5300001484211173,
    0.539999835254148,
    0.5300001446154412,
    0.5399999781080942,
    0.5399999373912663,
    0.5399998564555527,
    0.5399998903124366,
    0.5399998265692721,
    0.5399999886857134,
    0.5399999099999468,
    0.5399999543661689,
    0.5399998583605768,
    0.5300000834868822,
    0.5399999825538454,
    0.5399999928947322,
    0.5399997974998951,
    0.53,
    0.5300001903306587,
    0.5300001865080105,
    0.530000199009104,
    0.5399995463985666,
    0.53999978399989,
    0.53999978399989,
    0.5300001156923682,
    0.53999978399989,
    0.5300001185218123,
    0.5300001165600643,
    0.5300001148889459,
    0.5399999459999668,
    0.539999900307634,
    0.5399999855999907,
    0.5399998469999159,
    0.54,
    0.5399999985599999,
    0.5399999221621032,
    0.54,
    0.5399999654399953,
    0.5300001165600643,
    0.5300001148889459,
    0.5300001134483268,
    0.5300001185218123,
    0.53999978399989,
    0.5300001156923682,
    0.5399999459999668,
    0.539999900307634,
    0.5399998469999159,
    0.5399999855999907,
    0.53,
    0.53,
    0.53,
    0.53,
    0.53,
    0.5399992979974025,
    0.5399999453571321,
    0.54,
    0.53,
    0.53,
    0.53,
    0.53,
    0.53,
    0.53,
    0.5399999654399953,
    0.5300001342858678,
    0.5399998741746644,
    0.5399999654399953,
    0.53,
    0.530000043548247,
    0.5399999691428501,
    0.5399999881199997,
    0.54,
    0.5399997265817247,
    0.539999998488,
    0.5399999654399953,
    0.5399980559875583,
    0.5399999902799992,
    0.5300000261967241,
    0.53,
    0.53,
    0.53,
    0.53,
    0.53,
    0.53,
    0.53,
    0.53,
    0.53,
    0.53,
    0.54,
    0.54,
    0.54,
    0.54,
    0.54,
    0.54,
    0.54,
    0.54,
    0.54,
    0.54,
    0.54,
    0.54,
    0.54,
    0.54,
    0.54,
    0.54,
    0.54,
    0.54,
    0.54,
    0.54,
    0.54,
    0.55,
    0.55,
    0.56,
    0.56,
    0.56,
    0.56,
    0.55,
    0.56,
    0.56,
    0.56,
    0.56,
    0.55,
    0.56,
    0.55,
    0.56,
    0.56,
    0.56,
    0.56,
    0.56,
    0.56,
    0.56,
    0.56,
    0.56,
    0.56,
    0.57,
    0.57,
    0.57,
    0.57,
    0.5799798437893676,
    0.58,
    0.5700001269538761,
    0.58,
    0.58,
    0.58,
    0.5841584084383882,
    0.5798845992602838,
    0.5798845998284738,
    0.579884598864513,
    0.5899999542128436,
    0.5801684056781645,
    0.580168392121485,
    0.59,
    0.5899999675499855,
    0.5799558913263516,
    0.5799558913593095,
    0.57,
    0.5699998234512259,
    0.5600001213794163,
    0.5700137108543862,
    0.5700137105284382,
    0.5802328331432475,
    0.5802328274095983,
    0.5700163161804697,
    0.57001630595841,
    0.5700162962383464,
    0.56,
    0.56,
    0.56,
    0.56,
    0.56,
    0.56,
    0.56,
    0.58,
    0.58,
    0.58,
    0.58,
    0.58,
    0.58,
    0.58,
    0.58,
    0.58,
    0.58,
    0.5899999480238017,
    0.5899998465998865,
    0.5700102630562494,
    0.5799241665162034,
    0.5700104206187478,
    0.579924167264275,
    0.5799241670985437,
    0.5700102692668143,
    0.57,
    0.56,
    0.57,
    0.57,
    0.57,
    0.57,
    0.5802384237731375,
    0.5897534820173584,
    0.5799269358232193,
    0.5799269360056035,
    0.5800563941674066,
    0.5800563165394683,
    0.5800563772058845,
    0.5800430039968519,
    0.5800430665152889,
    0.5800639707623497,
    0.5801282113541734,
    0.5801357724957186,
    0.580135715015567,
    0.580013226252244,
    0.580013215854945,
    0.5899999722818712,
    0.5851239638795164,
    0.59,
    0.59,
    0.59,
    0.59,
    0.59,
    0.59,
    0.59,
    0.59,
    0.59,
    0.5799999953599991,
    0.579999383748729,
    0.58,
    0.5799999982599999,
    0.5799999723809455,
    0.5798897051694996,
    0.5798897051696451,
    0.5798897053409181,
    0.57,
    0.5899999409999912,
    0.5899999704999955,
    0.5799247763012979,
    0.5799247761634866,
    0.579924776245442,
    0.579980468292656,
    0.5799804680813322,
    0.55,
    0.55,
    0.55,
    0.55,
    0.55,
    0.545,
    0.530084129561645,
    0.54,
    0.6,
    0.6299029124428074,
    0.6,
    0.6101374397566938,
    0.610137462469802,
    0.6001184813214379,
    0.6001186616041915,
    0.6001184825537466,
    0.6,
    0.6,
    0.61,
    0.6098584471603163,
    0.61,
    0.61,
    0.6,
    0.64,
    0.61,
    0.6,
    0.6079311615194146,
    0.5899362376252242,
    0.5899362375679196,
    0.5899362374108237,
    0.5898847260176665,
    0.5898847251955386,
    0.5899694887387021,
    0.5899694889077888,
    0.57,
    0.5899049964813512,
    0.5899592875318066,
    0.5701584023398524,
    0.5899099420373438,
    0.5899099418187937,
    0.5701236710371013,
    0.5701237693810964,
    0.5701237056991086,
    0.5898503442869474,
    0.5898503470145371,
    0.5999999976,
    0.57,
    0.66,
    0.57,
    0.56,
    0.65,
    0.57,
    0.57,
    0.57,
    0.57,
    0.57,
    0.5701490997766666,
    0.570149092817117,
    0.6599896157694978,
    0.6599896150825831,
    0.6,
    0.6200745000355892,
    0.6599385920092907,
    0.6201256520699518,
    0.6599529109472817,
    0.659952909880379,
    0.6599529089482089,
    0.62,
    0.64,
    0.65,
    0.65,
    0.64,
    0.65,
    0.65,
    0.64,
    0.64,
    0.65,
    0.64,
    0.6799333331212886,
    0.679933333318385,
    0.6702245589586039,
    0.6702245493163914,
    0.6702245473952076,
    0.6799333333333333,
    0.6798875303024451,
    0.6798875305322611,
    0.6701875467548205,
    0.6602169436866755,
    0.6602168642276561,
    0.6799967288191037,
    0.6799967288191037,
    0.6799967288191037,
    0.6702360629547081,
    0.6703702108369322,
    0.6799382113517513,
    0.6899999868899976,
    0.6899999954704585,
    0.6899997929992341,
    0.69,
    0.6899999964712822,
    0.6702602997699664,
    0.6799688888580532,
    0.6799688888503426,
    0.6799688888373541,
    0.6701220300863808,
    0.6899999585999611,
    0.6701386221263264,
    0.6701130654445699,
    0.670122159764961,
    0.6703246601401535,
    0.6702197225264055,
    0.6702441428138317,
    0.6899999014283039,
    0.6700858649184188,
    0.6899995783324198,
    0.6899999917199968,
    0.6801811094719867,
    0.6801810872413974,
    0.6801811155237402,
    0.6858333333333333,
    0.6699958991183105,
    0.6601780396176181,
    0.6601780593941063,
    0.6601785540496984,
    0.6599660687675307,
    0.6599660687761573,
    0.6602044920022075,
    0.6602044747139716,
    0.6599278388278388,
    0.6599278388786886,
    0.6599278363857016,
    0.6600231135776756,
    0.6600231428696978,
    0.6600231022858536,
    0.6598118753617735,
    0.6598118740828619,
    0.6684623812391834,
    0.66,
    0.66,
    0.66,
    0.6599999603999865,
    0.6599999953799998,
    0.6599999836363607,
    0.6600717432274117,
    0.6600348988399524,
    0.660034867363352,
    0.6600348482151532,
    0.7098982179063436,
    0.7098982183802275,
    0.7199999951999992,
    0.7099092556195419,
    0.7099092535072148,
    0.7099092558712281,
    0.709967531907672,
    0.7099675318176681,
    0.7099043609609785,
    0.7099043609195278,
    0.7101196140774195,
    0.7101197990685705,
    0.7101196350010589,
    0.710198109929471,
    0.7099570531879749,
    0.71,
    0.71,
    0.7099611718138322,
    0.7099968883214053,
    0.7099968882240543,
    0.7102687948783131,
    0.7102688313027888,
    0.7102689084184758,
    0.71,
    0.719999650908837,
    0.71,
    0.71,
    0.7199567737866566,
    0.7100984088867596,
    0.7100985793543257,
    0.7100983851343736,
    0.710117268460962,
    0.7101171567148167,
    0.7101172384186387,
    0.7101134232574664,
    0.7100328041010495,
    0.7103164666576228,
    0.7103165273957663,
    0.7103164575608282,
    0.7197516095246131,
    0.7102195627823896,
    0.7102195589279935,
    0.7102196275503594,
    0.719928366654511,
    0.7199283667315726,
    0.7299998101998596,
    0.7299998101998596,
    0.7201741019900034,
    0.7201739066232706,
    0.7201739252101638,
    0.7261802906469921,
    0.7199951261118558,
    0.7199999876571413,
    0.7199981999819998,
    0.61,
    0.7000564991124774,
    0.73,
    0.7000566667216829,
    0.719997062277574,
    0.7199970622720011,
    0.7000565475361205,
    0.72,
    0.7099350883519654,
    0.7099602539841168,
    0.7099602541373724,
    0.700379845742415,
    0.7003133705902786,
    0.700313310204171,
    0.7099961330239752,
    0.69,
    0.6799681104686828,
    0.6799681101329502,
    0.6799681103508877,
    0.63,
    0.6904188229299402,
    0.6904188552893034,
    0.6899999585999611,
    0.6799971210172745,
    0.6799971196877834,
    0.6799971214731815,
    0.6899999753571366,
    0.6799145588621761,
    0.6799145585309762,
    0.6799354656133468,
    0.6698900595510765,
    0.6799354657148247,
    0.6799354653482486,
    0.6401176491307936,
    0.6401176152716838,
    0.6899999585999611,
    0.68,
    0.68,
    0.6401736174619362,
    0.6401735750172767,
    0.6501347155622242,
    0.66,
    0.6501346508202579,
    0.6799561846751777,
    0.679956184697989,
    0.6402039508611359,
    0.6300001787440549,
    0.6799973657314307,
    0.6799973663378943,
    0.6799973659658309,
    0.6820979970192318,
    0.6,
    0.51,
    0.679926695174099,
    0.620242255983281,
    0.6100915321098386,
    0.6201051723364565,
    0.6201051747028358,
    0.6101117618583246,
    0.6200167915731917,
    0.6200167959697738,
    0.6798906317993908,
    0.6798906322902291,
    0.6799999727999957,
    0.6799998911999086,
    0.01
]
