[
    0.999,
    0.999,
    0.999,
    0.999,
    0.999,
    0.999,
    0.999,
    0.999,
    0.999,
    0.999,
    0.999,
    0.999,
    0.999,
    0.999,
    0.999,
    0.999,
    0.999,
    0.999,
    0.99,
    0.99,
    0.9989978739943619,
    0.9,
    0.999,
    0.998,
    0.995,
    0.995,
    0.995,
    0.998,
    0.995,
    0.9862943758827036,
    0.95,
    0.95,
    0.95,
    0.9744884511577214,
    0.95,
    0.95,
    0.9657023782508837,
    0.95,
    0.9,
    0.9,
    0.9,
    0.87,
    0.8700005922228145,
    0.8700002422728264,
    0.9789989538637114,
    0.9789994409902012,
    0.9570178410607383,
    0.8680324952128797,
    0.88,
    0.83,
    0.88,
    0.8800000480000048,
    0.65,
    0.66,
    0.4,
    0.5,
    0.5899999893799996,
    0.51,
    0.42000022847518925,
    0.5,
    0.6966628604200161,
    0.64,
    0.63,
    0.45,
    0.4499999983125,
    0.28,
    0.3299999995908,
    0.269,
    0.25,
    0.25,
    0.23,
    0.22999999309999986,
    0.22999999309999986,
    0.25,
    0.1699999870799997,
    0.16,
    0.26999999773995537,
    0.16,
    0.2676235002726655,
    0.2699999681399974,
    0.159,
    0.15192073564783248,
    0.15,
    0.1497523718911709,
    0.14900003099200645,
    0.15,
    0.109,
    0.10899983550904006,
    0.1,
    0.07,
    0.07,
    0.10117928975990785,
    0.07,
    0.07,
    0.1,
    0.1,
    0.1,
    0.1,
    0.12,
    0.1,
    0.07,
    0.07000000027900002,
    0.1,
    0.1,
    0.10999995214999689,
    0.11999985599996708,
    0.11,
    0.07000001116000433,
    0.13899983518567427,
    0.12,
    0.07000000155000141,
    0.1,
    0.1,
    0.1,
    0.09,
    0.13,
    0.11999985599996708,
    0.139,
    0.12,
    0.13,
    0.1206332540294372,
    0.1,
    0.1,
    0.11000000044500002,
    0.11,
    0.11,
    0.04,
    0.0899999599499978,
    0.08999984519995666,
    0.11099999024309988,
    0.10556923076923076,
    0.09,
    0.05,
    0.07898039215686274,
    0.039,
    0.04,
    0.030000001940002324,
    0.03314409233253895,
    0.01,
    0.008,
    0.008,
    0.02,
    0.02,
    0.02,
    0.02,
    0.02,
    0.02,
    0.02,
    0.02,
    0.01,
    0.01,
    0.01,
    0.01,
    0.01,
    0.01,
    0.01,
    0.01,
    0.01,
    0.018999990841999836,
    0.02,
    0.0289,
    0.023,
    0.03,
    0.023000000003988243,
    0.04,
    0.06999998739999974,
    0.07,
    0.08,
    0.09,
    0.12000000146850248,
    0.13,
    0.12,
    0.12,
    0.13,
    0.14,
    0.15,
    0.16,
    0.13,
    0.18,
    0.18,
    0.16,
    0.15,
    0.13,
    0.12,
    0.11,
    0.0925,
    0.0699672012857096,
    0.06,
    0.06,
    0.05999459994599946,
    0.05729125822765653,
    0.02,
    0.02,
    0.02,
    0.02,
    0.02,
    0.02,
    0.04986666666666666,
    0.02,
    0.03,
    0.03,
    0.04,
    0.05,
    0.04,
    0.05,
    0.05,
    0.05,
    0.05,
    0.06,
    0.07,
    0.08,
    0.06,
    0.060000000483989825,
    0.07,
    0.06,
    0.08,
    0.06,
    0.06,
    0.05,
    0.06,
    0.08210681554829875,
    0.08,
    0.08,
    0.08,
    0.06,
    0.06,
    0.08,
    0.06000000070255967,
    0.07,
    0.07,
    0.07,
    0.07000001116000433,
    0.08,
    0.06000000022108545,
    0.060000003760011265,
    0.08,
    0.08,
    0.07000000017971016,
    0.07,
    0.06,
    0.06,
    0.07,
    0.06,
    0.0700001453129314,
    0.07000001116000433,
    0.07000001116000433,
    0.07000001116000433,
    0.07000000697500693,
    0.08,
    0.08,
    0.08000000089061,
    0.0800000005275986,
    0.08,
    0.08,
    0.08,
    0.07,
    0.0890909090909091,
    0.07000000161452895,
    0.08884870247604922,
    0.0600000000376,
    0.06,
    0.06,
    0.06,
    0.07,
    0.06,
    0.07000000139500034,
    0.07000001860008333,
    0.07,
    0.07,
    0.07,
    0.07000000066750407,
    0.07,
    0.07,
    0.07,
    0.07,
    0.07,
    0.07,
    0.07,
    0.07,
    0.07,
    0.07,
    0.07,
    0.08,
    0.08,
    0.08,
    0.08,
    0.08,
    0.08,
    0.08,
    0.08,
    0.08,
    0.08,
    0.08,
    0.08,
    0.08,
    0.08,
    0.08,
    0.08,
    0.08,
    0.08,
    0.08,
    0.09,
    0.1,
    0.1,
    0.1,
    0.1,
    0.1,
    0.1,
    0.1,
    0.1,
    0.1,
    0.1,
    0.1,
    0.1,
    0.08,
    0.04,
    0.05,
    0.05,
    0.05,
    0.07,
    0.04,
    0.08999927181745364,
    0.07000000076732679,
    0.09,
    0.09,
    0.08,
    0.1,
    0.07000000040646215,
    0.11999999571428567,
    0.1,
    0.11999899199838719,
    0.09587752501592775,
    0.1,
    0.06,
    0.08,
    0.06,
    0.08,
    0.1,
    0.08,
    0.09,
    0.1,
    0.1,
    0.09,
    0.09,
    0.09,
    0.07,
    0.09,
    0.08,
    0.08,
    0.08,
    0.09,
    0.09,
    0.1,
    0.11,
    0.1,
    0.12,
    0.13,
    0.13,
    0.13,
    0.14999997599999904,
    0.13,
    0.13,
    0.15,
    0.16,
    0.15,
    0.14,
    0.13,
    0.13,
    0.16,
    0.17,
    0.17,
    0.18,
    0.18,
    0.19,
    0.19,
    0.19,
    0.19,
    0.19,
    0.19000002430009647,
    0.19,
    0.19000010691356573,
    0.1900000302804576,
    0.21,
    0.21,
    0.21,
    0.21,
    0.21,
    0.21,
    0.21,
    0.21,
    0.21,
    0.21,
    0.21,
    0.21,
    0.21,
    0.21,
    0.21,
    0.21,
    0.21000001975000446,
    0.22,
    0.21,
    0.21,
    0.21,
    0.21,
    0.21,
    0.21,
    0.21,
    0.21,
    0.21,
    0.21,
    0.21,
    0.21,
    0.21,
    0.2100000004680182,
    0.21,
    0.23300969448581338,
    0.22,
    0.22,
    0.21999997271999794,
    0.2,
    0.2,
    0.2,
    0.2,
    0.2,
    0.2,
    0.23,
    0.23,
    0.23,
    0.3,
    0.29,
    0.29,
    0.3,
    0.27,
    0.27,
    0.27,
    0.27,
    0.26,
    0.27,
    0.27,
    0.27,
    0.27,
    0.27,
    0.27,
    0.27,
    0.27,
    0.27,
    0.26,
    0.27,
    0.2799999731199972,
    0.2799999731199972,
    0.26,
    0.28,
    0.26,
    0.27,
    0.27,
    0.27,
    0.29,
    0.27,
    0.27000001233487114,
    0.27,
    0.27,
    0.27,
    0.26,
    0.28,
    0.26,
    0.27,
    0.26,
    0.26,
    0.26,
    0.26,
    0.2300000176000021,
    0.25,
    0.26,
    0.26,
    0.26,
    0.25,
    0.25,
    0.27,
    0.25,
    0.26,
    0.26999886213952484,
    0.27,
    0.28,
    0.29,
    0.27,
    0.29999992499998124,
    0.3,
    0.27000000429411786,
    0.2999999819999993,
    0.27,
    0.3,
    0.28,
    0.3,
    0.29,
    0.28,
    0.25,
    0.27,
    0.3,
    0.3,
    0.3,
    0.31,
    0.31,
    0.31,
    0.31000000483000023,
    0.31,
    0.33,
    0.3,
    0.33,
    0.33999994956043317,
    0.3499998774999204,
    0.36999992723332337,
    0.3100000414000389,
    0.3400000158400012,
    0.34,
    0.33,
    0.33,
    0.39729797646208137,
    0.36,
    0.36,
    0.34,
    0.3300000010374194,
    0.36,
    0.37,
    0.36,
    0.36,
    0.36,
    0.37,
    0.36999997705999915,
    0.35,
    0.37,
    0.37000008330591183,
    0.370000018900007,
    0.44,
    0.43,
    0.45,
    0.4300000527250215,
    0.48,
    0.5,
    0.5,
    0.5,
    0.5,
    0.52,
    0.5,
    0.5299999725185097,
    0.54,
    0.54,
    0.54,
    0.5100000912745822,
    0.56,
    0.56,
    0.56,
    0.56,
    0.54,
    0.54,
    0.54,
    0.53,
    0.54,
    0.520000019200003,
    0.520000019200003,
    0.53,
    0.5299999344727115,
    0.53,
    0.53,
    0.53,
    0.54,
    0.52,
    0.53,
    0.54,
    0.52,
    0.53,
    0.54,
    0.53,
    0.54,
    0.54,
    0.5400658376633781,
    0.56,
    0.56,
    0.5599999405835292,
    0.56,
    0.56,
    0.57,
    0.56,
    0.56,
    0.6,
    0.6,
    0.6,
    0.6,
    0.6,
    0.61,
    0.61,
    0.62,
    0.61,
    0.6,
    0.6,
    0.61,
    0.6099999926799997,
    0.61,
    0.6099999993899999,
    0.61,
    0.61999999814,
    0.6175698625907056,
    0.59,
    0.58,
    0.58,
    0.579999982986666,
    0.5699998251999371,
    0.58,
    0.5699999826101642,
    0.58,
    0.6,
    0.61,
    0.6299999716499984,
    0.6231087395577832,
    0.62,
    0.62,
    0.6,
    0.63,
    0.63,
    0.6,
    0.6299994948643597,
    0.63,
    0.63,
    0.6,
    0.63,
    0.63,
    0.62,
    0.6,
    0.64,
    0.6,
    0.6,
    0.6384996026009206,
    0.6,
    0.58,
    0.6299999869580206,
    0.5737895474806615,
    0.57,
    0.57,
    0.57,
    0.57,
    0.56,
    0.56,
    0.57,
    0.58,
    0.58,
    0.59,
    0.57,
    0.57,
    0.57,
    0.57,
    0.57,
    0.57,
    0.57,
    0.57,
    0.57,
    0.57,
    0.57,
    0.57,
    0.57,
    0.57,
    0.57,
    0.57,
    0.57,
    0.56,
    0.5599999921403482,
    0.57,
    0.57,
    0.57,
    0.57,
    0.57,
    0.57,
    0.58,
    0.58,
    0.58,
    0.58,
    0.58,
    0.5400658809763852,
    0.5599999775999964,
    0.58,
    0.58,
    0.58,
    0.58,
    0.58,
    0.58,
    0.58,
    0.58,
    0.58,
    0.58,
    0.58,
    0.58,
    0.58,
    0.5400658379013507,
    0.55,
    0.5500289435600579,
    0.5799999860799989,
    0.56,
    0.5300001222000904,
    0.55,
    0.55,
    0.5699999706093719,
    0.5500000450000045,
    0.5799999991138274,
    0.5768091937012818,
    0.55,
    0.55,
    0.5500000021634616,
    0.5599999999253333,
    0.5599999986341463,
    0.55,
    0.5500000202500012,
    0.5500001102941987,
    0.56,
    0.55,
    0.55,
    0.5599995967994839,
    0.55,
    0.56,
    0.55,
    0.55,
    0.55,
    0.550000292207982,
    0.559999870413146,
    0.55,
    0.55,
    0.55,
    0.55,
    0.55,
    0.5400000061333334,
    0.5499999660493764,
    0.5400000212307764,
    0.55,
    0.55,
    0.55,
    0.55,
    0.55,
    0.55,
    0.55,
    0.55,
    0.55,
    0.55,
    0.55,
    0.55,
    0.56,
    0.56,
    0.56,
    0.56,
    0.56,
    0.56,
    0.56,
    0.55,
    0.55,
    0.55,
    0.56,
    0.56,
    0.56,
    0.56,
    0.56,
    0.56,
    0.57,
    0.57,
    0.57,
    0.57,
    0.57,
    0.57,
    0.57,
    0.57,
    0.57,
    0.57,
    0.5801746172389337,
    0.580174617910862,
    0.5801746173188806,
    0.58,
    0.5799797666242648,
    0.5799797808157628,
    0.589999999056,
    0.5800353036933554,
    0.5800353000648856,
    0.5799455668816013,
    0.5799346576569675,
    0.59,
    0.5800986668773092,
    0.5800986672077417,
    0.58,
    0.5801334344134652,
    0.5801334343399085,
    0.58,
    0.580000004704,
    0.5800000168000027,
    0.58,
    0.5899999272332938,
    0.59,
    0.59,
    0.5899999893799996,
    0.59,
    0.5899988789965249,
    0.58,
    0.5800000100800008,
    0.58,
    0.58,
    0.58,
    0.58,
    0.58,
    0.58,
    0.5799999274999443,
    0.5700442331810148,
    0.5700442335474453,
    0.5699904145108057,
    0.5699493134325521,
    0.5699493025121052,
    0.5873701111111111,
    0.5796356,
    0.5699999965799997,
    0.57,
    0.57,
    0.5699999472749785,
    0.5699999832558124,
    0.5699999830860514,
    0.5699996579988372,
    0.5699999555399857,
    0.569999998376068,
    0.5699999986428571,
    0.56,
    0.56,
    0.5699990879968991,
    0.5699999555399857,
    0.57,
    0.57,
    0.57,
    0.57,
    0.58,
    0.5700000038700002,
    0.5799944319420922,
    0.5700000068800006,
    0.5700000702333453,
    0.5799994895994284,
    0.58,
    0.5700000182750653,
    0.57,
    0.5700001720001032,
    0.5799999714987659,
    0.58,
    0.5700000288038304,
    0.5700001720001032,
    0.5700001720001032,
    0.57999999594,
    0.5799999891733321,
    0.57,
    0.57,
    0.57,
    0.57,
    0.57,
    0.57,
    0.57,
    0.5700847130762039,
    0.5700003831822256,
    0.5700846706323512,
    0.58,
    0.57,
    0.57,
    0.57,
    0.57,
    0.57,
    0.58,
    0.58,
    0.58,
    0.58,
    0.58,
    0.58,
    0.58,
    0.58,
    0.58,
    0.58,
    0.58,
    0.59,
    0.59,
    0.59,
    0.59,
    0.59,
    0.59,
    0.5999996571420735,
    0.5999999947826085,
    0.6,
    0.599999759999616,
    0.6,
    0.59,
    0.5900000553500202,
    0.590001681009918,
    0.5999999759999961,
    0.5900000553500202,
    0.5999999994,
    0.6,
    0.5900786946398983,
    0.5900786946386947,
    0.59,
    0.6,
    0.6,
    0.5902276030046871,
    0.5902276032547077,
    0.590227604973453,
    0.5999984999849999,
    0.5800009333364444,
    0.5800001168831928,
    0.58,
    0.59,
    0.6,
    0.6,
    0.59,
    0.59,
    0.5999999853300719,
    0.6,
    0.6,
    0.5900001763001005,
    0.6,
    0.6,
    0.6,
    0.59,
    0.59,
    0.6,
    0.59,
    0.59,
    0.59,
    0.5999993999976,
    0.59,
    0.59,
    0.59,
    0.5900000464316286,
    0.6,
    0.6,
    0.5900000381395394,
    0.6,
    0.59,
    0.59,
    0.6,
    0.6,
    0.6,
    0.59,
    0.6,
    0.5999999610389509,
    0.5999996571420735,
    0.5900000112261915,
    0.5999999828080209,
    0.6,
    0.590000063881028,
    0.6,
    0.6,
    0.6,
    0.6,
    0.6,
    0.59,
    0.5800001654546056,
    0.58,
    0.589961428435301,
    0.589961460960064,
    0.58,
    0.58,
    0.6,
    0.59,
    0.5901255650426921,
    0.58,
    0.58,
    0.58,
    0.58,
    0.58,
    0.58,
    0.58,
    0.5999999759999961,
    0.59,
    0.590001681009918,
    0.59,
    0.5800007980024738,
    0.5899999937487383,
    0.5800009927339511,
    0.59,
    0.5800000168000027,
    0.5899998465998865,
    0.5899998465998865,
    0.5899999704999955,
    0.5899998465998865,
    0.59,
    0.59,
    0.5800001764001023,
    0.58000018000018,
    0.5899998465998865,
    0.5899999995988,
    0.5899998465998865,
    0.5899998465998865,
    0.5899998465998865,
    0.59,
    0.59,
    0.5899999696571357,
    0.59,
    0.5800001764001023,
    0.5899998667740087,
    0.5899998465998865,
    0.5899998465998865,
    0.5899998465998865,
    0.5899998465998865,
    0.5899998465998865,
    0.58,
    0.58,
    0.59,
    0.5899998891514688,
    0.5899999893799996,
    0.5800000168000027,
    0.5899998465998865,
    0.5800000093882356,
    0.59,
    0.59,
    0.59,
    0.59,
    0.5899998465998865,
    0.5899998465998865,
    0.58,
    0.5800000379884364,
    0.5800001764001023,
    0.58,
    0.58,
    0.5800000225510104,
    0.58000018000018,
    0.5800000546000202,
    0.59,
    0.59,
    0.59,
    0.59,
    0.59,
    0.59,
    0.59,
    0.59,
    0.5899998465998865,
    0.5899998465998865,
    0.58000018000018,
    0.5800001764001023,
    0.5899998524999251,
    0.58,
    0.5800003165219593,
    0.5899999866266652,
    0.5899999272332938,
    0.58,
    0.59,
    0.58,
    0.59,
    0.58,
    0.58,
    0.59,
    0.59,
    0.58,
    0.58,
    0.58,
    0.59,
    0.59,
    0.58,
    0.58,
    0.59,
    0.59,
    0.58,
    0.58,
    0.59,
    0.59,
    0.58,
    0.58,
    0.59,
    0.59,
    0.58,
    0.58,
    0.58,
    0.59,
    0.5899998819998663,
    0.59,
    0.58,
    0.58,
    0.59,
    0.59,
    0.58,
    0.59,
    0.59,
    0.5899999895615379,
    0.59,
    0.59,
    0.5899999527999094,
    0.5899999704999955,
    0.59,
    0.589999806908803,
    0.589999999552676,
    0.5899998465998865,
    0.5899999952971011,
    0.5899999866266652,
    0.5899999704999955,
    0.589999197594672,
    0.5899999946899995,
    0.5899999893799996,
    0.589999825359912,
    0.5899999675499855,
    0.5899998465998865,
    0.5899999992133333,
    0.59,
    0.5899999527999094,
    0.58,
    0.58,
    0.59,
    0.58,
    0.5800000795061905,
    0.5800007980024738,
    0.580000004704,
    0.5899994099946899,
    0.58,
    0.5799999860799989,
    0.58,
    0.58,
    0.58,
    0.58,
    0.58,
    0.58,
    0.58,
    0.58,
    0.58,
    0.58,
    0.58,
    0.58,
    0.58,
    0.58,
    0.58,
    0.58,
    0.58,
    0.58,
    0.58,
    0.58,
    0.58,
    0.58,
    0.58,
    0.5799998259997042,
    0.57,
    0.57,
    0.57,
    0.57,
    0.57,
    0.57,
    0.57,
    0.57,
    0.5700001720001032,
    0.58,
    0.57,
    0.5799999265332937,
    0.5698129778267191,
    0.5699999966939999,
    0.5600000352000042,
    0.5600001936001084,
    0.5699999925899997,
    0.57,
    0.57,
    0.57,
    0.57,
    0.57,
    0.57,
    0.57,
    0.57,
    0.57,
    0.57,
    0.56,
    0.56,
    0.56,
    0.56,
    0.5600002455818294,
    0.5699998232997013,
    0.56,
    0.56,
    0.56,
    0.56,
    0.56,
    0.5794723616766846,
    0.5701013773390877,
    0.5701013767341453,
    0.5701013764593209,
    0.55,
    0.55,
    0.56,
    0.56,
    0.5599269367723801,
    0.5599270339890551,
    0.5599270140616632,
    0.5599270012961288,
    0.57,
    0.57,
    0.57,
    0.57,
    0.57,
    0.5500202511138113,
    0.5500000450000045,
    0.5500002045458264,
    0.5500002045458264,
    0.5500002045458264,
    0.550000469620265,
    0.5500002045458264,
    0.5500002045458264,
    0.5500002045458264,
    0.5500002045458264,
    0.5599903019629991,
    0.5599902992359422,
    0.5599902369552571,
    0.5699999555399857,
    0.57,
    0.57,
    0.569999999696,
    0.57,
    0.57,
    0.56,
    0.56,
    0.56,
    0.56,
    0.56,
    0.56,
    0.57,
    0.57,
    0.57,
    0.57,
    0.5699997506243298,
    0.5599999775999964,
    0.55,
    0.5300000092819657,
    0.54,
    0.5667613584609856,
    0.5500000787500255,
    0.55,
    0.55,
    0.55,
    0.55,
    0.54952,
    0.55,
    0.54,
    0.54,
    0.54,
    0.53,
    0.53,
    0.53,
    0.53,
    0.53,
    0.5298712397474846,
    0.529871427153259,
    0.5298714252796762,
    0.5300554627286652,
    0.5300554618129416,
    0.5300554620283253,
    0.52,
    0.54,
    0.54,
    0.54,
    0.54,
    0.54,
    0.54,
    0.54,
    0.54,
    0.5354555782776642,
    0.54,
    0.5201361211551895,
    0.5201361208915245,
    0.520136121384938,
    0.5348663333333333,
    0.52,
    0.5099022489750882,
    0.5099022316824492,
    0.509902121044046,
    0.509848216962455,
    0.5,
    0.51,
    0.51,
    0.51,
    0.5099235641212005,
    0.5099235544044696,
    0.5099235395637234,
    0.5102093023255814,
    0.5100000196000032,
    0.51,
    0.5100160440352478,
    0.5100160447551606,
    0.5100160443316176,
    0.5100303030303031,
    0.51,
    0.51,
    0.51,
    0.51,
    0.3900000389620889,
    0.51,
    0.44,
    0.42991550846863685,
    0.400088419862339,
    0.40008841986508514,
    0.4299154348093461,
    0.4000481540930979,
    0.4299162790354266,
    0.4299162596354826,
    0.43,
    0.4,
    0.39,
    0.40010261685286364,
    0.4001026167518029,
    0.43,
    0.40012732615985436,
    0.40012732615458535,
    0.42990932595724735,
    0.42990927950446706,
    0.4000940102405808,
    0.40009401022956403,
    0.400094010262787,
    0.39,
    0.41001284356537376,
    0.40001244555116405,
    0.4000124455535629,
    0.3900000340192354,
    0.43,
    0.5,
    0.4999460115173436,
    0.4401634408970192,
    0.4999460022400906,
    0.44016344105299454,
    0.5,
    0.48,
    0.56,
    0.56,
    0.56,
    0.58,
    0.5499575760946289,
    0.500153668855449,
    0.5000259627866724,
    0.5699817910447761,
    0.549904883751837,
    0.500102548174154,
    0.5001025481822612,
    0.58,
    0.58,
    0.56,
    0.58,
    0.58,
    0.56,
    0.58,
    0.57,
    0.58,
    0.58,
    0.58,
    0.57,
    0.4901018983085915,
    0.49010189616146743,
    0.49010189599603254,
    0.58,
    0.58,
    0.5799999265332937,
    0.55,
    0.55,
    0.57,
    0.57,
    0.55,
    0.55,
    0.56,
    0.56,
    0.37,
    0.4201286125393816,
    0.4201286062618454,
    0.42012860663005136,
    0.420128607415919,
    0.42012860786902995,
    0.47,
    0.48,
    0.48,
    0.48,
    0.47989644772154316,
    0.48,
    0.42,
    0.40983371897485443,
    0.40983367064499643,
    0.4,
    0.4,
    0.4098337561111853,
    0.41143488456879007,
    0.40000002400000384,
    0.4,
    0.39006977992485237,
    0.39,
    0.38,
    0.38,
    0.4,
    0.3998782588878099,
    0.3998782627160652,
    0.3998782132683804,
    0.39,
    0.39,
    0.38981279660426554,
    0.3901540344874566,
    0.39996175270629397,
    0.3901540338631891,
    0.3901540344049116,
    0.4,
    0.3900596881512953,
    0.39005968784031503,
    0.3897177520440235,
    0.39,
    0.3899282151355549,
    0.3899282249056508,
    0.38996717342067916,
    0.38996711831420805,
    0.39,
    0.3900566893424036,
    0.4,
    0.4,
    0.39,
    0.4,
    0.39996740456149116,
    0.3999673980171862,
    0.3902019015291838,
    0.4,
    0.3902019010719312,
    0.4099999946699998,
    0.39,
    0.38,
    0.38,
    0.38,
    0.38,
    0.38,
    0.39989595283507995,
    0.39,
    0.39989595075002166,
    0.39,
    0.39006306570623994,
    0.3901627927442007,
    0.39016279367742596,
    0.39016279168045687,
    0.4,
    0.38,
    0.38,
    0.39,
    0.4,
    0.4,
    0.3899171118670044,
    0.3899171097542914,
    0.38991711399880075,
    0.38000116433072817,
    0.39,
    0.4001823362804769,
    0.40018233644536255,
    0.40018233627277067,
    0.39992204964907907,
    0.4099999930676324,
    0.4057393906187146,
    0.3900000197872084,
    0.4,
    0.39000014030010804,
    0.4,
    0.39000014030010804,
    0.39,
    0.39,
    0.39,
    0.39,
    0.39,
    0.4001058931860037,
    0.4,
    0.39985943447996586,
    0.3998595587532739,
    0.4,
    0.4,
    0.39,
    0.39,
    0.39,
    0.39,
    0.39,
    0.4,
    0.39000014030010804,
    0.39993699743943956,
    0.39993699296293217,
    0.3999369898798959,
    0.4001040989513464,
    0.40010409890401044,
    0.40010409895754423,
    0.40010926907215283,
    0.4001092696629214,
    0.4000889248412978,
    0.40008892485005343,
    0.40008892484494074,
    0.4001001001131351,
    0.40010010014216574,
    0.4001001001403089,
    0.4,
    0.40003074086435814,
    0.4000307408545958,
    0.40003074087101625,
    0.39,
    0.39000003720735343,
    0.4099999927196256,
    0.3998062408584254,
    0.39980623368235224,
    0.3998062168383139,
    0.3999565816556247,
    0.40015976336929626,
    0.4001597633571738,
    0.39994614871518713,
    0.3999091999221714,
    0.39990922391659334,
    0.39990925087021423,
    0.3998374498292545,
    0.39983744539307486,
    0.4,
    0.40007989349992185,
    0.40007989351644063,
    0.40007654836464857,
    0.40017078674314455,
    0.4001707865933542,
    0.41,
    0.41,
    0.41,
    0.4299188090394467,
    0.42991871574718193,
    0.410042063999956,
    0.40015644299248987,
    0.40015644304707465,
    0.40015644311934523,
    0.4001528213166144,
    0.39006739225051396,
    0.3900673915149545,
    0.39,
    0.4,
    0.38000006441566136,
    0.47,
    0.47,
    0.39,
    0.47,
    0.47,
    0.47,
    0.38,
    0.38,
    0.38,
    0.37,
    0.38,
    0.47,
    0.47,
    0.3800000372000052,
    0.3701048692708488,
    0.36,
    0.43992689789589806,
    0.4000027932960894,
    0.4201105527638191,
    0.43,
    0.39,
    0.39,
    0.4798950057936058,
    0.38010305766953423,
    0.47033179688284427,
    0.37,
    0.37,
    0.36,
    0.37,
    0.3899089599233347,
    0.3700051692943913,
    0.389909051441928,
    0.3899090154297315,
    0.38,
    0.44989596857800795,
    0.40010642202279456,
    0.3700000154411776,
    0.36,
    0.4,
    0.4899999975499998,
    0.4803770856436269,
    0.41015198966009575,
    0.41015199099698785,
    0.41015199064310975,
    0.48,
    0.48,
    0.48,
    0.48,
    0.48,
    0.48,
    0.37,
    0.36,
    0.5195841867512135,
    0.36,
    0.47,
    0.48006413001277587,
    0.48006413016383787,
    0.4800641300844494,
    0.4801682242990654,
    0.22,
    0.21000003950001597,
    0.19000052071581067,
    0.13000013593790358,
    0.55,
    0.99
]
