[
    0.001,
    0.001,
    0.001,
    0.001,
    0.001,
    0.001,
    0.001,
    0.001,
    0.002,
    0.002,
    0.002,
    0.002,
    0.002,
    0.002,
    0.003,
    0.003,
    0.002,
    0.005,
    0.005,
    0.009000000009,
    0.006,
    0.005,
    0.006,
    0.01,
    0.01550187314300478,
    0.01,
    0.01,
    0.012,
    0.01,
    0.011,
    0.01,
    0.02,
    0.02,
    0.012,
    0.013,
    0.02,
    0.03,
    0.03,
    0.03,
    0.03,
    0.03,
    0.03,
    0.016725,
    0.03,
    0.017982935071757758,
    0.017955103546370834,
    0.017999996515199977,
    0.018,
    0.017987149541700855,
    0.018,
    0.012,
    0.02199998946199978,
    0.015000000985001772,
    0.015000000039087316,
    0.015,
    0.015,
    0.015,
    0.015,
    0.015,
    0.015,
    0.01,
    0.01,
    0.02,
    0.015,
    0.02,
    0.015,
    0.02,
    0.02,
    0.022,
    0.02,
    0.021,
    0.021000000323958094,
    0.03305785123966942,
    0.021000000391601097,
    0.021000002082983832,
    0.021000000391601097,
    0.029792703150912106,
    0.021000000391601097,
    0.02,
    0.02,
    0.03,
    0.03,
    0.04,
    0.030000000323333356,
    0.03,
    0.02,
    0.02,
    0.02,
    0.02,
    0.029999429999429998,
    0.03,
    0.03,
    0.03,
    0.03,
    0.03,
    0.03,
    0.03,
    0.05,
    0.04,
    0.04,
    0.05226525886345054,
    0.04,
    0.0599999459999946,
    0.05,
    0.05,
    0.04,
    0.05,
    0.04,
    0.05,
    0.05,
    0.05,
    0.04,
    0.03,
    0.04,
    0.05,
    0.05,
    0.04,
    0.04,
    0.04,
    0.04,
    0.04,
    0.04,
    0.04,
    0.04,
    0.04,
    0.04,
    0.05,
    0.04,
    0.04,
    0.05,
    0.03,
    0.03,
    0.04,
    0.04,
    0.04,
    0.05,
    0.05,
    0.05,
    0.05,
    0.05,
    0.06,
    0.06,
    0.06,
    0.06,
    0.06,
    0.06,
    0.07547258812014293,
    0.06,
    0.060000000817391375,
    0.05,
    0.06,
    0.06918500069185,
    0.05999998895999983,
    0.06,
    0.06,
    0.05,
    0.05,
    0.07,
    0.07,
    0.09,
    0.1099999684666652,
    0.09,
    0.1,
    0.1,
    0.1,
    0.10999999559999996,
    0.1,
    0.1,
    0.11,
    0.11,
    0.11,
    0.11,
    0.12,
    0.12000000917718927,
    0.12,
    0.12,
    0.12,
    0.13,
    0.1399999726999985,
    0.13,
    0.14999998874999973,
    0.12,
    0.149999939999994,
    0.14,
    0.12000000024572427,
    0.13,
    0.13,
    0.13,
    0.13,
    0.146001,
    0.13999999282499992,
    0.14,
    0.13,
    0.14,
    0.14,
    0.16,
    0.16,
    0.13,
    0.16,
    0.14,
    0.15,
    0.14000002258108585,
    0.15,
    0.14000001720000538,
    0.16999996089999597,
    0.15,
    0.14000000084801822,
    0.18,
    0.17999999668078742,
    0.17,
    0.17999975519984332,
    0.1699998639999577,
    0.18,
    0.18,
    0.18,
    0.18,
    0.18,
    0.16,
    0.19,
    0.19,
    0.19,
    0.19,
    0.19,
    0.19,
    0.2,
    0.2,
    0.2,
    0.2,
    0.2,
    0.2,
    0.19,
    0.19,
    0.18,
    0.1699998639999577,
    0.18,
    0.18,
    0.18,
    0.18,
    0.17,
    0.16,
    0.15000001700002005,
    0.16,
    0.16,
    0.16,
    0.16,
    0.14,
    0.14,
    0.14,
    0.14000000164200485,
    0.14,
    0.15,
    0.15,
    0.17,
    0.18,
    0.2,
    0.2,
    0.2,
    0.18,
    0.2,
    0.2,
    0.2,
    0.2,
    0.2,
    0.2099999922299999,
    0.22,
    0.2,
    0.21,
    0.22,
    0.22,
    0.22,
    0.219999980894736,
    0.21999988139126517,
    0.23,
    0.23,
    0.25,
    0.22,
    0.22,
    0.22,
    0.23,
    0.25,
    0.23,
    0.25,
    0.25,
    0.25,
    0.25,
    0.23000001232000472,
    0.25,
    0.25,
    0.25,
    0.25,
    0.25,
    0.25,
    0.2481581700618013,
    0.23000000654500125,
    0.2399999673599979,
    0.23,
    0.2386969533317619,
    0.23,
    0.23,
    0.23,
    0.22999999454329767,
    0.22,
    0.2,
    0.19000000010613208,
    0.2,
    0.16,
    0.18,
    0.15,
    0.14000000021013356,
    0.15,
    0.18,
    0.18,
    0.18,
    0.18,
    0.1799999279999928,
    0.18,
    0.18,
    0.18,
    0.18,
    0.2,
    0.2,
    0.2,
    0.2,
    0.2,
    0.2,
    0.2,
    0.2,
    0.18000041000620134,
    0.19,
    0.2,
    0.18999987839995622,
    0.22999983612491193,
    0.22999996917999796,
    0.22999677998067988,
    0.2299999917998848,
    0.23,
    0.23,
    0.19,
    0.21,
    0.2,
    0.23,
    0.21000000790002363,
    0.21,
    0.22,
    0.24,
    0.24,
    0.24,
    0.24,
    0.23000000654500125,
    0.24,
    0.23999998379344537,
    0.21,
    0.21,
    0.21,
    0.21,
    0.21,
    0.24,
    0.2244039270687237,
    0.21,
    0.22,
    0.22,
    0.21000001738001353,
    0.23,
    0.23,
    0.22,
    0.22,
    0.24,
    0.22,
    0.22000000693333366,
    0.22999996918867757,
    0.22999999620499997,
    0.2300196914998359,
    0.22999998492222154,
    0.23999991839998694,
    0.24,
    0.23000000233333404,
    0.24,
    0.23999999183999987,
    0.23000001232000472,
    0.23999997230769018,
    0.23,
    0.24,
    0.24,
    0.23,
    0.2300004950032175,
    0.24,
    0.2399999855999994,
    0.23,
    0.23999999639999997,
    0.2399999673599979,
    0.24,
    0.23999999976115047,
    0.23000000764057577,
    0.23,
    0.23000000666563128,
    0.2399998559999424,
    0.2399998559999424,
    0.2399998559999424,
    0.2399998559999424,
    0.23999996230366097,
    0.2300000108028083,
    0.2399999639999964,
    0.23,
    0.22,
    0.23,
    0.23,
    0.23,
    0.25,
    0.25,
    0.23,
    0.23,
    0.25,
    0.25,
    0.25,
    0.25,
    0.25,
    0.25,
    0.25,
    0.25,
    0.25,
    0.25,
    0.25,
    0.25,
    0.25,
    0.25,
    0.24975071668951765,
    0.25,
    0.22,
    0.24,
    0.23,
    0.23,
    0.23,
    0.23,
    0.2462315199536187,
    0.23,
    0.23,
    0.24007250151044812,
    0.25,
    0.23,
    0.23000000445086755,
    0.23,
    0.24937222733740688,
    0.22000000202170752,
    0.23,
    0.22000000406514683,
    0.23,
    0.23,
    0.23,
    0.23,
    0.23,
    0.23,
    0.2299996503998322,
    0.22000000025357608,
    0.22999855099463867,
    0.23,
    0.22999996917999796,
    0.22,
    0.2200000000621977,
    0.22,
    0.22,
    0.22,
    0.23,
    0.2414261782595128,
    0.22999995770967155,
    0.22,
    0.22000000704488898,
    0.22,
    0.22999999328399992,
    0.23549497038638714,
    0.22999999309999986,
    0.22000000156000046,
    0.22000024960141773,
    0.22,
    0.22,
    0.21000000045912484,
    0.21,
    0.21,
    0.21981427311734195,
    0.21981424483106057,
    0.22990803615062572,
    0.21,
    0.2,
    0.22885571347986425,
    0.2,
    0.21,
    0.21,
    0.21,
    0.21000000790002363,
    0.21,
    0.22,
    0.2,
    0.2,
    0.21,
    0.2,
    0.21,
    0.23,
    0.21000003725056093,
    0.21,
    0.21,
    0.22,
    0.22,
    0.21,
    0.21000010480093062,
    0.21,
    0.22,
    0.22000093600823686,
    0.22,
    0.22,
    0.22,
    0.22,
    0.22,
    0.22,
    0.22,
    0.2100000022403722,
    0.22000000156000046,
    0.22999999309999986,
    0.22,
    0.22,
    0.22,
    0.21000001436364046,
    0.21997248927217267,
    0.21993458299018745,
    0.21993456283506757,
    0.21,
    0.21000001549021097,
    0.2299999455666614,
    0.21000001204269375,
    0.22,
    0.22,
    0.22,
    0.21000000134827884,
    0.22999999912673796,
    0.22,
    0.22999999682599997,
    0.21,
    0.21,
    0.22,
    0.22,
    0.22,
    0.23805930652473797,
    0.22999996917999796,
    0.23037375055665085,
    0.2200000001404,
    0.22000000033140119,
    0.22,
    0.22,
    0.22,
    0.22,
    0.22,
    0.22,
    0.22,
    0.22,
    0.22,
    0.22,
    0.22,
    0.2,
    0.2,
    0.2,
    0.2,
    0.2,
    0.21,
    0.2,
    0.2,
    0.2,
    0.2,
    0.2,
    0.2,
    0.21,
    0.21000001975000446,
    0.22869317716821083,
    0.21,
    0.2100000005307102,
    0.22,
    0.22,
    0.21,
    0.21,
    0.21,
    0.22,
    0.22,
    0.22,
    0.22,
    0.2378449,
    0.22999996032499692,
    0.22,
    0.22,
    0.22,
    0.2299999474061374,
    0.22999982749995687,
    0.23649624894777646,
    0.21000001343000516,
    0.22999998976129013,
    0.2,
    0.2,
    0.21,
    0.2,
    0.2,
    0.21,
    0.21,
    0.2,
    0.2,
    0.2,
    0.21,
    0.22,
    0.2,
    0.22,
    0.22000002340000516,
    0.22,
    0.21999991639998998,
    0.22,
    0.22,
    0.21,
    0.22007111636949686,
    0.22,
    0.22007114204762063,
    0.22999982749995687,
    0.2299549105537732,
    0.21,
    0.2,
    0.21,
    0.21,
    0.21999991199997654,
    0.21999991199997654,
    0.21,
    0.2,
    0.21,
    0.21,
    0.22,
    0.22,
    0.22,
    0.2299999814765095,
    0.22000002311112754,
    0.22000001872000705,
    0.22,
    0.22,
    0.22005576214963812,
    0.2200557625348516,
    0.22,
    0.2299999337599926,
    0.22,
    0.21,
    0.2,
    0.21,
    0.2299263831960254,
    0.21977067342587125,
    0.21977042053478316,
    0.21000001738001353,
    0.22,
    0.21,
    0.22,
    0.21000005711217976,
    0.22999996032499692,
    0.22999996917999796,
    0.22999996917999796,
    0.23,
    0.22999998688999942,
    0.22,
    0.22,
    0.22272419355852704,
    0.22,
    0.22,
    0.22005767633452275,
    0.22,
    0.22330093965500802,
    0.21000000790002363,
    0.22,
    0.21,
    0.2,
    0.2,
    0.21,
    0.21,
    0.22,
    0.2200432991696938,
    0.2,
    0.21,
    0.22004329016235186,
    0.2299994019991628,
    0.22004329046873247,
    0.2299996503998322,
    0.22999982749995687,
    0.22,
    0.22958257429158663,
    0.21,
    0.2,
    0.21,
    0.22,
    0.22996687842109664,
    0.2,
    0.21,
    0.2,
    0.21999999841941748,
    0.21000002116742586,
    0.21,
    0.21,
    0.21000001165054424,
    0.21,
    0.21,
    0.21000001738001353,
    0.2199996831998226,
    0.21000001755559417,
    0.21999985479995063,
    0.21005657735302855,
    0.22,
    0.21,
    0.21,
    0.2,
    0.2,
    0.2,
    0.2,
    0.21,
    0.21,
    0.21,
    0.2,
    0.21,
    0.22,
    0.22996064920321277,
    0.21,
    0.21,
    0.21,
    0.21,
    0.2,
    0.22,
    0.2,
    0.21,
    0.21,
    0.2,
    0.2,
    0.2,
    0.21,
    0.21,
    0.2,
    0.21,
    0.21,
    0.21,
    0.21,
    0.21,
    0.21000000702840485,
    0.21,
    0.21,
    0.21,
    0.21000000790002363,
    0.21,
    0.21,
    0.21000000092680582,
    0.21,
    0.21,
    0.2199999586740295,
    0.21999988521736802,
    0.21000003167039147,
    0.21000000105333355,
    0.2199999850399995,
    0.22,
    0.22,
    0.22999982749995687,
    0.22,
    0.22,
    0.22,
    0.22999999682599997,
    0.22999982749995687,
    0.23,
    0.21,
    0.21,
    0.22,
    0.22,
    0.22,
    0.21000000790002363,
    0.21000000790002363,
    0.21000000790002363,
    0.210000000556965,
    0.22,
    0.22,
    0.22,
    0.22002933231291405,
    0.2200293328759606,
    0.22002933214009973,
    0.21,
    0.22999996032499692,
    0.22,
    0.22954091563459905,
    0.210000000316,
    0.21000010972251176,
    0.2198931145116435,
    0.21989312175149847,
    0.21989306211880896,
    0.21,
    0.21,
    0.22841992642723116,
    0.22999998688999942,
    0.2299999750833319,
    0.21,
    0.21,
    0.22,
    0.2274725234035744,
    0.22999998926666645,
    0.22,
    0.22999999412222216,
    0.22,
    0.2199997229627988,
    0.23,
    0.22,
    0.22999998198795105,
    0.22999999309999986,
    0.22,
    0.22007194270926073,
    0.22007194253846504,
    0.22994825531638954,
    0.21999993085713165,
    0.2197864483768631,
    0.22,
    0.22,
    0.22,
    0.22945628186730133,
    0.21999985479995063,
    0.21979780754757075,
    0.22,
    0.21,
    0.22,
    0.22999855099463867,
    0.2200542697691237,
    0.22999998350505002,
    0.22005426931848815,
    0.22,
    0.21,
    0.21,
    0.21000000105946132,
    0.22,
    0.21,
    0.22,
    0.22,
    0.22999999309999986,
    0.22,
    0.2299999225263011,
    0.22000000195000025,
    0.22,
    0.22,
    0.21000000033760685,
    0.22999998849999953,
    0.21,
    0.22,
    0.21,
    0.21,
    0.22,
    0.2100000786200607,
    0.2299991719988408,
    0.22,
    0.22999982749995687,
    0.23,
    0.22999993538093977,
    0.2299991719988408,
    0.23,
    0.22,
    0.21000002057376774,
    0.22,
    0.22,
    0.21,
    0.22999997322518884,
    0.22000003565720236,
    0.22,
    0.22,
    0.22999998926666645,
    0.22000000156000046,
    0.22999982749995687,
    0.22,
    0.2200000005175308,
    0.22,
    0.23,
    0.22000008139157895,
    0.22,
    0.22999982749995687,
    0.22999996917999796,
    0.22999999682599997,
    0.2200000850910545,
    0.22000000156000046,
    0.22000024960141773,
    0.2299995553327108,
    0.22,
    0.22,
    0.22,
    0.22,
    0.22,
    0.22,
    0.22,
    0.22,
    0.22,
    0.2200000000401348,
    0.22999999856495726,
    0.22,
    0.22,
    0.22,
    0.22,
    0.23,
    0.23,
    0.22999996917999796,
    0.22000000156000046,
    0.22000013928643558,
    0.22000001872000705,
    0.22000013500023624,
    0.22000003089117964,
    0.22,
    0.2299999750833319,
    0.22,
    0.22,
    0.22,
    0.22999996917999796,
    0.22,
    0.22,
    0.22,
    0.22,
    0.22,
    0.22,
    0.22000003714303223,
    0.22,
    0.22000022941304673,
    0.23547894521004087,
    0.22000002340000516,
    0.22,
    0.22000029250171846,
    0.23,
    0.22000022941304673,
    0.22,
    0.2199222348989422,
    0.21986754909466738,
    0.22,
    0.21000001286047687,
    0.22,
    0.22,
    0.22,
    0.22,
    0.22,
    0.22,
    0.22,
    0.22,
    0.22000024960141773,
    0.23,
    0.22,
    0.22,
    0.22,
    0.22000001727671092,
    0.22,
    0.23,
    0.23,
    0.22000001872000705,
    0.22000000624000088,
    0.22000001872000705,
    0.22000001872000705,
    0.22999982749995687,
    0.22000001872000705,
    0.2200003781862189,
    0.22,
    0.23,
    0.23,
    0.23,
    0.23,
    0.23,
    0.23,
    0.22,
    0.22,
    0.22,
    0.23,
    0.22000000624000088,
    0.22,
    0.22,
    0.22999991604998868,
    0.22,
    0.22999996917999796,
    0.23,
    0.2200000085446022,
    0.22000000224783908,
    0.22000001265206998,
    0.23,
    0.22999855099463867,
    0.22000000062852546,
    0.2200000034821433,
    0.22,
    0.2299999618433155,
    0.22,
    0.22999996917999796,
    0.22999999837954543,
    0.22,
    0.220000000468,
    0.22,
    0.22999855099463867,
    0.2299999773538449,
    0.22000001872000705,
    0.23,
    0.22999982749995687,
    0.22,
    0.22,
    0.22,
    0.22,
    0.22,
    0.22,
    0.22,
    0.22,
    0.22,
    0.23,
    0.23,
    0.23,
    0.23,
    0.23,
    0.23,
    0.23,
    0.23,
    0.23,
    0.22,
    0.22999996917999796,
    0.22999982749995687,
    0.229999998597,
    0.22000029250171846,
    0.22999996917999796,
    0.220000210001155,
    0.22000000624000088,
    0.22000001872000705,
    0.23,
    0.22,
    0.22,
    0.22,
    0.22,
    0.23,
    0.23,
    0.23,
    0.23,
    0.24,
    0.2399998559999424,
    0.24,
    0.24,
    0.24,
    0.24,
    0.24,
    0.24,
    0.2399999673599979,
    0.2399998559999424,
    0.24,
    0.2399998559999424,
    0.24894294438038048,
    0.2399998559999424,
    0.23,
    0.23,
    0.23,
    0.23000001026667166,
    0.23,
    0.23983767139950954,
    0.23983799120736043,
    0.2398379813009296,
    0.24997447428104055,
    0.23,
    0.2300000006429581,
    0.25,
    0.2300000253992121,
    0.24,
    0.23,
    0.24000009120017146,
    0.25,
    0.24,
    0.24,
    0.24,
    0.24,
    0.24,
    0.24,
    0.24,
    0.24,
    0.24,
    0.25,
    0.23,
    0.24271844660194175,
    0.23000000880000493,
    0.2626741956545314,
    0.22,
    0.22,
    0.22,
    0.22,
    0.22,
    0.22999982749995687,
    0.22000024960141773,
    0.23,
    0.23007936530362602,
    0.23007936567596818,
    0.22000008775004498,
    0.22000000156000046,
    0.2399999099999775,
    0.22,
    0.23,
    0.22,
    0.23000000697616177,
    0.23003324056125105,
    0.23003323710797,
    0.2300332367116266,
    0.23,
    0.2200001106384391,
    0.23999997323419875,
    0.22000000693333366,
    0.2346388801790175,
    0.22999982749995687,
    0.22999982749995687,
    0.22000000208000015,
    0.22999982749995687,
    0.22000004763362124,
    0.22,
    0.220000083200213,
    0.22999996917999796,
    0.22,
    0.23,
    0.22,
    0.22000003016247013,
    0.22,
    0.2200000582090812,
    0.22999996032499692,
    0.22999982749995687,
    0.23,
    0.23,
    0.23,
    0.23,
    0.23,
    0.23,
    0.23,
    0.23,
    0.2399999855999994,
    0.23000009753358105,
    0.2399998559999424,
    0.2399998559999424,
    0.23000000365750034,
    0.23000001540000353,
    0.23000000287585134,
    0.23,
    0.23,
    0.23000001232000472,
    0.23,
    0.24,
    0.24,
    0.25,
    0.24,
    0.24,
    0.24,
    0.2497247911277436,
    0.2549419456804526,
    0.24000009120017146,
    0.25,
    0.24,
    0.25,
    0.25,
    0.25,
    0.25,
    0.25,
    0.24,
    0.24,
    0.24,
    0.24983576772126043,
    0.24983569068137546,
    0.24,
    0.25,
    0.2400000036919343,
    0.24,
    0.25,
    0.25,
    0.24,
    0.25,
    0.23,
    0.2,
    0.15,
    0.24,
    0.2,
    0.25,
    0.25,
    0.25,
    0.24,
    0.23,
    0.24,
    0.22,
    0.25,
    0.25,
    0.24,
    0.24,
    0.22,
    0.14000000008761848,
    0.21,
    0.25,
    0.15,
    0.25,
    0.24,
    0.15,
    0.25,
    0.25,
    0.26,
    0.26999987268288334,
    0.25,
    0.2599998647999351,
    0.26,
    0.26,
    0.26,
    0.25,
    0.25999994799999304,
    0.26,
    0.25,
    0.2599999931454544,
    0.25,
    0.25999999661999995,
    0.2599996071108317,
    0.25,
    0.25,
    0.25,
    0.26,
    0.25,
    0.25999973999974,
    0.259999927199984,
    0.25,
    0.25,
    0.25,
    0.25,
    0.25,
    0.2697534059530659,
    0.2597079796470262,
    0.2597079407438677,
    0.25970792580573077,
    0.26,
    0.26975339153749567,
    0.2697533575017072,
    0.27010412047017457,
    0.2701041199568633,
    0.29172552533184487,
    0.26,
    0.26977913752647326,
    0.27006289340689504,
    0.2700628937950047,
    0.2700628951336415,
    0.27,
    0.27,
    0.28,
    0.28,
    0.28,
    0.28,
    0.28,
    0.28,
    0.28,
    0.28,
    0.28,
    0.28,
    0.28,
    0.28,
    0.28,
    0.28,
    0.28,
    0.29002228237150096,
    0.28,
    0.28,
    0.2900222864979867,
    0.28,
    0.28,
    0.28,
    0.2999634018386645,
    0.2900222822914015,
    0.29996342791866376,
    0.28974083008974333,
    0.29012352076245795,
    0.2901235214681803,
    0.28,
    0.29,
    0.29,
    0.31,
    0.31,
    0.31,
    0.31,
    0.31,
    0.31,
    0.31,
    0.31,
    0.31,
    0.31,
    0.31,
    0.31,
    0.32,
    0.32,
    0.32,
    0.32,
    0.32,
    0.32,
    0.32,
    0.32,
    0.32,
    0.33996840268836304,
    0.3399683931665848,
    0.33,
    0.33,
    0.32,
    0.33,
    0.33,
    0.32,
    0.33,
    0.34,
    0.32,
    0.34,
    0.32,
    0.32,
    0.35,
    0.33,
    0.34,
    0.3498694342474003,
    0.34003244135903454,
    0.34003244160017276,
    0.3400324412947176,
    0.34976670307327395,
    0.34976667627680874,
    0.34002421307506053,
    0.34008034298278017,
    0.3400803463489951,
    0.3501769911504425,
    0.35017699278312225,
    0.3500504892594721,
    0.35005048913233616,
    0.34008034280024496,
    0.3498398792044876,
    0.3300133801729379,
    0.33001338009643777,
    0.34003923107100825,
    0.3301458445978562,
    0.33014584392402807,
    0.34981620281038417,
    0.32,
    0.32,
    0.34001757474055355,
    0.3400175748862861,
    0.34966254415238823,
    0.35,
    0.3498307521497369,
    0.35,
    0.35,
    0.34007922010761094,
    0.34007922006191427,
    0.34007922057890494,
    0.3498159640163918,
    0.3499727249529244,
    0.3398968105367979,
    0.3398968069229459,
    0.34997274192292255,
    0.34992263314029354,
    0.3300036179450072,
    0.3401187826269164,
    0.34011878309716087,
    0.32,
    0.33006711417935947,
    0.3300671150258053,
    0.3300406759546935,
    0.34999438968558544,
    0.349994360114012,
    0.33004067780496804,
    0.34999436582402216,
    0.33004067645396107,
    0.310000001576622,
    0.3498696049608815,
    0.34986951601423694,
    0.34986961655108556,
    0.34998499998648647,
    0.34998516037455857,
    0.3499851536075505,
    0.3498996692487677,
    0.34989961053230806,
    0.349899691713592,
    0.35008818342151676,
    0.35008818408058734,
    0.3500881835653763,
    0.3500976042590949,
    0.34989380498678924,
    0.34989381682687354,
    0.35006756758348867,
    0.350067567649802,
    0.34987484640689015,
    0.35,
    0.35,
    0.35,
    0.3398793343806935,
    0.3398791594910353,
    0.3398793215571225,
    0.31010732878281,
    0.3101073284741211,
    0.31001456142034933,
    0.3100145620295793,
    0.3,
    0.3,
    0.30504725388480247,
    0.28,
    0.3098027324461739,
    0.2899502202146327,
    0.30980293601614134,
    0.32991708281968507,
    0.29005651313930486,
    0.32991710760217013,
    0.27,
    0.32978213906846576,
    0.27,
    0.2899565496224007,
    0.29003047935716264,
    0.3198859282934789,
    0.29013651915572936,
    0.3,
    0.3,
    0.31012388575269956,
    0.3101238851095994,
    0.3297963550063174,
    0.28,
    0.3100463585171079,
    0.33979577488690527,
    0.3100463576398887,
    0.2900156660958056,
    0.3,
    0.3,
    0.33979577171632247,
    0.3397957793728105,
    0.28,
    0.3199387349903718,
    0.2900623736273158,
    0.31993886642017805,
    0.29006233342270027,
    0.29006233342270027,
    0.31993876118588266,
    0.2901858009467641,
    0.28,
    0.28,
    0.29,
    0.29006522883711466,
    0.31990460908163587,
    0.29006522872658064,
    0.3,
    0.29011343386996413,
    0.27000003055366295,
    0.3299939471907242,
    0.32999396331146624,
    0.3299939315032866,
    0.3299073684626642,
    0.3299074305707423,
    0.3198159493986555,
    0.27,
    0.3198159950298077,
    0.29010139483567193,
    0.3100669918414762,
    0.2901013951222622,
    0.28,
    0.3198517152497207,
    0.28,
    0.2900229140248603,
    0.27,
    0.2900229133693183,
    0.3000779570104665,
    0.30007795702876017,
    0.31,
    0.31,
    0.3000031318526361,
    0.30000313185477034,
    0.3200595238095238,
    0.31000000483000023,
    0.30000313185210564,
    0.3199077047020597,
    0.27,
    0.31003924989097253,
    0.3198015937511588,
    0.3198015594951478,
    0.2900858646286418,
    0.27,
    0.3297955562006436,
    0.28,
    0.31002211609447794,
    0.3200115141336169,
    0.3200115145094413,
    0.3399828827759429,
    0.3399830396524978,
    0.290067705780304,
    0.3398216988765213,
    0.27,
    0.3098965459515302,
    0.3098965470291058,
    0.32993238143756914,
    0.26,
    0.3101208466812158,
    0.3101208477507698,
    0.31976340109983437,
    0.3101208474426624,
    0.3197634574934788,
    0.3100855687364363,
    0.3100855686129366,
    0.31993364223176546,
    0.31993361247079566,
    0.3099042147948072,
    0.3099042052048712,
    0.3297887197767769,
    0.330019477070347,
    0.3398308713690139,
    0.33001947706702484,
    0.33,
    0.3299999590799969,
    0.32999972876697464,
    0.31995816700563895,
    0.319958208744828,
    0.25,
    0.30991801862280316,
    0.3199582086180607,
    0.31978443108913196,
    0.25,
    0.25,
    0.25,
    0.27,
    0.30994310597330443,
    0.28002594407610265,
    0.30007673538363383,
    0.3099431095859899,
    0.3000767352741132,
    0.31978119393358045,
    0.26006630342310844,
    0.25,
    0.25,
    0.31997100995955396,
    0.3199709668471886,
    0.3199709460816881,
    0.31996379425404237,
    0.3199637869538635,
    0.31987736817537066,
    0.31969513551389606,
    0.2800808353655752,
    0.28008083572267556,
    0.3199150891397871,
    0.3198664536193166,
    0.31986649035608494,
    0.2600634455832113,
    0.25,
    0.32999978219992593,
    0.31997027671553935,
    0.31997020057678494,
    0.31997028241503983,
    0.2600784873349982,
    0.3198496442376288,
    0.31984967033634504,
    0.31984965187305364,
    0.25,
    0.25,
    0.25,
    0.2600558377051718,
    0.31996162015516644,
    0.25,
    0.3199615656630379,
    0.31996162015516644,
    0.25,
    0.3000931308846406,
    0.25,
    0.2801332593003887,
    0.3000930233326983,
    0.3000930233650503,
    0.3199759145336091,
    0.26007251385863256,
    0.319874157449234,
    0.25,
    0.3198742087959214,
    0.3198741014269808,
    0.3199905845855813,
    0.31988605073910414,
    0.32,
    0.31981861626852937,
    0.3198185374880679,
    0.319818558417422,
    0.25,
    0.31980901588911725,
    0.3196332027859888,
    0.25,
    0.31972153998661396,
    0.3197215976875971,
    0.31972146127063583,
    0.30993988071566164,
    0.31983881527981506,
    0.31983884465568785,
    0.31983882518166445,
    0.3199012274202555,
    0.319901229573405,
    0.25,
    0.319951173127623,
    0.31995111775773266,
    0.27012474012474014,
    0.25,
    0.24000009120017146,
    0.3198525029031013,
    0.3198524959557488,
    0.2700756672699097,
    0.32,
    0.23000000308000024,
    0.2300000176000021,
    0.23000000016470376,
    0.23,
    0.23000001232000472,
    0.3299999590799969,
    0.23,
    0.2300000240183523,
    0.24,
    0.2300000215906711,
    0.32189588684787745,
    0.23003079777233534,
    0.23003079772919846,
    0.2897466137372228,
    0.28974676692104007,
    0.2200000046867029,
    0.299999819999928,
    0.28988416704388764,
    0.2898841244629585,
    0.2896094546177761,
    0.2897775481306109,
    0.28977760155100973,
    0.2899716814375799,
    0.28997171113155473,
    0.23001986761545568,
    0.23007150533855375,
    0.23007150580884198,
    0.22000002612367733,
    0.2898618072881654,
    0.2898618621807218,
    0.2898618716949162,
    0.22,
    0.2898168479486419,
    0.2300381362002002,
    0.2300381358291475,
    0.22000000156110855,
    0.28957437151284143,
    0.28957471841044563,
    0.27980611771632835,
    0.28957446637896184,
    0.24000848416757145,
    0.2400084841647822,
    0.3099998811666132,
    0.26,
    0.25,
    0.25,
    0.25,
    0.25999960999961,
    0.25,
    0.25004414128653973,
    0.25004414125587254,
    0.2500441412721732,
    0.23000001540000353,
    0.23,
    0.23,
    0.23,
    0.21000000316000045,
    0.21000000453278836,
    0.34,
    0.3333333333333333,
    0.3399996055996687,
    0.25,
    0.26,
    0.21000000219497628,
    0.33,
    0.33,
    0.2800519330877885,
    0.2800519330729657,
    0.28002677774471885,
    0.2800367309536482,
    0.2800367310435639,
    0.33979591836734696,
    0.28008854823498586,
    0.28008854793910243,
    0.3482309804368875,
    0.26,
    0.27007658241722976,
    0.27007658282951713,
    0.2700765827921039,
    0.27002202820865623,
    0.2700220268169552,
    0.26000000888000036,
    0.26,
    0.26000046250260156,
    0.22,
    0.21000000597093157,
    0.21,
    0.2,
    0.21,
    0.2,
    0.12000015304677875,
    0.1100000890004361,
    0.06,
    0.060000037600487305
]
