[
    0.999,
    0.999,
    0.999,
    0.999,
    0.999,
    0.999,
    0.999,
    0.999,
    0.999,
    0.991,
    0.991,
    0.9977613985736816,
    0.99,
    0.999,
    0.993,
    0.99,
    0.999,
    0.999,
    0.999,
    0.999,
    0.998999996999004,
    0.9989999992290902,
    0.99899999918082,
    0.998999999075925,
    0.999,
    0.9930000069090001,
    0.9930000578666706,
    0.999,
    0.993,
    0.993,
    0.992,
    0.995,
    0.992,
    0.99,
    0.991,
    0.99,
    0.99,
    0.99,
    0.99,
    0.9899962285498775,
    0.989999999604943,
    0.99,
    0.99,
    0.97,
    0.98,
    0.9799991571990392,
    0.9799999607999937,
    0.9799999568799846,
    0.9799991949977862,
    0.98,
    0.98,
    0.98,
    0.98,
    0.9464039196351535,
    0.93,
    0.95,
    0.95,
    0.95,
    0.95,
    0.95,
    0.95,
    0.95,
    0.95,
    0.95,
    0.95,
    0.95,
    0.95,
    0.95,
    0.95,
    0.9300000020766667,
    0.93,
    0.93,
    0.93,
    0.93,
    0.93,
    0.93,
    0.969999833159962,
    0.92,
    0.93,
    0.9300000126000002,
    0.930000001274,
    0.94,
    0.93,
    0.91,
    0.8769086537797245,
    0.87,
    0.8800000100800002,
    0.87,
    0.87,
    0.87,
    0.87,
    0.87,
    0.87,
    0.8699999991431947,
    0.86,
    0.8599999993525315,
    0.85999999957,
    0.8530534434062702,
    0.85,
    0.85,
    0.83,
    0.85,
    0.85,
    0.84,
    0.83,
    0.84,
    0.88,
    0.87,
    0.8,
    0.8,
    0.7980997,
    0.79,
    0.79,
    0.789999999684,
    0.79,
    0.7899999802499955,
    0.79,
    0.76,
    0.76,
    0.76,
    0.77,
    0.77,
    0.79,
    0.788945998218737,
    0.74,
    0.74,
    0.74,
    0.74,
    0.74,
    0.76,
    0.75,
    0.76,
    0.76,
    0.76,
    0.76,
    0.76,
    0.75,
    0.75,
    0.75,
    0.75,
    0.75,
    0.75,
    0.75,
    0.74,
    0.74,
    0.74,
    0.730000001701,
    0.74,
    0.75,
    0.76,
    0.76,
    0.77,
    0.77,
    0.77,
    0.779999845974636,
    0.79,
    0.79,
    0.79,
    0.79,
    0.79,
    0.79,
    0.79,
    0.79,
    0.79,
    0.7899999920999764,
    0.7700004509809575,
    0.79,
    0.789999999684,
    0.79,
    0.79,
    0.79,
    0.78,
    0.78,
    0.78,
    0.78,
    0.78,
    0.7799999969210523,
    0.78,
    0.78,
    0.78,
    0.77,
    0.77,
    0.77,
    0.769999999497826,
    0.77,
    0.77,
    0.77,
    0.7699999971481477,
    0.77,
    0.769999964461531,
    0.77,
    0.769999964461531,
    0.77,
    0.78,
    0.78,
    0.78,
    0.76,
    0.80999999888625,
    0.75,
    0.78,
    0.75,
    0.7300000095850001,
    0.71,
    0.7,
    0.72,
    0.71,
    0.68,
    0.68,
    0.65,
    0.65,
    0.65,
    0.65,
    0.65,
    0.65,
    0.65,
    0.64,
    0.65,
    0.65,
    0.65,
    0.65,
    0.65,
    0.6351487473097795,
    0.6202863917525773,
    0.62,
    0.63,
    0.6200000118453869,
    0.62,
    0.62,
    0.59,
    0.59,
    0.59,
    0.58,
    0.58,
    0.6,
    0.64,
    0.6210007555409633,
    0.61,
    0.62,
    0.62,
    0.6588888888888889,
    0.64,
    0.6300000888000231,
    0.64,
    0.62,
    0.61,
    0.61,
    0.61,
    0.61,
    0.61,
    0.6,
    0.6,
    0.6,
    0.6,
    0.59,
    0.59,
    0.59,
    0.58,
    0.58,
    0.58,
    0.58,
    0.58,
    0.57,
    0.57,
    0.57,
    0.55,
    0.55,
    0.59,
    0.59,
    0.59,
    0.59,
    0.6199999627999948,
    0.6,
    0.68,
    0.63,
    0.63,
    0.63,
    0.63,
    0.66,
    0.6,
    0.6,
    0.6,
    0.6,
    0.6,
    0.6,
    0.6,
    0.6,
    0.6,
    0.6,
    0.61,
    0.61,
    0.61,
    0.61,
    0.6099999488386975,
    0.62,
    0.63,
    0.62,
    0.62,
    0.62,
    0.62,
    0.6,
    0.6,
    0.63,
    0.6,
    0.6299999499337456,
    0.6,
    0.63,
    0.64,
    0.6299999476615267,
    0.67,
    0.67,
    0.64,
    0.63,
    0.62,
    0.64,
    0.66,
    0.61,
    0.58,
    0.58,
    0.58,
    0.58,
    0.58,
    0.58,
    0.58,
    0.58,
    0.5700000068800006,
    0.57999993708471,
    0.59,
    0.57,
    0.5699999488965387,
    0.58,
    0.59,
    0.62,
    0.62,
    0.62,
    0.63,
    0.63,
    0.63,
    0.65,
    0.65,
    0.65,
    0.65,
    0.65,
    0.65,
    0.6499999024999659,
    0.65,
    0.65,
    0.65,
    0.65,
    0.65,
    0.65,
    0.65,
    0.65,
    0.65,
    0.65,
    0.630000001961,
    0.65,
    0.65,
    0.65,
    0.65,
    0.65,
    0.65,
    0.65,
    0.65,
    0.65,
    0.65,
    0.65,
    0.65,
    0.65,
    0.65,
    0.65,
    0.65,
    0.65,
    0.65,
    0.6300000229400009,
    0.65,
    0.65,
    0.65,
    0.65,
    0.65,
    0.65,
    0.65,
    0.65,
    0.65,
    0.65,
    0.65,
    0.65,
    0.65,
    0.65,
    0.65,
    0.65,
    0.6200000049400002,
    0.6200000988000731,
    0.6200000010145965,
    0.62,
    0.6499995124979281,
    0.65,
    0.65,
    0.65,
    0.65,
    0.65,
    0.65,
    0.65,
    0.65,
    0.65,
    0.65,
    0.65,
    0.65,
    0.65,
    0.65,
    0.65,
    0.65,
    0.65,
    0.65,
    0.65,
    0.65,
    0.65,
    0.65,
    0.65,
    0.65,
    0.65,
    0.65,
    0.65,
    0.65,
    0.65,
    0.65,
    0.65,
    0.65,
    0.6383187663245503,
    0.63,
    0.63,
    0.63,
    0.63,
    0.63,
    0.63,
    0.63,
    0.63,
    0.63,
    0.63,
    0.63,
    0.63,
    0.63,
    0.64,
    0.64,
    0.64,
    0.64,
    0.64,
    0.64,
    0.64,
    0.64,
    0.64,
    0.64,
    0.64,
    0.64,
    0.64,
    0.64,
    0.64,
    0.64,
    0.64,
    0.64,
    0.62,
    0.62,
    0.62,
    0.62,
    0.6199988839908487,
    0.5900000054255077,
    0.61,
    0.61,
    0.61,
    0.5994690265486725,
    0.5600000352000042,
    0.52,
    0.5100000168688532,
    0.5699990879968991,
    0.58,
    0.5709638554216867,
    0.57,
    0.57,
    0.57,
    0.57,
    0.57,
    0.57,
    0.57,
    0.56,
    0.57,
    0.5300001745718625,
    0.54,
    0.53,
    0.54,
    0.53000001740741,
    0.54,
    0.54,
    0.5400005060007084,
    0.54,
    0.55,
    0.5400000135115325,
    0.569999700749409,
    0.5699999555399857,
    0.55,
    0.54,
    0.5600004061542523,
    0.49,
    0.48,
    0.47,
    0.4,
    0.4,
    0.4,
    0.40000003934427264,
    0.4099998001679967,
    0.38,
    0.40999999343999965,
    0.3800000372000052,
    0.36000000173528934,
    0.38,
    0.37,
    0.38000000248000004,
    0.409999997622,
    0.39,
    0.39,
    0.390000003904,
    0.39000002517461013,
    0.38,
    0.38,
    0.39,
    0.39000005116130254,
    0.39,
    0.38,
    0.39,
    0.39,
    0.40000003934427264,
    0.44678995436019064,
    0.4,
    0.4,
    0.42,
    0.43,
    0.43,
    0.44,
    0.44,
    0.39499904547032283,
    0.37000006300001337,
    0.42,
    0.36,
    0.35,
    0.35,
    0.35,
    0.37000000781200054,
    0.3700000014,
    0.4,
    0.34000000154857574,
    0.36,
    0.41,
    0.44,
    0.44,
    0.44,
    0.45000004400000526,
    0.4699994180945731,
    0.4700001219000939,
    0.47,
    0.46,
    0.47,
    0.45,
    0.45,
    0.45,
    0.44,
    0.44,
    0.42,
    0.42,
    0.38,
    0.34000000336681024,
    0.39981284840491305,
    0.37,
    0.35,
    0.35,
    0.35,
    0.35,
    0.35,
    0.35,
    0.35,
    0.35,
    0.35,
    0.35000000650000057,
    0.3500000325000114,
    0.39,
    0.37000006300001337,
    0.39,
    0.38,
    0.4099999609523775,
    0.3900000073200003,
    0.43,
    0.4299999950700634,
    0.44,
    0.44,
    0.43,
    0.44,
    0.43,
    0.44,
    0.44,
    0.44,
    0.44,
    0.44,
    0.44,
    0.44,
    0.48,
    0.48,
    0.49,
    0.49,
    0.49,
    0.49,
    0.47,
    0.4700000274814902,
    0.45,
    0.45,
    0.48,
    0.47,
    0.48,
    0.47,
    0.47,
    0.49,
    0.49,
    0.49,
    0.49,
    0.49,
    0.49,
    0.49,
    0.49,
    0.49,
    0.49,
    0.49,
    0.49000000927273046,
    0.47,
    0.45,
    0.45,
    0.45,
    0.51,
    0.51,
    0.5,
    0.49,
    0.5,
    0.49,
    0.5,
    0.497917,
    0.46,
    0.44,
    0.44,
    0.44,
    0.44,
    0.44,
    0.44,
    0.44,
    0.44,
    0.44,
    0.44000000785965176,
    0.44,
    0.44,
    0.44,
    0.44,
    0.44,
    0.44,
    0.44,
    0.44,
    0.45,
    0.45,
    0.45,
    0.45,
    0.45,
    0.45,
    0.44,
    0.44,
    0.45999995951999545,
    0.4400000224000036,
    0.4400001568001129,
    0.4599997607998852,
    0.44,
    0.45,
    0.45,
    0.4701242017222002,
    0.4699296574585758,
    0.4699296670960088,
    0.4699920596658805,
    0.46999213918616595,
    0.46999215675534356,
    0.47,
    0.47,
    0.4700000116600003,
    0.47,
    0.47,
    0.48,
    0.48,
    0.46000001188000034,
    0.4600000259200091,
    0.47,
    0.47,
    0.47,
    0.47,
    0.47,
    0.47,
    0.47,
    0.4600000097200008,
    0.46000001188000034,
    0.45,
    0.4600666262870987,
    0.46,
    0.46,
    0.46,
    0.46,
    0.4601238574802302,
    0.4601238577461729,
    0.46000407499009516,
    0.46000407498711854,
    0.4600040749969949,
    0.46005555562570155,
    0.45,
    0.45,
    0.46999998529814174,
    0.46178937304328277,
    0.459999819607737,
    0.4598888254714995,
    0.4598888156231693,
    0.4598887834396368,
    0.45,
    0.45,
    0.45,
    0.45,
    0.4699999929382301,
    0.4598816580598998,
    0.45988172535795996,
    0.45988174456035347,
    0.45,
    0.45,
    0.45999993195265265,
    0.4685830599147896,
    0.45,
    0.45,
    0.4500000226944586,
    0.4500000278904708,
    0.4601570626955945,
    0.45,
    0.45,
    0.45999998236421513,
    0.45000000733333423,
    0.4500000275919765,
    0.450000020715634,
    0.45,
    0.4500002186882206,
    0.45000004400000526,
    0.45,
    0.45999992639998727,
    0.45,
    0.45,
    0.45,
    0.47,
    0.46,
    0.47,
    0.46000010728481794,
    0.4600007020025974,
    0.46999999247999963,
    0.4600000295440758,
    0.4600000097200008,
    0.4600000079578955,
    0.4699999960421049,
    0.4600001298361763,
    0.46999998379310237,
    0.4600000345600047,
    0.46000001153846376,
    0.46000000132686286,
    0.47,
    0.46000000635294147,
    0.46,
    0.4600000308571499,
    0.46,
    0.46,
    0.46999998376363544,
    0.46999999153999933,
    0.4699999650857119,
    0.46999999153999933,
    0.46,
    0.46999998871999804,
    0.46000001188000034,
    0.46999999697348477,
    0.4600000007269231,
    0.4600000014400001,
    0.46,
    0.46,
    0.4600000097200008,
    0.4600000003085714,
    0.46000086400552964,
    0.460000000413577,
    0.4699999996052,
    0.47,
    0.46,
    0.4599998055283794,
    0.45999999677999986,
    0.4599381815841937,
    0.459938158986061,
    0.4599999992764045,
    0.44999999212499975,
    0.44999797498886246,
    0.4583956149728566,
    0.45,
    0.45,
    0.4499997974998886,
    0.44,
    0.44,
    0.44000000008113294,
    0.44,
    0.44,
    0.44,
    0.4664151949755945,
    0.44,
    0.4300001767002986,
    0.44,
    0.44,
    0.4399996479988736,
    0.4300000932727544,
    0.43,
    0.44,
    0.44,
    0.44,
    0.4300001767002986,
    0.4399999964799999,
    0.4399999838666659,
    0.4300001767002986,
    0.44,
    0.4300000074100003,
    0.4300001767002986,
    0.4399999746559974,
    0.43999995699247735,
    0.43000000370731767,
    0.43000000284289347,
    0.4300000462474795,
    0.4300001767002986,
    0.43999991199994426,
    0.4399998491428011,
    0.44,
    0.4300000570000461,
    0.4399998491428011,
    0.43999991199994426,
    0.43999987815378616,
    0.43999987815378616,
    0.4399998491428011,
    0.43999995306664036,
    0.43999991199994426,
    0.44,
    0.4300000427500235,
    0.439999872888855,
    0.43,
    0.43000016150008885,
    0.4300001216001362,
    0.43000009364290864,
    0.43999980639989156,
    0.43000009364290864,
    0.4300001216001362,
    0.43000016150008885,
    0.4300000031666684,
    0.4300000570000461,
    0.4399999229999654,
    0.43999995306664036,
    0.4399998491428011,
    0.43999991199994426,
    0.43999987815378616,
    0.4300009120031008,
    0.4399998491428011,
    0.43999995306664036,
    0.43999991199994426,
    0.439999872888855,
    0.44,
    0.4300000427500235,
    0.4300001216001362,
    0.43,
    0.43000009364290864,
    0.43000016150008885,
    0.4300007790041287,
    0.4399998491428011,
    0.43999995306664036,
    0.44,
    0.43999991199994426,
    0.4300000427500235,
    0.439999872888855,
    0.43,
    0.4300001216001362,
    0.43000009364290864,
    0.43000016150008885,
    0.43999980639989156,
    0.43000061621888097,
    0.4300001216001362,
    0.43000009364290864,
    0.4300000031666684,
    0.43000016150008885,
    0.4300000570000461,
    0.4399999229999654,
    0.43999987815378616,
    0.4399998491428011,
    0.43999995306664036,
    0.43999991199994426,
    0.44,
    0.4300007790041287,
    0.43999995306664036,
    0.4399998491428011,
    0.4300000052615388,
    0.43999991199994426,
    0.439999872888855,
    0.44,
    0.4300000427500235,
    0.43,
    0.43000016150008885,
    0.4300001216001362,
    0.43000009364290864,
    0.43000061885823915,
    0.43000000570000035,
    0.43000000608000033,
    0.4300000041454549,
    0.43000000475000033,
    0.4399999889999996,
    0.43000000696666696,
    0.4399999847466662,
    0.43999999371428533,
    0.4399999891692302,
    0.4399999838666659,
    0.44,
    0.43000000342000033,
    0.44,
    0.43000009756763874,
    0.44,
    0.43,
    0.43000004446001433,
    0.43000051300466835,
    0.43999996479999576,
    0.4300003420011628,
    0.43,
    0.43000002979356045,
    0.4300001546513606,
    0.4300001767002986,
    0.4300000878854877,
    0.4399999395188879,
    0.4300002483361478,
    0.43999992377951075,
    0.43999980639989156,
    0.4399999255026187,
    0.4399999620922993,
    0.4399999266666554,
    0.4399999395188879,
    0.4399999394999894,
    0.43999994422533956,
    0.43999998994285594,
    0.43999980639989156,
    0.43,
    0.4300001767002986,
    0.4300001767002986,
    0.4300001767002986,
    0.43000013127285613,
    0.43000001010369676,
    0.43999980639989156,
    0.43999996479999576,
    0.43999980639989156,
    0.4399999295999761,
    0.43999970666637334,
    0.43,
    0.43000051300466835,
    0.43000051300466835,
    0.4300001216001362,
    0.4300000052615388,
    0.43,
    0.43,
    0.43,
    0.43,
    0.4399999692427146,
    0.44,
    0.43999995759035276,
    0.439999930829675,
    0.43999995699247735,
    0.4399999503225662,
    0.4399999570731662,
    0.43999995408694137,
    0.4399999878411036,
    0.43999994823528327,
    0.439999966283521,
    0.43999997762711507,
    0.4399999852596295,
    0.4300001767002986,
    0.43000000608000033,
    0.43,
    0.4299999536179721,
    0.429999949467844,
    0.42999981821131117,
    0.42999995536016467,
    0.42999996670967283,
    0.42999992723072555,
    0.43999991775698627,
    0.4399999173153963,
    0.43,
    0.43999996076432224,
    0.43999991437834873,
    0.439999902638278,
    0.4399999317829299,
    0.4399999729230682,
    0.43999997731958296,
    0.4399999509012825,
    0.43999994433089373,
    0.43,
    0.43,
    0.43,
    0.4300403033391624,
    0.44,
    0.4399999840963849,
    0.43004030976804253,
    0.43999991908044367,
    0.4399999699145234,
    0.43999992032919977,
    0.4399999511110996,
    0.439999872888855,
    0.43999996479999576,
    0.44,
    0.44,
    0.4399998255854976,
    0.44,
    0.43999998299516563,
    0.4399999562732691,
    0.4399999656249893,
    0.4341742944893733,
    0.4399999656585225,
    0.4299999734462115,
    0.4299999812614644,
    0.42,
    0.4200000192053037,
    0.420000002283465,
    0.42000000914249913,
    0.42,
    0.4200000651685503,
    0.4200000080184349,
    0.4200000172277308,
    0.42000004508835165,
    0.42000005123029555,
    0.4200000522274958,
    0.42000003660194835,
    0.4200000388712565,
    0.42,
    0.42,
    0.42,
    0.4200000080184349,
    0.4200000097071169,
    0.4200000398625539,
    0.4200000815625204,
    0.42000008079604884,
    0.4200000251566315,
    0.42000006336136425,
    0.42,
    0.42000004952810793,
    0.42000000295918444,
    0.4200000481994687,
    0.42,
    0.42000000321098463,
    0.42000002577778484,
    0.42,
    0.4200000662857446,
    0.42000002377050055,
    0.4200000570492059,
    0.42,
    0.42,
    0.42988650647772414,
    0.42000007250005567,
    0.4200000421818343,
    0.4200000192053037,
    0.4200000071165665,
    0.4200000375057799,
    0.4200000433195168,
    0.42000004578948513,
    0.4200000572839803,
    0.42000003561404853,
    0.420000046711437,
    0.42000010609760624,
    0.42000003314286316,
    0.42000009304821295,
    0.42000002377050055,
    0.4200000514793006,
    0.4200000562424358,
    0.43,
    0.42991854544095837,
    0.42991850086716205,
    0.420000002283465,
    0.4299185359543741,
    0.42000005298078985,
    0.4200000944797081,
    0.4200000783122918,
    0.42,
    0.42000005608143376,
    0.4200001003243612,
    0.4200000046963581,
    0.42000001496774636,
    0.42000000885496847,
    0.42000013181830165,
    0.4200000795668048,
    0.4200000502362359,
    0.42000009246382036,
    0.4200000038032799,
    0.4200000172277308,
    0.4200000763786222,
    0.4200000687108411,
    0.4200000308510731,
    0.42000013887340176,
    0.42000000781145036,
    0.42000001611111515,
    0.420000006535213,
    0.42000006699091447,
    0.43,
    0.42000008499481417,
    0.43000008530616773,
    0.43000003272727866,
    0.4300000163524619,
    0.43000000947289946,
    0.43,
    0.4300001162687487,
    0.4399999295999761,
    0.44,
    0.44,
    0.4300000644643168,
    0.43000006792101286,
    0.4300000223131743,
    0.4300000575906976,
    0.43,
    0.4300001361194721,
    0.4300000414904721,
    0.4300000438461601,
    0.4399999823293144,
    0.4300002305540924,
    0.43999975359964516,
    0.43000002545906224,
    0.43000003166667117,
    0.4300000427500235,
    0.43000010339542627,
    0.43000005850441,
    0.4300000145738674,
    0.4300000965702715,
    0.4300000024890835,
    0.43000006280992775,
    0.43000003789474484,
    0.4300000096405938,
    0.43,
    0.4300001310163814,
    0.43,
    0.4300000275806527,
    0.4300000413709981,
    0.4300000300950552,
    0.4399999229999654,
    0.439999902638278,
    0.43999997731958296,
    0.4399999348147762,
    0.4399999797701101,
    0.43999994761902267,
    0.44,
    0.44,
    0.44,
    0.43999997326581763,
    0.439999975211262,
    0.4399999689183176,
    0.4499999907937805,
    0.44999999211908875,
    0.43,
    0.4300000140373152,
    0.4499999901171298,
    0.44999998540014363,
    0.4499999846007598,
    0.44999997855099994,
    0.4300000346715392,
    0.44999990927417527,
    0.4300000599044905,
    0.4300000482539897,
    0.43000005324178253,
    0.43,
    0.4300000394339719,
    0.4499999241572735,
    0.430000053871979,
    0.43000005161418886,
    0.4499999369158672,
    0.4499999665841444,
    0.4300001130953054,
    0.43000001693070095,
    0.43,
    0.4300000204615482,
    0.4300000536050274,
    0.43000000916890313,
    0.4300000575906976,
    0.4300000462474795,
    0.43000002467533427,
    0.43000016150008885,
    0.4300000043401026,
    0.4300000778688844,
    0.4300000677998278,
    0.43,
    0.4300000574535903,
    0.4300000778688844,
    0.43,
    0.44,
    0.4400000187290995,
    0.44999996249999064,
    0.4499999704724351,
    0.4499999746621579,
    0.44999993591771037,
    0.4499999199604569,
    0.45,
    0.4499999585526245,
    0.4499999302325419,
    0.4499999810924338,
    0.4499999647058782,
    0.44999993181815084,
    0.4499999316109319,
    0.4499999581395193,
    0.44,
    0.44012358404620044,
    0.44999996650123486,
    0.44999996127366276,
    0.4499999673912973,
    0.4499998850364418,
    0.4499999612810667,
    0.4499999495798235,
    0.45,
    0.4499999503154472,
    0.44999995807452503,
    0.44012358408529056,
    0.44999996590908703,
    0.4401235890841549,
    0.4401235839556004,
    0.4499999940212573,
    0.4401235978905089,
    0.44999998617511455,
    0.44999998568019023,
    0.45,
    0.44999998309682726,
    0.4499999954939917,
    0.43,
    0.43000001621002026,
    0.44999998994638,
    0.45,
    0.44024282672450604,
    0.43982511285904746,
    0.4300000487179862,
    0.4300000700341689,
    0.430000013204638,
    0.4499999745282937,
    0.4499999761273159,
    0.44999996900825806,
    0.43,
    0.43000003272727866,
    0.4300000504177107,
    0.43000004422415355,
    0.4300000031666684,
    0.43000008235743387,
    0.45,
    0.4499999581395193,
    0.4499999532332504,
    0.43000005850441,
    0.4499999541984663,
    0.45,
    0.4499999489924363,
    0.4499999320469673,
    0.4499999632152518,
    0.4446942026566133,
    0.4300000501256363,
    0.430000061510829,
    0.4300000478231361,
    0.4300000012258067,
    0.43999997357356724,
    0.4399999516704748,
    0.44,
    0.43999997762711507,
    0.4399999655865853,
    0.43999995203353814,
    0.4399999689867727,
    0.4399999484684629,
    0.4300000352857289,
    0.43000006144983033,
    0.4300000644643168,
    0.4300000636051704,
    0.439999962312629,
    0.4300000343373577,
    0.4399999784049024,
    0.43000012261639525,
    0.4300001406963459,
    0.4300000773756251,
    0.43,
    0.4399998970212459,
    0.4300000158734213,
    0.43000013449442587,
    0.4300000387657502,
    0.4300000910651281,
    0.43000006144983033,
    0.4300000481333507,
    0.4399998937930375,
    0.4399999620922993,
    0.43999997485713915,
    0.4399999543703582,
    0.43999995728154717,
    0.43999992874492194,
    0.43999987153279047,
    0.4399998469564419,
    0.4399998974757023,
    0.4399999674073947,
    0.4399999234782372,
    0.43999990896548374,
    0.43999997094339127,
    0.43999994578198437,
    0.43999997167815624,
    0.43999996790272816,
    0.43999992177775693,
    0.4399998317646465,
    0.43999997485713915,
    0.43,
    0.43000009405007855,
    0.440020366598778,
    0.4300000830731364,
    0.4499999632152518,
    0.43,
    0.4499999598214142,
    0.44,
    0.43,
    0.4300004283939511,
    0.44,
    0.4400000059574483,
    0.4400000224000036,
    0.44000004344454413,
    0.4400000988235604,
    0.4499999549999955,
    0.44999992207790185,
    0.45,
    0.4499999775747445,
    0.43000009405007855,
    0.4399999655865853,
    0.43999994761902267,
    0.4399999609677375,
    0.43999996294735855,
    0.43999997503545357,
    0.43,
    0.4301433197646303,
    0.44,
    0.43014333280202505,
    0.44999998759190984,
    0.44999995890410394,
    0.44999997867298175,
    0.4499999252767376,
    0.44999997610619175,
    0.44999992207790185,
    0.44999996127366276,
    0.44,
    0.45,
    0.44999998384200846,
    0.45,
    0.44999995951156135,
    0.44,
    0.44001971091502784,
    0.44001971103257287,
    0.44844164248070806,
    0.4399999480168618,
    0.4399999647215985,
    0.43999988765952347,
    0.43991332153623103,
    0.42000000402079735,
    0.4399016871384361,
    0.4200000031803485,
    0.43,
    0.43,
    0.43,
    0.44,
    0.449999934146319,
    0.4400000198835421,
    0.45,
    0.4499999935018047,
    0.44999999435618715,
    0.4300003962017459,
    0.43,
    0.44775572966244415,
    0.43995381282821405,
    0.43988713530343293,
    0.4398872840071082,
    0.4398872792942234,
    0.44999995559209505,
    0.449999934146319,
    0.4499999156249631,
    0.44999997656249635,
    0.4300003420011628,
    0.44999994827585316,
    0.44999996493505856,
    0.4499998982411779,
    0.449999888121513,
    0.45,
    0.44686071426626567,
    0.4399999562732691,
    0.43999988337345464,
    0.43999996239314954,
    0.4399999571681363,
    0.4200000064895106,
    0.43,
    0.4487052390480571,
    0.4399998810810329,
    0.4399999375147833,
    0.43999997427974563,
    0.44159945175677917,
    0.4200000104236212,
    0.42999992403784437,
    0.4299998512781351,
    0.4299999601030759,
    0.4299999827135642,
    0.42,
    0.42988183772208255,
    0.43,
    0.42,
    0.4300000910651281,
    0.4300000255605427,
    0.42000004660132645,
    0.43,
    0.4300000665000366,
    0.4400668040985741,
    0.44006682698245064,
    0.43000006544997155,
    0.4400667825869161,
    0.4499999489924363,
    0.43000002390728903,
    0.4300000516187645,
    0.44999996359222416,
    0.44999991549293394,
    0.44999997772276784,
    0.44999993684209194,
    0.4499999424715819,
    0.43,
    0.44999992207790185,
    0.4499999302325419,
    0.44999994181032726,
    0.4499999552238739,
    0.4499999632152518,
    0.4499999156249631,
    0.44999997536495584,
    0.4499999032257752,
    0.44999996502589135,
    0.4499999426020335,
    0.44999994690264544,
    0.4499999306167202,
    0.45,
    0.44999995990098574,
    0.4499999062499414,
    0.43000002390728903,
    0.4300000368307782,
    0.45,
    0.4300001162687487,
    0.4499999665178497,
    0.4499998982411779,
    0.43000006654824935,
    0.43000010285720164,
    0.4499999552238739,
    0.44977314784017997,
    0.43999988673264634,
    0.4399999155199824,
    0.43,
    0.4299999530251955,
    0.43,
    0.43,
    0.43,
    0.43999997042015765,
    0.4399999229999654,
    0.4399999146268504,
    0.4300000019930073,
    0.4300000235862222,
    0.44,
    0.4300000155102063,
    0.43,
    0.43000005315853973,
    0.43000001984526426,
    0.43000003938580894,
    0.43000001924050973,
    0.4300000456553472,
    0.43000005937501856,
    0.43000004990784124,
    0.43000005672987907,
    0.43000001924050973,
    0.4300000477987482,
    0.4499999199604569,
    0.4499999605263106,
    0.4499999711538406,
    0.4499999376922971,
    0.44999994690264544,
    0.4499999470587986,
    0.449999906682004,
    0.4499999613180438,
    0.45,
    0.44999996900825806,
    0.4499999486301194,
    0.4499999673912973,
    0.44999997045951406,
    0.4469975221250376,
    0.4399999395707978,
    0.43000005161418886,
    0.43000005937501856,
    0.43000003840426637,
    0.4399999754091781,
    0.43000009058145117,
    0.43999984435369066,
    0.43999991199994426,
    0.4300000574535903,
    0.4300000427089428,
    0.43000007450981853,
    0.43000003550174015,
    0.4300000529859255,
    0.43,
    0.44088991026041185,
    0.430000299250591,
    0.43,
    0.43,
    0.43,
    0.43,
    0.4300000828205362,
    0.43000007811112934,
    0.4300001765487741,
    0.4300000370731834,
    0.43000013741080384,
    0.4300000125427901,
    0.43000002775281804,
    0.4300000644643168,
    0.43000005937501856,
    0.4300000343373577,
    0.43000001082278805,
    0.43000001979167285,
    0.43999999097435877,
    0.43000005438163946,
    0.43000002390728903,
    0.4300001078309687,
    0.43,
    0.4300000155102063,
    0.4300000064339467,
    0.430000007930435,
    0.4399995697772424,
    0.4399995697772424,
    0.4399995697772424,
    0.4399995697772424,
    0.4399995697772424,
    0.4399995697772424,
    0.4399995697772424,
    0.4399995697772424,
    0.4399999941087862,
    0.4300000147931894,
    0.4300000143762787,
    0.4300000166781435,
    0.43000001425000195,
    0.43999998093862724,
    0.43000002067204085,
    0.43999999134426176,
    0.4399999928744935,
    0.43999994706765566,
    0.43,
    0.44,
    0.43,
    0.4300001926694106,
    0.43000051300466835,
    0.4399999882778298,
    0.43000000298876423,
    0.43000001555724227,
    0.4300000198837219,
    0.43999999048648586,
    0.43999999455950506,
    0.4399999870057417,
    0.43000012632436463,
    0.4300000301174211,
    0.43000000576923186,
    0.43000002016509836,
    0.430000045803578,
    0.4300000828205362,
    0.4300000065895991,
    0.43000002745043137,
    0.4300000394339719,
    0.4300000740794395,
    0.4300001162687487,
    0.430000060081091,
    0.4300000480864355,
    0.43000004063366853,
    0.43000005465756647,
    0.43,
    0.43,
    0.4300000387835185,
    0.4300000462474795,
    0.4300000860377878,
    0.4300000223131743,
    0.43000004422415355,
    0.4300000283425557,
    0.4300001765487741,
    0.43000006520299267,
    0.43000004990784124,
    0.4300000283425557,
    0.4300000169178116,
    0.43000000342000033,
    0.4399999266666554,
    0.43999988673264634,
    0.4399999375147833,
    0.43999995408694137,
    0.4300000575906976,
    0.4300000213369033,
    0.4300000708074886,
    0.43999994269765524,
    0.43000001417910766,
    0.430000033440007,
    0.43,
    0.430000033440007,
    0.4300001406963459,
    0.4300001096154689,
    0.43999995759035276,
    0.43999994394901604,
    0.43999997267080065,
    0.4399998970212459,
    0.4399999155199824,
    0.43999998299516563,
    0.43999997066665886,
    0.43999994269765524,
    0.4399999491696626,
    0.4399999539869229,
    0.43999996294735855,
    0.4300000343373577,
    0.4399999754091781,
    0.44,
    0.43999996449566986,
    0.43999997762711507,
    0.4399999806167367,
    0.43000002545906224,
    0.4300001406963459,
    0.43000006449542527,
    0.430000086949213,
    0.43000003379447777,
    0.4300000394339719,
    0.43000011875003713,
    0.4300000544755447,
    0.43000003272727866,
    0.43000006144983033,
    0.43000003789474484,
    0.43000002965318623,
    0.43000001363636986,
    0.4300000498985472,
    0.43,
    0.43000006756842213,
    0.43000018339156426,
    0.43000003931036146,
    0.4499999376922971,
    0.44,
    0.43000005455228113,
    0.44999995426827877,
    0.44000016969717537,
    0.4400000065689168,
    0.44999990769227927,
    0.4499998536584652,
    0.4499998911289708,
    0.4499999302325419,
    0.4499999671189934,
    0.4499998676469865,
    0.44999997180450596,
    0.45,
    0.44999993112242437,
    0.44999995841888646,
    0.4499999353447997,
    0.4400000154482861,
    0.44000012375701547,
    0.4400000955398908,
    0.44,
    0.44,
    0.44999997867298175,
    0.44999994011405364,
    0.4499999647058782,
    0.44000005011187476,
    0.449999918918897,
    0.4499999591733826,
    0.4499999552238739,
    0.4400001568001129,
    0.440000071337616,
    0.44000003612904937,
    0.45,
    0.44,
    0.45000000904605547,
    0.4500000580475026,
    0.45,
    0.45,
    0.4599999434889365,
    0.45999997959677097,
    0.4599999830674818,
    0.4599999868883583,
    0.45000007006373,
    0.45000004910718233,
    0.45,
    0.45,
    0.4500000248307043,
    0.45,
    0.45,
    0.45,
    0.45,
    0.45,
    0.45,
    0.44,
    0.44,
    0.45,
    0.45,
    0.45,
    0.45,
    0.45,
    0.45,
    0.45,
    0.45,
    0.46,
    0.4599997607998852,
    0.4500747863519692,
    0.45007478698959896,
    0.4500747866866098,
    0.45,
    0.45,
    0.45,
    0.45,
    0.45,
    0.45,
    0.45,
    0.45,
    0.44,
    0.45,
    0.45,
    0.45,
    0.45,
    0.44992697013835375,
    0.45000004400000526,
    0.4499354405001941,
    0.4499354449935445,
    0.4499354242821864,
    0.45,
    0.45,
    0.44,
    0.45,
    0.45,
    0.4400341933955397,
    0.44003419344326555,
    0.45,
    0.4400341938050763,
    0.4499997974998886,
    0.44,
    0.44,
    0.44,
    0.4300002493756702,
    0.4499819737185276,
    0.4200002694546238,
    0.42,
    0.43,
    0.44006559782553456,
    0.44006559772662374,
    0.44006559770795195,
    0.43000004446001433,
    0.43,
    0.44014556240914626,
    0.44014556240914626,
    0.44014556240914626,
    0.44014556240914626,
    0.44014556240914626,
    0.44014556240914626,
    0.44014556240914626,
    0.44014556240914626,
    0.44014556240914626,
    0.45,
    0.45,
    0.45,
    0.45,
    0.45,
    0.45,
    0.44999968604600055,
    0.45,
    0.45,
    0.4399681936373282,
    0.43000094838130765,
    0.43976432179127556,
    0.439764187792085,
    0.43976419706646336,
    0.4400998162467138,
    0.44,
    0.4400998162689798,
    0.44009981617801724,
    0.43995045231927027,
    0.4399504424103787,
    0.44,
    0.43,
    0.4200000077374607,
    0.44,
    0.439996,
    0.42,
    0.42,
    0.4302014154980814,
    0.43020141575053533,
    0.43020141699449993,
    0.42985888013891105,
    0.4298588980170636,
    0.4300499723763808,
    0.43,
    0.42,
    0.43,
    0.43,
    0.43,
    0.43,
    0.42000000464000087,
    0.41000001062000035,
    0.42,
    0.43006769070554546,
    0.43,
    0.35,
    0.46,
    0.33,
    0.40806763285024156,
    0.29,
    0.29,
    0.29,
    0.29,
    0.4,
    0.26,
    0.2600000049756684,
    0.4097244164257256,
    0.40972370811120873,
    0.40972443361321437,
    0.40973801542871413,
    0.4097380402080703,
    0.40973797572321907,
    0.35,
    0.3399956324540151,
    0.33999544486172417,
    0.33999564093740314,
    0.32973739521545997,
    0.32973732733177036,
    0.32004067402672864,
    0.33998262174245375,
    0.32009641148421464,
    0.3501000606984832,
    0.3501000608499769,
    0.35010006064644084,
    0.35,
    0.39,
    0.39,
    0.39,
    0.4122378974162439,
    0.39,
    0.390000061190398,
    0.39,
    0.4002191011414089,
    0.40021910120377524,
    0.4001260504731549,
    0.4001260506066555,
    0.40012605043362565,
    0.39,
    0.4000877645908632,
    0.4000877646066039,
    0.39989071466687576,
    0.3998908848404048,
    0.3998909021462392,
    0.4,
    0.39000001788857563,
    0.4,
    0.4,
    0.4,
    0.4,
    0.4,
    0.4,
    0.4,
    0.4099998236998995,
    0.4,
    0.4099998236998995,
    0.4,
    0.4099998236998995,
    0.4099998236998995,
    0.4,
    0.4099999835999974,
    0.39973831307881885,
    0.39973831647594177,
    0.349806200141114,
    0.3498062131379919,
    0.34983245794056606,
    0.3498324259299376,
    0.35,
    0.35,
    0.34,
    0.34,
    0.34,
    0.3498014245153198,
    0.34980131153348953,
    0.3498013408622591,
    0.3500540735497756,
    0.3500540736657759,
    0.35005407355989004,
    0.349944899499217,
    0.34,
    0.3499448178204833,
    0.3499449019542367,
    0.34977627157336943,
    0.3497761908603534,
    0.34977633460414226,
    0.35,
    0.34999060093837875,
    0.35,
    0.3498330985117142,
    0.34983309303523596,
    0.35,
    0.34,
    0.34,
    0.34,
    0.34998014018691587,
    0.34984045041451584,
    0.3500112824438501,
    0.3500112824728999,
    0.35001128326118564,
    0.34999066231285214,
    0.35003821758753223,
    0.35003821282937947,
    0.3500382128449984,
    0.34997945171988654,
    0.34997932834498613,
    0.3499794049938215,
    0.35009687544561335,
    0.35009687504014203,
    0.34,
    0.35004422490807763,
    0.35004422477726926,
    0.3500425769558284,
    0.4098729133738077,
    0.3500425758579229,
    0.3500425759503608,
    0.3500376811917846,
    0.35003768116451733,
    0.40977913813858635,
    0.35006515515451747,
    0.35006515510169317,
    0.35010638303976777,
    0.3501063831347441,
    0.3999848490735004,
    0.39998484641293436,
    0.3600744132799084,
    0.39988442920341405,
    0.39988442516954925,
    0.3400000397319155,
    0.44992532554666304,
    0.44992528646328234,
    0.4499253229103213,
    0.4499161258010404,
    0.44993039623794695,
    0.3500417633410673,
    0.44993045453915326,
    0.3800333519012302,
    0.3800333518630098,
    0.4799951998079923,
    0.3900541100005513,
    0.3900541106607612,
    0.44996861372582325,
    0.4499686399643521,
    0.4621525438482989,
    0.35,
    0.34000000107384176,
    0.3700308307383951,
    0.37003082900624784,
    0.3700308289027269,
    0.37008042969767185,
    0.3700804303741329,
    0.37008042975798866,
    0.389982585188686,
    0.38998258188862295,
    0.3899826019306403,
    0.38012449808475424,
    0.3801244988902179,
    0.4000058823539619,
    0.4000058823553441,
    0.4000058823549298,
    0.4,
    0.3999723625295586,
    0.37000866346381034,
    0.39009908735332466,
    0.3999246176465086,
    0.39992464997174376,
    0.39992456422144923,
    0.3998964616258503,
    0.37,
    0.40006235827767495,
    0.39976228853093293,
    0.3899124272853737,
    0.38991237577856014,
    0.3899123882690616,
    0.3999357109763801,
    0.37973696788395245,
    0.38,
    0.38,
    0.39004356740133267,
    0.4,
    0.41,
    0.39,
    0.41,
    0.37,
    0.44,
    0.43,
    0.3300000191428593,
    0.3300000191428593,
    0.34,
    0.3300000746859963,
    0.35,
    0.3398104062951308,
    0.3398103939853147,
    0.33981022103432473,
    0.27,
    0.2801174426108653,
    0.2801174425565669,
    0.2800292009880334,
    0.280029200963611,
    0.2800561010473364,
    0.25,
    0.01
]
