[
    0.01,
    0.01,
    0.01,
    0.02,
    0.01,
    0.01,
    0.01,
    0.01,
    0.01,
    0.01,
    0.01,
    0.03,
    0.01,
    0.02,
    0.03,
    0.08,
    0.03,
    0.0899999189999919,
    0.0899999189999919,
    0.02,
    0.02,
    0.02,
    0.1,
    0.01,
    0.01,
    0.01,
    0.01,
    0.029999971199998848,
    0.02,
    0.02,
    0.02,
    0.030000000058959402,
    0.03,
    0.04,
    0.04,
    0.04,
    0.030000002903151166,
    0.04,
    0.05,
    0.05,
    0.05,
    0.08,
    0.05,
    0.05,
    0.06,
    0.164274073479219,
    0.10103422126741828,
    0.08,
    0.08,
    0.10999995214999689,
    0.21,
    0.2099999922299999,
    0.21,
    0.21,
    0.23,
    0.29,
    0.22,
    0.29,
    0.29,
    0.24,
    0.4,
    0.57,
    0.268,
    0.3204663744053726,
    0.22,
    0.24,
    0.26,
    0.3,
    0.26,
    0.26,
    0.26,
    0.26,
    0.24,
    0.26,
    0.24,
    0.26,
    0.24,
    0.26,
    0.26,
    0.27,
    0.24,
    0.23,
    0.24,
    0.23,
    0.23,
    0.21000000003395267,
    0.25,
    0.25,
    0.26,
    0.26,
    0.26,
    0.26,
    0.25,
    0.25,
    0.25,
    0.25,
    0.25,
    0.25,
    0.25,
    0.28,
    0.3,
    0.32,
    0.3,
    0.34,
    0.34,
    0.46,
    0.34,
    0.36,
    0.46,
    0.46,
    0.46,
    0.49,
    0.43,
    0.43,
    0.39,
    0.42,
    0.39,
    0.36,
    0.42,
    0.5,
    0.36,
    0.43,
    0.64,
    0.7,
    0.7,
    0.56,
    0.5658818916163438,
    0.54,
    0.56,
    0.5345814581458146,
    0.56,
    0.52,
    0.58,
    0.52,
    0.4700000116600003,
    0.55,
    0.55,
    0.55,
    0.550000000695948,
    0.5999999994,
    0.55,
    0.55,
    0.55,
    0.55,
    0.55,
    0.55,
    0.55,
    0.55,
    0.55,
    0.56,
    0.56,
    0.56,
    0.59,
    0.5900000045920001,
    0.7,
    0.7,
    0.71,
    0.71,
    0.71,
    0.7100000359600027,
    0.7,
    0.71,
    0.71,
    0.71,
    0.71,
    0.7400000055466668,
    0.78,
    0.78,
    0.72,
    0.78,
    0.7,
    0.6,
    0.63,
    0.6199999824196586,
    0.64,
    0.6599999953799998,
    0.62,
    0.67,
    0.68,
    0.65,
    0.6299999935757984,
    0.6,
    0.61,
    0.6100000226200032,
    0.61,
    0.67,
    0.68,
    0.7,
    0.69,
    0.6900001705000767,
    0.68,
    0.68,
    0.7648666842983123,
    0.7,
    0.78,
    0.78,
    0.8058097858773057,
    0.7491526588192187,
    0.66,
    0.64,
    0.65,
    0.6619209343424641,
    0.64,
    0.6400000165517252,
    0.64,
    0.63,
    0.65,
    0.69,
    0.7399999129411525,
    0.71,
    0.73,
    0.73,
    0.738019801980198,
    0.72,
    0.72,
    0.72,
    0.72,
    0.73,
    0.73,
    0.73,
    0.73,
    0.7300001458000671,
    0.73,
    0.73,
    0.73,
    0.73,
    0.73,
    0.72,
    0.72,
    0.71,
    0.7100000138394797,
    0.71,
    0.71,
    0.7000000221130231,
    0.72,
    0.6900001705000767,
    0.6900000487142897,
    0.68,
    0.68,
    0.68,
    0.7199593246260916,
    0.66,
    0.65,
    0.6500000385000034,
    0.65,
    0.6410738543316599,
    0.6300000074000001,
    0.56,
    0.63,
    0.62,
    0.62,
    0.62,
    0.55,
    0.55,
    0.55,
    0.55,
    0.5135688465330266,
    0.45,
    0.4910869565217391,
    0.37,
    0.32,
    0.32,
    0.29,
    0.29,
    0.29,
    0.29,
    0.2199998697599729,
    0.23,
    0.25,
    0.25,
    0.23,
    0.22,
    0.26,
    0.23,
    0.23,
    0.27,
    0.23,
    0.33,
    0.22999999328399992,
    0.24,
    0.25,
    0.2787969879698797,
    0.26,
    0.23,
    0.23,
    0.24,
    0.23,
    0.22743066169147377,
    0.2199999891466665,
    0.20999998279518006,
    0.2,
    0.22000000056727276,
    0.2200000850910545,
    0.25,
    0.25,
    0.23,
    0.23,
    0.23,
    0.22999998926666645,
    0.23,
    0.24,
    0.24,
    0.2399999942399999,
    0.24,
    0.22,
    0.24,
    0.23999999727324367,
    0.24,
    0.24,
    0.23999986943996657,
    0.24,
    0.24,
    0.24,
    0.2399999855999994,
    0.23999999855999998,
    0.21,
    0.21,
    0.21,
    0.24,
    0.24,
    0.339999997824,
    0.3,
    0.37,
    0.39,
    0.38,
    0.44,
    0.44,
    0.42,
    0.43,
    0.44,
    0.54,
    0.52,
    0.5,
    0.54,
    0.57,
    0.57,
    0.5799999958755554,
    0.57,
    0.57,
    0.59,
    0.59,
    0.59,
    0.59,
    0.59,
    0.59,
    0.59,
    0.59,
    0.59,
    0.59,
    0.59,
    0.61,
    0.6,
    0.6,
    0.6199999961422221,
    0.62,
    0.6200000058266668,
    0.62,
    0.61999999752,
    0.6,
    0.63,
    0.6385149366903979,
    0.6066666666666667,
    0.59,
    0.5899999946899995,
    0.5899999704999955,
    0.59,
    0.56,
    0.56,
    0.5,
    0.5399999654399953,
    0.5599999925083587,
    0.59,
    0.61,
    0.59,
    0.619999993473684,
    0.59,
    0.59,
    0.58,
    0.58,
    0.59,
    0.6299999944223104,
    0.59,
    0.59,
    0.44000000009668383,
    0.46,
    0.53,
    0.4600000001212991,
    0.53,
    0.5300000033052403,
    0.55,
    0.5500002025001114,
    0.57,
    0.53,
    0.53,
    0.53,
    0.5,
    0.47,
    0.47,
    0.53,
    0.59,
    0.59,
    0.59,
    0.59,
    0.59,
    0.5900000553500202,
    0.58,
    0.5800000378000061,
    0.57,
    0.6599999953799998,
    0.09000000000550057,
    0.59,
    0.59,
    0.5,
    0.26,
    0.28,
    0.52,
    0.11,
    0.56,
    0.6,
    0.6,
    0.56,
    0.5899999675499855,
    0.55,
    0.54,
    0.521899,
    0.5183672463768116,
    0.48999998039999687,
    0.49,
    0.49,
    0.49,
    0.49,
    0.49,
    0.49,
    0.49,
    0.49,
    0.48,
    0.45,
    0.41999996990653954,
    0.40999995808887457,
    0.47,
    0.45,
    0.47,
    0.49,
    0.49,
    0.49,
    0.49,
    0.48,
    0.48,
    0.48,
    0.48,
    0.47999996081631374,
    0.4600000097200008,
    0.4600000345600047,
    0.46000000050743933,
    0.45,
    0.44,
    0.43,
    0.42,
    0.42000000469318977,
    0.397925,
    0.42,
    0.37,
    0.38,
    0.37,
    0.37,
    0.37,
    0.37,
    0.37,
    0.37,
    0.33,
    0.33,
    0.33,
    0.38,
    0.4034956123071351,
    0.3800000372000052,
    0.3700000523384733,
    0.38,
    0.38,
    0.38,
    0.38,
    0.37,
    0.3700000523384733,
    0.35,
    0.38,
    0.41,
    0.41,
    0.41,
    0.44000000147336116,
    0.4400000386207003,
    0.4400000386207003,
    0.49,
    0.49,
    0.49,
    0.5,
    0.5,
    0.5099999977499999,
    0.5099999952399998,
    0.49,
    0.509999998572,
    0.49000000142800004,
    0.509999998572,
    0.5062669136658592,
    0.49000000142800004,
    0.5,
    0.5,
    0.49000000188456805,
    0.5,
    0.49,
    0.49,
    0.4900000204000033,
    0.49,
    0.47,
    0.49,
    0.48000000784905944,
    0.47,
    0.47,
    0.49,
    0.47,
    0.49,
    0.4700000274814902,
    0.49,
    0.4900000745384793,
    0.4899999996276,
    0.47,
    0.45,
    0.489999999069,
    0.44,
    0.44,
    0.48,
    0.519999989599995,
    0.49,
    0.49,
    0.48,
    0.42,
    0.42,
    0.43,
    0.42,
    0.44,
    0.43999997066665886,
    0.40000003934427264,
    0.40000003934427264,
    0.39,
    0.39,
    0.39,
    0.39,
    0.39,
    0.39,
    0.37,
    0.37,
    0.37,
    0.36,
    0.4,
    0.37000006300001337,
    0.4,
    0.36,
    0.3379086257090549,
    0.23000000185370373,
    0.3,
    0.34,
    0.34,
    0.35,
    0.36999986309991373,
    0.35,
    0.41,
    0.46975,
    0.42,
    0.4,
    0.3100000414000389,
    0.39,
    0.3899999927571425,
    0.39,
    0.34,
    0.36,
    0.36,
    0.39,
    0.36,
    0.36,
    0.330000000027459,
    0.36,
    0.37,
    0.37,
    0.33,
    0.33,
    0.33,
    0.33,
    0.33,
    0.33,
    0.33,
    0.33,
    0.33,
    0.38,
    0.37,
    0.37,
    0.35,
    0.3400000324210738,
    0.3899998478999072,
    0.34,
    0.34000000108954603,
    0.3400000046200002,
    0.34,
    0.34,
    0.35999999904,
    0.34,
    0.33,
    0.3899999911079998,
    0.35,
    0.36999999570799996,
    0.37,
    0.35,
    0.38,
    0.38,
    0.38000003487500894,
    0.38,
    0.37000006300001337,
    0.38,
    0.37999998327999907,
    0.39,
    0.36,
    0.33,
    0.33,
    0.33,
    0.33,
    0.339999829999915,
    0.35,
    0.36,
    0.36,
    0.36,
    0.36,
    0.36,
    0.37,
    0.37,
    0.3699998549599408,
    0.37,
    0.38,
    0.4199999921599996,
    0.38000001526154276,
    0.41,
    0.41,
    0.39,
    0.38,
    0.37,
    0.39,
    0.42,
    0.42,
    0.42,
    0.4499997974998886,
    0.45,
    0.45,
    0.45,
    0.5099999860222215,
    0.5099999860222215,
    0.45,
    0.4499999549999955,
    0.5,
    0.49,
    0.53,
    0.52,
    0.52,
    0.52,
    0.52,
    0.53,
    0.53,
    0.53,
    0.539999998488,
    0.54,
    0.5300001222000904,
    0.53,
    0.53,
    0.5300000070500003,
    0.53,
    0.53,
    0.5499999984285714,
    0.53,
    0.5398965911938495,
    0.5398965017371188,
    0.5398965895611778,
    0.5400204510387558,
    0.549971333010039,
    0.5499713330133534,
    0.5400204630642675,
    0.5400204266217733,
    0.5499713330067443,
    0.5498871494797754,
    0.5498871495355926,
    0.54,
    0.54,
    0.54,
    0.54,
    0.54,
    0.54,
    0.5399999654399953,
    0.5399999694208433,
    0.539999947636337,
    0.53,
    0.53,
    0.53,
    0.53,
    0.53,
    0.53,
    0.53,
    0.5300000415194457,
    0.5399999425531671,
    0.539999999410909,
    0.54,
    0.54,
    0.54,
    0.54,
    0.54,
    0.54,
    0.54,
    0.539999998488,
    0.54,
    0.54,
    0.54,
    0.54,
    0.54,
    0.54,
    0.53,
    0.54,
    0.54,
    0.54,
    0.54,
    0.54,
    0.54,
    0.54,
    0.53,
    0.54,
    0.54,
    0.54,
    0.54,
    0.54,
    0.54,
    0.54,
    0.54,
    0.54,
    0.54,
    0.54,
    0.54,
    0.54,
    0.54,
    0.54,
    0.54,
    0.54,
    0.54,
    0.54,
    0.54,
    0.54,
    0.54,
    0.54,
    0.54,
    0.54,
    0.54,
    0.54,
    0.54,
    0.54,
    0.54,
    0.54,
    0.54,
    0.54,
    0.54,
    0.54,
    0.5399999998925132,
    0.53,
    0.539999968421036,
    0.5399999221621032,
    0.5300000875303835,
    0.54,
    0.54,
    0.53,
    0.5300000021949988,
    0.54,
    0.53,
    0.54,
    0.54,
    0.54,
    0.54,
    0.54,
    0.54,
    0.54,
    0.54,
    0.54,
    0.54,
    0.54,
    0.54,
    0.5399999639999964,
    0.54,
    0.54,
    0.54,
    0.54,
    0.54,
    0.54,
    0.54,
    0.54,
    0.54,
    0.54,
    0.54,
    0.54,
    0.54,
    0.54,
    0.54,
    0.54,
    0.54,
    0.54,
    0.54,
    0.53,
    0.53,
    0.53,
    0.53,
    0.53,
    0.53,
    0.5300000225961636,
    0.54,
    0.54,
    0.54,
    0.54,
    0.54,
    0.54,
    0.54,
    0.54,
    0.54,
    0.54,
    0.54,
    0.54,
    0.54,
    0.54,
    0.54,
    0.54,
    0.54,
    0.54,
    0.54,
    0.54,
    0.54,
    0.54,
    0.54,
    0.5399999675999938,
    0.53,
    0.539999998056,
    0.53,
    0.53,
    0.53,
    0.5399999659136178,
    0.54,
    0.54,
    0.53,
    0.54,
    0.54,
    0.54,
    0.54,
    0.54,
    0.54,
    0.54,
    0.54,
    0.54,
    0.54,
    0.54,
    0.54,
    0.54,
    0.54,
    0.54,
    0.54,
    0.54,
    0.54,
    0.54,
    0.54,
    0.54,
    0.54,
    0.54,
    0.54,
    0.54,
    0.54,
    0.54,
    0.5499689069565721,
    0.5400000404800045,
    0.5499689069560169,
    0.5499689069042093,
    0.5499530240751614,
    0.5568020931898907,
    0.5599999968639999,
    0.5599999919359998,
    0.5500246535209342,
    0.5501375921924927,
    0.5499524285699671,
    0.5499524285815532,
    0.54,
    0.5599999950222221,
    0.55,
    0.55,
    0.559999999328,
    0.55,
    0.55,
    0.5400000059465139,
    0.5500000450000045,
    0.55,
    0.55,
    0.5400000023119209,
    0.55,
    0.55,
    0.5599208251447932,
    0.559920824283594,
    0.5687203789986748,
    0.5604683933052128,
    0.5599999931973968,
    0.54,
    0.55,
    0.55,
    0.55999999755,
    0.5599999775999964,
    0.5599999820080298,
    0.55,
    0.5501500216136431,
    0.5500000124999719,
    0.5501499417717495,
    0.5501499154676365,
    0.5502137340916439,
    0.54000006329422,
    0.55,
    0.5502137292411208,
    0.54,
    0.55,
    0.5400000236152411,
    0.54,
    0.55,
    0.54,
    0.54,
    0.54,
    0.5606417668612004,
    0.5599999895466662,
    0.5598620750934409,
    0.54,
    0.5400000261725725,
    0.54,
    0.54,
    0.540000018974666,
    0.54,
    0.54,
    0.5499999955999999,
    0.5499999889874138,
    0.55,
    0.55,
    0.54,
    0.5400000071962715,
    0.55,
    0.5599999968639999,
    0.55,
    0.5500000183199909,
    0.55,
    0.5500000194049172,
    0.55,
    0.5599999968639999,
    0.55,
    0.5500000133293843,
    0.56,
    0.55999999888,
    0.56,
    0.56,
    0.56,
    0.56,
    0.56,
    0.56,
    0.56,
    0.56,
    0.57,
    0.57,
    0.57,
    0.57,
    0.56,
    0.56,
    0.57,
    0.57,
    0.57,
    0.57,
    0.57,
    0.57,
    0.57,
    0.57,
    0.57,
    0.57,
    0.57,
    0.57,
    0.57,
    0.57,
    0.5799999860799989,
    0.5799999860799989,
    0.5799999827870962,
    0.5700000099086958,
    0.5700000028666667,
    0.57999999594,
    0.5799999953599991,
    0.57,
    0.57,
    0.5699999775077844,
    0.5699999903233623,
    0.5699998232997013,
    0.57,
    0.56,
    0.5699999931599997,
    0.5699998232997013,
    0.56,
    0.5699994983994382,
    0.5699999995211616,
    0.5661214285714286,
    0.56,
    0.56,
    0.5699999693076822,
    0.5600579477553825,
    0.5600580222115447,
    0.5600579181877551,
    0.56,
    0.5600943307698295,
    0.56,
    0.56,
    0.56,
    0.5600211892665343,
    0.57,
    0.5699998232997013,
    0.55,
    0.55,
    0.55,
    0.55,
    0.55,
    0.55,
    0.55,
    0.57,
    0.569378,
    0.56,
    0.56,
    0.56,
    0.56,
    0.56,
    0.56,
    0.56,
    0.56,
    0.56,
    0.56,
    0.56,
    0.56,
    0.56,
    0.56,
    0.56,
    0.57,
    0.57,
    0.57,
    0.57,
    0.57,
    0.57,
    0.57,
    0.57,
    0.57,
    0.57,
    0.57,
    0.57,
    0.57,
    0.57,
    0.58,
    0.58,
    0.58,
    0.58,
    0.58,
    0.58,
    0.58,
    0.58,
    0.5899998639636914,
    0.5899999349109929,
    0.5899998465998865,
    0.5899998465998865,
    0.5899998465998865,
    0.5899998465998865,
    0.59,
    0.5900001327619883,
    0.6,
    0.59,
    0.5901546486075079,
    0.5901546987725291,
    0.5901547507856431,
    0.59,
    0.59,
    0.5899999704999955,
    0.5899998891514688,
    0.5899999272332938,
    0.5899998465998865,
    0.5899998465998865,
    0.5899998465998865,
    0.5899999675499855,
    0.59,
    0.59,
    0.6,
    0.5900000710666781,
    0.6,
    0.6,
    0.59,
    0.5899998465998865,
    0.59,
    0.59,
    0.59,
    0.59,
    0.59,
    0.59,
    0.59,
    0.59,
    0.59,
    0.59,
    0.59,
    0.59,
    0.59,
    0.59,
    0.6,
    0.6,
    0.6,
    0.6,
    0.6,
    0.6,
    0.6,
    0.6,
    0.6099999208647896,
    0.6,
    0.609999996490374,
    0.6,
    0.6,
    0.6,
    0.6,
    0.6,
    0.6,
    0.61,
    0.609999903084037,
    0.6,
    0.6099998859349343,
    0.6,
    0.6,
    0.609999969438867,
    0.6,
    0.6,
    0.6,
    0.6,
    0.6,
    0.6,
    0.6,
    0.6,
    0.6,
    0.6,
    0.6,
    0.6,
    0.6099999747933686,
    0.6,
    0.6099999706345683,
    0.6,
    0.6099999481185344,
    0.6,
    0.61,
    0.6099999888511722,
    0.61,
    0.61,
    0.61,
    0.6100001363107643,
    0.62,
    0.62,
    0.62,
    0.62,
    0.62,
    0.62,
    0.62,
    0.62,
    0.62,
    0.62,
    0.62,
    0.63,
    0.63,
    0.63,
    0.63,
    0.63,
    0.63,
    0.63,
    0.630000030671463,
    0.63,
    0.64,
    0.64,
    0.64,
    0.64,
    0.64,
    0.6300000335013267,
    0.63,
    0.640160099494574,
    0.64,
    0.63,
    0.63,
    0.63,
    0.64,
    0.64,
    0.63,
    0.63,
    0.630000048628579,
    0.64,
    0.6298847135716297,
    0.6300000010112832,
    0.6298847127898514,
    0.6298847129766452,
    0.62,
    0.6299740147249892,
    0.62,
    0.61,
    0.6099999794750961,
    0.6099998707626297,
    0.61,
    0.6,
    0.61,
    0.6,
    0.61,
    0.609999999268,
    0.6,
    0.6099999888414568,
    0.6099999408016435,
    0.6,
    0.609999859699892,
    0.6,
    0.61,
    0.609999859699892,
    0.6099999966449999,
    0.6,
    0.61,
    0.6,
    0.6099999361627726,
    0.6099999392095863,
    0.6099999350700167,
    0.609999859699892,
    0.609999859699892,
    0.609999885338195,
    0.61,
    0.6,
    0.6,
    0.6099999906727815,
    0.609999859699892,
    0.6,
    0.6,
    0.61,
    0.6,
    0.6099999847499991,
    0.609999859699892,
    0.609999859699892,
    0.6099999755999961,
    0.6099999986868055,
    0.6099999786499901,
    0.6099999589118986,
    0.609999859699892,
    0.6,
    0.6099999926799997,
    0.6099999993899999,
    0.609999859699892,
    0.6,
    0.6,
    0.6,
    0.6,
    0.6099999755999961,
    0.6099999389999654,
    0.6,
    0.609999859699892,
    0.609999859699892,
    0.6,
    0.6100144224531123,
    0.6099998644442973,
    0.6099999993899999,
    0.609999859699892,
    0.609999859699892,
    0.6,
    0.6,
    0.6,
    0.6,
    0.6,
    0.5901092767084439,
    0.6,
    0.5970044424154097,
    0.5899998465998865,
    0.5899999946686731,
    0.5800000196984948,
    0.589999984038075,
    0.5800000501136446,
    0.5800001764001023,
    0.5899998465998865,
    0.58,
    0.5899820078517735,
    0.5800000168000027,
    0.5899999675499855,
    0.5899999675499855,
    0.58,
    0.589952,
    0.57,
    0.58,
    0.59,
    0.58,
    0.59,
    0.59,
    0.57,
    0.57,
    0.58,
    0.57,
    0.59,
    0.6,
    0.59,
    0.5999999939999998,
    0.59,
    0.6,
    0.5900798060714535,
    0.5900797453030825,
    0.59,
    0.58,
    0.58,
    0.5700000089583339,
    0.58,
    0.57,
    0.57,
    0.5799999953599991,
    0.57,
    0.57,
    0.5600001463253141,
    0.56,
    0.5699999555399857,
    0.56,
    0.57,
    0.5600000352000042,
    0.56,
    0.56,
    0.5599999775999964,
    0.5599999663999852,
    0.5599999663999852,
    0.56,
    0.55,
    0.55,
    0.5599999775999964,
    0.5599999663999852,
    0.55,
    0.5599999971999999,
    0.5599998319999104,
    0.5624999976562498,
    0.5615126146995415,
    0.5500723151555115,
    0.5500723629382401,
    0.5500723570456357,
    0.55,
    0.55,
    0.56,
    0.55,
    0.55,
    0.55,
    0.5400001803922629,
    0.55,
    0.54,
    0.54,
    0.54,
    0.55,
    0.55,
    0.55,
    0.5500002163462578,
    0.56,
    0.56,
    0.5599995156752219,
    0.5599999919359998,
    0.5599999963929141,
    0.5500001714286694,
    0.559999999328,
    0.56,
    0.5599999775999964,
    0.559999998992,
    0.5599998319999104,
    0.5599999982769229,
    0.56,
    0.5500001173913758,
    0.5599999868235281,
    0.56,
    0.5501221656891407,
    0.5501221312519924,
    0.550313070458893,
    0.55,
    0.5499999931249997,
    0.5499999559999947,
    0.55,
    0.549999996071428,
    0.5499924184988628,
    0.5599998534578453,
    0.55,
    0.55,
    0.55,
    0.55,
    0.55,
    0.55,
    0.55,
    0.5499999999399563,
    0.55,
    0.55,
    0.5499999633333236,
    0.54,
    0.54,
    0.55,
    0.55,
    0.55,
    0.549999996071428,
    0.55,
    0.55,
    0.55,
    0.55,
    0.55,
    0.55,
    0.55,
    0.55,
    0.55,
    0.55,
    0.54,
    0.5300000070500003,
    0.54,
    0.53,
    0.53,
    0.53,
    0.53,
    0.5498234731845288,
    0.5498234726455261,
    0.5498234727675545,
    0.5401736691539025,
    0.5501251795052046,
    0.5401735847329604,
    0.5401735982659519,
    0.54,
    0.55,
    0.54,
    0.55,
    0.55,
    0.55,
    0.57,
    0.55,
    0.57,
    0.5798873477469549,
    0.5798873479318735,
    0.5798873482621675,
    0.5801085185732174,
    0.5800293412396035,
    0.580029370443261,
    0.5800452740778004,
    0.5799736910439187,
    0.5799736905589107,
    0.5799736906560283,
    0.5801525330560627,
    0.5800707232401436,
    0.5800707025604426,
    0.5800060361885426,
    0.5801488325468908,
    0.5801487923149738,
    0.5799624866023579,
    0.59,
    0.59,
    0.6000037143087076,
    0.6000038036856487,
    0.6000037081169862,
    0.6000729389558584,
    0.6000783209775464,
    0.6000783377618751,
    0.600011686748748,
    0.6000116879008809,
    0.6000117282535057,
    0.6499341871125208,
    0.6499341876761159,
    0.649934187240393,
    0.6000736544273181,
    0.6000736852419439,
    0.6000738522262866,
    0.6499248329621381,
    0.6499352051369367,
    0.6398353686697001,
    0.6398353685750623,
    0.6299441806982436,
    0.59,
    0.6001736873863519,
    0.59,
    0.6599711924419595,
    0.59,
    0.600005060283641,
    0.5800000022547899,
    0.6599711926165025,
    0.6000048237187218,
    0.6000049090938843,
    0.6499544003424779,
    0.58,
    0.6200479406439603,
    0.6300442201259693,
    0.6200479403579439,
    0.6300442279572305,
    0.6400026820006783,
    0.6300442228091528,
    0.6499683042757839,
    0.61,
    0.6499683042687232,
    0.6200056909240115,
    0.6200056642917832,
    0.6200114846491527,
    0.6499137665537419,
    0.6499483204134366,
    0.6599995220684876,
    0.6699999195999292,
    0.6699999195999292,
    0.6699999195999292,
    0.6699999195999292,
    0.6499257331097974,
    0.6499257332935785,
    0.64992573336541,
    0.61,
    0.6,
    0.6101283986532531,
    0.59,
    0.6499318525984842,
    0.6499318524454186,
    0.6399305555555556,
    0.5800662903046256,
    0.5899750197005517,
    0.5899192294185521,
    0.5800663381853638,
    0.5800662875334343,
    0.6000576119433156,
    0.5900830724580592,
    0.66,
    0.6100572162393534,
    0.6202482736972552,
    0.6202482416979275,
    0.6100572234851455,
    0.610057349875304,
    0.6399471063176593,
    0.58,
    0.6399471063364809,
    0.619857305936073,
    0.63,
    0.6399471063687053,
    0.6100442009119659,
    0.6100441112822,
    0.6100441843077525,
    0.6,
    0.59,
    0.58,
    0.57,
    0.609999859699892,
    0.6198232035453772,
    0.58,
    0.6585511056436626,
    0.5899878629446363,
    0.5899878630274377,
    0.5799270453361126,
    0.5701099310309031,
    0.5701099247465313,
    0.5799901639252858,
    0.5899878633613096,
    0.589856930592205,
    0.5898569329509205,
    0.59000470636492,
    0.5900047172039168,
    0.5900047184764571,
    0.5901822547380716,
    0.590182228855657,
    0.6699999195999292,
    0.6699999195999292,
    0.6699999195999292,
    0.6000772042169856,
    0.6000772420552503,
    0.59,
    0.6201665940341807,
    0.6499729833968563,
    0.6499729833941487,
    0.6399967647032392,
    0.6298841530942283,
    0.6201665605406588,
    0.6298841535393452,
    0.6202120332458665,
    0.6202120347731759,
    0.6199138755980861,
    0.6200041489914706,
    0.6200041118251454,
    0.639996764799514,
    0.639996764036056,
    0.6200041060085181,
    0.61,
    0.61,
    0.65,
    0.6501719831812648,
    0.6501117093359704,
    0.6501116697135755,
    0.6501116548144407,
    0.6501239620970428,
    0.6501238975883049,
    0.6501239527075836,
    0.66,
    0.6501097804690655,
    0.6499736494989397,
    0.6499736491540744,
    0.6499736494878119,
    0.6501901599127191,
    0.6498828123401521,
    0.6498828121955319,
    0.6498828120762586,
    0.6499618008185539,
    0.6499934123803771,
    0.6499085471865812,
    0.6499085470552993,
    0.6399434066874603,
    0.6399434061135372,
    0.6499085464076613,
    0.68,
    0.6977671406840923,
    0.61,
    0.61,
    0.6699381994425833,
    0.6200646689878806,
    0.6300892213238832,
    0.6699381996234117,
    0.6300892425979578,
    0.6401350185810272,
    0.640134940860586,
    0.6401349558938885,
    0.6400485794313474,
    0.6300892346904626,
    0.620064661897447,
    0.7,
    0.6100001521000927,
    0.6844468685271644,
    0.54,
    0.6501211352180921,
    0.6999605941074853,
    0.6999575471698113,
    0.67,
    0.6901008608950538,
    0.6900993280499964,
    0.6900992448165004,
    0.6900992926631377,
    0.6999999929999994,
    0.6999940369684186,
    0.6999940369666625,
    0.699994036947422,
    0.6900351574222306,
    0.7001320885721056,
    0.7001321109334954,
    0.7001321409567388,
    0.6900351591951858,
    0.7000999029449524,
    0.7000998627384095,
    0.6999339788441808,
    0.6900442671139099,
    0.6900442340511092,
    0.6999257294105421,
    0.6999257291616875,
    0.6899092316741032,
    0.6899092326126643,
    0.6899092323483086,
    0.6999944102850755,
    0.6999944102806953,
    0.6900141889479631,
    0.690344453541269,
    0.6999139784946237,
    0.6998855507322608,
    0.69010212606353,
    0.7,
    0.6899866837924065,
    0.6899866814901165,
    0.6901891255951813,
    0.6901891345939972,
    0.6999209634554777,
    0.6902556884351058,
    0.6902556656689097,
    0.6902556757710225,
    0.6999362318490181,
    0.6999362318821412,
    0.6999352051835853,
    0.6999352051319448,
    0.68,
    0.68,
    0.68,
    0.68,
    0.68,
    0.68,
    0.6899855072463769,
    0.6899099678456592,
    0.6898917137476459,
    0.6999211865333907,
    0.6999964170548191,
    0.68,
    0.7001199408993733,
    0.7001199121990478,
    0.6901129411199146,
    0.6901129041079155,
    0.7000936454176296,
    0.6901129493211637,
    0.6999717713345928,
    0.6999634186449372,
    0.690068806122679,
    0.699963418688678,
    0.6999634186568692,
    0.6999460317454268,
    0.6900687764249044,
    0.7000395561032017,
    0.7000396460410891,
    0.7000395611538142,
    0.6999477806788512,
    0.6899494017911766,
    0.68,
    0.68,
    0.68,
    0.6999490607967787,
    0.69,
    0.69,
    0.690153416057189,
    0.6999248119073121,
    0.6999248120088464,
    0.6901533807491801,
    0.69,
    0.6799154072080305,
    0.6799154078407468,
    0.6802156156252777,
    0.6802156228533269,
    0.6802156278218869,
    0.67,
    0.68,
    0.68,
    0.68,
    0.6800991697195082,
    0.6800992371901319,
    0.6800991678282083,
    0.6798809523809524,
    0.6798624552501977,
    0.6801941868896623,
    0.6801942003748332,
    0.67,
    0.6899999951699998,
    0.6899999585999611,
    0.6899999585999611,
    0.6899999585999611,
    0.6899999585999611,
    0.6899999585999611,
    0.6899999585999611,
    0.6799965587724471,
    0.6799965588368122,
    0.6799965588403292,
    0.6799483648881239,
    0.6898619171005902,
    0.6799156828790924,
    0.68000373588624,
    0.6800037402615619,
    0.6800037466421536,
    0.6802357144184854,
    0.6802357398874931,
    0.67,
    0.68,
    0.68,
    0.6998974730389306,
    0.6998974726713487,
    0.7099999701799893,
    0.7001538821100435,
    0.6900882892510547,
    0.7001538875073882,
    0.6900883549044825,
    0.7092722120983963,
    0.68,
    0.6901139617915977,
    0.6901139431686709,
    0.6901139434095671,
    0.6901496928118099,
    0.6902107595215504,
    0.7099998985708634,
    0.68,
    0.6999275122999796,
    0.6901880747723804,
    0.690188090213914,
    0.6900402405503009,
    0.7099998647616085,
    0.68,
    0.6899703696888817,
    0.68,
    0.68,
    0.6902101074728081,
    0.6902100691672979,
    0.7599471458518998,
    0.7000079386917353,
    0.7599471457895306,
    0.700008239009256,
    0.7100932926617406,
    0.7000078925347996,
    0.7599488272921109,
    0.7001274350015804,
    0.7001274425701741,
    0.77,
    0.7799999843999925,
    0.77,
    0.7699995893308146,
    0.7699995893308146,
    0.7699948665297741,
    0.7699995893308146,
    0.7699998378939178,
    0.7699999462788236,
    0.7699998844994398,
    0.7699998378939178,
    0.25,
    0.9399999623995127
]
