[
    0.999,
    0.999,
    0.999,
    0.999,
    0.999,
    0.999,
    0.999,
    0.999,
    0.999,
    0.999,
    0.999,
    0.999,
    0.999,
    0.999000000000999,
    0.999,
    0.998,
    0.9989998772763736,
    0.999000000000999,
    0.998,
    0.998,
    0.999,
    0.999,
    0.998,
    0.998,
    0.999,
    0.998,
    0.999,
    0.998,
    0.998,
    0.998,
    0.996,
    0.996,
    0.99,
    0.9899999170995014,
    0.99,
    0.9899999928749639,
    0.97,
    0.9945772506441651,
    0.9899019567066983,
    0.987999996047755,
    0.989,
    0.989,
    0.93,
    0.92,
    0.9489115350077553,
    0.92,
    0.92,
    0.9,
    0.8800000192000008,
    0.8800000100800002,
    0.8600000320481951,
    0.9,
    0.89,
    0.311,
    0.321,
    0.885,
    0.85,
    0.85,
    0.844985685993843,
    0.85,
    0.85,
    0.8456264066016504,
    0.82,
    0.8200000244800015,
    0.85,
    0.84,
    0.82,
    0.83,
    0.82,
    0.8,
    0.75,
    0.7,
    0.7,
    0.69,
    0.69,
    0.69,
    0.73,
    0.7,
    0.8,
    0.8,
    0.75,
    0.79,
    0.78,
    0.73,
    0.8,
    0.8,
    0.78,
    0.731352528888047,
    0.69,
    0.729999987589999,
    0.52,
    0.54,
    0.53,
    0.46112941281218,
    0.5076143466799291,
    0.469,
    0.45786066618779586,
    0.4,
    0.3566082408830122,
    0.3,
    0.2295217444935279,
    0.16,
    0.1499999974938739,
    0.12,
    0.15,
    0.15,
    0.09,
    0.08,
    0.14992503748125938,
    0.12,
    0.13,
    0.12,
    0.13,
    0.12,
    0.08,
    0.1188,
    0.1,
    0.105,
    0.11,
    0.07000001550010307,
    0.08508654779664228,
    0.05,
    0.05,
    0.03,
    0.02,
    0.02,
    0.024322751322751322,
    0.021464,
    0.02,
    0.02,
    0.02,
    0.02,
    0.02,
    0.01,
    0.01,
    0.01,
    0.01,
    0.01,
    0.01,
    0.01,
    0.01,
    0.01,
    0.01,
    0.01,
    0.01,
    0.01,
    0.01,
    0.03,
    0.05,
    0.05,
    0.03,
    0.03,
    0.03,
    0.01,
    0.03,
    0.03,
    0.03,
    0.02999999922162162,
    0.03,
    0.01,
    0.02,
    0.02,
    0.01,
    0.02,
    0.03,
    0.03,
    0.030000001940002324,
    0.04,
    0.04,
    0.05,
    0.05,
    0.08977102766516287,
    0.05,
    0.05,
    0.08,
    0.06,
    0.08,
    0.07,
    0.05,
    0.06,
    0.06000000094000056,
    0.07,
    0.07,
    0.09,
    0.09,
    0.07,
    0.07000005401794476,
    0.07,
    0.07000000062000002,
    0.09,
    0.09,
    0.09,
    0.09,
    0.07000000073640104,
    0.088817,
    0.074,
    0.04,
    0.03,
    0.05,
    0.05,
    0.03,
    0.04,
    0.04,
    0.04,
    0.05,
    0.05,
    0.05,
    0.07,
    0.05,
    0.05,
    0.04,
    0.06,
    0.06,
    0.05,
    0.07,
    0.09,
    0.11000000044500002,
    0.14782608136483924,
    0.17,
    0.4,
    0.43999996479999576,
    0.4,
    0.37,
    0.37,
    0.38,
    0.4,
    0.4,
    0.4,
    0.32,
    0.32,
    0.33,
    0.33,
    0.220000000468,
    0.32,
    0.33,
    0.33,
    0.37,
    0.4,
    0.3400000158400012,
    0.36,
    0.38,
    0.37,
    0.37,
    0.35,
    0.35,
    0.3,
    0.3200001088000914,
    0.29,
    0.29,
    0.27000000084893594,
    0.32,
    0.33,
    0.31,
    0.33,
    0.33,
    0.31,
    0.33,
    0.33,
    0.32999999669999996,
    0.33,
    0.33,
    0.32,
    0.32,
    0.32,
    0.32,
    0.32,
    0.32,
    0.32,
    0.32,
    0.32,
    0.32,
    0.32,
    0.32,
    0.32,
    0.32,
    0.32,
    0.32,
    0.32,
    0.32,
    0.32,
    0.32,
    0.32,
    0.32,
    0.32,
    0.32,
    0.32,
    0.32,
    0.32,
    0.32,
    0.32,
    0.32,
    0.32,
    0.32,
    0.32,
    0.32,
    0.32,
    0.32,
    0.32,
    0.32,
    0.32,
    0.32,
    0.32,
    0.32,
    0.32,
    0.32,
    0.32,
    0.32,
    0.32,
    0.32,
    0.32,
    0.32,
    0.32,
    0.32,
    0.32,
    0.32,
    0.32,
    0.32,
    0.32,
    0.32,
    0.32,
    0.35,
    0.45,
    0.4299999956607399,
    0.44999999243152305,
    0.44999999243152305,
    0.44824878174763616,
    0.43999999228746695,
    0.43,
    0.4499999549999955,
    0.46,
    0.46,
    0.46,
    0.46,
    0.46,
    0.48000002311111867,
    0.48,
    0.46,
    0.45304,
    0.45999998435999895,
    0.44999999424846604,
    0.45999998871165615,
    0.4499999973440881,
    0.44999999424846604,
    0.43976539189629704,
    0.4099999962402566,
    0.40999999651499996,
    0.37999999626688497,
    0.3300000804000707,
    0.3200000020148149,
    0.35,
    0.35,
    0.35,
    0.4,
    0.3899999888199996,
    0.37,
    0.35,
    0.32,
    0.33,
    0.33,
    0.35,
    0.35,
    0.35,
    0.33000037840761626,
    0.4,
    0.4,
    0.4,
    0.4,
    0.4,
    0.37999999635199994,
    0.35,
    0.37,
    0.38999999552957343,
    0.38,
    0.4,
    0.4,
    0.4,
    0.4,
    0.4,
    0.4099999902599729,
    0.41,
    0.41000003245001443,
    0.4699999898879424,
    0.4699999898879424,
    0.43,
    0.4699999922612512,
    0.46999999153999933,
    0.46999996682352685,
    0.46,
    0.46000002076616114,
    0.5,
    0.5,
    0.5,
    0.51999999792,
    0.53,
    0.54,
    0.5599999077646668,
    0.62,
    0.63,
    0.63,
    0.62,
    0.63,
    0.63,
    0.63,
    0.63,
    0.6499999409090784,
    0.68,
    0.68,
    0.68,
    0.68,
    0.68,
    0.69,
    0.68,
    0.69,
    0.69,
    0.68,
    0.7,
    0.6999999605633603,
    0.7099999431998909,
    0.729999967879995,
    0.73,
    0.69,
    0.71,
    0.71,
    0.71,
    0.69,
    0.71,
    0.71,
    0.71,
    0.7,
    0.71,
    0.71,
    0.71,
    0.71,
    0.6900001705000767,
    0.7000000107142861,
    0.700000180000072,
    0.7,
    0.7,
    0.7,
    0.7,
    0.7,
    0.7,
    0.7,
    0.6300000888000231,
    0.7,
    0.7,
    0.67,
    0.67,
    0.67,
    0.67,
    0.67,
    0.67,
    0.66,
    0.66,
    0.630000001961,
    0.65,
    0.59,
    0.6499999024999659,
    0.6499999934999994,
    0.63,
    0.63,
    0.63,
    0.63,
    0.6,
    0.62,
    0.63,
    0.63,
    0.6300000241179113,
    0.63,
    0.6403364595683979,
    0.6403364086312922,
    0.6403364086931711,
    0.6499999071427642,
    0.6300001369000863,
    0.6300000723840042,
    0.63,
    0.63,
    0.6499999071427642,
    0.6300001369000863,
    0.64,
    0.64,
    0.64,
    0.6297887152946807,
    0.63,
    0.64,
    0.38,
    0.38,
    0.59,
    0.6,
    0.54,
    0.64,
    0.63,
    0.63,
    0.63,
    0.64,
    0.64,
    0.64,
    0.64,
    0.65,
    0.65,
    0.65,
    0.65,
    0.65,
    0.65,
    0.6500001225000797,
    0.660000170000085,
    0.66,
    0.66,
    0.66,
    0.66,
    0.66999998556923,
    0.65,
    0.65,
    0.66,
    0.6500000104107282,
    0.66,
    0.65,
    0.66,
    0.66,
    0.67,
    0.679999985163634,
    0.670000217800074,
    0.6799999948999994,
    0.6799999954666659,
    0.6799999945599995,
    0.68,
    0.67,
    0.670000217800074,
    0.67,
    0.68,
    0.67,
    0.67,
    0.68,
    0.68,
    0.6899999925479998,
    0.68,
    0.6899999996954986,
    0.6899999585999611,
    0.68,
    0.68,
    0.68,
    0.68,
    0.68,
    0.68,
    0.68,
    0.68,
    0.68,
    0.68,
    0.68,
    0.68,
    0.68,
    0.68,
    0.68,
    0.69,
    0.69,
    0.68,
    0.68,
    0.68,
    0.68,
    0.6899999917199968,
    0.68,
    0.6899999839919991,
    0.69,
    0.6899999951699998,
    0.69,
    0.69,
    0.69,
    0.69,
    0.69,
    0.69,
    0.69,
    0.68,
    0.69,
    0.69,
    0.69,
    0.69,
    0.69,
    0.69,
    0.69,
    0.69,
    0.69,
    0.6884555555555556,
    0.68,
    0.6700000019485003,
    0.67,
    0.67,
    0.67,
    0.67,
    0.67,
    0.68,
    0.68,
    0.68,
    0.68,
    0.68,
    0.68,
    0.68,
    0.68,
    0.68,
    0.68,
    0.68,
    0.68,
    0.68,
    0.68,
    0.68,
    0.68,
    0.68,
    0.68,
    0.68,
    0.68,
    0.6799999387999902,
    0.68,
    0.68,
    0.67,
    0.6700000057411274,
    0.679922137791152,
    0.6799221051872371,
    0.6799221173485913,
    0.6800994036662491,
    0.6800994036245254,
    0.68,
    0.68,
    0.6899999868899976,
    0.6899999898129903,
    0.6899999585999611,
    0.6899999531067765,
    0.6999999326922495,
    0.6899999707272563,
    0.69,
    0.69,
    0.69,
    0.69,
    0.69,
    0.69,
    0.69,
    0.69,
    0.69,
    0.6900000452848645,
    0.6900000050333057,
    0.7,
    0.69,
    0.7,
    0.6999999996766744,
    0.6900000080558445,
    0.69,
    0.69,
    0.69,
    0.7,
    0.6999998870966103,
    0.7,
    0.6900059916476432,
    0.7,
    0.6999999929999994,
    0.6901771168260754,
    0.690177116680543,
    0.7,
    0.6901063840868811,
    0.6901063829787234,
    0.6901063841772224,
    0.7,
    0.6999999719999955,
    0.689990880926167,
    0.689990868484774,
    0.6899908872069791,
    0.6899571343861889,
    0.6899571160522839,
    0.69,
    0.6999999929999994,
    0.7,
    0.6999999929999994,
    0.6999999684684628,
    0.7,
    0.7,
    0.7,
    0.7,
    0.6999999695652055,
    0.699999983009705,
    0.6999999707112737,
    0.6999999888712226,
    0.7,
    0.6999999678898803,
    0.6999999844097929,
    0.7,
    0.7,
    0.7,
    0.7,
    0.6999999811827861,
    0.7,
    0.7,
    0.7,
    0.6999999929999994,
    0.7,
    0.6999999824999917,
    0.7,
    0.699999649998425,
    0.7,
    0.7,
    0.7,
    0.699999649998425,
    0.699999649998425,
    0.6999999719999955,
    0.6999999929999994,
    0.7,
    0.6999999996929824,
    0.6999988333158331,
    0.699999649998425,
    0.7,
    0.7,
    0.7,
    0.6999999766666597,
    0.6999999620596021,
    0.699999649998425,
    0.7,
    0.7,
    0.699999998214741,
    0.7,
    0.699999649998425,
    0.6999999719999955,
    0.7,
    0.6999999645569549,
    0.6999998852458263,
    0.69999999986,
    0.699999649998425,
    0.6999999929999994,
    0.6999999719999955,
    0.6999985999887999,
    0.6999999719999955,
    0.699999649998425,
    0.7,
    0.699999649998425,
    0.6999999181286166,
    0.7,
    0.68,
    0.6999999961935834,
    0.68,
    0.68,
    0.6899589064206822,
    0.6945688886008072,
    0.68,
    0.68,
    0.68,
    0.6899991029966811,
    0.68,
    0.6899999905737655,
    0.68,
    0.68,
    0.6999999799426883,
    0.6900688015993662,
    0.6900689080649767,
    0.6900696262066037,
    0.699999649998425,
    0.6899483882834001,
    0.68,
    0.689948376371871,
    0.69,
    0.6800000019737178,
    0.69,
    0.6900000635500187,
    0.69,
    0.68,
    0.68,
    0.68,
    0.68,
    0.68,
    0.6899999960571384,
    0.68,
    0.68,
    0.6899999585999611,
    0.6899999460203756,
    0.6899999355139644,
    0.68,
    0.68,
    0.6899999934905539,
    0.68,
    0.6899999963492044,
    0.6899999585999611,
    0.6899999294317453,
    0.6899999585999611,
    0.68,
    0.6899999689189064,
    0.68,
    0.68,
    0.6899999935109699,
    0.6899999925479998,
    0.68,
    0.689999925324651,
    0.68,
    0.69,
    0.69,
    0.68,
    0.6899999585999611,
    0.6899999585999611,
    0.6898645839480456,
    0.6898645814292699,
    0.68,
    0.68,
    0.68,
    0.68,
    0.68,
    0.68,
    0.6903839541547278,
    0.68,
    0.68,
    0.68,
    0.7,
    0.7,
    0.69,
    0.69,
    0.7,
    0.69,
    0.69,
    0.699999859999468,
    0.7,
    0.6999999981510829,
    0.6999999970136518,
    0.7,
    0.7,
    0.7,
    0.7,
    0.7,
    0.7,
    0.6999999766666597,
    0.6999999416665743,
    0.69,
    0.6900000635500187,
    0.6900001313559878,
    0.6999999679633808,
    0.69,
    0.7,
    0.7,
    0.69,
    0.7,
    0.7,
    0.7,
    0.6999999719999955,
    0.6999999719999955,
    0.6999999704641238,
    0.68,
    0.69,
    0.68,
    0.6999999756944284,
    0.6999999998212005,
    0.6900000059113387,
    0.69,
    0.69,
    0.6999999659367248,
    0.7,
    0.6999999824999917,
    0.6999999988333333,
    0.7,
    0.7,
    0.6999999766666597,
    0.6999999719999955,
    0.69,
    0.6999999719999955,
    0.6999999719999955,
    0.7,
    0.6999999719999955,
    0.7,
    0.6999999719999955,
    0.7,
    0.69,
    0.6999999985203974,
    0.7,
    0.6999999975238769,
    0.6999999938407386,
    0.7,
    0.7,
    0.6900000098644212,
    0.7,
    0.69,
    0.7,
    0.6999999868173236,
    0.6900000304363662,
    0.699999649998425,
    0.6900000592647163,
    0.6900001224924769,
    0.6999999932497577,
    0.6999999897810205,
    0.6999999929999994,
    0.68,
    0.6995720537460601,
    0.68,
    0.68,
    0.68,
    0.68,
    0.6899999995941176,
    0.6899999998344828,
    0.6899991029966811,
    0.6899999892628985,
    0.68,
    0.6899999724786297,
    0.68,
    0.68,
    0.6899999585999611,
    0.68,
    0.69,
    0.68,
    0.69,
    0.6899991029966811,
    0.68999999954,
    0.68,
    0.68999999954,
    0.68,
    0.68,
    0.69,
    0.6899991029966811,
    0.689999925888842,
    0.68,
    0.6899991029966811,
    0.6899999868899976,
    0.68,
    0.68,
    0.68,
    0.6899999585999611,
    0.6899991029966811,
    0.68,
    0.68,
    0.68999999954,
    0.6899999917199968,
    0.6899999585999611,
    0.6899998292782168,
    0.68,
    0.689999996732954,
    0.6899999884797873,
    0.68,
    0.6899999885740562,
    0.69,
    0.68,
    0.68,
    0.6899999424999856,
    0.68,
    0.6899999761612201,
    0.6899999762068886,
    0.68,
    0.6899999750602318,
    0.6899999989692261,
    0.6899999961361188,
    0.6899999585999611,
    0.6899998357127601,
    0.69,
    0.68,
    0.68,
    0.68,
    0.69,
    0.68,
    0.68,
    0.68,
    0.68,
    0.69,
    0.6899999868899976,
    0.6899819046480578,
    0.6899369934237721,
    0.6899369887567569,
    0.6999999719999955,
    0.69,
    0.69,
    0.69,
    0.699999649998425,
    0.690000037820003,
    0.69000093000186,
    0.7,
    0.69,
    0.69,
    0.69,
    0.69,
    0.7,
    0.690000037820003,
    0.6999999719999955,
    0.7,
    0.7,
    0.7,
    0.7,
    0.7,
    0.7,
    0.7,
    0.69,
    0.69,
    0.69,
    0.69,
    0.69,
    0.69,
    0.69,
    0.7,
    0.6999999719999955,
    0.6999999719999955,
    0.69,
    0.690000086906583,
    0.7,
    0.7,
    0.6900000164300008,
    0.6999999719999955,
    0.6900001705000767,
    0.69000093000186,
    0.699987749601862,
    0.6999999684999982,
    0.69,
    0.699999649998425,
    0.6999984687437792,
    0.69,
    0.69000093000186,
    0.7,
    0.69000093000186,
    0.699999649998425,
    0.6902246653919694,
    0.68,
    0.7,
    0.68,
    0.68,
    0.68,
    0.6999999958823527,
    0.6949440096623417,
    0.69,
    0.69,
    0.69,
    0.69,
    0.69,
    0.69,
    0.69,
    0.68,
    0.68,
    0.68,
    0.68,
    0.68,
    0.68,
    0.68,
    0.68,
    0.68,
    0.69,
    0.7,
    0.6900000164300008,
    0.690019000037255,
    0.6900190001281213,
    0.6900190000589149,
    0.6999998727270644,
    0.6999999719999955,
    0.6999999930658739,
    0.6999999719999955,
    0.69,
    0.6800000017629715,
    0.69,
    0.6999999719999955,
    0.690000037820003,
    0.7,
    0.6999999929999994,
    0.699999649998425,
    0.6900001705000767,
    0.69,
    0.7,
    0.7099999786999915,
    0.708542412449944,
    0.7,
    0.7,
    0.7,
    0.7,
    0.7,
    0.7,
    0.7,
    0.6999998985505923,
    0.68,
    0.68,
    0.68,
    0.68,
    0.68,
    0.68,
    0.68,
    0.68,
    0.68,
    0.68,
    0.69,
    0.68,
    0.6999998727270644,
    0.7091962380635765,
    0.68,
    0.68,
    0.7,
    0.68,
    0.699164208669461,
    0.68,
    0.68,
    0.68,
    0.68,
    0.68,
    0.68,
    0.68,
    0.6899996731563294,
    0.6899998943241501,
    0.68,
    0.68,
    0.68,
    0.68,
    0.68,
    0.6898697101834479,
    0.6898676671308963,
    0.6898676693586746,
    0.7,
    0.7,
    0.7,
    0.6993411798760767,
    0.69,
    0.69,
    0.69,
    0.69,
    0.69,
    0.69,
    0.69,
    0.68,
    0.68,
    0.68,
    0.68,
    0.68,
    0.68,
    0.68,
    0.68,
    0.68,
    0.68,
    0.6899999585999611,
    0.6899999585999611,
    0.68,
    0.68,
    0.68,
    0.689899635983698,
    0.689899650818815,
    0.68,
    0.68,
    0.7,
    0.6999999719999955,
    0.7,
    0.6909871132887556,
    0.69,
    0.69,
    0.69,
    0.69,
    0.69,
    0.6899973470098161,
    0.69,
    0.68,
    0.6899934810634003,
    0.68,
    0.68,
    0.68,
    0.68,
    0.68,
    0.68,
    0.68,
    0.68,
    0.68,
    0.6999994272721546,
    0.68,
    0.7,
    0.7,
    0.69,
    0.68,
    0.69,
    0.69,
    0.68,
    0.68,
    0.6799999745794164,
    0.68,
    0.670000217800074,
    0.67,
    0.6700000188100008,
    0.6700004070008547,
    0.6799998911999086,
    0.67,
    0.6799396749622969,
    0.679939675974876,
    0.68,
    0.68,
    0.68,
    0.68,
    0.68,
    0.68,
    0.68,
    0.6899999585999611,
    0.6899982749698119,
    0.6899999585999611,
    0.69,
    0.68,
    0.69,
    0.68,
    0.68,
    0.68,
    0.69,
    0.68,
    0.68,
    0.6899999750425487,
    0.6899996731563294,
    0.68,
    0.68,
    0.68,
    0.6899984202584603,
    0.6899999014283039,
    0.6899999585999611,
    0.68,
    0.68,
    0.689999929230595,
    0.6899984202584603,
    0.68,
    0.68,
    0.6899995783324198,
    0.7,
    0.7,
    0.6898912501707797,
    0.68,
    0.7,
    0.68,
    0.7,
    0.7,
    0.7,
    0.68,
    0.68,
    0.68,
    0.7,
    0.7,
    0.699979990566267,
    0.68,
    0.68,
    0.68,
    0.68,
    0.68,
    0.6900553798625365,
    0.6900553813666152,
    0.6900553804929065,
    0.7,
    0.7,
    0.7,
    0.699461950965798,
    0.68,
    0.68,
    0.6999999929999994,
    0.7,
    0.7,
    0.7,
    0.7,
    0.7,
    0.7,
    0.68,
    0.68,
    0.68,
    0.68,
    0.68,
    0.68,
    0.6801096410016874,
    0.6801096414317204,
    0.6801096413761238,
    0.7,
    0.67,
    0.7,
    0.7,
    0.7,
    0.68,
    0.7,
    0.68,
    0.6900423557253264,
    0.68,
    0.7,
    0.68,
    0.7,
    0.68,
    0.68,
    0.68,
    0.7,
    0.7,
    0.7,
    0.7,
    0.7,
    0.7,
    0.68,
    0.6900709682055087,
    0.6900709683792589,
    0.6900709677419354,
    0.68,
    0.6999999289854939,
    0.698309887663192,
    0.69,
    0.69,
    0.69,
    0.69,
    0.68,
    0.68,
    0.68,
    0.68,
    0.68,
    0.68,
    0.69,
    0.69,
    0.69,
    0.69,
    0.69,
    0.68,
    0.68,
    0.68,
    0.68,
    0.68,
    0.68,
    0.69,
    0.69,
    0.69,
    0.69,
    0.69,
    0.69,
    0.68,
    0.68,
    0.68,
    0.68,
    0.68,
    0.68,
    0.69,
    0.68,
    0.69,
    0.69,
    0.69,
    0.69,
    0.69,
    0.69,
    0.68,
    0.68,
    0.68,
    0.68,
    0.68,
    0.68,
    0.69,
    0.68,
    0.68,
    0.69,
    0.69,
    0.69,
    0.69,
    0.69,
    0.69,
    0.68,
    0.68,
    0.68,
    0.68,
    0.68,
    0.68,
    0.6800128700171201,
    0.68001287001287,
    0.6799916965160359,
    0.67,
    0.6899999965845,
    0.67,
    0.6801200225543973,
    0.680120021980572,
    0.6799515457376848,
    0.6799784130676219,
    0.69,
    0.67,
    0.69,
    0.67,
    0.6801582793273104,
    0.6801582793628094,
    0.6700004846320909,
    0.68,
    0.69,
    0.69,
    0.680003125980169,
    0.680003125980793,
    0.6800031274563462,
    0.6800031266210464,
    0.6799603226995821,
    0.6799603748902029,
    0.6799786478836787,
    0.67,
    0.6799531424690256,
    0.6799531747552158,
    0.68,
    0.6979746657381142,
    0.69,
    0.69,
    0.6898088585219343,
    0.69,
    0.6901669344075279,
    0.6901669348155998,
    0.6900964395268528,
    0.6900417246175243,
    0.6899504380509334,
    0.6899386489622618,
    0.6899386344856914,
    0.69,
    0.6903130657037186,
    0.690313064760017,
    0.7,
    0.6903130645039288,
    0.7,
    0.6899293481075927,
    0.6899293503113558,
    0.6899293674148128,
    0.6898957752416448,
    0.69,
    0.6901383696052189,
    0.699998250004375,
    0.7,
    0.6903203952544633,
    0.6903203954343932,
    0.7,
    0.7,
    0.7,
    0.7,
    0.7,
    0.6899576954839637,
    0.6899577127150893,
    0.6899433426440037,
    0.69,
    0.69,
    0.6899999980921658,
    0.6899991029966811,
    0.68,
    0.68,
    0.679971462220037,
    0.679971445066073,
    0.6800233508602063,
    0.6800233508541245,
    0.6899816926784617,
    0.6899364751116008,
    0.6899364955422219,
    0.6700000145787668,
    0.6999997479998891,
    0.7,
    0.7,
    0.6900628941963256,
    0.6900628956680839,
    0.6900628934294124,
    0.699749851449939,
    0.6798923486827912,
    0.6798923332277776,
    0.6801017812131982,
    0.6801017826034013,
    0.68,
    0.67,
    0.68,
    0.68,
    0.6901332199400768,
    0.6901332188959441,
    0.6903284512614567,
    0.6903284491554186,
    0.6903284498799103,
    0.689911961722488,
    0.6899112522656061,
    0.6899112539227268,
    0.6900143887738661,
    0.6900143902563316,
    0.690014388851755,
    0.690020269082679,
    0.6900202676395087,
    0.6900202684388677,
    0.6898499298549826,
    0.6898499365871866,
    0.6999299369432489,
    0.6901694095450517,
    0.6901694104268894,
    0.6999999455555477,
    0.6931722470214242,
    0.6798989764115395,
    0.6799172515858972,
    0.6899723790146749,
    0.6799850437012508,
    0.6799850568069686,
    0.679908209083513,
    0.6801513807865458,
    0.6801513805586353,
    0.6801513804824817,
    0.6902151202273015,
    0.6902151200427563,
    0.6902151202037267,
    0.6600007555580741,
    0.6799811632905719,
    0.6899999925479998,
    0.6781268,
    0.67,
    0.66,
    0.6699482291163877,
    0.65,
    0.670134000569692,
    0.68,
    0.6701339971224527,
    0.6701339974088969,
    0.67,
    0.66,
    0.67,
    0.66,
    0.6701596870534353,
    0.6701596894451755,
    0.6701596867294557,
    0.6699445884819438,
    0.66,
    0.66,
    0.67,
    0.6699708578209209,
    0.6699708366375033,
    0.6699708557068934,
    0.67,
    0.67,
    0.67,
    0.67,
    0.67,
    0.66,
    0.67,
    0.66,
    0.65,
    0.66,
    0.6799682542771154,
    0.6799682469579889,
    0.6799681999204998,
    0.67,
    0.68,
    0.6799753061224489,
    0.6600898477157361,
    0.6799722990735138,
    0.6600898473285737,
    0.65,
    0.6599088033997588,
    0.65,
    0.6700560818264275,
    0.6700560817089547,
    0.6799506543197524,
    0.6799506203992587,
    0.6801547195639221,
    0.6801547191498465,
    0.68015471902634,
    0.6702063015753938,
    0.6700378077033097,
    0.6700378075950835,
    0.6400000039997038,
    0.65,
    0.6899904379846311,
    0.6899904758197016,
    0.6899904556108901,
    0.6899680838353205,
    0.6800305250476791,
    0.6899680802679807,
    0.6800305251531278,
    0.6905200552696398,
    0.6699200567845062,
    0.669920062418848,
    0.6602401577897733,
    0.669929884456521,
    0.6602401580268759,
    0.65,
    0.64,
    0.64,
    0.650111473025554,
    0.6501114723704546,
    0.6500532350968347,
    0.64,
    0.64,
    0.64,
    0.65,
    0.64,
    0.65,
    0.65,
    0.6601775880093074,
    0.6502444448300169,
    0.6601775874343211,
    0.6700993753549119,
    0.6801893939393939,
    0.6700459245701903,
    0.68,
    0.6700459245819256,
    0.6799807366184052,
    0.6799807547575939,
    0.6601775877715801,
    0.6601777543979839,
    0.6502444444444444,
    0.6500257805934005,
    0.64,
    0.64,
    0.64,
    0.6500484744796122,
    0.6600610257290758,
    0.6600610254401617,
    0.6600610253680447,
    0.6799611572772435,
    0.6699730380435812,
    0.6699730309775079,
    0.6699730615377671,
    0.64,
    0.64,
    0.6501183921875326,
    0.6501183920853227,
    0.64,
    0.6501635820297855,
    0.650163581880292,
    0.6799394746351003,
    0.67,
    0.64,
    0.6501183233662081,
    0.6662727517875286,
    0.6599381318257376,
    0.6598911689374429,
    0.6598911780951795,
    0.6699923887684033,
    0.6501183220296705,
    0.6501183221417638,
    0.6601675215231656,
    0.6699751171767002,
    0.6601724771754531,
    0.6701549662163576,
    0.670154965343041,
    0.6701549653273263,
    0.6799352477851969,
    0.6799073267079906,
    0.679907278125773,
    0.6601724777292003,
    0.6601724778046812,
    0.64,
    0.6500832136787492,
    0.64,
    0.6500832127733719,
    0.6500832128255615,
    0.66,
    0.6501646449339192,
    0.6798648245095892,
    0.6501646449263002,
    0.6601149425287356,
    0.679864864749646,
    0.6699950075362701,
    0.669995010116407,
    0.6699949680797532,
    0.650067521944632,
    0.64,
    0.64,
    0.6500429752385956,
    0.67997701083833,
    0.6602392711421892,
    0.6602392716187119,
    0.6700632232331744,
    0.660239272310377,
    0.6700632161521155,
    0.6799368086741079,
    0.6700632181748792,
    0.6799952518930401,
    0.6500429753367495,
    0.6799591612244535,
    0.6698391391767363,
    0.6799592127938466,
    0.6699701657650962,
    0.64,
    0.64,
    0.650178644001071,
    0.6601541855115088,
    0.6601541862365224,
    0.6601541854897652,
    0.6601541864052508,
    0.6702338536289812,
    0.6601541852534746,
    0.6702338531304157,
    0.6801535093614415,
    0.6801535088081778,
    0.6801535093605281,
    0.6799878038842955,
    0.6702338534608981,
    0.6799877393299338,
    0.679987795047972,
    0.6799669142620817,
    0.6799669142620817,
    0.64,
    0.6501968207394555,
    0.6799521528613023,
    0.6601779361395224,
    0.64,
    0.64,
    0.65,
    0.6801588877855015,
    0.6701610126755545,
    0.69,
    0.69,
    0.670161012427123,
    0.67016101325775,
    0.6601779363312853,
    0.6601779362686979,
    0.65,
    0.6601933548258405,
    0.66019335514252,
    0.6799225151504097,
    0.669941085064101,
    0.6698286330058492,
    0.6698286399650597,
    0.66,
    0.6799225477587372,
    0.64,
    0.6600261316845588,
    0.660026123326998,
    0.67,
    0.6698987446341382,
    0.6600261233753945,
    0.669980462309422,
    0.6699804807281386,
    0.6600262187954857,
    0.670282063200941,
    0.6702820644413844,
    0.6702820641091644,
    0.6701816054171637,
    0.670181605720711,
    0.67,
    0.67,
    0.68,
    0.6600261234055581,
    0.660026123440325,
    0.6701239075930097,
    0.6701239070036532,
    0.6600261233751255,
    0.6500410558784763,
    0.6500410575201586,
    0.67,
    0.67,
    0.67,
    0.6800968595199187,
    0.6800968599436504,
    0.6800968594945442,
    0.68,
    0.6800717572791437,
    0.6800717566030248,
    0.68,
    0.68,
    0.6801637734870692,
    0.6801637734851234,
    0.670000217800074,
    0.68,
    0.68,
    0.69,
    0.6798935177482476,
    0.6798934800588987,
    0.6798934213015227,
    0.6799150034287678,
    0.6799150044020787,
    0.6799816216678828,
    0.67,
    0.67,
    0.679921832414399,
    0.6799218371714837,
    0.6799750610677293,
    0.6801669627702646,
    0.6800155714730614,
    0.6801435898326473,
    0.6801435898353204,
    0.68,
    0.6800410116328464,
    0.6800410118195509,
    0.6900656814449918,
    0.6900656814449918,
    0.6900656822670395,
    0.6899630746452953,
    0.6799677715252223,
    0.698784508,
    0.6801147704590819,
    0.6899678062298789,
    0.6899677946475652,
    0.6899677811527067,
    0.6800060096153846,
    0.690078684086367,
    0.6900786839293777,
    0.6802223142399781,
    0.6802223137215507,
    0.6799844992212014,
    0.64,
    0.6500594750216324,
    0.6500594715212638,
    0.6600889682114004,
    0.6500594710630985,
    0.6799605681538126,
    0.6600889682631547,
    0.6699752431404841,
    0.6799605966936814,
    0.669975246960447,
    0.6500594707665776,
    0.6500594707227908,
    0.6699752347509204,
    0.659963415780905,
    0.6599633912816095,
    0.6499451338744124,
    0.649945062431328,
    0.64,
    0.6799529054622101,
    0.64,
    0.6798697462898633,
    0.64,
    0.67,
    0.6800951475433061,
    0.67,
    0.67,
    0.6898815737649754,
    0.6898815638338924,
    0.67,
    0.6501337420049512,
    0.6501337428389898,
    0.64,
    0.6899670021350927,
    0.6899669738973009,
    0.6899670009434077,
    0.64,
    0.650106017191977,
    0.660027457529504,
    0.6801636978926549,
    0.6901252244520285,
    0.690125226059783,
    0.6801636990191057,
    0.6899636899061643,
    0.6600274575203258,
    0.6701132300943575,
    0.670089414479377,
    0.6600274595497808,
    0.6899636354008507,
    0.6502378048780488,
    0.6899344113257514,
    0.6899201041545608,
    0.65,
    0.66,
    0.6898953971561643,
    0.6502458701498272,
    0.6898954026325037,
    0.6401984368587446,
    0.69,
    0.6500625460502066,
    0.6500625461346994,
    0.6500625460275147,
    0.6200894858713802,
    0.620084985969446,
    0.6201224846894138,
    0.6798863491500722,
    0.66,
    0.67,
    0.67,
    0.65,
    0.66,
    0.6444784849713326,
    0.62,
    0.63,
    0.63,
    0.63,
    0.63,
    0.63,
    0.63,
    0.63,
    0.63,
    0.63,
    0.63,
    0.63,
    0.63,
    0.63,
    0.63,
    0.63,
    0.63,
    0.63,
    0.63,
    0.63,
    0.625,
    0.63,
    0.62,
    0.63,
    0.63,
    0.63,
    0.63,
    0.62,
    0.62,
    0.62,
    0.62,
    0.62,
    0.62,
    0.62,
    0.62,
    0.62,
    0.62,
    0.62,
    0.63,
    0.62,
    0.63,
    0.63,
    0.63,
    0.519975,
    0.61,
    0.62166,
    0.62,
    0.63,
    0.63,
    0.61335,
    0.60541,
    0.63,
    0.5098955197836386,
    0.509895511944764,
    0.47006132102717246,
    0.47006132080188684,
    0.51,
    0.4701060606060606,
    0.5099218682069597,
    0.509975527305783,
    0.5099755101345366,
    0.5099755394221397,
    0.4998767605571811,
    0.5,
    0.4900001275006056,
    0.4700561797752809,
    0.51,
    0.5200190567144529,
    0.5200190567247657,
    0.5200190566977886,
    0.5699993811417609,
    0.49,
    0.47,
    0.5799962323109745,
    0.4900261195004459,
    0.5799962238015339,
    0.45,
    0.4601076557192214,
    0.4700263916180221,
    0.5001488920117599,
    0.5001488919772819,
    0.5301220908050363,
    0.5301327853873337,
    0.5301327860955534,
    0.5500196907682657,
    0.5500196906008026,
    0.5301327857025474,
    0.51,
    0.46,
    0.47,
    0.45,
    0.5200070397808163,
    0.5200070397987848,
    0.5301392302136849,
    0.5301392304912943,
    0.549863893628613,
    0.549793161998951,
    0.5398685802122368,
    0.5100806059308842,
    0.5398685265790177,
    0.5398685115957454,
    0.5497931991676053,
    0.5699999555399857,
    0.45000004400000526,
    0.5171182445281773,
    0.43995179094023845,
    0.4399517882183782,
    0.43,
    0.4399355100380986,
    0.43993546591367816,
    0.42,
    0.42,
    0.44,
    0.4100009619629965,
    0.43,
    0.4499609501050716,
    0.4600651536815696,
    0.47011020672846415,
    0.4701102062299234,
    0.4600651535164526,
    0.47004065060000094,
    0.47004065066243583,
    0.4600651534752817,
    0.500145413886129,
    0.5001454139336595,
    0.5100823723228995,
    0.5001454138731275,
    0.4900000044347845,
    0.5899988789965249,
    0.4700005565021982,
    0.6099992069931008,
    0.4700001413337668,
    0.52,
    0.44,
    0.52,
    0.6099142086943701,
    0.6099141730816279,
    0.579882969144411,
    0.5798829788241883,
    0.5798829546843435,
    0.6099973464850076,
    0.48000072800262084,
    0.6299994644977777,
    0.5,
    0.6199988839908487,
    0.490000043350018,
    0.5999999759999961,
    0.6099999196406329,
    0.4400000223937333,
    0.48,
    0.48000072800262084,
    0.6299994644977777,
    0.45000068750257816,
    0.6299994644977777,
    0.5,
    0.45,
    0.61,
    0.44,
    0.4500455581421227,
    0.6099661438861345,
    0.6099661704014264,
    0.6099661764274097,
    0.6139845679354433,
    0.43000000712203534,
    0.45,
    0.45,
    0.46009154322395285,
    0.4600915434866395,
    0.4600915435234722,
    0.4600313033579966,
    0.42000023200106723,
    0.4200001740002958
]
