[
    0.999,
    0.999,
    0.999,
    0.999,
    0.999,
    0.999,
    0.999,
    0.999,
    0.999,
    0.999,
    0.999,
    0.999,
    0.999,
    0.999,
    0.999,
    0.999,
    0.999,
    0.999,
    0.999,
    0.999,
    0.999,
    0.999,
    0.999,
    0.999,
    0.999,
    0.999,
    0.999,
    0.999,
    0.999,
    0.9970000030459184,
    0.998,
    0.998,
    0.991,
    0.998,
    0.998,
    0.999,
    0.998,
    0.999,
    0.999,
    0.998,
    0.998,
    0.998,
    0.999,
    0.999,
    0.999,
    0.999,
    0.999,
    0.9984028753846861,
    0.998,
    0.998,
    0.997768711169796,
    0.9954727729183686,
    0.9927231404729868,
    0.993,
    0.992999999979033,
    0.986,
    0.9850000146250004,
    0.9939999999669382,
    0.989,
    0.9400000102592316,
    0.9886660409018335,
    0.9869999891428047,
    0.9410000536310049,
    0.9410000213785434,
    0.9844609122124753,
    0.9400000540000054,
    0.97,
    0.9210000010380982,
    0.92,
    0.9,
    0.88,
    0.88,
    0.85,
    0.85,
    0.850000024000001,
    0.83,
    0.81,
    0.8010000038318932,
    0.801,
    0.86,
    0.86,
    0.897,
    0.9,
    0.9,
    0.9099997512665688,
    0.83,
    0.8599999991399997,
    0.87,
    0.8700000097500002,
    0.88,
    0.8700001014000223,
    0.86,
    0.86,
    0.86,
    0.87,
    0.8899994125992129,
    0.8699998694999673,
    0.8899999945709999,
    0.9,
    0.939999971076657,
    0.95,
    0.97,
    0.9769999926723046,
    0.9769999946263952,
    0.98,
    0.979,
    0.97,
    0.98,
    0.95,
    0.97,
    0.9700000288000011,
    0.97,
    0.982,
    0.99,
    0.992,
    0.992,
    0.992,
    0.992,
    0.993,
    0.993,
    0.99,
    0.992,
    0.99,
    0.992,
    0.993,
    0.991,
    0.99,
    0.992,
    0.995,
    0.995,
    0.992,
    0.99,
    0.995,
    0.99,
    0.99,
    0.99,
    0.9899852419158014,
    0.98899999997033,
    0.98,
    0.99,
    0.98,
    0.98,
    0.98,
    0.98,
    0.99,
    0.9700000057000001,
    0.981,
    0.97,
    0.9809999703788922,
    0.98,
    0.97,
    0.98,
    0.98,
    0.98,
    0.98,
    0.98,
    0.98,
    0.99,
    0.98,
    0.98,
    0.98,
    0.98,
    0.96,
    0.96,
    0.96,
    0.96,
    0.96,
    0.96,
    0.97,
    0.96,
    0.96,
    0.96,
    0.95,
    0.95,
    0.94,
    0.94,
    0.9399999811999978,
    0.9300000126000002,
    0.9399999998546417,
    0.93,
    0.92,
    0.91,
    0.91,
    0.91,
    0.92,
    0.9075,
    0.93,
    0.8998763141620284,
    0.88,
    0.87,
    0.87,
    0.85,
    0.850000024000001,
    0.8799999979775925,
    0.8794542632889619,
    0.85,
    0.850000024000001,
    0.8500001125000282,
    0.87,
    0.87,
    0.87,
    0.87,
    0.87,
    0.87,
    0.8700000071362435,
    0.88,
    0.88,
    0.89,
    0.87,
    0.88,
    0.91,
    0.89,
    0.8900000968000116,
    0.89,
    0.91,
    0.9,
    0.91,
    0.9,
    0.9,
    0.9,
    0.89,
    0.8800000048000001,
    0.88,
    0.88,
    0.88,
    0.88,
    0.88,
    0.88,
    0.88,
    0.8700000533000048,
    0.88,
    0.87,
    0.87,
    0.8700000097500002,
    0.88,
    0.88,
    0.8800000048000001,
    0.89,
    0.88,
    0.8800001008000161,
    0.88,
    0.8800000192000008,
    0.8700001014000223,
    0.89,
    0.88,
    0.87,
    0.8433333333333334,
    0.83,
    0.83,
    0.83,
    0.8300000038810453,
    0.84,
    0.84,
    0.853329602779541,
    0.8300001139000376,
    0.83,
    0.82,
    0.83,
    0.81,
    0.81,
    0.8,
    0.8,
    0.8,
    0.8,
    0.8,
    0.8,
    0.8,
    0.8,
    0.8,
    0.8,
    0.8,
    0.8,
    0.8,
    0.8,
    0.8,
    0.8,
    0.8,
    0.8,
    0.8,
    0.8,
    0.8,
    0.8,
    0.79,
    0.8,
    0.8,
    0.8,
    0.8,
    0.8,
    0.8,
    0.8,
    0.78,
    0.77,
    0.7699999993,
    0.7699999876799952,
    0.7699999746582222,
    0.77,
    0.76,
    0.75,
    0.7300000318600026,
    0.7200000485333411,
    0.7398520146798597,
    0.71,
    0.71,
    0.71,
    0.71,
    0.71,
    0.71,
    0.73,
    0.73,
    0.73,
    0.74,
    0.74,
    0.75,
    0.75,
    0.74,
    0.75,
    0.75,
    0.76999999933423,
    0.75,
    0.75,
    0.75,
    0.7400000353600023,
    0.7599998935999617,
    0.74,
    0.7400000161200007,
    0.7599993311992509,
    0.7300000318600026,
    0.7300000194400006,
    0.7200000001886341,
    0.74,
    0.73,
    0.75,
    0.74,
    0.7300000207931042,
    0.75,
    0.75,
    0.77,
    0.7699999876799952,
    0.75,
    0.75,
    0.7699999983445,
    0.720000003136,
    0.75,
    0.73,
    0.73,
    0.72,
    0.72,
    0.68,
    0.65,
    0.6500001260000554,
    0.6610183137629302,
    0.66,
    0.66,
    0.66,
    0.66,
    0.66,
    0.66,
    0.66,
    0.66,
    0.66,
    0.66,
    0.66,
    0.66,
    0.66,
    0.66,
    0.66,
    0.66,
    0.66,
    0.66,
    0.6599998108656129,
    0.66,
    0.67,
    0.66,
    0.67,
    0.6446130852557052,
    0.61999999752,
    0.66,
    0.66,
    0.66,
    0.61,
    0.61,
    0.61,
    0.61,
    0.61,
    0.61,
    0.61,
    0.62,
    0.6099998367076356,
    0.6300000434038494,
    0.67,
    0.69,
    0.69,
    0.69,
    0.69,
    0.69,
    0.69,
    0.69,
    0.69,
    0.71,
    0.71,
    0.72,
    0.72,
    0.72,
    0.6700000077550002,
    0.7,
    0.7,
    0.7,
    0.7,
    0.69,
    0.69,
    0.69,
    0.72,
    0.65,
    0.62,
    0.62,
    0.64,
    0.63,
    0.67,
    0.66,
    0.67,
    0.67,
    0.67,
    0.6699998368695104,
    0.69,
    0.69,
    0.6899999951699998,
    0.69,
    0.68,
    0.68,
    0.68,
    0.68,
    0.68,
    0.68,
    0.68,
    0.68,
    0.6799999921159399,
    0.69,
    0.69,
    0.71,
    0.71,
    0.71,
    0.7,
    0.68,
    0.71,
    0.7099998205277235,
    0.7,
    0.7,
    0.68,
    0.68,
    0.679999998368,
    0.65,
    0.65,
    0.65,
    0.67,
    0.67,
    0.65,
    0.65,
    0.65,
    0.66,
    0.65,
    0.66999999933,
    0.65,
    0.65,
    0.67,
    0.67,
    0.66,
    0.6699999842352852,
    0.66,
    0.66,
    0.68,
    0.66,
    0.68,
    0.66,
    0.66,
    0.66,
    0.68,
    0.65,
    0.66,
    0.66,
    0.66,
    0.65,
    0.65,
    0.66,
    0.65,
    0.65,
    0.65,
    0.65,
    0.65,
    0.65,
    0.66,
    0.65,
    0.65,
    0.65,
    0.65,
    0.66,
    0.65,
    0.66,
    0.65,
    0.65,
    0.65,
    0.6599999534117543,
    0.65,
    0.65,
    0.65,
    0.67,
    0.66,
    0.6699999669854897,
    0.68,
    0.69,
    0.69,
    0.68,
    0.68,
    0.69,
    0.69,
    0.68,
    0.68,
    0.69,
    0.69,
    0.68,
    0.67,
    0.67,
    0.67,
    0.66999999933,
    0.67,
    0.67,
    0.67,
    0.67,
    0.67,
    0.67,
    0.67,
    0.67,
    0.67,
    0.6600000367200034,
    0.67,
    0.67,
    0.67,
    0.67,
    0.67,
    0.67,
    0.67,
    0.67,
    0.67,
    0.67,
    0.67,
    0.67,
    0.67,
    0.67,
    0.67,
    0.67,
    0.67,
    0.67,
    0.67,
    0.67,
    0.67,
    0.67,
    0.67,
    0.67,
    0.67,
    0.67,
    0.6600000367200034,
    0.66,
    0.67,
    0.67,
    0.67,
    0.660000057800019,
    0.67,
    0.67,
    0.67,
    0.67,
    0.67,
    0.6699999971859999,
    0.67,
    0.67,
    0.67,
    0.66,
    0.65,
    0.66,
    0.66,
    0.6599999408954924,
    0.67,
    0.67,
    0.67,
    0.67,
    0.65,
    0.63,
    0.629999998236,
    0.6,
    0.6,
    0.58,
    0.58,
    0.5600000289164605,
    0.57,
    0.5700001720001032,
    0.58,
    0.61,
    0.58,
    0.609999996096,
    0.5799999522352699,
    0.58,
    0.5799999162221878,
    0.5799999545097976,
    0.5799998342856224,
    0.5799999914074054,
    0.58,
    0.579999904271814,
    0.5899999772102915,
    0.579999934208943,
    0.6099999936013965,
    0.6099999386163197,
    0.5899999982976818,
    0.6099999825214855,
    0.6099999981458961,
    0.61,
    0.6099999053447607,
    0.6099999453964103,
    0.6099997948671441,
    0.6099999423382565,
    0.58,
    0.58,
    0.6099999966449999,
    0.6,
    0.6,
    0.6,
    0.61,
    0.62,
    0.62,
    0.62,
    0.62,
    0.61,
    0.61,
    0.64,
    0.65,
    0.65,
    0.65,
    0.64,
    0.6456830601092897,
    0.61,
    0.6,
    0.61,
    0.6,
    0.6,
    0.6,
    0.6,
    0.6,
    0.6,
    0.6,
    0.6,
    0.6,
    0.61,
    0.62,
    0.6200000380000089,
    0.6299999716499984,
    0.62,
    0.6299999974091619,
    0.62,
    0.62,
    0.62,
    0.62,
    0.64,
    0.63,
    0.6400000041572286,
    0.62,
    0.62,
    0.63,
    0.62,
    0.63,
    0.6200000038558064,
    0.64,
    0.64,
    0.64,
    0.63,
    0.66,
    0.67,
    0.689999996826,
    0.68,
    0.68,
    0.68,
    0.68,
    0.69,
    0.68,
    0.68,
    0.6999999824999917,
    0.69,
    0.69,
    0.7,
    0.6999999838337149,
    0.7,
    0.69,
    0.6999999686098528,
    0.7,
    0.7,
    0.699999975438593,
    0.69,
    0.6999999625668369,
    0.69,
    0.6999999690949105,
    0.7,
    0.6999999877835932,
    0.6999999721115437,
    0.7,
    0.7,
    0.7,
    0.6999999320388085,
    0.6827426343154246,
    0.6899999629884793,
    0.6899999868899976,
    0.6899999556032081,
    0.6899999912380925,
    0.6899999455263022,
    0.6700000163058835,
    0.69,
    0.68,
    0.69,
    0.68,
    0.69,
    0.69,
    0.69,
    0.68,
    0.69,
    0.69,
    0.69,
    0.68,
    0.68,
    0.69,
    0.69,
    0.7114624376572021,
    0.7,
    0.69,
    0.7,
    0.6900000466013154,
    0.69,
    0.69,
    0.68,
    0.68,
    0.7,
    0.69,
    0.6899999822571332,
    0.69,
    0.72,
    0.7,
    0.72,
    0.71,
    0.7,
    0.72,
    0.72,
    0.73,
    0.7299999684324253,
    0.75,
    0.73,
    0.75,
    0.74,
    0.74,
    0.7200000104901659,
    0.73,
    0.74,
    0.730000086460695,
    0.74,
    0.75,
    0.75,
    0.75,
    0.75,
    0.75,
    0.75,
    0.75,
    0.75,
    0.75,
    0.75,
    0.75,
    0.74,
    0.75,
    0.74,
    0.74,
    0.73,
    0.74,
    0.7603956941082595,
    0.74,
    0.7599999923999944,
    0.73,
    0.73,
    0.720000156800069,
    0.72,
    0.72,
    0.72,
    0.72,
    0.7100001334000721,
    0.72,
    0.72,
    0.73,
    0.7199999803189027,
    0.7199999703092734,
    0.72,
    0.7199999596261516,
    0.7199999855639029,
    0.7100000752301375,
    0.7199999519999232,
    0.7199999777175936,
    0.7199999907692279,
    0.7199999578536405,
    0.7199999932867118,
    0.7199999718337282,
    0.71,
    0.7099999947665835,
    0.7099999146633897,
    0.7099999524686026,
    0.7099999385281173,
    0.71,
    0.72,
    0.7199997107948533,
    0.7199999723961584,
    0.71,
    0.7199997337813874,
    0.7199999703092734,
    0.719999877446782,
    0.71,
    0.72,
    0.72,
    0.71,
    0.72,
    0.7,
    0.72,
    0.72,
    0.71,
    0.71,
    0.71,
    0.71,
    0.71,
    0.71,
    0.71,
    0.71,
    0.71,
    0.7099999431998909,
    0.71,
    0.71,
    0.71,
    0.71,
    0.71,
    0.71,
    0.71,
    0.71,
    0.7,
    0.7,
    0.6999999605633603,
    0.7,
    0.71,
    0.71,
    0.71,
    0.71,
    0.71,
    0.7,
    0.71,
    0.7,
    0.71,
    0.71,
    0.7,
    0.71,
    0.71,
    0.71,
    0.69,
    0.69,
    0.69,
    0.71,
    0.71,
    0.69,
    0.7099999605555358,
    0.71,
    0.73,
    0.72,
    0.72,
    0.73,
    0.71,
    0.71,
    0.73,
    0.71,
    0.71,
    0.7,
    0.7,
    0.72,
    0.73,
    0.7,
    0.69,
    0.7,
    0.6999999605633603,
    0.68,
    0.68,
    0.69,
    0.67,
    0.68,
    0.6600000589333428,
    0.67,
    0.68,
    0.68,
    0.67,
    0.67,
    0.6537433427388051,
    0.64,
    0.64,
    0.63,
    0.64,
    0.64,
    0.64,
    0.65,
    0.63,
    0.6299999369999866,
    0.63,
    0.63,
    0.64,
    0.64,
    0.65,
    0.6499999409090784,
    0.6599998108656129,
    0.64,
    0.64,
    0.63,
    0.6300000315288272,
    0.6299999180999697,
    0.62,
    0.6199999448888763,
    0.6100000442000098,
    0.62,
    0.63,
    0.6299999952749997,
    0.62,
    0.63,
    0.63,
    0.63,
    0.64,
    0.63,
    0.62,
    0.64,
    0.62,
    0.64,
    0.62,
    0.62,
    0.62,
    0.64,
    0.64,
    0.64,
    0.61,
    0.64,
    0.64,
    0.64,
    0.64,
    0.64,
    0.64,
    0.64,
    0.64,
    0.64,
    0.64,
    0.64,
    0.64,
    0.64,
    0.66,
    0.67,
    0.68,
    0.68,
    0.68,
    0.6899998484088945,
    0.67,
    0.6880215743216955,
    0.679999974095232,
    0.67,
    0.67,
    0.67,
    0.67,
    0.67,
    0.6699999658356764,
    0.669999969076915,
    0.66,
    0.66,
    0.6599999745542056,
    0.66,
    0.67,
    0.6699999857012154,
    0.67,
    0.67,
    0.67,
    0.67,
    0.67,
    0.66,
    0.68,
    0.670000217800074,
    0.6799999727999957,
    0.6799999943840329,
    0.68,
    0.6799999853369236,
    0.6799998553191028,
    0.6799998819956309,
    0.6799998049810408,
    0.6799994512275502,
    0.6799998579104067,
    0.6799998901009835,
    0.6799998901009835,
    0.6799998673170343,
    0.6799999011965533,
    0.6799993841503391,
    0.6799999988032,
    0.6799998372649034,
    0.679999934719954,
    0.6799999444897777,
    0.6799997950684146,
    0.68,
    0.679999897358463,
    0.6799999879645967,
    0.679999868651884,
    0.68,
    0.6700000167938944,
    0.67,
    0.66,
    0.669999962479987,
    0.6699999915133323,
    0.669999962479987,
    0.6699999712857019,
    0.6699998436665989,
    0.6699999712857019,
    0.6699999955333275,
    0.669999997607142,
    0.6699999712857019,
    0.669999962479987,
    0.6699999762212853,
    0.6699999194710861,
    0.6600000410738344,
    0.6699999983971284,
    0.67,
    0.6600000805263321,
    0.6600000423738945,
    0.66000007884059,
    0.6699999510233667,
    0.6699999198912269,
    0.6699999584306443,
    0.6699999783870858,
    0.6600001041936004,
    0.660000170000085,
    0.6699999547852237,
    0.6699999953472207,
    0.6600000499300801,
    0.660000091631246,
    0.67,
    0.6699999809659042,
    0.669999962479987,
    0.66,
    0.6699999992114555,
    0.67,
    0.6600000367200034,
    0.66,
    0.6699999195999292,
    0.67,
    0.660000003264,
    0.6600000159027135,
    0.6600000744762097,
    0.660000057800019,
    0.6699999586419676,
    0.67,
    0.6699999972597132,
    0.6600001081025851,
    0.6699998834782087,
    0.6699999857012154,
    0.6699999983971284,
    0.6699999662184607,
    0.6699998695574321,
    0.67,
    0.6699999567741406,
    0.6699999488982945,
    0.6699999912227037,
    0.6600000906782147,
    0.6600000356906138,
    0.67,
    0.6699999939366489,
    0.6699999989741626,
    0.6699999981727272,
    0.669999962479987,
    0.669999962479987,
    0.67,
    0.6600000589333428,
    0.6600000805263321,
    0.6600001231035099,
    0.6600000471287218,
    0.6600000329697004,
    0.660000030046516,
    0.6600000718309961,
    0.6600000896363808,
    0.6600001120879367,
    0.6600000532174061,
    0.6600001813334093,
    0.6600000607659724,
    0.6600000850000167,
    0.660000138598758,
    0.6600000503703772,
    0.6600000393991455,
    0.660000038012426,
    0.6600000840154557,
    0.6600001297368779,
    0.660000094444462,
    0.669999962479987,
    0.669999962479987,
    0.6600000589333428,
    0.6600000088400002,
    0.68,
    0.67,
    0.67,
    0.68,
    0.68,
    0.68,
    0.68,
    0.6700000001328339,
    0.68,
    0.68,
    0.68,
    0.68,
    0.68,
    0.68,
    0.68,
    0.68,
    0.68,
    0.68,
    0.68,
    0.6700000945145819,
    0.6700001107382922,
    0.670000090432711,
    0.6700000395312555,
    0.6700000513333416,
    0.6700000502174055,
    0.6700000511628026,
    0.6700001637594404,
    0.6700002123763112,
    0.6700001151163059,
    0.6700000390422599,
    0.6700000444063382,
    0.6700000467816205,
    0.67,
    0.6700000349303682,
    0.67,
    0.66,
    0.669999962479987,
    0.669999962479987,
    0.67,
    0.6600000589333428,
    0.67,
    0.67,
    0.669946,
    0.67,
    0.67,
    0.66,
    0.67,
    0.67,
    0.67,
    0.67,
    0.67,
    0.67,
    0.67,
    0.66,
    0.67,
    0.67,
    0.6700000033,
    0.67,
    0.67,
    0.66,
    0.660000170000085,
    0.67,
    0.6600000023631937,
    0.66,
    0.6600000190267652,
    0.67,
    0.66,
    0.6699999921901837,
    0.660000057800019,
    0.660000044625008,
    0.6600000896363808,
    0.6600000362666725,
    0.6600000635019584,
    0.6600001554286113,
    0.6600000338388672,
    0.6600000696385819,
    0.660000110140887,
    0.6600000663414828,
    0.6600000356906138,
    0.660000023640085,
    0.660000038278154,
    0.660000043134339,
    0.6600000312432488,
    0.6600000663414828,
    0.6600000822325764,
    0.6600000439455875,
    0.6600001684404381,
    0.66,
    0.660000170000085,
    0.660000170000085,
    0.6600000367200034,
    0.669999962479987,
    0.66,
    0.67,
    0.67,
    0.67,
    0.67,
    0.67,
    0.6600000035832336,
    0.67,
    0.67,
    0.67,
    0.670000217800074,
    0.6799998911999086,
    0.67,
    0.67,
    0.67,
    0.67,
    0.6700000949640561,
    0.67,
    0.6799999873066652,
    0.68,
    0.68,
    0.68,
    0.68,
    0.68,
    0.68,
    0.6899999917199968,
    0.68,
    0.68,
    0.6899999868899976,
    0.6895726495726495,
    0.67,
    0.67,
    0.68,
    0.68,
    0.68875,
    0.68,
    0.68,
    0.68,
    0.68,
    0.68,
    0.68,
    0.68,
    0.68,
    0.68,
    0.68,
    0.68,
    0.68,
    0.67,
    0.67,
    0.67,
    0.68,
    0.68,
    0.670000217800074,
    0.6700001072500188,
    0.6700000633600132,
    0.6700001074857407,
    0.67,
    0.67,
    0.67,
    0.67,
    0.67,
    0.67,
    0.67,
    0.67,
    0.67,
    0.67,
    0.66,
    0.66,
    0.67,
    0.66,
    0.66,
    0.67,
    0.66,
    0.66,
    0.66,
    0.66,
    0.66,
    0.67,
    0.66,
    0.67,
    0.670000217800074,
    0.67,
    0.67,
    0.67,
    0.67,
    0.6600000049659505,
    0.67,
    0.67,
    0.67,
    0.67,
    0.66,
    0.67,
    0.67,
    0.67,
    0.68,
    0.67,
    0.67,
    0.67,
    0.6700000409200031,
    0.6700001072500188,
    0.67,
    0.68,
    0.670000217800074,
    0.6700000227831724,
    0.67,
    0.660000170000085,
    0.67,
    0.67,
    0.66,
    0.6699999984116949,
    0.66,
    0.66,
    0.66,
    0.66,
    0.6699999665982324,
    0.6500000161534926,
    0.66,
    0.66,
    0.66,
    0.66,
    0.66,
    0.66,
    0.66,
    0.6699999471920703,
    0.6600000971428772,
    0.6600000817721839,
    0.66,
    0.659999942189765,
    0.66,
    0.66,
    0.66,
    0.66,
    0.66,
    0.66,
    0.6600000415267231,
    0.6699999852007976,
    0.66,
    0.66,
    0.66,
    0.6698083869578738,
    0.65,
    0.65,
    0.6599999898850537,
    0.6599999577599689,
    0.6599999575903471,
    0.6500005285244654,
    0.65,
    0.6500001193182315,
    0.6599998691890973,
    0.6500001225000797,
    0.66,
    0.6699999858734857,
    0.66,
    0.66,
    0.66,
    0.6699999762212853,
    0.669999997607142,
    0.660000057464806,
    0.6600000531687379,
    0.66,
    0.66,
    0.6600000556363714,
    0.66,
    0.66,
    0.66,
    0.66,
    0.67,
    0.6699999195999292,
    0.660000170000085,
    0.66,
    0.66,
    0.6500000525000096,
    0.66,
    0.6500001225000797,
    0.6501252212124559,
    0.65,
    0.65,
    0.65,
    0.65,
    0.65,
    0.65,
    0.65,
    0.65,
    0.65,
    0.65,
    0.65,
    0.6599998892306329,
    0.65,
    0.65,
    0.65,
    0.65,
    0.65,
    0.65,
    0.65,
    0.6499999533045876,
    0.6400000685714407,
    0.6400000682105493,
    0.64,
    0.6499999024999659,
    0.64,
    0.644,
    0.63,
    0.6200001560715038,
    0.63,
    0.63,
    0.63,
    0.63,
    0.63,
    0.63,
    0.63,
    0.63,
    0.63,
    0.63,
    0.63,
    0.63,
    0.63,
    0.63,
    0.6299999960210518,
    0.6200000242038253,
    0.6299999763749949,
    0.6299998841378991,
    0.63,
    0.6200000380000089,
    0.62,
    0.63,
    0.6299998130999308,
    0.63,
    0.63,
    0.62,
    0.6200000076134358,
    0.6299998520453772,
    0.63,
    0.629999901719976,
    0.63,
    0.62,
    0.62,
    0.62,
    0.62,
    0.62,
    0.62,
    0.62,
    0.6299995437926472,
    0.62,
    0.6100000097500002,
    0.62,
    0.61,
    0.61,
    0.61,
    0.61,
    0.61,
    0.61,
    0.61,
    0.61,
    0.62,
    0.62,
    0.6199998511998869,
    0.62,
    0.62,
    0.6199998511998869,
    0.6199998511998869,
    0.62,
    0.62,
    0.62,
    0.619999986359999,
    0.6199994623003996,
    0.62,
    0.62,
    0.6100001414706756,
    0.61,
    0.61,
    0.61,
    0.610000005524808,
    0.61,
    0.61,
    0.6100000226200032,
    0.61,
    0.6199999627999948,
    0.6100000043727274,
    0.6100000140400009,
    0.6199998511998869,
    0.6100000097500002,
    0.6100000097500002,
    0.619999994213333,
    0.6100000097500002,
    0.62,
    0.6199999627999948,
    0.62,
    0.62,
    0.62,
    0.6199998396549374,
    0.6199998511998869,
    0.6199998396549374,
    0.61,
    0.62,
    0.62,
    0.61,
    0.62,
    0.61,
    0.62,
    0.62,
    0.6100000442000098,
    0.62,
    0.6199998511998869,
    0.62,
    0.62,
    0.62,
    0.62,
    0.61,
    0.6100000087176474,
    0.6100000340476215,
    0.6100001166355882,
    0.61,
    0.6199998511998869,
    0.62,
    0.62,
    0.62,
    0.62,
    0.62,
    0.62,
    0.62,
    0.61,
    0.62,
    0.62,
    0.6199566943341754,
    0.62,
    0.62,
    0.62,
    0.62,
    0.62,
    0.63,
    0.62,
    0.62,
    0.62,
    0.62,
    0.61,
    0.6100000015716279,
    0.61,
    0.61,
    0.61,
    0.61,
    0.61,
    0.61,
    0.62,
    0.62,
    0.62,
    0.629999901719976,
    0.6299999763749949,
    0.629999948339994,
    0.62,
    0.6299999763749949,
    0.63,
    0.6299998130999308,
    0.629999901719976,
    0.6299999729999973,
    0.6299999957999993,
    0.6299999986304348,
    0.6299999763749949,
    0.629999981099993,
    0.6200000373242409,
    0.6299999880299978,
    0.6299999880299978,
    0.63,
    0.629999981099993,
    0.63,
    0.629999981099993,
    0.62999999965,
    0.62,
    0.6299999729999973,
    0.63,
    0.62,
    0.63,
    0.629999981099993,
    0.629999981099993,
    0.6200000049400002,
    0.63,
    0.63,
    0.62,
    0.6200000988000731,
    0.62,
    0.62,
    0.6199999834666644,
    0.6199999627999948,
    0.62,
    0.62,
    0.62,
    0.6231207433951957,
    0.6199999751999983,
    0.6199998511998869,
    0.62,
    0.62,
    0.619999968999986,
    0.62,
    0.6199998511998869,
    0.61,
    0.61,
    0.61,
    0.61,
    0.61,
    0.61,
    0.61,
    0.61,
    0.61,
    0.6199998511998869,
    0.6100001521000927,
    0.62,
    0.6100000267501986,
    0.61,
    0.61,
    0.6199999964187725,
    0.6100001521000927,
    0.6100000140400009,
    0.6100000226200032,
    0.6100000226200032,
    0.6100001521000927,
    0.62,
    0.62,
    0.62,
    0.6199999297332944,
    0.6199999982285712,
    0.6100001521000927,
    0.6100001521000927,
    0.6199999847384572,
    0.6100000066652773,
    0.6199999627999948,
    0.6199998511998869,
    0.62,
    0.62,
    0.62,
    0.62,
    0.6299999990430379,
    0.62,
    0.62,
    0.6200000258400035,
    0.62,
    0.6100000175348843,
    0.62,
    0.63,
    0.6200000310826921,
    0.62,
    0.6200001552113135,
    0.6299999995930232,
    0.6200000550023238,
    0.62,
    0.6200000988000731,
    0.63,
    0.6299999773772715,
    0.629999976311999,
    0.6299994948643597,
    0.6299999832637544,
    0.6200002119231625,
    0.629999999748,
    0.6299999880299978,
    0.6100000089993084,
    0.62,
    0.6200000258400035,
    0.62,
    0.62,
    0.62,
    0.62,
    0.63,
    0.63,
    0.6200000729600151,
    0.6299999739416038,
    0.62,
    0.62,
    0.62,
    0.6200000032088889,
    0.62,
    0.62,
    0.62,
    0.62,
    0.62,
    0.62,
    0.62,
    0.62,
    0.62,
    0.62,
    0.62,
    0.62,
    0.62,
    0.62,
    0.62,
    0.62,
    0.62,
    0.62,
    0.62,
    0.62,
    0.62,
    0.62,
    0.62,
    0.62,
    0.62,
    0.62,
    0.62,
    0.62,
    0.62,
    0.62,
    0.62,
    0.62,
    0.62,
    0.62,
    0.62,
    0.62,
    0.62,
    0.62,
    0.62,
    0.62,
    0.62,
    0.62,
    0.62,
    0.62,
    0.62,
    0.62,
    0.62,
    0.62,
    0.62,
    0.62,
    0.62,
    0.6299999982241014,
    0.6200000258400035,
    0.6200000988000731,
    0.63,
    0.63,
    0.63,
    0.63,
    0.62,
    0.63,
    0.62,
    0.64,
    0.6200000147096787,
    0.63,
    0.6200000104500876,
    0.63,
    0.63,
    0.64,
    0.63,
    0.64,
    0.63,
    0.63,
    0.62,
    0.63,
    0.64,
    0.63,
    0.63865371173688,
    0.62,
    0.62,
    0.63,
    0.62,
    0.62,
    0.6200000258400035,
    0.63,
    0.63,
    0.63,
    0.63,
    0.64,
    0.6200000072781117,
    0.63,
    0.63,
    0.63,
    0.63,
    0.63,
    0.63,
    0.6200000058266668,
    0.63,
    0.63,
    0.63,
    0.630000046382793,
    0.63,
    0.63,
    0.63,
    0.64,
    0.63,
    0.63,
    0.63,
    0.63,
    0.63,
    0.6200000595675743,
    0.6200000595675743,
    0.6200000595675743,
    0.6200000595675743,
    0.6200000595675743,
    0.6200000595675743,
    0.6200001279208757,
    0.63,
    0.63,
    0.63,
    0.63,
    0.64,
    0.63,
    0.63,
    0.63,
    0.63,
    0.63,
    0.63,
    0.63,
    0.63,
    0.63,
    0.63,
    0.63,
    0.63,
    0.63,
    0.63,
    0.63,
    0.6200001159573045,
    0.63,
    0.64,
    0.6300001898261547,
    0.64,
    0.63,
    0.63,
    0.620000017630753,
    0.63,
    0.62,
    0.62,
    0.6300000325600037,
    0.63,
    0.63,
    0.63,
    0.63,
    0.63,
    0.63,
    0.63,
    0.63,
    0.63,
    0.63,
    0.63,
    0.63,
    0.63,
    0.63,
    0.64,
    0.64,
    0.64,
    0.64,
    0.64,
    0.63,
    0.63,
    0.63,
    0.63,
    0.63,
    0.63,
    0.63,
    0.63,
    0.63,
    0.63,
    0.62,
    0.62,
    0.62,
    0.62,
    0.62,
    0.62,
    0.62,
    0.62,
    0.63,
    0.63,
    0.63,
    0.63,
    0.63,
    0.6349606299212598,
    0.63,
    0.63,
    0.63,
    0.64,
    0.64,
    0.64,
    0.64,
    0.64,
    0.64,
    0.6346208280977107,
    0.63,
    0.63,
    0.6299999866130056,
    0.63,
    0.63,
    0.63,
    0.64,
    0.6300083685757099,
    0.63,
    0.63,
    0.62,
    0.63,
    0.64,
    0.64,
    0.64,
    0.63,
    0.63,
    0.64,
    0.64,
    0.63,
    0.63,
    0.63,
    0.63,
    0.63,
    0.63,
    0.63,
    0.63,
    0.6200000177205758,
    0.64,
    0.64,
    0.64,
    0.64,
    0.64,
    0.64,
    0.64,
    0.64,
    0.64,
    0.64,
    0.63,
    0.63,
    0.6300000325600037,
    0.63,
    0.63,
    0.63,
    0.63,
    0.63,
    0.63,
    0.629967834637217,
    0.62,
    0.62,
    0.6299678641543742,
    0.62,
    0.62,
    0.6298286680052819,
    0.6298286462306504,
    0.62,
    0.6200000539171171,
    0.62,
    0.64,
    0.64,
    0.64,
    0.64,
    0.64,
    0.62,
    0.64,
    0.633942323918215,
    0.63,
    0.63,
    0.62,
    0.62,
    0.62,
    0.62,
    0.62,
    0.62,
    0.62,
    0.63,
    0.63,
    0.62,
    0.63,
    0.62,
    0.63,
    0.62,
    0.6200000205833365,
    0.6299999267624902,
    0.62,
    0.63,
    0.63,
    0.62,
    0.63,
    0.62,
    0.63,
    0.63,
    0.63,
    0.63,
    0.63,
    0.63,
    0.63,
    0.63,
    0.63,
    0.62,
    0.62,
    0.62,
    0.62,
    0.62,
    0.62,
    0.62,
    0.62,
    0.62,
    0.62,
    0.62,
    0.63,
    0.62,
    0.63,
    0.62,
    0.63,
    0.62,
    0.63,
    0.62,
    0.63,
    0.62,
    0.63,
    0.62,
    0.62,
    0.63,
    0.6200000158909099,
    0.62,
    0.63,
    0.63,
    0.62,
    0.629999484544939,
    0.62,
    0.63,
    0.63,
    0.63,
    0.62,
    0.63,
    0.63,
    0.63,
    0.63,
    0.63,
    0.63,
    0.62,
    0.62,
    0.62,
    0.62,
    0.63,
    0.62,
    0.63,
    0.629999981099993,
    0.6299999395199091,
    0.62,
    0.63,
    0.62,
    0.6200001036364295,
    0.63,
    0.62,
    0.63,
    0.62,
    0.62,
    0.62,
    0.63,
    0.63,
    0.62,
    0.62,
    0.6299999672399755,
    0.6299999419736743,
    0.63,
    0.63,
    0.62,
    0.63,
    0.63,
    0.63,
    0.62,
    0.62,
    0.62,
    0.6200000988000731,
    0.62,
    0.62,
    0.62,
    0.62,
    0.62,
    0.62,
    0.62,
    0.62,
    0.610855,
    0.6,
    0.6,
    0.6,
    0.6,
    0.6,
    0.6,
    0.6,
    0.6,
    0.6099146023804921,
    0.6099145729512441,
    0.6,
    0.6099129872593917,
    0.6099129862910108,
    0.6099943294237437,
    0.6099943285450262,
    0.6098452012383901,
    0.6,
    0.61,
    0.619999999876,
    0.62,
    0.62,
    0.62,
    0.61,
    0.61,
    0.61,
    0.61,
    0.6000616458358514,
    0.6000616347310701,
    0.6000616226531363,
    0.6000924218587889,
    0.600188292902786,
    0.58,
    0.57,
    0.57,
    0.57,
    0.57,
    0.57,
    0.57,
    0.57,
    0.57,
    0.57,
    0.57,
    0.57,
    0.56,
    0.56,
    0.56,
    0.56,
    0.57,
    0.56,
    0.56,
    0.56,
    0.5500002025001114,
    0.54,
    0.54,
    0.5400117931854127,
    0.540011832941209,
    0.5401901176266355,
    0.5401902298471098,
    0.5399740764491552,
    0.5399740762523784,
    0.55,
    0.55,
    0.55,
    0.55,
    0.55,
    0.55,
    0.55,
    0.55,
    0.55,
    0.5498696642912089,
    0.5498696643727871,
    0.5399011757057702,
    0.5399011762648126,
    0.5399011759298272,
    0.54,
    0.5399916079983216,
    0.5399916083608218,
    0.5399916072279658,
    0.5399736147757256,
    0.5400421028432683,
    0.5599130432910499,
    0.5399890510494062,
    0.5399890508989108,
    0.52,
    0.5301031011202413,
    0.5301030949241583,
    0.54,
    0.54,
    0.66,
    0.55,
    0.5400058366397804,
    0.5399685534591195,
    0.52,
    0.52,
    0.5399315474574552,
    0.5399315473748847,
    0.5399315475327319,
    0.5400656506465977,
    0.5400656702852902,
    0.55,
    0.5400142497549375,
    0.5400142532115277,
    0.559931573787384,
    0.559931573534651,
    0.5400696255837868,
    0.5599522387725064,
    0.5500896754462887,
    0.5500896954790079,
    0.54,
    0.5598962801279795,
    0.5499382477228028,
    0.5499382477501485,
    0.5300611307471398,
    0.5300611127717184,
    0.5598962803378258,
    0.5300611942055902,
    0.52,
    0.52,
    0.5601204069157141,
    0.5200000309477736,
    0.5601203022087934,
    0.560120297794436,
    0.5601203077370872,
    0.5601203703118468,
    0.5599239800133408,
    0.52,
    0.5300122707472327,
    0.5599239806360548,
    0.5498479285243089,
    0.5300122803565859,
    0.5599239806094903,
    0.5699794974669958,
    0.5699794969080977,
    0.5899651738329978,
    0.52,
    0.52,
    0.57,
    0.57,
    0.5800989518097001,
    0.6099232118174865,
    0.6099232116662638,
    0.5999042253521126,
    0.6099232110970999,
    0.56,
    0.52,
    0.56,
    0.56,
    0.554273127753304,
    0.54,
    0.5505162523900574,
    0.54,
    0.5299843748556012,
    0.5299843749225918,
    0.5299843746038305,
    0.530005307177284,
    0.5300053365634662,
    0.529940515335477,
    0.5301887186274487,
    0.5301887029863869,
    0.5298999090081893,
    0.5299876360039565,
    0.5300715453529447,
    0.5300321557203562,
    0.54,
    0.5299496682681308,
    0.5301573745804607,
    0.5301574286562958,
    0.5301149340668332,
    0.5301150038314636,
    0.5301149230499217,
    0.5301326924111534,
    0.5299998780999061,
    0.5300136302241074,
    0.5300136227676322,
    0.5300136301480881,
    0.5301080688669549,
    0.5301367383857027,
    0.5300327299459994,
    0.5300327286103693,
    0.5300327353174009,
    0.529993031358885,
    0.53,
    0.53,
    0.5300944905586213,
    0.5300505073854318,
    0.5301600603972397,
    0.5301335269894163,
    0.5301335117081896,
    0.5298828394210889,
    0.5299248554913295,
    0.5299464405266682,
    0.5298697448329543,
    0.5298697452220958,
    0.52,
    0.52,
    0.52,
    0.52,
    0.509996978602233,
    0.5099969795262981,
    0.5099969796347381,
    0.5099793303017776,
    0.45003042773160545,
    0.45003042554187417,
    0.44008138386989426,
    0.5199317126468178,
    0.5199078341013825,
    0.44,
    0.45,
    0.45,
    0.5098596068523673,
    0.5098596078577915,
    0.46010904093826677,
    0.46010909436048036,
    0.4701640881506108,
    0.4701640926253982,
    0.46010906578284566,
    0.46003581856345116,
    0.4600358184263524,
    0.4300001767002986,
    0.52,
    0.45,
    0.5356679964231035,
    0.43000009405007855,
    0.4300001767002986,
    0.43,
    0.4601104700581526,
    0.4601104635875726,
    0.46005181049331817,
    0.5100503243783299,
    0.5100502819313127,
    0.5100502747190231,
    0.509932667586814,
    0.5099326675981759,
    0.4600766038936486,
    0.46007659758577824,
    0.46,
    0.5099449338464753,
    0.5099449336249579,
    0.46,
    0.45,
    0.45,
    0.509801570893472,
    0.5098015706596134,
    0.4601169483671678,
    0.4601169246023009,
    0.4601169178220552,
    0.4600978684548127,
    0.46009787752799514,
    0.46009788149058567,
    0.5099136814846784,
    0.4400001568001129,
    0.5299994434978018,
    0.43,
    0.43,
    0.4400004688379071,
    0.5452948816922738,
    0.43000001217834577,
    0.44,
    0.489994527883478,
    0.4899945273276703,
    0.48999452802029847,
    0.4300485320115635,
    0.4300485264400903,
    0.42,
    0.42,
    0.47990963846614304,
    0.47990963829614175,
    0.46999204584901366,
    0.4699920503535405,
    0.46999205069545397,
    0.4799096384167651,
    0.4898707660759423,
    0.4898748841519926,
    0.43006141834803335,
    0.43006150125472964,
    0.43006145980039073,
    0.4899283517610721,
    0.48992835163075904,
    0.42000026529509105,
    0.5000168320375972,
    0.5000168302569568,
    0.5000169014243205,
    0.4899484209773041,
    0.48994842196383154,
    0.48994842172986847,
    0.4300001767002986,
    0.4300001767002986,
    0.44009596751590174,
    0.44009596645371885,
    0.4400779796455261,
    0.4400380715354237,
    0.4400380333144396,
    0.4400380228963465,
    0.5199992719973792,
    0.4200022040357054,
    0.5199992719973792,
    0.4300009120031008,
    0.43,
    0.49998237219843866,
    0.4999823721979006,
    0.49998237219695896,
    0.36,
    0.5899998465998865,
    0.3300002948010495,
    0.3300000804000707
]
