[
    0.001,
    0.001,
    0.001,
    0.001,
    0.001,
    0.002,
    0.001,
    0.001,
    0.002,
    0.001,
    0.001,
    0.001,
    0.002,
    0.002,
    0.001,
    0.002,
    0.002,
    0.002,
    0.004,
    0.003,
    0.003000000003,
    0.003,
    0.004,
    0.004,
    0.003,
    0.002,
    0.01,
    0.01,
    0.01,
    0.01,
    0.01,
    0.01,
    0.012000003952245023,
    0.011,
    0.011,
    0.01,
    0.04,
    0.03,
    0.04,
    0.02,
    0.01,
    0.05,
    0.08,
    0.08,
    0.07,
    0.06,
    0.06,
    0.06,
    0.11999998079999923,
    0.08,
    0.08,
    0.08,
    0.11999998991999984,
    0.13999996795180492,
    0.1,
    0.1,
    0.115,
    0.15,
    0.18,
    0.17999997551999844,
    0.18,
    0.3,
    0.31,
    0.31,
    0.31,
    0.31,
    0.31,
    0.27,
    0.3,
    0.2,
    0.25475,
    0.27,
    0.23,
    0.46,
    0.53,
    0.46000000022652376,
    0.53,
    0.55,
    0.5300000005286839,
    0.53,
    0.6,
    0.69,
    0.64,
    0.7,
    0.7,
    0.7599999953445629,
    0.82,
    0.82,
    0.8500000025061261,
    0.85,
    0.85,
    0.91,
    0.92,
    0.88,
    0.88,
    0.9294,
    0.88,
    0.929999984499897,
    0.91,
    0.9803031283053131,
    0.975,
    0.98,
    0.99,
    0.99,
    0.989780344684562,
    0.985,
    0.9849999889856208,
    0.9891737105977199,
    0.97,
    0.969999833159962,
    0.95,
    0.95,
    0.97,
    0.97,
    0.97,
    0.97,
    0.99,
    0.97,
    0.97,
    0.97,
    0.9700000007783783,
    0.97,
    0.97,
    0.9864733568852834,
    0.97,
    0.9699999980599977,
    0.96,
    0.95,
    0.95,
    0.92,
    0.91,
    0.95,
    0.95,
    0.94,
    0.93,
    0.93,
    0.95,
    0.93,
    0.95,
    0.94,
    0.93,
    0.9399999990599994,
    0.93,
    0.93,
    0.91,
    0.929999996931,
    0.91,
    0.91,
    0.9299999986049996,
    0.92999999938,
    0.91,
    0.91,
    0.91,
    0.91,
    0.91,
    0.91,
    0.91,
    0.9299999998635363,
    0.91,
    0.9199998282665842,
    0.9603960385579844,
    0.95,
    0.95,
    0.96,
    0.92,
    0.95,
    0.95,
    0.91,
    0.92,
    0.91,
    0.91,
    0.889999999555,
    0.83,
    0.82,
    0.82,
    0.82,
    0.8,
    0.8,
    0.6,
    0.5600000352000042,
    0.6,
    0.62,
    0.6,
    0.6,
    0.6,
    0.68,
    0.67,
    0.67,
    0.7799999995319999,
    0.68,
    0.67,
    0.6,
    0.6599999841599988,
    0.64,
    0.62,
    0.65,
    0.65,
    0.7,
    0.6799998911999086,
    0.71,
    0.7299999991510641,
    0.68,
    0.67,
    0.69,
    0.69,
    0.6999999836666659,
    0.6998838192856113,
    0.68,
    0.68,
    0.68,
    0.68,
    0.68,
    0.68,
    0.68,
    0.68,
    0.68,
    0.68,
    0.68,
    0.68,
    0.68,
    0.68,
    0.68,
    0.68,
    0.68,
    0.68,
    0.68,
    0.68,
    0.68,
    0.68,
    0.68,
    0.68,
    0.68,
    0.68,
    0.68,
    0.68,
    0.68,
    0.68,
    0.68,
    0.68,
    0.68,
    0.68,
    0.68,
    0.68,
    0.68,
    0.68,
    0.68,
    0.68,
    0.68,
    0.68,
    0.6799999714399984,
    0.68,
    0.68,
    0.68,
    0.68,
    0.68,
    0.68,
    0.68,
    0.68,
    0.68,
    0.68,
    0.68,
    0.68,
    0.68,
    0.68,
    0.68,
    0.68,
    0.68,
    0.68,
    0.68,
    0.68,
    0.68,
    0.68,
    0.68,
    0.68,
    0.68,
    0.68,
    0.68,
    0.68,
    0.68,
    0.68,
    0.68,
    0.68,
    0.68,
    0.68,
    0.68,
    0.68,
    0.68,
    0.68,
    0.68,
    0.68,
    0.68,
    0.68,
    0.68,
    0.68,
    0.68,
    0.68,
    0.68,
    0.68,
    0.68,
    0.68,
    0.68,
    0.68,
    0.68,
    0.68,
    0.68,
    0.68,
    0.68,
    0.68,
    0.68,
    0.68,
    0.68,
    0.68,
    0.68,
    0.68,
    0.68,
    0.68,
    0.68,
    0.68,
    0.68,
    0.68,
    0.68,
    0.68,
    0.68,
    0.68,
    0.68,
    0.68,
    0.65,
    0.65,
    0.55,
    0.5700000043392601,
    0.5500000075684769,
    0.5500000075684769,
    0.5500000130564973,
    0.56,
    0.57,
    0.54,
    0.54,
    0.54,
    0.54,
    0.54,
    0.5199999768888813,
    0.52,
    0.54,
    0.54,
    0.5499999214285546,
    0.55,
    0.54,
    0.540000015640001,
    0.550000005751534,
    0.5400000112883439,
    0.55,
    0.550000005751534,
    0.57,
    0.5400000096696709,
    0.54,
    0.59,
    0.5900000097489071,
    0.6299999005262987,
    0.63,
    0.6699999195999292,
    0.64,
    0.6,
    0.6699507373486374,
    0.65,
    0.65,
    0.6,
    0.63,
    0.65,
    0.68,
    0.67,
    0.67,
    0.6522983558743094,
    0.6,
    0.6,
    0.6,
    0.6,
    0.6,
    0.65,
    0.63,
    0.62,
    0.6,
    0.5903739464186025,
    0.5899999675499855,
    0.57,
    0.5300000077387488,
    0.539999999298,
    0.5399999654399953,
    0.54,
    0.5399999654399953,
    0.5,
    0.48000000208000004,
    0.4710714285714286,
    0.42,
    0.4,
    0.3842597286417176,
    0.37,
    0.37,
    0.38,
    0.37,
    0.37,
    0.37,
    0.37,
    0.37,
    0.35000005909092163,
    0.32,
    0.32,
    0.32,
    0.32,
    0.31,
    0.32,
    0.31,
    0.32,
    0.3,
    0.3000000394366397,
    0.29000005680010904,
    0.270000032120005,
    0.31,
    0.29,
    0.29,
    0.29,
    0.31,
    0.29,
    0.29,
    0.29,
    0.3,
    0.29,
    0.29,
    0.29,
    0.29,
    0.3099998294999233,
    0.2999999892857139,
    0.299999819999928,
    0.3,
    0.3,
    0.3,
    0.3,
    0.3,
    0.3,
    0.3,
    0.36999991119997694,
    0.3,
    0.3,
    0.33,
    0.33,
    0.33,
    0.33,
    0.33,
    0.36999999803899997,
    0.35,
    0.35,
    0.35000009750003414,
    0.35000000650000057,
    0.35,
    0.35,
    0.37719454650015194,
    0.3698547332587188,
    0.35966359136870785,
    0.3596635913068289,
    0.3500000928572357,
    0.36999986309991373,
    0.36999998939333295,
    0.35,
    0.3500000928572357,
    0.36999986309991373,
    0.36,
    0.36,
    0.36,
    0.36,
    0.36,
    0.37021123488268803,
    0.3702112847053193,
    0.38,
    0.37,
    0.36,
    0.62,
    0.62,
    0.4173394495412844,
    0.36,
    0.37,
    0.37,
    0.36,
    0.36,
    0.36,
    0.36,
    0.35,
    0.35,
    0.34,
    0.3499998774999204,
    0.339999829999915,
    0.34,
    0.34,
    0.34,
    0.34,
    0.33000001443077004,
    0.3466891168211148,
    0.33,
    0.32000001483636603,
    0.32999978219992593,
    0.3200000051000006,
    0.32000000453333405,
    0.3200000054400005,
    0.32,
    0.32,
    0.33,
    0.32999978219992593,
    0.33,
    0.32,
    0.33,
    0.32,
    0.32,
    0.31000000745200024,
    0.32,
    0.3100000003045013,
    0.3100000414000389,
    0.32,
    0.32,
    0.32,
    0.32,
    0.32,
    0.32,
    0.32,
    0.32,
    0.32,
    0.32,
    0.32,
    0.32,
    0.32,
    0.32,
    0.32,
    0.31,
    0.31,
    0.32,
    0.32,
    0.32,
    0.31000000828000324,
    0.32,
    0.3100000160080009,
    0.31,
    0.31000000483000023,
    0.31,
    0.31,
    0.31,
    0.31,
    0.31,
    0.31,
    0.31,
    0.31,
    0.31,
    0.31,
    0.31,
    0.31,
    0.31,
    0.31,
    0.31,
    0.31,
    0.31,
    0.31,
    0.31,
    0.31,
    0.31,
    0.31,
    0.329999998922,
    0.32,
    0.32,
    0.32903084937501687,
    0.32007786220884804,
    0.320077894812763,
    0.3200778826514087,
    0.31990059633375095,
    0.31990059637547463,
    0.32,
    0.32,
    0.32,
    0.32,
    0.31000001311000236,
    0.32,
    0.31000001018700973,
    0.32,
    0.3100000414000389,
    0.31000004689322347,
    0.30000006730775053,
    0.3100000292727438,
    0.31,
    0.31,
    0.31,
    0.31,
    0.31,
    0.31,
    0.31,
    0.3099999906999997,
    0.3099999949666943,
    0.3,
    0.31995092449974327,
    0.3,
    0.3,
    0.3,
    0.30000000118785003,
    0.30999999812708334,
    0.3,
    0.3000001129033897,
    0.3,
    0.3099940083523568,
    0.3,
    0.3000000070000006,
    0.32,
    0.30982288317392465,
    0.3098228833194569,
    0.3,
    0.3,
    0.3,
    0.3,
    0.3098936159131189,
    0.3098936170212766,
    0.3098936158227777,
    0.3,
    0.30000002800000447,
    0.310009119073833,
    0.310009131515226,
    0.31000911279302085,
    0.32,
    0.31004286561381117,
    0.31004288394771606,
    0.32,
    0.31356716785654537,
    0.30000002333334036,
    0.3,
    0.31,
    0.31,
    0.30999993644998125,
    0.3,
    0.31,
    0.3000000070000006,
    0.3099999097087203,
    0.3000000315315372,
    0.3,
    0.3,
    0.3,
    0.3099999962169491,
    0.3,
    0.3,
    0.3,
    0.3000000304347945,
    0.3099998294999233,
    0.300000016990295,
    0.3000000292887262,
    0.31,
    0.309999926540267,
    0.30999997571666454,
    0.30999991388886494,
    0.30000001112877744,
    0.3,
    0.3000000321101197,
    0.3099999510057408,
    0.30000001559020706,
    0.3,
    0.3,
    0.3099999463461425,
    0.30999987083329744,
    0.31,
    0.3,
    0.3,
    0.3000000188172139,
    0.30999906999814,
    0.3,
    0.3,
    0.3,
    0.30999987672512314,
    0.30999972321403857,
    0.30999994095237565,
    0.3000000070000006,
    0.3,
    0.3000000175000083,
    0.3,
    0.30999906999814,
    0.300000350001575,
    0.30999955131525814,
    0.3,
    0.30999995043886386,
    0.30999906999814,
    0.3,
    0.3,
    0.300000350001575,
    0.31,
    0.30999906999814,
    0.300000350001575,
    0.30000002800000447,
    0.30999906999814,
    0.30000001962433914,
    0.3,
    0.30999996217999704,
    0.3,
    0.3,
    0.3,
    0.3,
    0.30000001928907044,
    0.3,
    0.30000116668416693,
    0.30999999846534654,
    0.300000350001575,
    0.3,
    0.3,
    0.30999993644998125,
    0.30999906999814,
    0.3,
    0.30000002333334036,
    0.3000000379403979,
    0.3099999215189741,
    0.3099998856874707,
    0.30999999904933334,
    0.300000350001575,
    0.3,
    0.3,
    0.30000000178525893,
    0.3099999876657822,
    0.3099999937178487,
    0.30999906999814,
    0.3,
    0.300000350001575,
    0.30000002800000447,
    0.3,
    0.30000003544304515,
    0.30999906999814,
    0.30999996261306045,
    0.3000001147541736,
    0.3,
    0.3000000004669718,
    0.3,
    0.300000350001575,
    0.30999906999814,
    0.30999993644998125,
    0.3,
    0.3000000179671499,
    0.30000002800000447,
    0.30999998356999925,
    0.30000140001120007,
    0.3,
    0.30999996217999704,
    0.30000002800000447,
    0.300000350001575,
    0.30999999365534164,
    0.3099998294999233,
    0.3,
    0.30999906999814,
    0.30999999683799995,
    0.300000350001575,
    0.3099998294999233,
    0.3099999809230752,
    0.30999961559970785,
    0.30000008187138333,
    0.3,
    0.3000000038064166,
    0.3,
    0.32,
    0.32,
    0.3,
    0.31004109357931775,
    0.30000001833277024,
    0.3,
    0.3,
    0.31001115241635685,
    0.32,
    0.3100008970033189,
    0.3100000094262345,
    0.32,
    0.30000002005731174,
    0.3,
    0.3099311984006338,
    0.3099310919350234,
    0.3099303737933963,
    0.300000350001575,
    0.31005161171659984,
    0.32,
    0.31005162362812894,
    0.3155422286317778,
    0.30999993644998125,
    0.31,
    0.31,
    0.32,
    0.32,
    0.32,
    0.31000000394286165,
    0.32,
    0.3100000414000389,
    0.3100000539796243,
    0.31000006448603556,
    0.3100000065094462,
    0.32,
    0.31000000365079555,
    0.3100000414000389,
    0.3100000705682548,
    0.3100000414000389,
    0.32,
    0.3100000310810937,
    0.32,
    0.3100000064890302,
    0.31000000745200024,
    0.32,
    0.3100000746753489,
    0.32,
    0.31,
    0.32,
    0.3101354160519544,
    0.3101354185707301,
    0.32,
    0.32,
    0.3096160458452722,
    0.32,
    0.32,
    0.32,
    0.3,
    0.3,
    0.31,
    0.3,
    0.31,
    0.300000140000532,
    0.3,
    0.3000000018489171,
    0.31,
    0.30999999582815724,
    0.3000000133320659,
    0.3,
    0.3,
    0.3,
    0.31,
    0.3,
    0.3099998294999233,
    0.3,
    0.31,
    0.31,
    0.3,
    0.31,
    0.3,
    0.3099999782183175,
    0.3,
    0.30000002333334036,
    0.3000000583334257,
    0.30999998945999985,
    0.30999993644998125,
    0.30999986864401213,
    0.3000000320366191,
    0.31,
    0.3,
    0.3,
    0.31,
    0.3,
    0.31,
    0.3,
    0.3,
    0.30000002800000447,
    0.3099998294999233,
    0.30000002800000447,
    0.3000000295358762,
    0.32,
    0.3195828289412422,
    0.3000000243055716,
    0.3,
    0.3,
    0.3,
    0.3,
    0.3000000005740175,
    0.3,
    0.3,
    0.3099999995656051,
    0.30000003406327524,
    0.30999993644998125,
    0.3,
    0.31,
    0.3000000175000083,
    0.3000000011666667,
    0.3,
    0.3,
    0.30000002333334036,
    0.3099998294999233,
    0.30000002800000447,
    0.3099999922499999,
    0.30000002800000447,
    0.30000002800000447,
    0.3,
    0.30999906999814,
    0.30000002800000447,
    0.3099998294999233,
    0.3,
    0.30000002800000447,
    0.31,
    0.30999994006665826,
    0.3,
    0.30999906999814,
    0.3099999554291814,
    0.3099999681112964,
    0.30000000147960265,
    0.3,
    0.3000000024761232,
    0.30000000615926137,
    0.3,
    0.3,
    0.30999999314646653,
    0.3,
    0.3099999907135074,
    0.3,
    0.30000001318267644,
    0.3099999695636338,
    0.300000350001575,
    0.30999994073528364,
    0.30999996279999303,
    0.3000000067502423,
    0.30000001021897943,
    0.30999996986110706,
    0.3000000070000006,
    0.32,
    0.31,
    0.30000000470604116,
    0.32,
    0.31,
    0.3100000033764609,
    0.31,
    0.31,
    0.31,
    0.31,
    0.31,
    0.31000000016551726,
    0.3100008970033189,
    0.31000001073710143,
    0.32,
    0.31000002752137035,
    0.32,
    0.32,
    0.3100000414000389,
    0.32,
    0.31,
    0.32,
    0.31,
    0.3100008970033189,
    0.31000000046000004,
    0.32,
    0.31000000046000004,
    0.32,
    0.32,
    0.31,
    0.3100008970033189,
    0.31000007411115804,
    0.32,
    0.3100008970033189,
    0.31000001311000236,
    0.32,
    0.31,
    0.32,
    0.32,
    0.3100000414000389,
    0.3100008970033189,
    0.32,
    0.32,
    0.31000000046000004,
    0.31000000828000324,
    0.3100000414000389,
    0.31000017072178326,
    0.32,
    0.3100000032670461,
    0.3100000115202127,
    0.32,
    0.3100000114259438,
    0.31,
    0.32,
    0.31000005750001436,
    0.32,
    0.31000002383877995,
    0.3100000237931114,
    0.32,
    0.31000002493976814,
    0.31000000103077385,
    0.31000000386388116,
    0.3100000414000389,
    0.3100001642872398,
    0.31,
    0.32,
    0.31,
    0.31,
    0.32,
    0.31,
    0.31000001311000236,
    0.310063050125471,
    0.3100000072570339,
    0.31006300657622793,
    0.3100630112432431,
    0.30000002800000447,
    0.31,
    0.300000350001575,
    0.30999996217999704,
    0.30999906999814,
    0.3,
    0.31,
    0.31,
    0.3,
    0.30999996217999704,
    0.30000002800000447,
    0.3,
    0.3,
    0.3,
    0.3,
    0.3,
    0.3,
    0.3,
    0.3,
    0.31,
    0.31,
    0.31,
    0.31,
    0.31,
    0.31,
    0.31,
    0.3,
    0.30000002800000447,
    0.30000002800000447,
    0.30999996217999704,
    0.3,
    0.3,
    0.30999998356999925,
    0.3099998294999233,
    0.30999906999814,
    0.30999906999814,
    0.30999906999814,
    0.3097753346080306,
    0.32,
    0.32,
    0.32,
    0.32,
    0.31,
    0.31,
    0.31,
    0.31,
    0.31,
    0.31,
    0.31,
    0.31,
    0.32,
    0.32,
    0.32,
    0.32,
    0.32,
    0.32,
    0.32,
    0.32,
    0.31518886707894495,
    0.3,
    0.30999998356999925,
    0.30998099996274503,
    0.3099809998718786,
    0.3099809999410851,
    0.3000001272729355,
    0.30000002800000447,
    0.3000000069341261,
    0.30000002800000447,
    0.314640259652093,
    0.30000002800000447,
    0.30999996217999704,
    0.3,
    0.3000000070000006,
    0.300000350001575,
    0.3099998294999233,
    0.3,
    0.2900000213000085,
    0.3,
    0.2900000165887902,
    0.3,
    0.3,
    0.3,
    0.3,
    0.3,
    0.3,
    0.3,
    0.3000001014494077,
    0.32,
    0.32,
    0.32,
    0.32,
    0.32,
    0.32,
    0.32,
    0.32,
    0.32,
    0.32,
    0.31486850545221295,
    0.3000001272729355,
    0.3,
    0.29000000668356307,
    0.32,
    0.32,
    0.3,
    0.32,
    0.30000000143551764,
    0.3,
    0.3,
    0.3,
    0.31,
    0.3,
    0.3,
    0.3,
    0.32,
    0.32,
    0.32,
    0.3100003268436707,
    0.3100001056758499,
    0.32,
    0.32,
    0.3101323263347215,
    0.3100039803635399,
    0.3101323328691037,
    0.3101323306413254,
    0.3,
    0.3,
    0.3,
    0.31,
    0.3000000217003858,
    0.31,
    0.31,
    0.31,
    0.31,
    0.31,
    0.31,
    0.31,
    0.32,
    0.32,
    0.32,
    0.32,
    0.32,
    0.32,
    0.32,
    0.32,
    0.32,
    0.32,
    0.3100000414000389,
    0.3100000414000389,
    0.31010036401630203,
    0.310100349181185,
    0.32,
    0.3,
    0.3,
    0.30000002800000447,
    0.3,
    0.31,
    0.31,
    0.31,
    0.31,
    0.31,
    0.31,
    0.31000003004947146,
    0.31000657121160924,
    0.31,
    0.3100065189365997,
    0.32,
    0.32,
    0.32,
    0.32,
    0.32,
    0.32,
    0.32,
    0.32,
    0.32,
    0.32,
    0.319316,
    0.31,
    0.31,
    0.31,
    0.32,
    0.32,
    0.32000002542058353,
    0.32,
    0.32999978219992593,
    0.33,
    0.3299999811899992,
    0.3299995929991453,
    0.31,
    0.32006032503770315,
    0.320060324025124,
    0.32,
    0.32,
    0.32,
    0.32,
    0.3100000414000389,
    0.310001725030188,
    0.3100000414000389,
    0.31,
    0.32,
    0.31,
    0.32,
    0.32,
    0.31,
    0.31,
    0.31,
    0.3100000249574512,
    0.31,
    0.3100003268436707,
    0.31,
    0.31,
    0.32,
    0.32,
    0.32,
    0.3101087498292203,
    0.32,
    0.3,
    0.3,
    0.3,
    0.3,
    0.32,
    0.32,
    0.32,
    0.3,
    0.3,
    0.30000001001975596,
    0.32,
    0.32,
    0.32,
    0.32,
    0.3099446201374635,
    0.30994461863338485,
    0.30994461950709346,
    0.3,
    0.3,
    0.3,
    0.3,
    0.3000000070000006,
    0.3,
    0.3,
    0.3,
    0.3,
    0.3,
    0.3,
    0.32,
    0.32,
    0.32,
    0.32,
    0.32,
    0.32,
    0.3198903589983127,
    0.3198903585682796,
    0.3198903586238762,
    0.3,
    0.3,
    0.3,
    0.3,
    0.32999995462499204,
    0.32999995462499204,
    0.32879777214779915,
    0.3,
    0.3,
    0.3099576442746737,
    0.32,
    0.3,
    0.32,
    0.3,
    0.32,
    0.32,
    0.32,
    0.3,
    0.3,
    0.3,
    0.3,
    0.3,
    0.3,
    0.3,
    0.32,
    0.3099290317944913,
    0.30992903162074115,
    0.3099290322580645,
    0.32,
    0.31,
    0.31,
    0.31,
    0.31,
    0.31,
    0.32,
    0.32,
    0.32,
    0.32,
    0.32,
    0.32,
    0.32,
    0.32,
    0.32,
    0.32,
    0.32,
    0.32,
    0.32,
    0.32,
    0.32,
    0.32,
    0.32,
    0.32,
    0.32,
    0.32,
    0.32,
    0.32,
    0.32,
    0.32,
    0.32,
    0.32,
    0.32,
    0.32,
    0.32,
    0.32,
    0.32,
    0.31998712998288,
    0.31998712998712997,
    0.3200083034839641,
    0.31987997744560265,
    0.319879978019428,
    0.3200484542623152,
    0.32002158693237814,
    0.33,
    0.33,
    0.3198417206726895,
    0.31984172063719063,
    0.32056883540716835,
    0.31,
    0.31,
    0.31,
    0.31999913366336635,
    0.31999687337895355,
    0.3200396773004179,
    0.3200396251097971,
    0.3200213521163213,
    0.32004685753097445,
    0.32004682524478417,
    0.32,
    0.31,
    0.31,
    0.31,
    0.31019117464329593,
    0.31000000230145414,
    0.31019114147806576,
    0.31,
    0.30983306559247215,
    0.30983306518440024,
    0.30990356047314715,
    0.30995827538247567,
    0.3100495619490667,
    0.31006135103773824,
    0.31006136551430863,
    0.3096869342962813,
    0.30968693523998303,
    0.3096869354960711,
    0.3100706518924073,
    0.3100706496886442,
    0.3100706325851872,
    0.3101042247583552,
    0.30986163039478104,
    0.30967960474553674,
    0.30967960456560684,
    0.3199678368008816,
    0.3100423045160363,
    0.3100422872849107,
    0.3100566573559963,
    0.320028537779963,
    0.32002855493392696,
    0.3199766491397938,
    0.31997664914587554,
    0.31001830732153834,
    0.31006352488839917,
    0.310063504457778,
    0.3299944855166921,
    0.31,
    0.3099371043319162,
    0.3099371065705876,
    0.3201076513172088,
    0.3201076667722223,
    0.31989821878680186,
    0.31989821739659874,
    0.30986678005992313,
    0.3098667811040559,
    0.3096715487385433,
    0.3096715508445814,
    0.30967155012008973,
    0.310088755538162,
    0.3100887477343938,
    0.3100887460772732,
    0.3099856112261339,
    0.30998560974366834,
    0.3099856111482449,
    0.309979730917321,
    0.30997973236049126,
    0.30997973156113234,
    0.3101500701450174,
    0.3101500634128133,
    0.3098305904549483,
    0.30983058957311055,
    0.31,
    0.32010102358846054,
    0.3200827484141028,
    0.31000002916161806,
    0.31,
    0.3200149562987492,
    0.3200149431930314,
    0.320091790916487,
    0.31,
    0.31984861921345425,
    0.31984861944136467,
    0.31,
    0.31984861951751825,
    0.3097848797726986,
    0.3097848799572437,
    0.30978487979627334,
    0.3399992444419259,
    0.3200188367094281,
    0.32,
    0.32,
    0.33005177088361226,
    0.32986600287754725,
    0.3298660025911031,
    0.3366649926111796,
    0.34,
    0.34,
    0.34,
    0.3298403129465647,
    0.3298403105548246,
    0.3298403132705443,
    0.33005541151805623,
    0.33,
    0.3300291421790791,
    0.3300291633624967,
    0.3300291442931066,
    0.33,
    0.33,
    0.33,
    0.33,
    0.33,
    0.33,
    0.33,
    0.3200317457228846,
    0.32003175304201115,
    0.3200318000795002,
    0.32005566987029566,
    0.3200556616187792,
    0.3200556545426034,
    0.33991015228426397,
    0.32002770092648625,
    0.3399101526714264,
    0.34009120346901905,
    0.34009119660024123,
    0.32994391817357255,
    0.3299439182910453,
    0.32004934568024757,
    0.32004937960074137,
    0.3198452804360778,
    0.31984528085015357,
    0.3198452809736601,
    0.32979369842460615,
    0.32996219229669027,
    0.3299621924049165,
    0.3574943867481413,
    0.3100095620153689,
    0.31000952418029837,
    0.3100095443891099,
    0.3100319161646795,
    0.3199694749523208,
    0.3100319197320193,
    0.31996947484687216,
    0.3300799432154938,
    0.3300799375811519,
    0.3397598422102267,
    0.33007011554347904,
    0.33975984197312414,
    0.36,
    0.36,
    0.3498885269744459,
    0.3498885276295453,
    0.34994676490316534,
    0.35,
    0.33982241256567897,
    0.329900624645088,
    0.32995407542980965,
    0.32,
    0.32995407541807437,
    0.32001926338159475,
    0.32001924524240605,
    0.33982241222841997,
    0.3398222456020161,
    0.34975555555555554,
    0.3499742194065995,
    0.3499515255203878,
    0.3399389742709243,
    0.3399389745598383,
    0.3399389746319553,
    0.32003884272275646,
    0.3300269619564188,
    0.330026969022492,
    0.3300269384622329,
    0.3498816078124673,
    0.3200605592049024,
    0.3200605253648997,
    0.3400618662715922,
    0.3300075909974146,
    0.34006186817426237,
    0.34010883106255707,
    0.34010882190482045,
    0.33000761123159666,
    0.34988167785823615,
    0.33002489199762697,
    0.33002488282329984,
    0.3400138468741749,
    0.33002487975697936,
    0.3398275228245469,
    0.3298450337836424,
    0.3298450346569591,
    0.3298450346726736,
    0.32006475221480307,
    0.32009267329200936,
    0.320092721874227,
    0.3398275222707997,
    0.3398275221953188,
    0.3499167872266281,
    0.3201351754904108,
    0.3498353550736998,
    0.33988505747126435,
    0.3201351352503539,
    0.33000499246372994,
    0.330004989883593,
    0.3300050319202467,
    0.349932478055368,
    0.3499570247614044,
    0.3200230191996266,
    0.32002301076643414,
    0.32002298916167005,
    0.32002309166106574,
    0.3300624709634567,
    0.33976072885781083,
    0.3397607283812881,
    0.32006319132589217,
    0.32993678182512076,
    0.3200631264952929,
    0.3200047481069599,
    0.3499570246632505,
    0.3200408387755464,
    0.3301608608232636,
    0.3200407872061533,
    0.3300298342349038,
    0.3200029091173556,
    0.3200029054103132,
    0.3200029025873783,
    0.32000296119933347,
    0.3200029181151094,
    0.33984581359474925,
    0.3297661468695843,
    0.31984649119182224,
    0.3198464906394719,
    0.32001219611570453,
    0.3297661465391018,
    0.32001226067006616,
    0.320012204952028,
    0.3200330857379184,
    0.3200330857379184,
    0.3498031792605445,
    0.32004783335547843,
    0.32004784713869766,
    0.32004782671464127,
    0.3298389873244455,
    0.329838987572877,
    0.31,
    0.33982206366871476,
    0.31,
    0.31,
    0.31,
    0.31,
    0.33980664485748,
    0.31000000437312236,
    0.32007748466490393,
    0.320077464210289,
    0.3200774848495903,
    0.33004320063497455,
    0.3301713429854095,
    0.3301713669941508,
    0.3301713600349403,
    0.3200774522412628,
    0.31,
    0.33999805447470816,
    0.3301012553658617,
    0.33997387662460554,
    0.33001953769057807,
    0.3300195192718613,
    0.3399737812045143,
    0.32971793679905903,
    0.3297179355586156,
    0.32971793589083565,
    0.3298183945828363,
    0.329818394279289,
    0.33,
    0.33,
    0.33997387659444184,
    0.33997387655967504,
    0.3298760924069903,
    0.32987609299634674,
    0.33997387662487455,
    0.34995894412152373,
    0.3499589424798414,
    0.33,
    0.35,
    0.33,
    0.33,
    0.33,
    0.3199031404800812,
    0.3199031400563495,
    0.3199031405054558,
    0.32,
    0.3199282427208563,
    0.31992824339697523,
    0.32,
    0.32,
    0.3198362265129308,
    0.3198362265148766,
    0.32999978219992593,
    0.31,
    0.3201064822517524,
    0.32010651994110123,
    0.32010657869847725,
    0.3200849965712322,
    0.3200849955979212,
    0.31,
    0.3200183783321172,
    0.3200781675856011,
    0.32007816282851626,
    0.3200249389322707,
    0.31983303722973544,
    0.31998442852693865,
    0.3198564101673526,
    0.3198564101646796,
    0.32,
    0.31995898836715364,
    0.3099582109479306,
    0.3201379947800249,
    0.31003692535470473,
    0.3200322284747778,
    0.3100321795231187,
    0.31988522954091814,
    0.3100321937701211,
    0.3100322053524348,
    0.3100322188472933,
    0.3199939903846154,
    0.30992131591363303,
    0.30992131607062234,
    0.3197776857600218,
    0.31977768627844927,
    0.3101046604813427,
    0.31,
    0.31,
    0.32001550077879864,
    0.3499405284787363,
    0.31,
    0.3200394318461874,
    0.3399110317368453,
    0.330024756859516,
    0.3200394033063186,
    0.33002475303955303,
    0.34994052927720926,
    0.3300248070548477,
    0.3300247652490796,
    0.340036584219095,
    0.34003660871839053,
    0.35005486612558756,
    0.35005493756867195,
    0.32004709453778984,
    0.32013025371013676,
    0.31,
    0.31,
    0.31,
    0.32003995320837614,
    0.3200399192034399,
    0.31,
    0.33,
    0.33,
    0.31011842623502467,
    0.3101184361661076,
    0.33,
    0.3498662579950488,
    0.31003299786490734,
    0.3100330261026991,
    0.3100329990565923,
    0.3498939828080229,
    0.309874773940217,
    0.3100363100938357,
    0.32994519757715607,
    0.3100363645991493,
    0.3497621951219512,
    0.31006558867424855,
    0.3100798958454392,
    0.31007985210907646,
    0.31010458466911067,
    0.3101046028438357,
    0.3497541298501729,
    0.31010459736749635,
    0.3598015631412555,
    0.31,
    0.31,
    0.3499374539497934,
    0.3499374538653006,
    0.3499374539724853,
    0.3799105141286198,
    0.37991501403055405,
    0.37987751531058617,
    0.3201136508499279,
    0.33,
    0.34,
    0.33,
    0.33,
    0.35,
    0.34,
    0.35,
    0.37,
    0.38,
    0.37,
    0.37,
    0.37,
    0.37,
    0.37,
    0.37,
    0.37,
    0.37,
    0.37,
    0.37,
    0.37,
    0.37,
    0.37,
    0.37,
    0.37,
    0.37,
    0.37,
    0.37,
    0.37,
    0.37,
    0.38,
    0.37,
    0.38,
    0.37,
    0.37,
    0.37,
    0.37,
    0.38,
    0.38,
    0.38,
    0.38,
    0.38,
    0.38,
    0.38,
    0.38,
    0.38,
    0.38,
    0.38,
    0.37,
    0.38,
    0.37,
    0.37,
    0.37,
    0.37,
    0.37,
    0.37,
    0.39,
    0.38,
    0.37,
    0.38,
    0.38,
    0.37,
    0.37,
    0.39,
    0.38,
    0.39,
    0.37,
    0.5399997119991936,
    0.4901044802163614,
    0.49010448805523593,
    0.5299386789728275,
    0.5299386791981132,
    0.49,
    0.4900781317930403,
    0.49002447269421695,
    0.49002448986546343,
    0.4900244605778603,
    0.5001232394428189,
    0.5099998724993944,
    0.5299438202247191,
    0.47998094328554713,
    0.4799809432752344,
    0.4799809433022114,
    0.4200037676890254,
    0.509973880499554,
    0.4200037761984661,
    0.38,
    0.5398923442807786,
    0.5299736083819779,
    0.49985110798824006,
    0.4998511080227181,
    0.46987790919496375,
    0.46986721461266634,
    0.46986721390444663,
    0.44998030923173427,
    0.4499803093991974,
    0.42,
    0.46986721429745254,
    0.39,
    0.44,
    0.43,
    0.47999296020121524,
    0.45013610637138707,
    0.450206838001049,
    0.4601314197877632,
    0.48991939406911583,
    0.46013147342098226,
    0.4601314884042545,
    0.4502068008323948,
    0.43000004446001433,
    0.5499999559999947,
    0.37000001044291536,
    0.5600482090597615,
    0.5600482117816218,
    0.5600644899619014,
    0.5600645340863218,
    0.5756872607907845,
    0.5500390498949284,
    0.5399348463184304,
    0.5298897932715358,
    0.5298897937700766,
    0.5399348464835474,
    0.529959349399999,
    0.5299593493375642,
    0.5399348465247183,
    0.499854586113871,
    0.4998545860663405,
    0.4899176276771005,
    0.4998545861268725,
    0.5099999955652155,
    0.41000112100347513,
    0.5299994434978018,
    0.39000079300689916,
    0.5299998586662332,
    0.3900857913056299,
    0.3900858269183722,
    0.420117030855589,
    0.4201170211758118,
    0.4201170453156565,
    0.5099998724993944,
    0.5199992719973792,
    0.5,
    0.38000111600915126,
    0.5,
    0.509999956649982,
    0.39000008035936706,
    0.5460076280915866,
    0.5199992719973792,
    0.37000053550222234,
    0.5499993124974218,
    0.37000053550222234,
    0.5,
    0.55,
    0.39,
    0.38,
    0.5499544418578772,
    0.39003385611386554,
    0.3900338295985735,
    0.3900338235725903,
    0.3700000047724868,
    0.49,
    0.38,
    0.5516079764348484,
    0.55,
    0.5399084567760472,
    0.5399084565133605,
    0.5399084564765279,
    0.5399686966420034,
    0.5799997679989328,
    0.5799998259997042
]
