[
    0.001,
    0.001,
    0.001,
    0.001,
    0.002,
    0.002,
    0.001,
    0.001,
    0.01,
    0.011,
    0.01,
    0.01,
    0.01,
    0.01,
    0.01,
    0.011000000041523223,
    0.27,
    0.04,
    0.05,
    0.04,
    0.02,
    0.07,
    0.21,
    0.026,
    0.06,
    0.03,
    0.52,
    0.35,
    0.52,
    0.76,
    0.7,
    0.76,
    0.71,
    0.7000000036661201,
    0.9,
    0.97,
    0.9700000288000011,
    0.9985123310188879,
    0.998,
    0.9679656263035986,
    0.92,
    0.93,
    0.92,
    0.93,
    0.98,
    0.93,
    0.9888336905905832,
    0.86,
    0.87,
    0.87,
    0.9,
    0.91,
    0.91,
    0.9,
    0.9100000529054101,
    0.91,
    0.91,
    0.9100001093412674,
    0.91,
    0.9485888593266117,
    0.9100000810000081,
    0.91,
    0.9,
    0.95,
    0.95,
    0.95,
    0.9857550196562201,
    0.84,
    0.7500624985677412,
    0.75,
    0.72,
    0.75,
    0.75,
    0.749675,
    0.7,
    0.71,
    0.7,
    0.8599999999234467,
    0.88,
    0.8499999939285706,
    0.9,
    0.903,
    0.9,
    0.88,
    0.82,
    0.92,
    0.9100004005002202,
    0.95,
    0.94,
    0.984,
    0.9667410738004113,
    0.91000000093375,
    0.9579999995018398,
    0.9300000637000058,
    0.9,
    0.8900000025633937,
    0.95,
    0.95,
    0.966313141608871,
    0.95,
    0.97799999988264,
    0.951,
    0.975,
    0.9746645480225988,
    0.975,
    0.968,
    0.95,
    0.9400000110400002,
    0.95,
    0.9599999615999939,
    0.955,
    0.94,
    0.95,
    0.94,
    0.9400000116112749,
    0.95,
    0.95,
    0.95,
    0.9689997396618963,
    0.949,
    0.94,
    0.9489999762746447,
    0.94,
    0.9352546125461254,
    0.93,
    0.94,
    0.94,
    0.9689997476452503,
    0.9400000216000008,
    0.940000386014202,
    0.95,
    0.94,
    0.94,
    0.9767379274798476,
    0.9699999980599977,
    0.9400000110400002,
    0.97,
    0.97,
    0.95,
    0.94,
    0.96,
    0.94,
    0.95,
    0.93,
    0.94,
    0.9100000154800004,
    0.95,
    0.95,
    0.95,
    0.95,
    0.96,
    0.95,
    0.94,
    0.9100000810000081,
    0.9100000154800004,
    0.91,
    0.9300484556505241,
    0.9,
    0.9191735537190082,
    0.9099585261865658,
    0.9,
    0.9099999838222214,
    0.89,
    0.89,
    0.89,
    0.89,
    0.8860226429008289,
    0.8700000032940484,
    0.88,
    0.87,
    0.889999940666552,
    0.87,
    0.8700000250250014,
    0.8899999925833025,
    0.87,
    0.87,
    0.88999995549998,
    0.88,
    0.87,
    0.8899999993570028,
    0.8700000210600008,
    0.89,
    0.87,
    0.8700000210600008,
    0.84,
    0.8299999975099996,
    0.8299999119695063,
    0.8163447620440091,
    0.8,
    0.8,
    0.79,
    0.7700000766666792,
    0.8,
    0.8,
    0.819999991799997,
    0.82,
    0.8100000060800001,
    0.81,
    0.8099999854199988,
    0.81,
    0.8,
    0.81,
    0.81,
    0.8,
    0.8,
    0.82,
    0.790000026040002,
    0.79,
    0.79,
    0.8,
    0.7899999934429999,
    0.78,
    0.8,
    0.81,
    0.76,
    0.78,
    0.75,
    0.7899999997781211,
    0.8299999086998274,
    0.78,
    0.81,
    0.8299999954472564,
    0.79,
    0.79,
    0.82,
    0.81,
    0.8,
    0.84,
    0.81,
    0.85,
    0.8,
    0.8,
    0.81,
    0.88,
    0.88,
    0.88,
    0.88,
    0.88,
    0.8833891887642964,
    0.85,
    0.8500000670391137,
    0.8500000045,
    0.8799999882666395,
    0.89,
    0.8600000112000002,
    0.89,
    0.8600000574000052,
    0.87,
    0.85,
    0.86,
    0.84,
    0.8,
    0.79,
    0.78,
    0.78,
    0.78,
    0.78,
    0.78,
    0.78,
    0.78,
    0.78,
    0.78,
    0.78,
    0.7800000002728,
    0.7798349439835799,
    0.760000003264,
    0.7200000268800028,
    0.74,
    0.74,
    0.74,
    0.74,
    0.74,
    0.74,
    0.74,
    0.74,
    0.7,
    0.7,
    0.71,
    0.72,
    0.7,
    0.6999999931372546,
    0.63,
    0.64,
    0.64,
    0.64,
    0.66,
    0.66,
    0.69,
    0.6600000045333334,
    0.64,
    0.6100000002652904,
    0.63,
    0.64,
    0.6500000105000002,
    0.66,
    0.6100000101559264,
    0.62,
    0.620000003648,
    0.719999997408,
    0.71999999952,
    0.73,
    0.72,
    0.73,
    0.719999992319998,
    0.75,
    0.7300000318600026,
    0.72,
    0.72,
    0.7100000030690783,
    0.7,
    0.76,
    0.76,
    0.76,
    0.76,
    0.76,
    0.76,
    0.76,
    0.769999964461531,
    0.76,
    0.76,
    0.78,
    0.78,
    0.76,
    0.76,
    0.760000032640002,
    0.78,
    0.7600000360000037,
    0.77,
    0.77,
    0.7600000816000131,
    0.77,
    0.75,
    0.75,
    0.71,
    0.7100000153700007,
    0.71,
    0.7099999923297317,
    0.69,
    0.67,
    0.6500000017383272,
    0.67,
    0.66,
    0.68,
    0.68,
    0.670000217800074,
    0.68,
    0.67000000051975,
    0.68,
    0.68,
    0.67,
    0.68,
    0.68,
    0.6799999921159399,
    0.68,
    0.6500000168674711,
    0.66,
    0.66,
    0.66,
    0.66,
    0.66,
    0.66,
    0.6,
    0.63,
    0.63,
    0.63,
    0.63,
    0.66,
    0.66,
    0.64,
    0.66,
    0.6400000040692336,
    0.63,
    0.63,
    0.62,
    0.63,
    0.63,
    0.63,
    0.63,
    0.63,
    0.63,
    0.63,
    0.63,
    0.63,
    0.63,
    0.63,
    0.62,
    0.6200000027699317,
    0.62,
    0.63,
    0.6200000001824,
    0.63,
    0.62,
    0.6,
    0.63,
    0.63,
    0.63,
    0.62,
    0.6,
    0.62,
    0.560000002636792,
    0.6421611337462926,
    0.6401856044589317,
    0.6599999990110508,
    0.6401856047231725,
    0.66,
    0.65,
    0.6399255395620272,
    0.61,
    0.61,
    0.6399255257919809,
    0.61,
    0.61,
    0.6101461759626605,
    0.6101461770337693,
    0.6199794049948513,
    0.6199794120147957,
    0.61,
    0.6,
    0.6199999605949938,
    0.6299999970182554,
    0.62,
    0.62,
    0.62,
    0.6299999986451612,
    0.62,
    0.62,
    0.62,
    0.62,
    0.6200000012328132,
    0.6200000136800005,
    0.6200000366489896,
    0.62,
    0.62,
    0.62,
    0.62,
    0.6200000009882869,
    0.62,
    0.6200000380000089,
    0.62,
    0.62,
    0.6200000988000731,
    0.63,
    0.63,
    0.6200000028323754,
    0.6300073430032405,
    0.64,
    0.64,
    0.6300073181248195,
    0.6303186031102965,
    0.6300073189800696,
    0.6303186254829704,
    0.639888766477842,
    0.6200000152000007,
    0.6398887939232806,
    0.62,
    0.63,
    0.64,
    0.63,
    0.6200000007794871,
    0.62,
    0.63,
    0.620000000287322,
    0.63,
    0.62,
    0.62,
    0.62,
    0.62,
    0.62,
    0.62,
    0.62,
    0.63,
    0.63,
    0.62,
    0.62,
    0.62,
    0.63,
    0.62,
    0.63,
    0.62,
    0.64,
    0.6499999674999887,
    0.64,
    0.64000000252,
    0.64,
    0.64,
    0.64,
    0.64,
    0.64,
    0.6499999187498747,
    0.64,
    0.65,
    0.65,
    0.65,
    0.65,
    0.6498529815900674,
    0.65,
    0.65,
    0.65,
    0.65,
    0.65,
    0.6499999674999887,
    0.6499999986999999,
    0.6499999674999887,
    0.6499999674999887,
    0.64,
    0.65,
    0.64,
    0.64,
    0.65,
    0.65,
    0.65,
    0.65,
    0.65,
    0.65,
    0.65,
    0.65,
    0.65,
    0.66,
    0.66,
    0.65,
    0.65,
    0.66,
    0.65,
    0.65,
    0.6600905156081618,
    0.66,
    0.66,
    0.65,
    0.65,
    0.6699999839199988,
    0.6719710651587878,
    0.6699999986599999,
    0.6600905130752808,
    0.6600905134007269,
    0.66,
    0.66,
    0.66,
    0.66,
    0.66,
    0.66,
    0.66,
    0.66,
    0.66,
    0.66,
    0.660000170000085,
    0.67,
    0.67,
    0.660000170000085,
    0.6600000367200034,
    0.660000170000085,
    0.66,
    0.660000006731807,
    0.6701821336415856,
    0.6701823069121612,
    0.66,
    0.6776663268866598,
    0.6599155321461235,
    0.662964460820728,
    0.6500000437500054,
    0.659999997624,
    0.660000145714339,
    0.6699999881205667,
    0.669999962479987,
    0.66,
    0.66,
    0.6600002119325066,
    0.66,
    0.660000057800019,
    0.66,
    0.660000134876091,
    0.6600000142800009,
    0.6699998726445471,
    0.6600001102703339,
    0.6699999662184607,
    0.6600001102703339,
    0.6600001769106209,
    0.6600001769106209,
    0.6600001005217968,
    0.6699998297538625,
    0.6600001005217968,
    0.660000170000085,
    0.6699999673170216,
    0.66,
    0.659999909743525,
    0.66,
    0.6500001548673252,
    0.6599998703569369,
    0.6599998559997696,
    0.6599999580951742,
    0.6599998559997696,
    0.6699998297538625,
    0.669999817272611,
    0.669999817272611,
    0.6699998297538625,
    0.6699999662184607,
    0.6699999195999292,
    0.6699999708695158,
    0.6600001564602435,
    0.669999829841178,
    0.66,
    0.65,
    0.65,
    0.65,
    0.65,
    0.65,
    0.65,
    0.650000000824514,
    0.6699998297538625,
    0.6699999630708391,
    0.6699998239829479,
    0.6600001659843017,
    0.6699998695574321,
    0.6699999708695158,
    0.669999829841178,
    0.660000145714339,
    0.6699999214842616,
    0.6699998726445471,
    0.6699998740169023,
    0.6500001492248583,
    0.6600000186275858,
    0.6699998695574321,
    0.6699998297538625,
    0.6699999673170216,
    0.6699999708695158,
    0.6699999673170216,
    0.6699998695574321,
    0.669999922232013,
    0.66,
    0.669999922232013,
    0.66000015606563,
    0.6699999673170216,
    0.6699999808571406,
    0.6600001335714953,
    0.66000011333339,
    0.66,
    0.6600001231035099,
    0.6600001564602435,
    0.6699999708695158,
    0.6600001452992074,
    0.6600001335714953,
    0.660000125120054,
    0.6600001335714953,
    0.669999969819794,
    0.660000134876091,
    0.6699998767198254,
    0.6699998239829479,
    0.6699999195999292,
    0.6699999630708391,
    0.6699999214842616,
    0.66000015606563,
    0.6600001452992074,
    0.6600001452992074,
    0.6699998740169023,
    0.6699998297538625,
    0.6600001159690426,
    0.66,
    0.6600001769106209,
    0.6600000963931814,
    0.6699999673170216,
    0.66,
    0.6599998842103435,
    0.66,
    0.65,
    0.6599998842103435,
    0.66,
    0.6599999105083351,
    0.6599978229998912,
    0.65,
    0.6599770274794416,
    0.6599770324317903,
    0.669999829841178,
    0.6699998740169023,
    0.6500001138211937,
    0.6500001377953298,
    0.669999969819794,
    0.6500002143296518,
    0.6699999218332122,
    0.659999883185758,
    0.6699998239829479,
    0.65,
    0.6500003105201567,
    0.6699999673170216,
    0.6599540862409936,
    0.6599539799126148,
    0.6699998767198254,
    0.6500001138211937,
    0.6699999189515573,
    0.6601425946241827,
    0.6500001206897176,
    0.6500011666705555,
    0.65,
    0.650000145833394,
    0.65,
    0.6500001629592236,
    0.6699999189515573,
    0.650000145833394,
    0.6599843155469501,
    0.6599843187569051,
    0.669999829841178,
    0.6699999214842616,
    0.6699999673170216,
    0.66,
    0.65,
    0.6699999218332122,
    0.6651102353518814,
    0.6500001334746385,
    0.6500001334746385,
    0.6598397898697292,
    0.6598397028079502,
    0.6500001492248583,
    0.6699999662184607,
    0.6601788565953369,
    0.669999829841178,
    0.6500001418919622,
    0.6699998695574321,
    0.6500001138211937,
    0.6699999214842616,
    0.6500001455638448,
    0.65,
    0.6699999218332122,
    0.6699999630708391,
    0.6500001673913699,
    0.650000145833394,
    0.6500001673913699,
    0.6500001548673252,
    0.6500001794872409,
    0.6500001492248583,
    0.66,
    0.6599999223528851,
    0.65,
    0.6500000344177683,
    0.65,
    0.6599998691890973,
    0.6599999229998806,
    0.66,
    0.66,
    0.66,
    0.6600001102703339,
    0.6699999630708391,
    0.6699999218332122,
    0.6699998236839476,
    0.660000125120054,
    0.6699999630708391,
    0.6600000088400002,
    0.66,
    0.6600001231035099,
    0.6600016682356026,
    0.66,
    0.6699999708695158,
    0.660000125120054,
    0.6699999662184607,
    0.66,
    0.660000145714339,
    0.6699999949749997,
    0.660000145714339,
    0.66999991753844,
    0.6500001673913699,
    0.6600001159690426,
    0.6699998695574321,
    0.6699998740169023,
    0.6699998753487638,
    0.6699998726445471,
    0.6699999189515573,
    0.6699998239829479,
    0.669999969819794,
    0.6699998239829479,
    0.6600001916364299,
    0.66000015606563,
    0.6600001452992074,
    0.66,
    0.66,
    0.6699999195999292,
    0.66999991783016,
    0.6699999949749997,
    0.6699999959557336,
    0.66,
    0.66,
    0.66,
    0.66,
    0.6600000636858079,
    0.6699999954109558,
    0.6699999195999292,
    0.66,
    0.6600009520020944,
    0.6600001741464646,
    0.6699999731999944,
    0.6600002444944809,
    0.6699999796969293,
    0.6600003022223734,
    0.6600001179592632,
    0.6699999845976838,
    0.6600002444944809,
    0.6699999845976838,
    0.67,
    0.6600001995653172,
    0.6699999788420836,
    0.6600001179592632,
    0.66999991753844,
    0.6600003022223734,
    0.6699998618555562,
    0.6699999915189767,
    0.6600002266667593,
    0.66999992462482,
    0.6699998631180132,
    0.669999925555357,
    0.6699998085710926,
    0.6600002331430304,
    0.6699997875605248,
    0.6600001995653172,
    0.6699998439724253,
    0.6600000948837497,
    0.6699999863265254,
    0.6600000376170251,
    0.6699999980691637,
    0.66,
    0.66,
    0.66,
    0.66,
    0.6699999953686615,
    0.6699999329996716,
    0.6600001841667588,
    0.6699999232290155,
    0.669999923863472,
    0.6699999195999292,
    0.6600001581396452,
    0.6600001581396452,
    0.6600009520020944,
    0.6699999788420836,
    0.6600001741464646,
    0.6699999852746933,
    0.660000157473777,
    0.6699999329996716,
    0.6699998618555562,
    0.6699998004253791,
    0.6600001427161657,
    0.6699999198912269,
    0.6600001741464646,
    0.6600009520020944,
    0.6600002113515056,
    0.6699999202380098,
    0.6699997736481134,
    0.6600001995653172,
    0.6699999329996716,
    0.6699999232290155,
    0.6600002113515056,
    0.6699999919276914,
    0.660000157473777,
    0.6699997875605248,
    0.6600002266667593,
    0.6699999932999956,
    0.6600009520020944,
    0.6600002331430304,
    0.6600001302128546,
    0.6600001435556544,
    0.66,
    0.6699999852746933,
    0.6600002103093651,
    0.6699999839199988,
    0.660000157473777,
    0.6600002347620222,
    0.66,
    0.66,
    0.6600001544675005,
    0.6600002943285427,
    0.6699999390908703,
    0.6600002681691802,
    0.6699999195999292,
    0.67,
    0.660000170000085,
    0.6600009520020944,
    0.6699999329996716,
    0.6600009520020944,
    0.6699999329996716,
    0.669999962479987,
    0.6699999195999292,
    0.6600009520020944,
    0.67,
    0.6699999329996716,
    0.66,
    0.66,
    0.66,
    0.66,
    0.66,
    0.66,
    0.67,
    0.67,
    0.67,
    0.67,
    0.67,
    0.67,
    0.67,
    0.67,
    0.67,
    0.67,
    0.67,
    0.67,
    0.67,
    0.67,
    0.67,
    0.67,
    0.67,
    0.67,
    0.67,
    0.67,
    0.67,
    0.67,
    0.67,
    0.67,
    0.6899999424999856,
    0.6899982749698119,
    0.6899991029966811,
    0.6899999424999856,
    0.6899988171279867,
    0.6899991029966811,
    0.6899999975845968,
    0.6899999830327833,
    0.69,
    0.68,
    0.6899999549019342,
    0.6899999807072342,
    0.6923008943541026,
    0.67999931999388,
    0.6700001078000366,
    0.6799999965999992,
    0.6799999961031508,
    0.6700007755020551,
    0.6799999923951524,
    0.67999931999388,
    0.6799999620905812,
    0.67,
    0.67,
    0.6700000801905327,
    0.6799999721637356,
    0.6799999672852137,
    0.6799998317522721,
    0.6799999805714235,
    0.6799999473547749,
    0.68,
    0.6799999805714235,
    0.6799999727999957,
    0.68,
    0.6799998911999086,
    0.679999934719954,
    0.6799999805714235,
    0.6799999727999957,
    0.68,
    0.6799999954666659,
    0.679999914514272,
    0.6799998911999086,
    0.67,
    0.6799996735995039,
    0.6700000024832005,
    0.67,
    0.67,
    0.6799999637333111,
    0.68,
    0.68,
    0.6700002255697516,
    0.679999988070173,
    0.6799999873066652,
    0.68,
    0.68,
    0.68,
    0.68,
    0.68,
    0.68,
    0.68,
    0.68,
    0.6799999750458611,
    0.6799999727999957,
    0.68,
    0.67,
    0.6700001074857407,
    0.6700000964286059,
    0.6799999773332963,
    0.6700001072500188,
    0.67,
    0.68,
    0.6700001342373473,
    0.6799999773332963,
    0.6799998911999086,
    0.6700006405888759,
    0.6799999358922404,
    0.6702988505747126,
    0.6799999493167582,
    0.6600001061966907,
    0.67,
    0.6799999311392184,
    0.6700000426585415,
    0.68,
    0.6700000188100008,
    0.6799999735064773,
    0.67,
    0.67,
    0.6700000704173473,
    0.6799999792366312,
    0.67,
    0.6700002701938745,
    0.67,
    0.6799999960058726,
    0.68,
    0.6799999975272726,
    0.6799999902857136,
    0.6799999723389748,
    0.6799997494734469,
    0.6799999944433084,
    0.6799999849861995,
    0.670000033647062,
    0.6799999626373544,
    0.6700000404717008,
    0.6799999034319092,
    0.6799999727999957,
    0.68,
    0.6700000767442039,
    0.6799999727999957,
    0.6700007755020551,
    0.6799998911999086,
    0.6799998911999086,
    0.68,
    0.67,
    0.6799999352380629,
    0.6799999727999957,
    0.68,
    0.67,
    0.68,
    0.68,
    0.6700007755020551,
    0.6799999727999957,
    0.6799998911999086,
    0.68,
    0.67999931999388,
    0.67999994649179,
    0.6700007755020551,
    0.6799999794458392,
    0.68,
    0.67999931999388,
    0.6799999886192375,
    0.6700003728459457,
    0.6799999954666659,
    0.6799999021581467,
    0.6799998911999086,
    0.6799999727999957,
    0.67999931999388,
    0.6799999936533332,
    0.6699999915133323,
    0.6699999949749997,
    0.669999997607142,
    0.6699999662061347,
    0.6699999329996716,
    0.6699999841607494,
    0.6699999329996716,
    0.6699999774865538,
    0.6699999938625946,
    0.6699999329996716,
    0.6699999195999292,
    0.67,
    0.67,
    0.67,
    0.67,
    0.6799999727999957,
    0.6799998911999086,
    0.6799998911999086,
    0.67,
    0.67,
    0.67,
    0.67,
    0.6699999195999292,
    0.67,
    0.6699999329996716,
    0.67,
    0.67,
    0.6699999195999292,
    0.6699999936900675,
    0.6699999911453726,
    0.67,
    0.67,
    0.67,
    0.67,
    0.66,
    0.66,
    0.67,
    0.67,
    0.67,
    0.660000087014237,
    0.67,
    0.66,
    0.669999982765272,
    0.6699999949749997,
    0.6600000840154557,
    0.67,
    0.67,
    0.67,
    0.67,
    0.67,
    0.67,
    0.67,
    0.660000042742864,
    0.660000042742864,
    0.660000042742864,
    0.6600000431198547,
    0.66,
    0.660000042742864,
    0.660000042742864,
    0.66,
    0.6600000628202046,
    0.6600000946391977,
    0.66,
    0.669999962479987,
    0.66,
    0.66,
    0.66,
    0.66,
    0.66,
    0.66,
    0.6599998256600945,
    0.66,
    0.650000013990487,
    0.659999999296,
    0.6599995379980134,
    0.6599999295999606,
    0.6599995379980134,
    0.66,
    0.66,
    0.66,
    0.66,
    0.66,
    0.66,
    0.66,
    0.66,
    0.66,
    0.6599999603999865,
    0.65,
    0.65,
    0.65,
    0.65,
    0.6599999603999865,
    0.6599998998619461,
    0.6599999841599988,
    0.66,
    0.6599995379980134,
    0.66,
    0.66,
    0.66,
    0.66,
    0.66,
    0.66,
    0.66,
    0.66,
    0.66,
    0.6599993965702562,
    0.65,
    0.6500007875021656,
    0.66,
    0.6599999603999865,
    0.6599999229998806,
    0.65,
    0.65,
    0.65,
    0.6599999295999606,
    0.6599994789450374,
    0.6500001074562016,
    0.6599998691890973,
    0.66,
    0.66,
    0.66,
    0.66,
    0.66,
    0.66,
    0.66,
    0.66,
    0.66,
    0.66,
    0.65,
    0.65,
    0.65,
    0.65,
    0.65,
    0.65,
    0.65,
    0.65,
    0.65,
    0.65,
    0.6599998943999641,
    0.6500001225000797,
    0.66,
    0.6500001166666926,
    0.6500001673913699,
    0.6599999603999865,
    0.65,
    0.66,
    0.66,
    0.65,
    0.65,
    0.65,
    0.6599998559997696,
    0.6599998774285066,
    0.65,
    0.66,
    0.66,
    0.66,
    0.66,
    0.66,
    0.66,
    0.66,
    0.66,
    0.66,
    0.66,
    0.65,
    0.65,
    0.65,
    0.65,
    0.65,
    0.65,
    0.65,
    0.65,
    0.65,
    0.65,
    0.65,
    0.65,
    0.65,
    0.65,
    0.6599998396260573,
    0.6500001225000797,
    0.6500000157500009,
    0.65,
    0.65,
    0.650000070000021,
    0.66,
    0.6401732813030785,
    0.65,
    0.64,
    0.64,
    0.6200000988000731,
    0.6299982989875826,
    0.6299999990549999,
    0.6200004560009728,
    0.62,
    0.61,
    0.61,
    0.6199997638090514,
    0.6199997278043337,
    0.6199996084202695,
    0.6100019890097461,
    0.6199996084202695,
    0.63,
    0.61,
    0.6198918396192424,
    0.619891821294473,
    0.6201285189718482,
    0.61,
    0.61,
    0.61,
    0.6200552927003888,
    0.61,
    0.61,
    0.6200552922893756,
    0.6299925927988217,
    0.6299926058699126,
    0.6299925715613414,
    0.6199559096204162,
    0.6099309546765476,
    0.6099309622330975,
    0.610199039216774,
    0.6101990398010401,
    0.6102111417776833,
    0.6102111414900888,
    0.6,
    0.6099643481393452,
    0.6099643460398784,
    0.6100183318056829,
    0.610059880239521,
    0.63,
    0.640085164898123,
    0.6400851651596811,
    0.6400851648353618,
    0.63,
    0.6499212009852531,
    0.6400809829987593,
    0.6400809833059536,
    0.6400809831883002,
    0.6402956830277942,
    0.6621547891580284,
    0.6499138970783801,
    0.6400972272236226,
    0.63,
    0.63,
    0.6499764281935098,
    0.6399959498173957,
    0.6499763994195443,
    0.6400732064421669,
    0.6400641027733261,
    0.6400641026214415,
    0.6400641026160092,
    0.6501870967741935,
    0.6502634806975817,
    0.6502634819940847,
    0.6502634811572429,
    0.6499532660119545,
    0.6499533293657755,
    0.6499532770660619,
    0.6599998943999641,
    0.6499721584180923,
    0.6499720269514242,
    0.649972147326692,
    0.6401936687140318,
    0.6401936693084503,
    0.6401936687718254,
    0.6602858296442452,
    0.6500479127708467,
    0.6500479123928206,
    0.6499926126284283,
    0.6525898411891584,
    0.63,
    0.63,
    0.63,
    0.63,
    0.63,
    0.6400326591545308,
    0.6400326583957069,
    0.6501987529812947,
    0.6499699432902108,
    0.6499698316582492,
    0.6499699491017682,
    0.6596697000781716,
    0.64,
    0.64,
    0.65,
    0.65,
    0.6501778666412474,
    0.6501778656733265,
    0.6498999945493726,
    0.6499,
    0.6499202280421853,
    0.6499202194732778,
    0.6499201097145269,
    0.650039623949151,
    0.6500396235806281,
    0.6502857145672065,
    0.6499746996870369,
    0.6499746470289965,
    0.6499746814480301,
    0.6501496158511929,
    0.6498801267699575,
    0.65,
    0.650395062551454,
    0.6503950618402528,
    0.6503950620768935,
    0.6500284630161056,
    0.6499623755658859,
    0.6499625440940523,
    0.66,
    0.6498715287488068,
    0.6498715403391618,
    0.6498452724498472,
    0.6498452539343561,
    0.65,
    0.65,
    0.65,
    0.6500757576409658,
    0.6500757578704772,
    0.650208719375859,
    0.6502087117031266,
    0.6502087115637164,
    0.65,
    0.65,
    0.6499741831569259,
    0.6500590163934427,
    0.65,
    0.650233625919669,
    0.6502336257695868,
    0.6502336261999848,
    0.6499069385646543,
    0.6499069294274793,
    0.649824660986206,
    0.65,
    0.6499968397291196,
    0.6499585780620806,
    0.650280612244898,
    0.6499078437281048,
    0.6499078549848942,
    0.6501260746006253,
    0.6501260745850471,
    0.6500756400533464,
    0.6500756400342756,
    0.6499130428721295,
    0.6499130429326841,
    0.65,
    0.65,
    0.65,
    0.639997137853701,
    0.6399971465788751,
    0.6399971439834699,
    0.6399171344165435,
    0.6399171071602114,
    0.6399171296011318,
    0.64,
    0.65,
    0.640044038020013,
    0.640044038000345,
    0.6400440379938219,
    0.65,
    0.65,
    0.65,
    0.65,
    0.65,
    0.65,
    0.65,
    0.65,
    0.65,
    0.6399613016665646,
    0.6399612786673654,
    0.6453714285714286,
    0.64,
    0.64,
    0.64,
    0.6499672832579566,
    0.6399409623727231,
    0.63,
    0.639940941560461,
    0.6198849535430278,
    0.6399409437695099,
    0.6299841687227764,
    0.65,
    0.6447835569360915,
    0.6,
    0.59,
    0.59,
    0.59,
    0.59,
    0.59,
    0.6,
    0.59,
    0.59,
    0.5966328,
    0.5995,
    0.6,
    0.59,
    0.59,
    0.6,
    0.6,
    0.6,
    0.6,
    0.6,
    0.6,
    0.6,
    0.59,
    0.59,
    0.57,
    0.57,
    0.57,
    0.59,
    0.57,
    0.57,
    0.5599830916165547,
    0.559983064017936,
    0.5598897917023088,
    0.5598897870942646,
    0.5499487971077892,
    0.5,
    0.5599325118037253,
    0.4901081568273997,
    0.56,
    0.56,
    0.5499021879620014,
    0.54,
    0.54,
    0.5499021601938592,
    0.549994445522133,
    0.55,
    0.4900511345477788,
    0.5001306666831165,
    0.5499151412490052,
    0.5001306666808777,
    0.5499151562337672,
    0.5001306666823314,
    0.5499151319150334,
    0.55,
    0.5599994773320789,
    0.5498782744261808,
    0.5498760169726635,
    0.5498760392688312,
    0.5498760327314901,
    0.49,
    0.4900404860822277,
    0.49004048717949844,
    0.4900404864357348,
    0.5000943099748919,
    0.5000943099654197,
    0.5499196888883668,
    0.549919631436939,
    0.5491902163267472,
    0.5301295252218622,
    0.5301295251080421,
    0.5300733297219704,
    0.530073330016705,
    0.5300315679816485,
    0.557768869982548,
    0.5200299816005233,
    0.5299852255693274,
    0.5200299815586441,
    0.5299852798642487,
    0.5200299815790619,
    0.5299853020746514,
    0.5200669885057718,
    0.5299235337692186,
    0.5200669885340908,
    0.529923607808025,
    0.5200261780104712,
    0.51,
    0.5200639059162899,
    0.5200639053254438,
    0.5298772241695135,
    0.5201587815974651,
    0.529956590259245,
    0.5201587819742114,
    0.5201587826485821,
    0.5299565958526863,
    0.5299509571574934,
    0.51,
    0.51,
    0.520066571588357,
    0.5300104349049979,
    0.530010437213494,
    0.5401315040089135,
    0.5401315047364266,
    0.549884380889459,
    0.540131503912352,
    0.5498843768397859,
    0.5300104350945819,
    0.5200665716050757,
    0.5200665718336125,
    0.5201653892698669,
    0.5499539539413097,
    0.5201241685144125,
    0.5200134198280739,
    0.5200134194688673,
    0.5300442363888535,
    0.5499274790342723,
    0.5499393854501371,
    0.5499754953600842,
    0.5499754909243835,
    0.5201106084216209,
    0.5201106083459025,
    0.5499202011223605,
    0.6099999755999961,
    0.4999398766453758,
    0.4999399147658994,
    0.4899763732684738,
    0.4899763444608455,
    0.48997635091880765,
    0.500109713704974,
    0.5001097136883472,
    0.5001097136783831,
    0.5000341815483735,
    0.5000341815495644,
    0.5100667162105768,
    0.5100667185293711,
    0.5000341815483479,
    0.5100868767813808,
    0.5100868757347244,
    0.49,
    0.49,
    0.49,
    0.5999751475025732,
    0.5001456752672051,
    0.5001456752694308,
    0.5100603974106653,
    0.5100603971251443,
    0.520077653363111,
    0.520077653678291,
    0.5000466520332959,
    0.5100889359970748,
    0.5100889355827846,
    0.5301346712437286,
    0.5100889368489573,
    0.5,
    0.49,
    0.5100263554216867,
    0.5,
    0.5699138059629371,
    0.5,
    0.5200954144311843,
    0.5200954143646409,
    0.5200954141002205,
    0.5301798167046256,
    0.530179817114912,
    0.5300623985473076,
    0.5300623987230834,
    0.5698758692382719,
    0.5100043108284944,
    0.5698758704751996,
    0.510055881643412,
    0.5100558820213252,
    0.609999859699892,
    0.599999759999616,
    0.6099992069931008,
    0.4700005565021982,
    0.6099992069931008,
    0.4700005565021982,
    0.6099992069931008,
    0.4700005565021982,
    0.5999993999976,
    0.4700005565021982,
    0.6099992069931008,
    0.4700005565021982,
    0.5599999663999852,
    0.4600007020025974,
    0.5999993999976,
    0.4600007020025974,
    0.5699990879968991,
    0.4600007020025974,
    0.4700001219000939,
    0.46,
    0.46,
    0.39,
    0.38,
    0.55,
    0.38,
    0.5600586667535591,
    0.5600586668027967,
    0.619994444133333,
    0.6199944750074751,
    0.6199446749051098,
    0.6099615095839401,
    0.6099615024766161,
    0.6099613898220033,
    0.3800001240000706,
    0.38,
    0.38000014880011307
]
