[
    0.999,
    0.999,
    0.999,
    0.999,
    0.999,
    0.999,
    0.999,
    0.999,
    0.999,
    0.999,
    0.999,
    0.999,
    0.999,
    0.999,
    0.999,
    0.999,
    0.999,
    0.999,
    0.999,
    0.999,
    0.999,
    0.999,
    0.999,
    0.999,
    0.999,
    0.999,
    0.999,
    0.999,
    0.999,
    0.999,
    0.999,
    0.999,
    0.999,
    0.999,
    0.999,
    0.999,
    0.999,
    0.999,
    0.999,
    0.999,
    0.999,
    0.999,
    0.999,
    0.999,
    0.999,
    0.999,
    0.999,
    0.999,
    0.999,
    0.999,
    0.999,
    0.997,
    0.997,
    0.997,
    0.997,
    0.998,
    0.998,
    0.998,
    0.998,
    0.998,
    0.998,
    0.999,
    0.997,
    0.9969999999292153,
    0.998,
    0.99,
    0.991,
    0.99,
    0.99,
    0.99,
    0.99,
    0.99,
    0.99,
    0.99,
    0.99,
    0.99,
    0.99,
    0.99,
    0.99,
    0.99,
    0.99,
    0.99,
    0.99,
    0.9700000288000011,
    0.98,
    0.979331158238173,
    0.9699999353307509,
    0.9699999992935175,
    0.9699999992935175,
    0.9699999992935175,
    0.98,
    0.98,
    0.98,
    0.9702970292802666,
    0.9799623694432824,
    0.97,
    0.969999999836204,
    0.9724383695074046,
    0.96,
    0.9799437699367204,
    0.969999981341369,
    0.96,
    0.9699999909062498,
    0.96,
    0.9699999877404857,
    0.9699999999079129,
    0.9622222222222222,
    0.98,
    0.96,
    0.97,
    0.96,
    0.98,
    0.95,
    0.95,
    0.9759903381642512,
    0.95,
    0.94,
    0.94,
    0.94,
    0.94,
    0.9399999473734333,
    0.93,
    0.94,
    0.93,
    0.93,
    0.94,
    0.9495722647456101,
    0.9499999954520585,
    0.95,
    0.95,
    0.95,
    0.95,
    0.95,
    0.94,
    0.9356338028169014,
    0.9299998546870686,
    0.93,
    0.919999998443481,
    0.9,
    0.9,
    0.9,
    0.91,
    0.9,
    0.9,
    0.9099999992556235,
    0.9,
    0.8999999930875575,
    0.89,
    0.8999999959932726,
    0.9,
    0.9,
    0.8900000968000116,
    0.9,
    0.89,
    0.8900000184800005,
    0.8900000968000116,
    0.9,
    0.9,
    0.9,
    0.9,
    0.9,
    0.9,
    0.9099999349999921,
    0.9,
    0.925472640695035,
    0.9033788798506844,
    0.9,
    0.8900000478500031,
    0.8900000193111121,
    0.9,
    0.89,
    0.909999998589147,
    0.86,
    0.85999999957,
    0.86,
    0.85,
    0.85,
    0.8,
    0.76,
    0.8,
    0.8099999991649485,
    0.75,
    0.7699999854324209,
    0.74,
    0.7452632139481747,
    0.73,
    0.7299999961358623,
    0.73,
    0.73,
    0.72,
    0.7199999984152604,
    0.67,
    0.71,
    0.71,
    0.7,
    0.7,
    0.7,
    0.71,
    0.71,
    0.71,
    0.71,
    0.71,
    0.71,
    0.71,
    0.71,
    0.71,
    0.71,
    0.7199999981999999,
    0.71,
    0.71,
    0.7199997407998341,
    0.7199999746503651,
    0.71,
    0.71,
    0.71,
    0.71,
    0.7100000003352727,
    0.71,
    0.71,
    0.71,
    0.71,
    0.71,
    0.71,
    0.71,
    0.71,
    0.71,
    0.71,
    0.7199999272420973,
    0.71,
    0.7199999987657143,
    0.71,
    0.7199995391993733,
    0.7100000928000322,
    0.7,
    0.7,
    0.7,
    0.7,
    0.72,
    0.73,
    0.7299999087499658,
    0.7100000010810613,
    0.71,
    0.71,
    0.7,
    0.7,
    0.7,
    0.7,
    0.7,
    0.67,
    0.66,
    0.67,
    0.68,
    0.69,
    0.7199999654399878,
    0.69,
    0.7,
    0.7,
    0.6900000061007175,
    0.71,
    0.7399999939918804,
    0.71,
    0.7330562973374349,
    0.71,
    0.7100000153700007,
    0.73733932228965,
    0.6999999715832191,
    0.69,
    0.71,
    0.69,
    0.7,
    0.7,
    0.72,
    0.71,
    0.74,
    0.75,
    0.75,
    0.75,
    0.75,
    0.77,
    0.76,
    0.76,
    0.8099999756999036,
    0.7300000104400003,
    0.790000026040002,
    0.75,
    0.7400000936000287,
    0.75,
    0.74,
    0.72,
    0.73,
    0.71,
    0.700000004391315,
    0.728652,
    0.7,
    0.71,
    0.7275,
    0.71,
    0.7299999971535692,
    0.7184475363451986,
    0.7,
    0.69,
    0.68,
    0.6999999975053456,
    0.6999999999044877,
    0.7206565604422334,
    0.6900000053733334,
    0.7110578710841985,
    0.7099999943280068,
    0.69,
    0.69,
    0.7099999904836826,
    0.7099999904836826,
    0.7,
    0.6700000029805466,
    0.69,
    0.68,
    0.69,
    0.7099999904836826,
    0.7061235942949706,
    0.7099998693599718,
    0.7,
    0.7,
    0.7099999904836826,
    0.73,
    0.7,
    0.7099999999077,
    0.7099999941515646,
    0.7,
    0.69,
    0.63,
    0.68,
    0.69,
    0.694464363945044,
    0.68,
    0.6707412906481601,
    0.6999999923497264,
    0.6099999926799997,
    0.61,
    0.5900000040855794,
    0.6,
    0.62,
    0.61,
    0.63,
    0.6100000004733787,
    0.63,
    0.61,
    0.61,
    0.63,
    0.64,
    0.6,
    0.6,
    0.63,
    0.6300000888000231,
    0.6,
    0.649999989516128,
    0.62,
    0.6781424359030066,
    0.6592148,
    0.59,
    0.62,
    0.61,
    0.62,
    0.6100000854285934,
    0.61,
    0.580000004704,
    0.61,
    0.609999996096,
    0.6,
    0.5970149253731343,
    0.5700000038700002,
    0.570000002064,
    0.56,
    0.57,
    0.5600000079200003,
    0.56,
    0.56,
    0.55,
    0.54,
    0.52,
    0.53,
    0.52,
    0.53,
    0.54,
    0.55,
    0.55,
    0.56,
    0.56,
    0.56,
    0.56,
    0.57,
    0.58,
    0.5791420118202172,
    0.5799999615469532,
    0.5799999846965693,
    0.58,
    0.5700001923688413,
    0.5799999846965693,
    0.5799999846965693,
    0.57,
    0.57,
    0.5799999846965693,
    0.58,
    0.58,
    0.589999989881266,
    0.58,
    0.589999989881266,
    0.5799999846965693,
    0.5400000018804293,
    0.57,
    0.5799999846965693,
    0.59,
    0.58,
    0.58,
    0.58,
    0.5799999998898,
    0.5900000976190709,
    0.6,
    0.58,
    0.58,
    0.5800000310344882,
    0.58,
    0.57,
    0.54,
    0.54,
    0.54,
    0.55,
    0.53,
    0.59,
    0.58,
    0.580000007344417,
    0.58,
    0.58,
    0.5573078073586599,
    0.56,
    0.56,
    0.56,
    0.56,
    0.55,
    0.55,
    0.5332752459293335,
    0.47,
    0.47,
    0.48,
    0.48,
    0.5,
    0.5,
    0.5,
    0.52,
    0.49,
    0.5,
    0.5,
    0.5,
    0.51,
    0.51,
    0.51,
    0.51,
    0.51,
    0.51,
    0.55,
    0.52,
    0.55,
    0.539460538053954,
    0.52,
    0.5200000391836863,
    0.55,
    0.53,
    0.53,
    0.54,
    0.56,
    0.5699998232997013,
    0.53,
    0.5748835363560738,
    0.54,
    0.5400000469787386,
    0.55,
    0.54,
    0.5300006580122391,
    0.54,
    0.55,
    0.53,
    0.5300000137083386,
    0.55,
    0.53,
    0.53,
    0.53,
    0.52,
    0.52,
    0.52,
    0.5200000691200177,
    0.516018,
    0.5,
    0.5,
    0.5,
    0.5,
    0.5,
    0.5,
    0.5,
    0.5,
    0.49,
    0.47,
    0.48,
    0.49,
    0.4893652797597284,
    0.49,
    0.46,
    0.45,
    0.47,
    0.45,
    0.44,
    0.47,
    0.47,
    0.48,
    0.46,
    0.46,
    0.4600000274909177,
    0.45,
    0.45,
    0.45,
    0.4699998777999096,
    0.44000006833899785,
    0.45,
    0.44948309376536066,
    0.43,
    0.44,
    0.44,
    0.44,
    0.45,
    0.45,
    0.45,
    0.45,
    0.4500000785714454,
    0.44,
    0.45,
    0.4400000093112625,
    0.47,
    0.48,
    0.4866054969399324,
    0.47000006552728846,
    0.47000006552728846,
    0.45000006754387506,
    0.4199999831999973,
    0.41,
    0.43,
    0.43,
    0.46,
    0.46,
    0.46,
    0.4700000018928578,
    0.47,
    0.46,
    0.45,
    0.42,
    0.42,
    0.45,
    0.45,
    0.45,
    0.45,
    0.45,
    0.45,
    0.45,
    0.45,
    0.45,
    0.46999998871999804,
    0.45000000159930215,
    0.47,
    0.4500000035924235,
    0.46,
    0.45,
    0.46999999879823334,
    0.46,
    0.46,
    0.46999999153999933,
    0.4600001136844858,
    0.47,
    0.48,
    0.45000002080181856,
    0.46999998871999804,
    0.46,
    0.46,
    0.46,
    0.47,
    0.46,
    0.46,
    0.46,
    0.47,
    0.47,
    0.47,
    0.47,
    0.47,
    0.47,
    0.47,
    0.48,
    0.47,
    0.47000000375814494,
    0.4600001285714745,
    0.47,
    0.46,
    0.47,
    0.46,
    0.46,
    0.4699999997415,
    0.46999999821399996,
    0.46,
    0.46,
    0.48,
    0.49,
    0.47,
    0.5,
    0.44,
    0.44,
    0.44,
    0.45,
    0.45,
    0.46,
    0.47,
    0.48,
    0.4899999997665833,
    0.48,
    0.47,
    0.46,
    0.47,
    0.5099998316998873,
    0.5,
    0.4800000081391307,
    0.4700000000159,
    0.5399998863155142,
    0.47000000073786885,
    0.51,
    0.5,
    0.49,
    0.5,
    0.48,
    0.5,
    0.49,
    0.55,
    0.54,
    0.55,
    0.55,
    0.55,
    0.56,
    0.57,
    0.6,
    0.5715524104378593,
    0.58,
    0.57,
    0.6099999904433332,
    0.61,
    0.61,
    0.58,
    0.6299999973,
    0.5600000088988767,
    0.56,
    0.609999996096,
    0.55,
    0.6200000030406082,
    0.6679205426559296,
    0.62,
    0.6,
    0.63,
    0.619458179905313,
    0.6,
    0.59,
    0.5817966660252262,
    0.56,
    0.5899998465998865,
    0.5700000001264086,
    0.5700001720001032,
    0.5899997611900043,
    0.5899999964081524,
    0.58000000504,
    0.58,
    0.57,
    0.58,
    0.5700000137703931,
    0.57,
    0.58,
    0.5700000129000022,
    0.5832921388112827,
    0.58,
    0.57,
    0.57,
    0.5480645161290323,
    0.52,
    0.52,
    0.51,
    0.5,
    0.5099999248076793,
    0.5,
    0.5099999248076793,
    0.5,
    0.46000002880000807,
    0.48000000830670947,
    0.48,
    0.51,
    0.5,
    0.5,
    0.5099998316998873,
    0.5,
    0.5,
    0.5,
    0.5,
    0.5,
    0.5,
    0.5,
    0.5,
    0.5,
    0.5,
    0.5,
    0.5,
    0.5,
    0.5,
    0.509999956649982,
    0.5,
    0.5,
    0.5,
    0.5,
    0.51,
    0.52,
    0.519999999584,
    0.52,
    0.52,
    0.51,
    0.519999999584,
    0.51,
    0.51,
    0.51,
    0.55,
    0.57,
    0.55,
    0.5700000143333339,
    0.5500000450000045,
    0.57,
    0.5499999724999877,
    0.55,
    0.55,
    0.55,
    0.56,
    0.55,
    0.55,
    0.54,
    0.539999970885745,
    0.5242,
    0.5,
    0.5,
    0.52,
    0.5377183402860548,
    0.51,
    0.5299994020504235,
    0.5100000014290714,
    0.5299999989205701,
    0.5215960764295786,
    0.5199999938733427,
    0.53,
    0.52,
    0.52,
    0.5,
    0.52,
    0.519999999349277,
    0.52,
    0.52,
    0.5201917031617045,
    0.510000000098,
    0.51,
    0.5100000002401961,
    0.5,
    0.5141962565996692,
    0.4923295642398995,
    0.47000006552728846,
    0.47,
    0.47,
    0.45000003666667643,
    0.45,
    0.4699999997415,
    0.47,
    0.49,
    0.47,
    0.48,
    0.49,
    0.4899999700938845,
    0.49840261960416865,
    0.49,
    0.52,
    0.51,
    0.48000000416000005,
    0.47,
    0.4800002496003794,
    0.47,
    0.46000000130214613,
    0.46,
    0.46000000648000017,
    0.5,
    0.5,
    0.5,
    0.45,
    0.48,
    0.48,
    0.5096926219659533,
    0.45000192501251257,
    0.45,
    0.48999901999215995,
    0.46,
    0.46,
    0.5,
    0.5,
    0.46000001872832613,
    0.47,
    0.5,
    0.5,
    0.5199993759945087,
    0.52,
    0.5199999812799988,
    0.53,
    0.510000000508684,
    0.53,
    0.53,
    0.5299999982333332,
    0.529999998622,
    0.5299999945674999,
    0.5394002845422815,
    0.5299998780999061,
    0.5299999944063322,
    0.51,
    0.52,
    0.51,
    0.510000000931,
    0.5100001361118295,
    0.52,
    0.52,
    0.52,
    0.52,
    0.52,
    0.52,
    0.539999999712,
    0.51,
    0.53,
    0.53,
    0.5300000078719214,
    0.5300000015040001,
    0.5399999925283016,
    0.53,
    0.5399999654399953,
    0.5446016351751314,
    0.51,
    0.51,
    0.51,
    0.53,
    0.5300000084600007,
    0.55,
    0.510000000931,
    0.54,
    0.5099999795999968,
    0.5377093578513631,
    0.52,
    0.5199999984061302,
    0.51,
    0.5,
    0.49,
    0.46,
    0.48,
    0.459999998252,
    0.44,
    0.45,
    0.4300000067058827,
    0.42999999070828315,
    0.429999998967528,
    0.4200001641510518,
    0.4299999870999978,
    0.42,
    0.4299997133328874,
    0.4299999933530072,
    0.4674731159208073,
    0.43,
    0.43,
    0.4299953559572748,
    0.43,
    0.44000000112000004,
    0.43,
    0.4688845,
    0.46,
    0.45,
    0.4300000019225444,
    0.44999999549999997,
    0.45,
    0.45,
    0.42000001082666794,
    0.43999999753599994,
    0.43,
    0.4499999549999955,
    0.4497431943847223,
    0.4000000018135107,
    0.41,
    0.4,
    0.439999998064,
    0.43,
    0.42,
    0.43,
    0.43,
    0.42999780698925427,
    0.43,
    0.430000000855,
    0.44999999757908327,
    0.45,
    0.45,
    0.43,
    0.42,
    0.42,
    0.4200000017633199,
    0.4300000084467621,
    0.43,
    0.43,
    0.43,
    0.43,
    0.43,
    0.449999459998488,
    0.45,
    0.45,
    0.4500000008486345,
    0.45999999786212237,
    0.45999995951999545,
    0.4500000019097223,
    0.45,
    0.45,
    0.45,
    0.45,
    0.45,
    0.4499999797499989,
    0.4499999369158672,
    0.44000000015427,
    0.45,
    0.46,
    0.46,
    0.46999999946530147,
    0.4699999969527632,
    0.46999999801408443,
    0.46,
    0.46,
    0.45000000086387437,
    0.45,
    0.45999998814667903,
    0.45,
    0.4400000045968925,
    0.44000000016262525,
    0.45,
    0.44,
    0.44,
    0.45,
    0.4400000028963021,
    0.44000001398252325,
    0.44,
    0.4400000004832099,
    0.44,
    0.44,
    0.45,
    0.44000000336000006,
    0.44000000130666667,
    0.44,
    0.44000000084147256,
    0.44,
    0.44999999948076924,
    0.44,
    0.44,
    0.45,
    0.45,
    0.45,
    0.45,
    0.45,
    0.45,
    0.45,
    0.44000003522013464,
    0.44,
    0.44,
    0.44,
    0.44,
    0.44,
    0.44,
    0.449999459998488,
    0.44999995559209505,
    0.4400000336000148,
    0.44000000130232564,
    0.45,
    0.4400000019989292,
    0.4400000178913761,
    0.44000004786326424,
    0.4499999946598098,
    0.44000003715640446,
    0.440000000672,
    0.44999993591771037,
    0.4400000074666674,
    0.4400000000448,
    0.449999777472393,
    0.45,
    0.44000000280000007,
    0.44,
    0.44000000420000024,
    0.44,
    0.44,
    0.4400000224000036,
    0.4400000183272738,
    0.45,
    0.4400002947374626,
    0.44000000149333335,
    0.45,
    0.45,
    0.45,
    0.45,
    0.45,
    0.45,
    0.4400000224000036,
    0.4400000224000036,
    0.44999999578098626,
    0.4400000183272738,
    0.4499999212499744,
    0.4400000037333339,
    0.45,
    0.45,
    0.45,
    0.45,
    0.45,
    0.45,
    0.440000000672,
    0.44,
    0.44,
    0.44,
    0.44,
    0.44,
    0.44,
    0.44,
    0.44000000074938667,
    0.4499999797499989,
    0.44,
    0.4400000183272738,
    0.4400000224000036,
    0.44,
    0.4400000183272738,
    0.44000000933333394,
    0.45,
    0.44000000172307707,
    0.44000000172307707,
    0.4499999787334584,
    0.44000000336000006,
    0.4499999807874753,
    0.45,
    0.45,
    0.45,
    0.44,
    0.44,
    0.44,
    0.44,
    0.44999998089171855,
    0.44,
    0.44000000006272,
    0.44999999281914826,
    0.4499999783653836,
    0.4400001723080811,
    0.4499999783653836,
    0.44999998481195663,
    0.44,
    0.4499999779843433,
    0.44000000001341594,
    0.44000000582899645,
    0.45,
    0.44000000001344,
    0.44,
    0.44,
    0.44999999059014845,
    0.44999998693126725,
    0.44,
    0.4400002947374626,
    0.44000000805755674,
    0.44,
    0.44,
    0.44,
    0.44,
    0.44,
    0.44000065882662975,
    0.44,
    0.44000000518518634,
    0.44000000006076057,
    0.4499999604271292,
    0.44999998273656916,
    0.44,
    0.4400000416357001,
    0.44,
    0.44,
    0.44,
    0.44,
    0.44,
    0.43997483492038897,
    0.43000000342000033,
    0.43,
    0.43,
    0.4399998668906847,
    0.43,
    0.43,
    0.43,
    0.43,
    0.43,
    0.43,
    0.43,
    0.43,
    0.43,
    0.43,
    0.43,
    0.4297659046028067,
    0.43,
    0.42,
    0.41,
    0.43,
    0.43,
    0.41000004602839785,
    0.41,
    0.4100003146670233,
    0.42999998556762,
    0.41000027335101,
    0.42,
    0.42,
    0.42,
    0.42,
    0.43,
    0.43,
    0.43,
    0.43,
    0.43,
    0.43,
    0.43,
    0.42,
    0.42,
    0.42,
    0.42,
    0.42,
    0.42,
    0.42,
    0.42,
    0.42999999604496664,
    0.4200000734667063,
    0.42,
    0.42,
    0.42,
    0.4299999997844378,
    0.42000000136256854,
    0.42999994691355403,
    0.4299999252173682,
    0.42999981745273547,
    0.42,
    0.43,
    0.42,
    0.42,
    0.43,
    0.43,
    0.43,
    0.43,
    0.43,
    0.42,
    0.42,
    0.42,
    0.42,
    0.42,
    0.42000000208800004,
    0.42000000878455185,
    0.43,
    0.43,
    0.43,
    0.43,
    0.43,
    0.43,
    0.43,
    0.43,
    0.43,
    0.43,
    0.43,
    0.43,
    0.43,
    0.42999999257706517,
    0.42999995882978387,
    0.43,
    0.43,
    0.43,
    0.43,
    0.43,
    0.43,
    0.42,
    0.42,
    0.42,
    0.4200000017400001,
    0.42000000464000087,
    0.42000000464000087,
    0.44,
    0.4399999991381351,
    0.44,
    0.44,
    0.44,
    0.44,
    0.44,
    0.430000008844829,
    0.430000008844829,
    0.430000008844829,
    0.430000008844829,
    0.430000008844829,
    0.430000008844829,
    0.43,
    0.42,
    0.4399999996211387,
    0.4399998367009232,
    0.43999996479999576,
    0.43,
    0.43,
    0.43,
    0.43,
    0.43,
    0.43,
    0.43,
    0.43,
    0.43,
    0.43,
    0.439999998250497,
    0.43,
    0.43,
    0.4399999994185182,
    0.43,
    0.43,
    0.43,
    0.4300001681969474,
    0.439999961530037,
    0.43999999207999974,
    0.43000000053378357,
    0.44,
    0.44,
    0.44,
    0.44,
    0.44,
    0.44,
    0.43,
    0.43,
    0.43,
    0.43,
    0.43,
    0.43,
    0.43000000060172966,
    0.43000000062710453,
    0.43,
    0.43,
    0.4300000014137793,
    0.43,
    0.4300001767002986,
    0.44,
    0.44,
    0.43,
    0.43000002413306837,
    0.44,
    0.430000008844829,
    0.4300001146369765,
    0.4399999471593475,
    0.43000001082278805,
    0.4399999633333255,
    0.4300000082080002,
    0.44,
    0.44,
    0.44,
    0.44,
    0.44,
    0.44,
    0.43,
    0.43999996479999576,
    0.43,
    0.43,
    0.43,
    0.43,
    0.43,
    0.430000000855,
    0.43,
    0.4300009120031008,
    0.439999930829675,
    0.43000005782610207,
    0.44,
    0.44,
    0.4300000079340664,
    0.4300000026614788,
    0.44,
    0.43,
    0.43000001470640664,
    0.4300000040418182,
    0.4399999894399992,
    0.43999997881837943,
    0.44,
    0.43,
    0.43999999970666664,
    0.4399999826941976,
    0.43000006333403,
    0.4300000031666684,
    0.43999992542370986,
    0.43,
    0.4300000098275945,
    0.4300000074100003,
    0.43,
    0.43,
    0.44,
    0.430000026373141,
    0.439999966283521,
    0.4300000006846847,
    0.44,
    0.43999980639989156,
    0.43000000342000033,
    0.43999998834437054,
    0.43000000342000033,
    0.43,
    0.44,
    0.43000003000003,
    0.44,
    0.4399999562732691,
    0.43000013741080384,
    0.4300000006549215,
    0.43,
    0.4399999957321395,
    0.43,
    0.4300000259212121,
    0.43999999953066665,
    0.44,
    0.430000003306,
    0.43000000463415006,
    0.4399998925821354,
    0.43,
    0.43000001782698705,
    0.43,
    0.4300001509935375,
    0.43,
    0.44,
    0.43,
    0.43,
    0.4300000042314914,
    0.4300000665000366,
    0.44,
    0.4300000042026024,
    0.43,
    0.439999994702341,
    0.43,
    0.430000000724781,
    0.43000004446001433,
    0.4300000001938,
    0.4300000066840392,
    0.44,
    0.44,
    0.44,
    0.44,
    0.4399999847466662,
    0.44,
    0.44,
    0.44,
    0.44,
    0.44,
    0.44,
    0.44,
    0.4300000074100003,
    0.4300006544461169,
    0.45,
    0.44,
    0.43,
    0.44,
    0.430000000855,
    0.44,
    0.43000019612938656,
    0.4300000103012108,
    0.43999995621888804,
    0.43,
    0.430000000304,
    0.4399911962447167,
    0.43,
    0.43,
    0.43,
    0.43,
    0.43,
    0.43000000051174736,
    0.43,
    0.43,
    0.4300000665000366,
    0.43,
    0.43,
    0.43,
    0.44,
    0.43998633333208864,
    0.43,
    0.4300001767002986,
    0.43000000608000033,
    0.4300000665000366,
    0.43999999295999986,
    0.43000000342000033,
    0.43,
    0.43,
    0.43,
    0.4399998603173938,
    0.43000011875003713,
    0.4300001022282981,
    0.43999986962958776,
    0.4300000456553472,
    0.43,
    0.43,
    0.4399998949253198,
    0.4399999637113245,
    0.43000005161418886,
    0.4300000065895991,
    0.43,
    0.43,
    0.43,
    0.43999998907680316,
    0.43,
    0.43,
    0.43,
    0.4300000041679871,
    0.43000000300098723,
    0.43,
    0.43,
    0.43999999639344256,
    0.43,
    0.43,
    0.43,
    0.4300000050032511,
    0.43999986196055696,
    0.4300000074100003,
    0.4300000644643168,
    0.43,
    0.43000000684962686,
    0.4300001767002986,
    0.44,
    0.44,
    0.43,
    0.4300001022282981,
    0.43,
    0.43,
    0.43,
    0.4300000054446174,
    0.43,
    0.43,
    0.43,
    0.44,
    0.43000002430537015,
    0.44,
    0.430000068269817,
    0.43,
    0.43,
    0.4300000281311361,
    0.44,
    0.44,
    0.44,
    0.43,
    0.43,
    0.4300000238716849,
    0.43000000505244523,
    0.43,
    0.43,
    0.43,
    0.43000000501600033,
    0.43,
    0.4300000074100003,
    0.43999987428563797,
    0.4300000570000461,
    0.44,
    0.4400949986029617,
    0.43000000856947673,
    0.44,
    0.4400551724137931,
    0.43,
    0.4451685222657581,
    0.43,
    0.44,
    0.44,
    0.44,
    0.44,
    0.4477003457787517,
    0.43000000085467255,
    0.44,
    0.45,
    0.45,
    0.45,
    0.45,
    0.4400000427916513,
    0.44,
    0.45,
    0.44,
    0.44999999212499975,
    0.4499999951831588,
    0.45,
    0.4400184957039537,
    0.440018496217229,
    0.44001849570477153,
    0.43,
    0.43,
    0.44,
    0.4400650453413914,
    0.44999996538460474,
    0.4400650452544255,
    0.4400650453380421,
    0.43,
    0.43000000507418545,
    0.43000000967806823,
    0.44,
    0.43,
    0.44,
    0.44000021913058723,
    0.45,
    0.44000002393016563,
    0.44,
    0.4400001568001129,
    0.44999998913626577,
    0.45,
    0.45,
    0.44,
    0.44999994545453553,
    0.45,
    0.45,
    0.440000047885993,
    0.44,
    0.44,
    0.44,
    0.43,
    0.44,
    0.43,
    0.43000001933417265,
    0.43,
    0.44,
    0.44014140714453276,
    0.4401414068980359,
    0.440088290809763,
    0.43000000274751277,
    0.44,
    0.44008828444278114,
    0.440088290859598,
    0.43000004446001433,
    0.44,
    0.4300000032801151,
    0.43,
    0.44999998098591093,
    0.4499997974998886,
    0.4400001225000689,
    0.4401068566843738,
    0.44010685746183464,
    0.43000001589219583,
    0.44233911752653515,
    0.43000000342000033,
    0.43,
    0.4490670666666667,
    0.43,
    0.43,
    0.43,
    0.42,
    0.43,
    0.43,
    0.43,
    0.43999975152925974,
    0.4300001767002986,
    0.43999997665782,
    0.430000024255331,
    0.439999916551704,
    0.4300000481333507,
    0.4300001767002986,
    0.43000004446001433,
    0.43000000342000033,
    0.43999999706666665,
    0.4300000149696996,
    0.43,
    0.43,
    0.4299926876568057,
    0.4299806679462038,
    0.4299806730003493,
    0.4200001740002958,
    0.4399999838666659,
    0.43,
    0.43,
    0.43,
    0.42,
    0.42,
    0.42,
    0.43,
    0.42,
    0.42,
    0.4200000000741628,
    0.43999999371428533,
    0.4300000075000019,
    0.44,
    0.43999999430588227,
    0.43999995474284886,
    0.4399999894399992,
    0.43,
    0.43,
    0.44,
    0.43000009405007855,
    0.43999997762711507,
    0.4300000225659848,
    0.4300000111038977,
    0.4399999865648833,
    0.44,
    0.43999996479999576,
    0.44,
    0.44999985681809723,
    0.44,
    0.4400102006120367,
    0.45,
    0.43,
    0.4426687907599575,
    0.43000000581093656,
    0.4200001740002958,
    0.43,
    0.43,
    0.43,
    0.43,
    0.43,
    0.43,
    0.43,
    0.43,
    0.43,
    0.43,
    0.43,
    0.43,
    0.43,
    0.43,
    0.43000000608000033,
    0.43,
    0.44,
    0.4399999889999996,
    0.44675512730952455,
    0.4399999927529409,
    0.4300000021668427,
    0.43,
    0.439999925633763,
    0.4300000778688844,
    0.4200000246179983,
    0.42,
    0.43,
    0.43,
    0.43,
    0.42,
    0.44,
    0.43,
    0.44,
    0.44006923837784373,
    0.4499997974998886,
    0.44999999461979895,
    0.43,
    0.43000000342000033,
    0.4499997974998886,
    0.44999999769526244,
    0.45,
    0.4499997974998886,
    0.4461305706945417,
    0.43999980639989156,
    0.43999980639989156,
    0.43999980639989156,
    0.4300001767002986,
    0.43999980639989156,
    0.43999980639989156,
    0.43000000100470037,
    0.4300001767002986,
    0.43000000463415006,
    0.43999980639989156,
    0.43,
    0.43,
    0.43,
    0.43000005538463243,
    0.43,
    0.43999977786397415,
    0.43999980639989156,
    0.43,
    0.43000004446001433,
    0.43,
    0.4399999208988462,
    0.4399270278923663,
    0.4300001767002986,
    0.4399270392026808,
    0.4300001767002986,
    0.43000000608000033,
    0.4499997974998886,
    0.4300000019630891,
    0.44,
    0.44,
    0.4400000104533338,
    0.4400001568001129,
    0.44,
    0.4401174751222113,
    0.44011747504894794,
    0.4300001767002986,
    0.43,
    0.4499997974998886,
    0.4499997974998886,
    0.44,
    0.43000004077255843,
    0.4400002160972376,
    0.44,
    0.4499997974998886,
    0.4400001568001129,
    0.44000001914531484,
    0.44,
    0.4400000196878104,
    0.4400001568001129,
    0.4400001568001129,
    0.4499997974998886,
    0.4400001568001129,
    0.44,
    0.4400001037037805,
    0.4499999695945864,
    0.4400001568001129,
    0.4400000516923427,
    0.44,
    0.4499997974998886,
    0.44,
    0.44,
    0.4499997974998886,
    0.4499997974998886,
    0.44,
    0.44,
    0.44,
    0.44000006829271626,
    0.4400694865555197,
    0.44,
    0.4499997974998886,
    0.4400694873839455,
    0.4400695185186222,
    0.44006948650209965,
    0.44006956948607173,
    0.4499997974998886,
    0.4499997974998886,
    0.43000030761936986,
    0.43,
    0.4300001767002986,
    0.43,
    0.4398290215210362,
    0.4399128281220387,
    0.4499997974998886,
    0.4300001767002986,
    0.4300001767002986,
    0.4399582518841432,
    0.43,
    0.4399579894408156,
    0.43,
    0.4399582525654748,
    0.4300001767002986,
    0.43000000342000033,
    0.43992393293721443,
    0.4300001767002986,
    0.43000009405007855,
    0.43992392544045666,
    0.4499997974998886,
    0.4499997974998886,
    0.4300000074100003,
    0.43,
    0.4400235087333243,
    0.44002367582266205,
    0.4400235090449959,
    0.4499997974998886,
    0.4300001767002986,
    0.4300000074100003,
    0.43,
    0.43990341470968103,
    0.43990341470968103,
    0.43,
    0.43990340056223076,
    0.4300001103229152,
    0.4300001767002986,
    0.4499997974998886,
    0.43000006162169824,
    0.4300000665000366,
    0.4300001767002986,
    0.4300001767002986,
    0.43000004446001433,
    0.43000000342000033,
    0.4499997974998886,
    0.4300001767002986,
    0.4499997974998886,
    0.4399999912788119,
    0.43,
    0.43,
    0.4300001767002986,
    0.4399632190381075,
    0.43,
    0.43000009149716817,
    0.43,
    0.4399633245757741,
    0.4399632190381075,
    0.4499997974998886,
    0.43000008811601353,
    0.4499997974998886,
    0.43000002011142363,
    0.45,
    0.4499997974998886,
    0.4300001767002986,
    0.4399972025703941,
    0.4499997974998886,
    0.4499997974998886,
    0.43,
    0.4300001767002986,
    0.4300001162687487,
    0.45,
    0.4300003130060608,
    0.44,
    0.4499997974998886,
    0.44,
    0.44,
    0.44,
    0.4499997974998886,
    0.43999980639989156,
    0.43999980639989156,
    0.4499997974998886,
    0.4300007790041287,
    0.4499997974998886,
    0.4499997974998886,
    0.4300000024066667,
    0.43000005066677477,
    0.4499997974998886,
    0.44,
    0.4300001767002986,
    0.4300001767002986,
    0.4400739930079423,
    0.4400739932582403,
    0.44007415665284955,
    0.44999996249999064,
    0.4300001767002986,
    0.4499999797499989,
    0.4499997974998886,
    0.44999996249999064,
    0.43997599488571393,
    0.43,
    0.43,
    0.43997599488571393,
    0.4300001767002986,
    0.4300001767002986,
    0.4300001767002986,
    0.4499997974998886,
    0.4300001767002986,
    0.4300001767002986,
    0.4300001767002986,
    0.43,
    0.4499997974998886,
    0.4300001767002986,
    0.43,
    0.4499997974998886,
    0.4400755917697091,
    0.4400757242347787,
    0.44007559133415036,
    0.44999999212499975,
    0.4499997974998886,
    0.43993816054227586,
    0.43993819461271183,
    0.4397874593158509,
    0.4397875344485885,
    0.4300000950001425,
    0.4300001767002986,
    0.4300001767002986,
    0.43,
    0.43,
    0.439873228408801,
    0.4398733921477529,
    0.4398731943406232,
    0.4499997974998886,
    0.43,
    0.4300001767002986,
    0.4300001767002986,
    0.4300001767002986,
    0.43,
    0.4499997974998886,
    0.4499997974998886,
    0.4400968774379804,
    0.4499997974998886,
    0.44009687594049995,
    0.44009704247764025,
    0.44009704247764025,
    0.44009704247764025,
    0.4499997974998886,
    0.4499997974998886,
    0.43000004446001433,
    0.4499997974998886,
    0.43000000031826646,
    0.44,
    0.45,
    0.44999999973632815,
    0.4499997974998886,
    0.4499997974998886,
    0.4400001568001129,
    0.4400001568001129,
    0.4499997974998886,
    0.4499997974998886,
    0.4499997974998886,
    0.4400000268800023,
    0.4400001568001129,
    0.44,
    0.4499997974998886,
    0.4499998312496414,
    0.4400001568001129,
    0.44,
    0.4499997974998886,
    0.4400001568001129,
    0.44,
    0.4400000224000036,
    0.4400001568001129,
    0.4499997974998886,
    0.4499998536584652,
    0.44999945121884294,
    0.449999249998125,
    0.4400001005128669,
    0.4400001568001129,
    0.44,
    0.44,
    0.4499997974998886,
    0.44,
    0.4400001568001129,
    0.449999602940359,
    0.4499992767842937,
    0.44999988402058866,
    0.44,
    0.44,
    0.4499997974998886,
    0.449999602940359,
    0.4400001568001129,
    0.449999602940359,
    0.4499997974998886,
    0.4499992767842937,
    0.4400001568001129,
    0.44999994732440324,
    0.44000005040000806,
    0.4499997974998886,
    0.4499999212499744,
    0.44000026880094617,
    0.4400001568001129,
    0.4499997974998886,
    0.4400000006241293,
    0.4400001568001129,
    0.4499997974998886,
    0.4400001568001129,
    0.45,
    0.4400001568001129,
    0.4499997974998886,
    0.45,
    0.4400001568001129,
    0.4499997974998886,
    0.4300001767002986,
    0.43,
    0.440143748834798,
    0.4401436941638938,
    0.44786391807890147,
    0.4398077859540557,
    0.4300001767002986,
    0.43,
    0.44003715917127656,
    0.4400370874710401,
    0.44003706698409595,
    0.43980010185780544,
    0.4499997974998886,
    0.4499997974998886,
    0.4499997974998886,
    0.4499999549999955,
    0.4499997974998886,
    0.4300000223529622,
    0.4499997974998886,
    0.4499997974998886,
    0.4401458524607769,
    0.44014585290762925,
    0.4399184306644062,
    0.4300001767002986,
    0.4499997974998886,
    0.44012962256957683,
    0.4499997974998886,
    0.4499997974998886,
    0.4300001767002986,
    0.4499997974998886,
    0.4397623873492548,
    0.4397623873492548,
    0.4499997974998886,
    0.4300001767002986,
    0.43000022009936073,
    0.4499997974998886,
    0.4499997974998886,
    0.4499997974998886,
    0.43000004446001433,
    0.4300001767002986,
    0.4300001767002986,
    0.4499997974998886,
    0.43,
    0.4300001767002986,
    0.4300000506860355,
    0.44,
    0.44,
    0.4400001568001129,
    0.44,
    0.4499997974998886,
    0.4499997974998886,
    0.43,
    0.4300001767002986,
    0.4499997974998886,
    0.4499997974998886,
    0.43,
    0.4401470590023685,
    0.44014706013202426,
    0.4499997974998886,
    0.44014705929577974,
    0.4499997974998886,
    0.43,
    0.4400553633217993,
    0.4300000079406681,
    0.4400794047218254,
    0.4400794863955977,
    0.4499997974998886,
    0.4499997974998886,
    0.4499997974998886,
    0.44,
    0.44,
    0.4300001767002986,
    0.44,
    0.44,
    0.4300001767002986,
    0.44,
    0.44995484698595195,
    0.44,
    0.44,
    0.4499997974998886,
    0.43000006640782373,
    0.4300001767002986,
    0.44,
    0.44,
    0.4499998636363017,
    0.4400522193245844,
    0.4400522193444613,
    0.44005221984802656,
    0.44005691561999,
    0.44005221945386824,
    0.4400569152666705,
    0.44,
    0.44,
    0.43989053918384,
    0.4400959694049537,
    0.44,
    0.44009443861490033,
    0.44,
    0.44,
    0.44,
    0.44,
    0.44,
    0.44,
    0.44,
    0.44,
    0.44,
    0.44,
    0.44,
    0.44858286015477133,
    0.43,
    0.43999980639989156,
    0.43999980639989156,
    0.43,
    0.43999980639989156,
    0.4300001767002986,
    0.43,
    0.43,
    0.43,
    0.43,
    0.44,
    0.44,
    0.44,
    0.44,
    0.44,
    0.44,
    0.44,
    0.44,
    0.44,
    0.44,
    0.44,
    0.44,
    0.44,
    0.43000000002931427,
    0.44,
    0.43999996479999576,
    0.43999997066665886,
    0.43,
    0.4300000527250215,
    0.44,
    0.43,
    0.43999996479999576,
    0.44,
    0.43,
    0.43999997066665886,
    0.43,
    0.43000000342000033,
    0.43,
    0.43,
    0.43,
    0.43999981276563876,
    0.44,
    0.43,
    0.43,
    0.44,
    0.43000018000018,
    0.4300000644643168,
    0.43999986893606985,
    0.43000000128250004,
    0.43,
    0.43,
    0.43,
    0.43,
    0.43,
    0.43000000652174053,
    0.43999994625953487,
    0.4300000186122519,
    0.43000008066055617,
    0.43,
    0.43999997597268936,
    0.43999996432431515,
    0.43000006449542527,
    0.43,
    0.43,
    0.43,
    0.43,
    0.43,
    0.42,
    0.43404040404040406,
    0.42,
    0.43,
    0.4299998279998968,
    0.43,
    0.43,
    0.43,
    0.43,
    0.43000000608000033,
    0.43,
    0.43,
    0.43,
    0.43,
    0.43,
    0.43,
    0.439999995368421,
    0.43,
    0.4200000049371787,
    0.43,
    0.43,
    0.43,
    0.43,
    0.42988104514090536,
    0.43,
    0.43,
    0.43,
    0.43,
    0.43,
    0.43,
    0.43,
    0.43,
    0.43,
    0.43,
    0.43,
    0.43,
    0.43,
    0.43,
    0.43,
    0.43,
    0.43,
    0.43,
    0.43,
    0.43,
    0.43,
    0.43,
    0.43,
    0.43,
    0.43,
    0.43,
    0.43,
    0.43,
    0.43,
    0.43,
    0.42,
    0.43000000342000033,
    0.4300001767002986,
    0.4300005029422119,
    0.43,
    0.43,
    0.42,
    0.43,
    0.43,
    0.43,
    0.4399999745263139,
    0.4300000167178778,
    0.4300000665000366,
    0.43999999027086756,
    0.4300000092610066,
    0.43,
    0.43,
    0.43,
    0.43,
    0.43,
    0.43,
    0.43,
    0.43999996479999576,
    0.43,
    0.43,
    0.43,
    0.43,
    0.43,
    0.43,
    0.43,
    0.43,
    0.43,
    0.43,
    0.43,
    0.43,
    0.44,
    0.43,
    0.4200000037402585,
    0.43000000342000033,
    0.4300000389648487,
    0.44,
    0.43,
    0.43,
    0.43,
    0.43999995497673833,
    0.43999995497673833,
    0.44,
    0.43,
    0.43,
    0.43,
    0.43,
    0.43,
    0.4329518959118961,
    0.43,
    0.43,
    0.42,
    0.4300000098275945,
    0.43,
    0.43,
    0.43,
    0.43,
    0.43,
    0.4200000305263195,
    0.4200000305263195,
    0.4200000305263195,
    0.4200000305263195,
    0.4200000305263195,
    0.4200000305263195,
    0.4200000305263195,
    0.4200000305263195,
    0.4200000305263195,
    0.43,
    0.4200000028907503,
    0.4300000063002766,
    0.43999999778755494,
    0.4399999894399992,
    0.43999998239999877,
    0.4300003963064241,
    0.43,
    0.4300001767002986,
    0.4300000082080002,
    0.4399999794666642,
    0.43999980639989156,
    0.44,
    0.44,
    0.43,
    0.4299999501590854,
    0.4299999501590854,
    0.43885295779480327,
    0.4299999501590854,
    0.4299999501590854,
    0.4299999501590854,
    0.4299999501590854,
    0.4299999501590854,
    0.4299999501590854,
    0.43,
    0.43,
    0.43,
    0.43,
    0.43,
    0.43,
    0.44,
    0.43,
    0.42,
    0.42,
    0.42,
    0.42,
    0.42,
    0.42,
    0.42,
    0.42,
    0.42,
    0.43,
    0.43,
    0.43,
    0.43,
    0.43,
    0.43,
    0.43,
    0.4399999964799999,
    0.43,
    0.43,
    0.43,
    0.43,
    0.43,
    0.43,
    0.43,
    0.43,
    0.43,
    0.43,
    0.429845215772092,
    0.43,
    0.43,
    0.43,
    0.43,
    0.43,
    0.43,
    0.43,
    0.43,
    0.43,
    0.43,
    0.43,
    0.43,
    0.43,
    0.43,
    0.43,
    0.43,
    0.43,
    0.43,
    0.43,
    0.43,
    0.43,
    0.43,
    0.43,
    0.43,
    0.43,
    0.43,
    0.43,
    0.43,
    0.43,
    0.43,
    0.43,
    0.43,
    0.43,
    0.43,
    0.43,
    0.43,
    0.43,
    0.43,
    0.43167722347917065,
    0.43,
    0.4200000030486206,
    0.43,
    0.42000000464000087,
    0.43,
    0.43,
    0.42,
    0.43,
    0.42000023200106723,
    0.43,
    0.42,
    0.43,
    0.43,
    0.43,
    0.43,
    0.43,
    0.43,
    0.43,
    0.43,
    0.43,
    0.43,
    0.44,
    0.44,
    0.43,
    0.43,
    0.44,
    0.44,
    0.42,
    0.43,
    0.42000009890022943,
    0.4399999843168307,
    0.4300000781605505,
    0.43,
    0.43,
    0.42,
    0.43,
    0.43,
    0.43,
    0.43,
    0.43,
    0.43,
    0.43,
    0.43,
    0.43,
    0.43,
    0.4200000017400001,
    0.42,
    0.44,
    0.4299492847149361,
    0.429949230258857,
    0.429949320525763,
    0.43,
    0.42,
    0.43,
    0.4299999501590854,
    0.43,
    0.44,
    0.42,
    0.42,
    0.4300177057398958,
    0.4300177055704911,
    0.43001770606040945,
    0.42000012360663236,
    0.44,
    0.4200001740002958,
    0.43999996479999576,
    0.43,
    0.4200001555887478,
    0.44,
    0.43,
    0.4300001155405952,
    0.43,
    0.43,
    0.43,
    0.43,
    0.43,
    0.43,
    0.43,
    0.43,
    0.43,
    0.44,
    0.42,
    0.43013681254743386,
    0.43,
    0.42,
    0.43,
    0.43,
    0.43,
    0.43,
    0.42,
    0.42,
    0.43,
    0.42,
    0.4299999931199994,
    0.43,
    0.43,
    0.43,
    0.43,
    0.43,
    0.43,
    0.43,
    0.43,
    0.43,
    0.43,
    0.43,
    0.43,
    0.43,
    0.43,
    0.43,
    0.43,
    0.43,
    0.43,
    0.43,
    0.43,
    0.43,
    0.43,
    0.44,
    0.43,
    0.43,
    0.42,
    0.42000000464000087,
    0.43,
    0.43,
    0.43,
    0.43,
    0.43,
    0.44,
    0.43,
    0.43,
    0.43,
    0.43,
    0.43,
    0.4200003248011173,
    0.43,
    0.420000029436297,
    0.42,
    0.44,
    0.42,
    0.43,
    0.43,
    0.42,
    0.4200000734667063,
    0.42,
    0.43,
    0.4200000734667063,
    0.42,
    0.42,
    0.42000023200106723,
    0.42,
    0.42000010206780874,
    0.43,
    0.43,
    0.43,
    0.43,
    0.43,
    0.43,
    0.43,
    0.43,
    0.43,
    0.43,
    0.43,
    0.43,
    0.43,
    0.43,
    0.43,
    0.43,
    0.43,
    0.43,
    0.43,
    0.43,
    0.43,
    0.43,
    0.43,
    0.43,
    0.43,
    0.43,
    0.43,
    0.43,
    0.43,
    0.43,
    0.43,
    0.43,
    0.43,
    0.43,
    0.43,
    0.43,
    0.43,
    0.43,
    0.43,
    0.43,
    0.43,
    0.43,
    0.43,
    0.43,
    0.43,
    0.43,
    0.42,
    0.42000001254065433,
    0.43010221433101736,
    0.4301022132759127,
    0.42,
    0.43,
    0.42,
    0.4363668880008744,
    0.43012780827589714,
    0.4301278087078626,
    0.4301845991561181,
    0.42000000610526356,
    0.42,
    0.44,
    0.43999999608888873,
    0.4200000017400001,
    0.43999996479999576,
    0.42,
    0.43003161489145697,
    0.4300316389500497,
    0.42,
    0.42,
    0.4298924130093106,
    0.4299618668951034,
    0.42,
    0.43,
    0.42,
    0.4399999894399992,
    0.4298556025175809,
    0.4298557324258307,
    0.4298557025700562,
    0.42000000464000087,
    0.43999980639989156,
    0.4200000058332524,
    0.4399999894399992,
    0.439999998064,
    0.4399999891692302,
    0.4299653629899747,
    0.42996539649777304,
    0.42996538343683116,
    0.4200000058511981,
    0.43002643887443115,
    0.4399999941333332,
    0.43002643619248365,
    0.43002643617765796,
    0.42000000250810815,
    0.42000000669230786,
    0.4200000017400001,
    0.42999998903620573,
    0.4200001740002958,
    0.43999980639989156,
    0.43000019000042383,
    0.43999879884761806,
    0.4200000004783505,
    0.42000054588505026,
    0.4200000139200011,
    0.42,
    0.4200000734667063,
    0.4298967306668563,
    0.4301004812211358,
    0.43010048173358617,
    0.44,
    0.44,
    0.42,
    0.42,
    0.42000153344488395,
    0.43,
    0.42990358300604925,
    0.42990371941171135,
    0.43006169212690953,
    0.43,
    0.4391467376115667,
    0.42,
    0.43,
    0.43,
    0.42,
    0.42,
    0.44,
    0.43,
    0.44,
    0.44,
    0.43,
    0.43,
    0.43000143631488175,
    0.4300014361147747,
    0.42000000010575933,
    0.44,
    0.44,
    0.43,
    0.43,
    0.43000016229184584,
    0.43,
    0.43000000463415006,
    0.43000000763819113,
    0.44,
    0.44,
    0.43,
    0.43,
    0.44,
    0.43,
    0.43000013741080384,
    0.43999992212383865,
    0.43,
    0.43999992212383865,
    0.4300001765487741,
    0.43,
    0.4399998255854976,
    0.4300000985185623,
    0.43,
    0.43,
    0.44,
    0.44,
    0.43,
    0.43,
    0.43,
    0.43,
    0.43,
    0.42,
    0.42,
    0.43,
    0.42999968954276546,
    0.42992822128851543,
    0.42992817122211796,
    0.42000018810821654,
    0.42000018810821654,
    0.4200001740002958,
    0.42000007250005567,
    0.42992812204186365,
    0.42992823586336265,
    0.42992812204186365,
    0.42000018810821654,
    0.4300943168077388,
    0.42000009246382036,
    0.42,
    0.44,
    0.44,
    0.44,
    0.42,
    0.42,
    0.44,
    0.43999979929816113,
    0.43999979929816113,
    0.42000018810821654,
    0.43999992212383865,
    0.42000018810821654,
    0.42000007250005567,
    0.4399998255854976,
    0.4200001424562303,
    0.42000007250005567,
    0.42000011600003784,
    0.4302126619408458,
    0.4301005732689327,
    0.43010054171846496,
    0.42,
    0.42,
    0.43,
    0.43073903261946883,
    0.43,
    0.42,
    0.42000007250005567,
    0.4200001745135307,
    0.42000018810821654,
    0.4200001745135307,
    0.42000018810821654,
    0.4299998080356286,
    0.4299999429203111,
    0.4299998080356286,
    0.42000018810821654,
    0.4389422506788916,
    0.42,
    0.42,
    0.43,
    0.4200000072500044,
    0.42000005800004253,
    0.43,
    0.42,
    0.42000000464000087,
    0.43,
    0.42,
    0.42,
    0.43,
    0.43,
    0.42,
    0.42999995085711334,
    0.4200000241666824,
    0.43,
    0.43,
    0.4299998611810379,
    0.4200001461418105,
    0.4200000697744802,
    0.4200000072500044,
    0.4200001237334719,
    0.43,
    0.42,
    0.42,
    0.42000010707698565,
    0.4299998279998968,
    0.420000142193697,
    0.4299998279998968,
    0.42,
    0.43,
    0.420000616251271,
    0.43,
    0.42,
    0.42000001082666794,
    0.4299998279998968,
    0.4299999835818173,
    0.43,
    0.42,
    0.42,
    0.42999998140864537,
    0.4200000017400001,
    0.42,
    0.43,
    0.43,
    0.42,
    0.4299998279998968,
    0.42000000603200016,
    0.43,
    0.42,
    0.4200001237334719,
    0.43,
    0.42,
    0.42000004855814677,
    0.42,
    0.4200001237334719,
    0.4299999951941176,
    0.42,
    0.43,
    0.43,
    0.4200001237334719,
    0.42,
    0.42000010707698565,
    0.43,
    0.42,
    0.42,
    0.4299999635434734,
    0.43,
    0.42,
    0.43,
    0.42,
    0.42,
    0.42,
    0.43,
    0.42,
    0.43,
    0.42,
    0.42,
    0.43,
    0.4200022040357054,
    0.42,
    0.43,
    0.42,
    0.43,
    0.43,
    0.42,
    0.43,
    0.4299999706166638,
    0.42,
    0.42,
    0.4200000139200011,
    0.43,
    0.42,
    0.42,
    0.43,
    0.42,
    0.42000000115298985,
    0.43,
    0.42,
    0.43,
    0.43,
    0.42,
    0.42,
    0.4299998279998968,
    0.43,
    0.42000000464000087,
    0.43,
    0.42,
    0.4299998279998968,
    0.42,
    0.43,
    0.43,
    0.43,
    0.42000023200106723,
    0.4300080972687046,
    0.4300080988022681,
    0.439999673142633,
    0.4200001378218859,
    0.43,
    0.43,
    0.4399998469564419,
    0.42000018810821654,
    0.43,
    0.43,
    0.4299998279998968,
    0.43,
    0.4299999858519377,
    0.42000001546666754,
    0.43,
    0.43,
    0.43,
    0.43,
    0.44,
    0.44,
    0.44,
    0.44,
    0.44,
    0.44,
    0.44,
    0.44,
    0.44,
    0.44,
    0.4299181973130798,
    0.4299181467562639,
    0.4299182118164526,
    0.43005349794238684,
    0.42000023200106723,
    0.42000023200106723,
    0.43078971498596913,
    0.42999999763499996,
    0.42000000116,
    0.4200000017400001,
    0.4200001740002958,
    0.42,
    0.4200000060760558,
    0.42,
    0.42,
    0.4200001740002958,
    0.4200003248011173,
    0.42999998932541794,
    0.4200001740002958,
    0.4200001740002958,
    0.4200001740002958,
    0.4299998279998968,
    0.4299998279998968,
    0.4299998279998968,
    0.42000000464000087,
    0.4200001740002958,
    0.4200005651305526,
    0.4200001740002958,
    0.4200001740002958,
    0.4299998279998968,
    0.4299998279998968,
    0.42,
    0.4200001740002958,
    0.42000009860008186,
    0.42000009860008186,
    0.4200001740002958,
    0.42,
    0.42,
    0.43,
    0.42,
    0.43,
    0.42,
    0.4200022040357054,
    0.43,
    0.4200000305263195,
    0.42,
    0.4200000017400001,
    0.42,
    0.4100001376670934,
    0.42016021379037244,
    0.42016021385996594,
    0.42,
    0.41,
    0.42,
    0.41,
    0.4100000004932337,
    0.42,
    0.41,
    0.42,
    0.41,
    0.41,
    0.42,
    0.42,
    0.4200000017400001,
    0.42000023200106723,
    0.4200003866676978,
    0.42000043085805383,
    0.41,
    0.4200475677080101,
    0.42004755659846216,
    0.4201017578671551,
    0.41,
    0.42008445963779484,
    0.42013947014714237,
    0.42013947140866825,
    0.42013947013632713,
    0.41,
    0.4199518748843233,
    0.42006713554987213,
    0.41000000057981556,
    0.42,
    0.43,
    0.42000009860008186,
    0.4200003866676978,
    0.43,
    0.4455445509263796,
    0.43000007024649495,
    0.44,
    0.44,
    0.44,
    0.44,
    0.4499999549999955,
    0.44,
    0.4400559142296073,
    0.44005591443215686,
    0.4400559139908719,
    0.4398673840799305,
    0.4300001639459758,
    0.4400001568001129,
    0.44,
    0.4501061776762949,
    0.45010617761792243,
    0.4501061782667608,
    0.4500673968952601,
    0.4500673969968839,
    0.4500673968700094,
    0.4599994019977874,
    0.4499082298392232,
    0.4499081940205898,
    0.4500977653631285,
    0.450053715308863,
    0.4400011200089601,
    0.44,
    0.4399992079974656,
    0.4300009120031008,
    0.4399992079974656,
    0.4300009120031008,
    0.4399992079974656,
    0.4300009120031008,
    0.43999999207999974,
    0.4300000082080002,
    0.4399992079974656,
    0.43,
    0.43000167648106624,
    0.44,
    0.4399992079974656,
    0.4399992079974656,
    0.439999998064,
    0.4399992079974656,
    0.4399992079974656,
    0.42821533333333334,
    0.42,
    0.42,
    0.42,
    0.41000112100347513,
    0.4199992019975262,
    0.41000112100347513,
    0.4199992019975262,
    0.41000112100347513,
    0.4199992019975262,
    0.4199992019975262,
    0.4199999928444443,
    0.41000112100347513,
    0.4199992019975262,
    0.41000112100347513,
    0.42,
    0.4199992019975262,
    0.4199999831999973,
    0.41000112100347513,
    0.4199999893129767,
    0.41,
    0.41,
    0.41,
    0.4199992019975262,
    0.4199992019975262,
    0.42,
    0.41000015340011353,
    0.41000112100347513,
    0.41000112100347513,
    0.4100000295000044,
    0.42,
    0.42,
    0.41000005900000885,
    0.41,
    0.41,
    0.41,
    0.42,
    0.42,
    0.42,
    0.41,
    0.4199998235998977,
    0.41000015340011353,
    0.41,
    0.41000000575923123,
    0.41000001573333467,
    0.4200518494233894,
    0.42005184975562027,
    0.42005184941683,
    0.42,
    0.43,
    0.41997610406031877,
    0.42,
    0.42003645699650705,
    0.4200364565968867,
    0.43,
    0.4200364566643728,
    0.42005202102682765,
    0.4299998279998968,
    0.4201211705836146,
    0.41000001107415684,
    0.41,
    0.4201211145626893,
    0.42,
    0.41988969128996695,
    0.42,
    0.42,
    0.4100000059068525,
    0.43,
    0.43,
    0.43,
    0.43,
    0.43,
    0.4201258178730885,
    0.42012582001806975,
    0.41985952152898537,
    0.4198595028915207,
    0.41000015340011353,
    0.4198595270844961,
    0.43,
    0.42,
    0.41,
    0.41,
    0.4100000295000044,
    0.42,
    0.4200917178398348,
    0.42009171813607143,
    0.42,
    0.42,
    0.41,
    0.41,
    0.41,
    0.41,
    0.41,
    0.41,
    0.41,
    0.42,
    0.42,
    0.41000015340011353,
    0.4100000295000044,
    0.42805013279648896,
    0.42013712391094454,
    0.42013712568451733,
    0.42013712396820313,
    0.41,
    0.41000001383100854,
    0.4198656345660196,
    0.41986566761831495,
    0.4198656095021784,
    0.41,
    0.41,
    0.42,
    0.41,
    0.41,
    0.41,
    0.41,
    0.42,
    0.4200609404381465,
    0.4200609409130123,
    0.420060940299873,
    0.4200858634606042,
    0.4200858638846631,
    0.42008586423112315,
    0.42,
    0.41996789461168016,
    0.4299998279998968,
    0.41,
    0.42,
    0.41,
    0.42010892356288976,
    0.4200350885042327,
    0.42003508783248533,
    0.4200350886845719,
    0.42,
    0.42,
    0.42,
    0.42,
    0.42,
    0.43,
    0.43,
    0.4299994409988634,
    0.42,
    0.41,
    0.4200003866676978,
    0.4200225670771258,
    0.4200225670408724,
    0.42009678859830313,
    0.4100001376670934,
    0.42008855362413905,
    0.4199721839944368,
    0.43,
    0.43,
    0.43,
    0.41,
    0.43,
    0.43,
    0.43,
    0.43,
    0.42,
    0.4201505139500734,
    0.43,
    0.43,
    0.43,
    0.43,
    0.43,
    0.43,
    0.43,
    0.43,
    0.43,
    0.43,
    0.43,
    0.4299945532207666,
    0.43,
    0.43,
    0.43,
    0.43,
    0.43,
    0.43,
    0.43,
    0.43,
    0.43,
    0.42,
    0.42,
    0.42,
    0.42,
    0.42,
    0.42,
    0.42,
    0.42,
    0.4100000162087952,
    0.41000003034286425,
    0.4100001376670934,
    0.41,
    0.41,
    0.42006253918209924,
    0.42006253950133043,
    0.4199549885576441,
    0.41995497880019755,
    0.4199996079990592,
    0.4100001376670934,
    0.4199999453999798,
    0.42,
    0.4199998235998977,
    0.41,
    0.41,
    0.41,
    0.41,
    0.4099999719315354,
    0.41,
    0.41,
    0.41,
    0.3900000082829466,
    0.4199998235998977,
    0.4199996079990592,
    0.41999998809999933,
    0.4199996079990592,
    0.4199996079990592,
    0.41,
    0.4100001376670934,
    0.41,
    0.41,
    0.4199996079990592,
    0.41,
    0.41,
    0.42,
    0.42,
    0.42,
    0.41,
    0.41999997275675116,
    0.4199996079990592,
    0.4100001376670934,
    0.4199999831999973,
    0.42,
    0.4100002138751898,
    0.4199996079990592,
    0.41,
    0.4100001376670934,
    0.41,
    0.42193354726199905,
    0.41,
    0.41,
    0.41,
    0.4199999831999973,
    0.41,
    0.42,
    0.41,
    0.4299994409988634,
    0.42,
    0.41,
    0.42,
    0.43,
    0.4299990324973394,
    0.43,
    0.43,
    0.40995413624502464,
    0.40995414932645735,
    0.40009379888288943,
    0.40009379886888014,
    0.4101658925016589,
    0.41016493896004924,
    0.42,
    0.42,
    0.4,
    0.40995768542776967,
    0.4099577035625478,
    0.39991365889464936,
    0.37,
    0.41,
    0.4199999831999973,
    0.4,
    0.38,
    0.4098595364799717,
    0.3500567108165589,
    0.41,
    0.41,
    0.4023529411764706,
    0.41,
    0.41,
    0.40999998524421455,
    0.41,
    0.41,
    0.41,
    0.41,
    0.32,
    0.41,
    0.31,
    0.31,
    0.3200279658276095,
    0.32002796581594956,
    0.4,
    0.4,
    0.4,
    0.4299999770788876,
    0.4,
    0.43,
    0.4,
    0.4000000034285715,
    0.41,
    0.43,
    0.43,
    0.43,
    0.4,
    0.43,
    0.43,
    0.43,
    0.43,
    0.4099999759655159,
    0.43,
    0.4099999766872667,
    0.4099999708578416,
    0.40999997747815076,
    0.40999996837465374,
    0.4099999840028885,
    0.42,
    0.4099999732244879,
    0.40999997454853143,
    0.43,
    0.43,
    0.43,
    0.41,
    0.40000000532136637,
    0.42969400175476924,
    0.4198693500898955,
    0.43,
    0.42,
    0.42,
    0.41000112100347513,
    0.42,
    0.4199992019975262,
    0.42,
    0.42,
    0.42,
    0.42,
    0.42,
    0.42,
    0.42,
    0.42,
    0.41,
    0.43,
    0.41995185984194894,
    0.4199518646134831,
    0.4000006000024,
    0.4,
    0.41,
    0.41,
    0.41,
    0.44,
    0.44,
    0.43,
    0.4,
    0.43,
    0.43,
    0.43,
    0.44,
    0.43,
    0.43,
    0.43,
    0.43,
    0.44,
    0.43,
    0.43292692939244665,
    0.42640637190094993,
    0.41995616957674936,
    0.4208753158418745,
    0.41,
    0.4101332597736318,
    0.41,
    0.41,
    0.4099995284981847,
    0.4100958055303095,
    0.4,
    0.4,
    0.41989853744088945,
    0.419898548881152,
    0.43,
    0.4228859813084112,
    0.42,
    0.42,
    0.41,
    0.41,
    0.42,
    0.42,
    0.4,
    0.4,
    0.4,
    0.4,
    0.4,
    0.4,
    0.4,
    0.4,
    0.4,
    0.42,
    0.42,
    0.42,
    0.42,
    0.42,
    0.42000023200106723,
    0.43,
    0.44,
    0.43,
    0.43,
    0.44,
    0.44,
    0.43,
    0.43,
    0.42000000464000087,
    0.42,
    0.4399992079974656,
    0.42000000464000087,
    0.42,
    0.43,
    0.43,
    0.42,
    0.44,
    0.42,
    0.42,
    0.44,
    0.44,
    0.42,
    0.42,
    0.42,
    0.42,
    0.42,
    0.42,
    0.44,
    0.44,
    0.4200001740002958,
    0.43536996336996336,
    0.43,
    0.43,
    0.43,
    0.43,
    0.43,
    0.42,
    0.42,
    0.44,
    0.42,
    0.42000023200106723,
    0.42,
    0.43999980639989156,
    0.4200001533886427,
    0.4299998279998968,
    0.4300443897485648,
    0.43004439045842596,
    0.44,
    0.4200001740002958,
    0.42000021946642835,
    0.43,
    0.43000012632436463,
    0.4399998255854976,
    0.4300001216001362,
    0.43,
    0.4300004844257133,
    0.4300000065895991,
    0.43000024075359783,
    0.43,
    0.43999980639989156,
    0.4399999449999639,
    0.4300000031666684,
    0.43999986013240217,
    0.4399999229999654,
    0.4300001216001362,
    0.4394301270417423,
    0.43,
    0.43,
    0.43,
    0.43,
    0.42000009304821295,
    0.42000003118281076,
    0.42000009914536696,
    0.4299998279998968,
    0.42000010707698565,
    0.4200001237334719,
    0.42,
    0.42000001496774636,
    0.42000011600003784,
    0.42000001338462023,
    0.4299999651904624,
    0.42999984806661906,
    0.42999995085711334,
    0.4299999723571348,
    0.42999991026084927,
    0.4299998736874582,
    0.4299998353905594,
    0.4299998736874582,
    0.4299999163888587,
    0.4299999139999484,
    0.42999990309854513,
    0.4299998512781351,
    0.4200000172277308,
    0.42000009304821295,
    0.4299998930143295,
    0.4200001034742571,
    0.4200001003243612,
    0.4200000239175371,
    0.42999998605405326,
    0.42000001082666794,
    0.42000007060871775,
    0.4200000837778122,
    0.4200000110476241,
    0.42,
    0.4200000072500044,
    0.4200000835200548,
    0.4299998736874582,
    0.4299999343683965,
    0.4299999163888587,
    0.42999991026084927,
    0.42999993807998416,
    0.4299998736874582,
    0.42000011600003784,
    0.4200001237334719,
    0.4299998670908293,
    0.4200000697744802,
    0.42999984806661906,
    0.42000004924530204,
    0.42999990044332376,
    0.42000009860008186,
    0.4200000281212278,
    0.4200001491429253,
    0.4299998422301602,
    0.4299998554309585,
    0.4200001099526379,
    0.4299998449179616,
    0.42000000464000087,
    0.4200000188618033,
    0.4299999439130203,
    0.4200000677922439,
    0.4200000188618033,
    0.4299999139999484,
    0.4200001828933035,
    0.42,
    0.42000013689446264,
    0.42999986881352525,
    0.4200001516340464,
    0.4299999439130203,
    0.4299998795054621,
    0.4200000072500044,
    0.4200000139200011,
    0.42,
    0.4200000721531356,
    0.429999891414114,
    0.43,
    0.43,
    0.4400146412884334,
    0.43985323166394136,
    0.43985310650965653,
    0.43000016150008885,
    0.44,
    0.44,
    0.44,
    0.44,
    0.44,
    0.44,
    0.44,
    0.44,
    0.44,
    0.44,
    0.44,
    0.44,
    0.44,
    0.44,
    0.44,
    0.44,
    0.44,
    0.44,
    0.43276304888152445,
    0.43,
    0.43,
    0.4299999870999978,
    0.4100000241803467,
    0.43,
    0.43,
    0.4268692385272538,
    0.43,
    0.4268969294896368,
    0.4299999951266664,
    0.41000003245001443,
    0.41000112100347513,
    0.42999995054998097,
    0.42999999321052584,
    0.42000001883760946,
    0.4299999794347818,
    0.4200003271710068,
    0.42,
    0.44,
    0.4399992079974656,
    0.43999980639989156,
    0.4200005535548988,
    0.4298677590029701,
    0.4298677709399726,
    0.42000000603200016,
    0.4200001740002958,
    0.4399992079974656,
    0.42994556088529623,
    0.42994553668173535,
    0.41,
    0.39000027505776214,
    0.41009519940034556,
    0.41009630274160486,
    0.41009517779882515,
    0.41,
    0.39000001084263836,
    0.42,
    0.4399992079974656,
    0.42000023200106723,
    0.43003764115860493,
    0.43003764274436423,
    0.42997810235238654,
    0.42,
    0.41000000137186515,
    0.41,
    0.39,
    0.41,
    0.4,
    0.3000000019592696,
    0.31,
    0.43,
    0.4199529967931282,
    0.41995303655587385,
    0.41973772896918204,
    0.4198601558976588,
    0.42,
    0.4199794887204025,
    0.42999995238253963,
    0.42000878617378173,
    0.4200087847741193,
    0.41004126902244004,
    0.41,
    0.3999071248073644,
    0.4,
    0.4,
    0.4,
    0.42,
    0.4199999831999973,
    0.36,
    0.39,
    0.36,
    0.38,
    0.38,
    0.39,
    0.37,
    0.37,
    0.37,
    0.35,
    0.39,
    0.36,
    0.38,
    0.36,
    0.38,
    0.37,
    0.35,
    0.39,
    0.39,
    0.35,
    0.37,
    0.36,
    0.39,
    0.42,
    0.39,
    0.38,
    0.35,
    0.35,
    0.37,
    0.38,
    0.35,
    0.39,
    0.36,
    0.35,
    0.36,
    0.35,
    0.37,
    0.37,
    0.38,
    0.35,
    0.36,
    0.36,
    0.36,
    0.38,
    0.37,
    0.38,
    0.36,
    0.37,
    0.34,
    0.35,
    0.35,
    0.3100000001472462,
    0.43008526219519094,
    0.4300852619753279,
    0.43008325067021197,
    0.4300832466866326,
    0.43008324763770406,
    0.43987844860983044,
    0.4298379438703551,
    0.4298379318573716,
    0.42,
    0.42,
    0.4200000017400001,
    0.4399867739252552,
    0.4300922764043464,
    0.43998679788639644,
    0.4300922764315307,
    0.43004334678920947,
    0.43004334658383236,
    0.4499211675785942,
    0.44992116617555866,
    0.43011589412631995,
    0.44000840336134456,
    0.4499211812042658,
    0.43011589466191014,
    0.42,
    0.4501152900651625,
    0.4501152896439235,
    0.45011528960013025,
    0.44989452097029564,
    0.4498945486828519,
    0.4300526317174519,
    0.4300839510318569,
    0.44002282526784237,
    0.4400228252689994,
    0.42000004665849366,
    0.44989767927182767,
    0.4498976745381318,
    0.4498976894913765,
    0.44999084835840536,
    0.44999086227947727,
    0.4499906172607834,
    0.4674756024361101,
    0.42994995248653783,
    0.42994218207510526,
    0.430124771827558,
    0.43012477096527857,
    0.43,
    0.43,
    0.4400492380450425,
    0.4400492379925228,
    0.44004926009846307,
    0.43,
    0.45000347947753455,
    0.4500034797915499,
    0.45000347947136277,
    0.45993217189412555,
    0.44005113910196847,
    0.4400511390075506,
    0.4500093507990483,
    0.4400511391028572,
    0.4498461318037459,
    0.4499159846758579,
    0.43,
    0.42,
    0.4500467582923473,
    0.4599336982378452,
    0.45004675814819517,
    0.450046758123841,
    0.4500467581539464,
    0.44,
    0.4498344560698957,
    0.4499439463122167,
    0.44994395570896584,
    0.44994394633867674,
    0.44,
    0.44,
    0.44990890065404515,
    0.44990894428152495,
    0.44990892290126044,
    0.44,
    0.44,
    0.45985440626732726,
    0.44983654718287897,
    0.450025538124772,
    0.4498429816877418,
    0.44984298634179537,
    0.44,
    0.440087545942818,
    0.44008754662422367,
    0.44993280737883534,
    0.44008754598985744,
    0.4499330216581113,
    0.44993307524214754,
    0.42,
    0.44988472359888515,
    0.44994635631772845,
    0.43,
    0.42,
    0.44993304405856827,
    0.44993305589968946,
    0.4400965575146935,
    0.4499329998969229,
    0.4400625724576867,
    0.45001853813747317,
    0.4500185381448057,
    0.44006257259664,
    0.42000003255031987,
    0.45989598826614103,
    0.4598960724360563,
    0.4598960454267501,
    0.4001376632545005,
    0.41009550548956564,
    0.45984275535789265,
    0.39,
    0.4399302910358004,
    0.43993016449066247,
    0.4501220256740207,
    0.4501220259624692,
    0.4501220259191913,
    0.45995707842037287,
    0.46987216076274807,
    0.4500835363864903,
    0.45008353686429936,
    0.4500835365180386,
    0.39,
    0.39,
    0.39,
    0.4599539999652393,
    0.45995411992165736,
    0.44988137007345297,
    0.4298420889288337,
    0.429842074324009,
    0.410100555305418,
    0.4298421028712485,
    0.41010055497321557,
    0.42,
    0.42,
    0.41003709227845736,
    0.4498813124364174,
    0.42,
    0.42,
    0.41,
    0.44,
    0.41,
    0.43,
    0.43,
    0.4200828460038986,
    0.4599311280038505,
    0.430077764513699,
    0.4399301362445436,
    0.4300777646983726,
    0.43993017154081293,
    0.4599311364262836,
    0.40007228916813947,
    0.4,
    0.41,
    0.4,
    0.4,
    0.41,
    0.4,
    0.4,
    0.4,
    0.4,
    0.41,
    0.4,
    0.41,
    0.41,
    0.41,
    0.41,
    0.44,
    0.44,
    0.43,
    0.43,
    0.44,
    0.42,
    0.43,
    0.42,
    0.42,
    0.43,
    0.43,
    0.44,
    0.42,
    0.42,
    0.42,
    0.45,
    0.44,
    0.44,
    0.45,
    0.44,
    0.46,
    0.44,
    0.45,
    0.46,
    0.45,
    0.47,
    0.44,
    0.47999827198894074,
    0.4700018020118933,
    0.47,
    0.4799153769274949,
    0.47991540329414445,
    0.4799153731711528,
    0.47990565902578797,
    0.4801404380257719,
    0.4801404379101488,
    0.47990738558425056,
    0.4799908467553553,
    0.4799908155645048,
    0.48012099644128114,
    0.48235941500794904,
    0.46,
    0.47017841230630014,
    0.4701043793964148,
    0.46999651413702526,
    0.4699965673322069,
    0.46990168327961257,
    0.4699984772149971,
    0.4699984782085948,
    0.4757491723688578,
    0.4699998777999096,
    0.4819632573287286,
    0.47001065726677904,
    0.4700106576038748,
    0.47007098539315145,
    0.4700709854112729,
    0.47007098505690637,
    0.48333798948949275,
    0.45989278816212853,
    0.4599840021319116,
    0.45998248919615425,
    0.4599824796274387,
    0.45998246772253737,
    0.47,
    0.47,
    0.47,
    0.47,
    0.47,
    0.47,
    0.4600000345600047,
    0.4600000345600047,
    0.45000001052379895,
    0.46,
    0.4700760793855214,
    0.47007607802533846,
    0.47007607802748863,
    0.47003230543318647,
    0.47821887813495273,
    0.46012337217272103,
    0.46,
    0.46003490959666204,
    0.46003490965924965,
    0.46003490966483085,
    0.47212598210406365,
    0.46,
    0.4600000097200008,
    0.46,
    0.46,
    0.45999998159999866,
    0.46,
    0.4700428739907345,
    0.4700428732839078,
    0.47004287258334704,
    0.47,
    0.47,
    0.47,
    0.4698718957125041,
    0.46987186290707333,
    0.46987189176635247,
    0.4698525284856539,
    0.46,
    0.46,
    0.46,
    0.4598908130951068,
    0.47,
    0.47,
    0.47,
    0.4699764061017128,
    0.4699763983596403,
    0.4698439505716472,
    0.46,
    0.4701408461194371,
    0.4701408454654001,
    0.46981769508885884,
    0.4698177690867951,
    0.4698178025766103,
    0.46975520518283387,
    0.47002952755905514,
    0.47011128309584027,
    0.47011128374888844,
    0.4599974259257935,
    0.45,
    0.45,
    0.45,
    0.45986994518067303,
    0.45987626137094595,
    0.4598762659895346,
    0.4598762198979385,
    0.45997587743584656,
    0.45997590937067734,
    0.46009929784978953,
    0.46009929792824855,
    0.44,
    0.46,
    0.45,
    0.46,
    0.47,
    0.48,
    0.47,
    0.45,
    0.45,
    0.46,
    0.45,
    0.49,
    0.5,
    0.4900000204000033,
    0.5,
    0.4900000204000033,
    0.4900001683001128,
    0.5,
    0.49,
    0.49,
    0.49,
    0.49,
    0.4900870732120586,
    0.4900870742532614,
    0.5,
    0.5,
    0.5199071333433428
]
