[
    0.999,
    0.999,
    0.999,
    0.999,
    0.999,
    0.999,
    0.999,
    0.999,
    0.999,
    0.999,
    0.999,
    0.999,
    0.999,
    0.999,
    0.999,
    0.999,
    0.999,
    0.999,
    0.999,
    0.999,
    0.999,
    0.999,
    0.999,
    0.999,
    0.999,
    0.999,
    0.999,
    0.999,
    0.999,
    0.999,
    0.999,
    0.999,
    0.999,
    0.999,
    0.999,
    0.999,
    0.999,
    0.999,
    0.999,
    0.999,
    0.999,
    0.999,
    0.999,
    0.999,
    0.995,
    0.998,
    0.995,
    0.995,
    0.995,
    0.9970107537145547,
    0.99,
    0.96,
    0.97,
    0.97,
    0.97,
    0.9869999752756482,
    0.9700000288000011,
    0.9700000288000011,
    0.97,
    0.97,
    0.9699999992538445,
    0.96,
    0.97,
    0.98,
    0.98,
    0.98,
    0.9879999999234553,
    0.9782857142857143,
    0.9879999999618053,
    0.8363807128186104,
    0.749,
    0.671,
    0.7,
    0.67100000248724,
    0.671,
    0.671,
    0.6710000013620601,
    0.7,
    0.6999999719999955,
    0.7,
    0.731,
    0.731,
    0.8299999086998274,
    0.701,
    0.73,
    0.731,
    0.73,
    0.731,
    0.85,
    0.8199999901599953,
    0.84,
    0.7299998101998596,
    0.73,
    0.71,
    0.76,
    0.7600000972973235,
    0.8399999966399984,
    0.82,
    0.82,
    0.82,
    0.82,
    0.849,
    0.8200000244800015,
    0.839,
    0.83,
    0.82,
    0.8200000041872495,
    0.8472,
    0.83,
    0.8300005912307625,
    0.850938,
    0.84,
    0.84,
    0.84,
    0.86,
    0.85,
    0.87,
    0.8700000071066668,
    0.919795,
    0.8700000210600008,
    0.897,
    0.87,
    0.91,
    0.897,
    0.922,
    0.9496748,
    0.9210000342070023,
    0.9210000142516003,
    0.9210000069757001,
    0.947,
    0.92100000067703,
    0.946999998439175,
    0.87,
    0.931,
    0.935,
    0.947,
    0.9410007594153598,
    0.95,
    0.95,
    0.9494285714285714,
    0.930000135434815,
    0.92,
    0.9300000637000058,
    0.93,
    0.9399996991994947,
    0.939999996673503,
    0.91,
    0.9399996991994947,
    0.93,
    0.9300001288000206,
    0.9300000603448354,
    0.93000063000063,
    0.95,
    0.95,
    0.95,
    0.95,
    0.945,
    0.94,
    0.95,
    0.94000054000054,
    0.95,
    0.94,
    0.94,
    0.93,
    0.95,
    0.922,
    0.91,
    0.93,
    0.931,
    0.932,
    0.93,
    0.9310000201250006,
    0.931,
    0.95,
    0.96,
    0.95,
    0.95,
    0.9660325898935782,
    0.95,
    0.9699999998868607,
    0.97,
    0.97,
    0.9699999988319471,
    0.96,
    0.9789999957664364,
    0.97,
    0.97,
    0.97,
    0.97,
    0.97,
    0.98,
    0.97,
    0.98,
    0.98,
    0.97,
    0.96,
    0.96,
    0.989,
    0.99,
    0.993,
    0.9700000057000001,
    0.95,
    0.99,
    0.98,
    0.979,
    0.985,
    0.985,
    0.99,
    0.99,
    0.99,
    0.994,
    0.99,
    0.99,
    0.99,
    0.99,
    0.99,
    0.99,
    0.993,
    0.993,
    0.99,
    0.995,
    0.997,
    0.99,
    0.99,
    0.9945246368740086,
    0.99,
    0.99,
    0.982,
    0.981,
    0.99,
    0.981,
    0.99,
    0.99,
    0.9899999920161289,
    0.99,
    0.99,
    0.9899999852283343,
    0.98,
    0.9899999996191526,
    0.98,
    0.98,
    0.96,
    0.95,
    0.96,
    0.96,
    0.96,
    0.97,
    0.9699999999722857,
    0.9699999995149995,
    0.95,
    0.97,
    0.95,
    0.94,
    0.95,
    0.9636462839044329,
    0.96,
    0.94,
    0.93,
    0.95,
    0.93,
    0.93,
    0.9299999997264303,
    0.92,
    0.9,
    0.93,
    0.91,
    0.9343133328388835,
    0.9558010543507991,
    0.94,
    0.9300000637000058,
    0.93,
    0.94,
    0.9399999990599994,
    0.93,
    0.9299999992559999,
    0.92,
    0.93,
    0.92,
    0.92,
    0.91,
    0.91,
    0.91,
    0.932232173421041,
    0.9100000154800004,
    0.91,
    0.9100000264000011,
    0.91,
    0.89,
    0.9,
    0.91,
    0.9,
    0.9299999996862347,
    0.92,
    0.9100001005194988,
    0.93,
    0.92,
    0.93,
    0.92,
    0.9453688904257762,
    0.9299999999263892,
    0.88,
    0.8700000097500002,
    0.8899999946599995,
    0.8999999776258524,
    0.88,
    0.8999999985058934,
    0.9182608695652174,
    0.88,
    0.8865853658536585,
    0.87,
    0.87,
    0.87,
    0.88,
    0.8799999964799989,
    0.8799999647998255,
    0.8799999647998255,
    0.88,
    0.88,
    0.88,
    0.8799999989773387,
    0.86,
    0.86,
    0.8600001176000188,
    0.860000021280001,
    0.85,
    0.86,
    0.8500000745341707,
    0.8500000018069387,
    0.85,
    0.8500001125000282,
    0.86,
    0.85,
    0.84,
    0.84,
    0.85,
    0.85,
    0.8499994474992542,
    0.85,
    0.85,
    0.8499994313376077,
    0.8299999976718091,
    0.8200000166500006,
    0.8200000720000072,
    0.8399999740762952,
    0.8200000244800015,
    0.8599999983235866,
    0.8200006821062684,
    0.8200000244800015,
    0.8599999569999126,
    0.84,
    0.81,
    0.81000000625092,
    0.84,
    0.84,
    0.8499999149996685,
    0.84,
    0.8499999983,
    0.84,
    0.84,
    0.8,
    0.8,
    0.8199999097246149,
    0.819999999016,
    0.8,
    0.79,
    0.79,
    0.79,
    0.79,
    0.79,
    0.7800000407000026,
    0.7800000407000026,
    0.79,
    0.7800000229943511,
    0.78,
    0.78,
    0.75,
    0.78,
    0.76,
    0.76,
    0.76,
    0.74,
    0.77,
    0.75,
    0.7699999994353334,
    0.73,
    0.7699999925701745,
    0.7665327169476802,
    0.7419205415395653,
    0.73,
    0.7300000318600026,
    0.759999997416,
    0.7300000104400003,
    0.72,
    0.72,
    0.73,
    0.74,
    0.75,
    0.77,
    0.77,
    0.77,
    0.77,
    0.7599999057362996,
    0.7599999087998286,
    0.72,
    0.7199999797183075,
    0.72,
    0.71,
    0.7194995,
    0.7,
    0.7099999923297317,
    0.71,
    0.71,
    0.71,
    0.7099999923297317,
    0.69,
    0.71,
    0.69,
    0.7099999923297317,
    0.69,
    0.69,
    0.7,
    0.69,
    0.6899999957898304,
    0.69,
    0.68,
    0.68,
    0.65,
    0.67,
    0.6400000230400031,
    0.67,
    0.6617543859649123,
    0.6599998108656129,
    0.67,
    0.6500000385000034,
    0.6500000385000034,
    0.64,
    0.65,
    0.65,
    0.6,
    0.6,
    0.5899999675499855,
    0.6,
    0.5800000168000027,
    0.6,
    0.6,
    0.6,
    0.6,
    0.6,
    0.6,
    0.6,
    0.6,
    0.6,
    0.6,
    0.6,
    0.6,
    0.6,
    0.6,
    0.6,
    0.6,
    0.6,
    0.6099999880736043,
    0.58,
    0.6,
    0.5799999979988498,
    0.59,
    0.59,
    0.58,
    0.58,
    0.5714852123628609,
    0.56,
    0.56,
    0.56,
    0.5599999592727055,
    0.5599999882036274,
    0.540000002064439,
    0.59,
    0.59,
    0.5899999992133333,
    0.5700000000876143,
    0.57,
    0.57,
    0.5899999998112,
    0.5700000129000022,
    0.59,
    0.59,
    0.57,
    0.59,
    0.57,
    0.5899999675499855,
    0.5700000038700002,
    0.59,
    0.5700000038700002,
    0.5700000129000022,
    0.5700000457922149,
    0.59,
    0.59,
    0.59,
    0.5945749234148825,
    0.59,
    0.59,
    0.5899999936744634,
    0.57,
    0.59,
    0.57,
    0.59,
    0.5500000202500012,
    0.5899999915181134,
    0.5899999540259477,
    0.58,
    0.5796245162773471,
    0.5600000139682557,
    0.52,
    0.5638314741058823,
    0.5687101644546696,
    0.55,
    0.5499999214285546,
    0.55,
    0.5599999921403482,
    0.55,
    0.5699999883265063,
    0.57,
    0.55,
    0.55,
    0.52,
    0.5499999724999877,
    0.5200001728001106,
    0.55,
    0.55,
    0.52,
    0.53,
    0.55,
    0.5499999214285546,
    0.5699999965799997,
    0.55,
    0.5599999921403482,
    0.55,
    0.55,
    0.55,
    0.55,
    0.53,
    0.55,
    0.55,
    0.55,
    0.55,
    0.55,
    0.55,
    0.55,
    0.55,
    0.55,
    0.5300018016747742,
    0.55,
    0.55,
    0.530000011280002,
    0.55,
    0.55,
    0.55,
    0.55,
    0.55,
    0.52,
    0.55,
    0.55,
    0.520000019200003,
    0.55,
    0.5499999955999999,
    0.55,
    0.5425274499287225,
    0.53,
    0.53,
    0.5299999344727115,
    0.54,
    0.55,
    0.54,
    0.54,
    0.54,
    0.5200000172800011,
    0.55,
    0.55,
    0.55,
    0.53,
    0.55,
    0.55,
    0.55,
    0.57,
    0.5500000450000045,
    0.57,
    0.55,
    0.5500000450000045,
    0.55,
    0.57,
    0.55,
    0.57,
    0.5500000016875001,
    0.57,
    0.55,
    0.53,
    0.52,
    0.55,
    0.55,
    0.55,
    0.55,
    0.53,
    0.5,
    0.53,
    0.530000011280002,
    0.55,
    0.5300001222000904,
    0.55,
    0.52,
    0.51,
    0.5,
    0.53,
    0.5300000050051199,
    0.5100000196000032,
    0.5031364857572258,
    0.482701638511368,
    0.47,
    0.45000000687500025,
    0.45,
    0.4500000065507387,
    0.47,
    0.48,
    0.5,
    0.49,
    0.46,
    0.48,
    0.47,
    0.4200000017400001,
    0.4531838553669116,
    0.42,
    0.42,
    0.42,
    0.44,
    0.42,
    0.42,
    0.42,
    0.44,
    0.45999999677999986,
    0.46,
    0.45,
    0.44,
    0.44,
    0.44,
    0.42,
    0.42,
    0.42000009860008186,
    0.42,
    0.46,
    0.45,
    0.45,
    0.43000004446001433,
    0.42,
    0.4499999990949316,
    0.42000000580000035,
    0.43,
    0.42,
    0.42,
    0.42,
    0.41,
    0.41,
    0.4,
    0.4,
    0.4,
    0.4,
    0.4,
    0.4,
    0.3700000319701572,
    0.3570728707109655,
    0.34,
    0.34,
    0.35,
    0.36,
    0.37,
    0.37,
    0.37,
    0.41,
    0.39,
    0.3900000244000039,
    0.4,
    0.3900000016512876,
    0.4,
    0.3900000003355,
    0.39,
    0.39,
    0.39,
    0.39000000023201475,
    0.39,
    0.39,
    0.39,
    0.39,
    0.39,
    0.39,
    0.39,
    0.39,
    0.39,
    0.39,
    0.39000000709302357,
    0.39,
    0.39,
    0.39,
    0.39,
    0.39,
    0.39,
    0.39,
    0.39,
    0.39,
    0.3900000244000039,
    0.38,
    0.38,
    0.4,
    0.4099999894083327,
    0.4,
    0.39,
    0.37,
    0.36,
    0.359999998704,
    0.32,
    0.31,
    0.31,
    0.3,
    0.29,
    0.33,
    0.35,
    0.35,
    0.3500000157767012,
    0.3599999423999928,
    0.33,
    0.34000012601441604,
    0.35,
    0.35,
    0.3599999870399992,
    0.3599999870399992,
    0.35,
    0.35,
    0.36,
    0.35000000650000057,
    0.35,
    0.36999997705999915,
    0.35,
    0.35,
    0.35,
    0.37,
    0.37,
    0.4,
    0.4,
    0.4,
    0.4,
    0.39,
    0.3800000023103199,
    0.3700000819000303,
    0.4,
    0.4,
    0.4123442425581049,
    0.38,
    0.38,
    0.3800003542860742,
    0.38,
    0.4502197874655208,
    0.4100000727667062,
    0.41,
    0.40000003934427264,
    0.40065342166975737,
    0.38,
    0.38,
    0.4,
    0.38,
    0.39,
    0.36,
    0.39,
    0.39,
    0.4,
    0.39,
    0.39000000122000006,
    0.39,
    0.3800000223110837,
    0.39,
    0.3900000244000039,
    0.44,
    0.44,
    0.41,
    0.42,
    0.41,
    0.44,
    0.43,
    0.4,
    0.4,
    0.4,
    0.4,
    0.4,
    0.4,
    0.4,
    0.4,
    0.4,
    0.4009090909090909,
    0.38000000248000004,
    0.4,
    0.38000000090933334,
    0.38,
    0.3984,
    0.37,
    0.37000000176400005,
    0.37,
    0.37,
    0.37,
    0.37000000966000113,
    0.36,
    0.35000000063681913,
    0.36,
    0.36,
    0.3528138124125058,
    0.36,
    0.36,
    0.3568764325901229,
    0.34,
    0.32,
    0.33,
    0.34,
    0.34,
    0.34,
    0.34,
    0.34,
    0.3300000020303031,
    0.34,
    0.34,
    0.34,
    0.34,
    0.35,
    0.35999992079997784,
    0.3500000773809739,
    0.35,
    0.3499999986,
    0.32,
    0.34,
    0.35,
    0.35,
    0.35999997695999686,
    0.36,
    0.36,
    0.34,
    0.34,
    0.35,
    0.36,
    0.36,
    0.36,
    0.359999971263854,
    0.36,
    0.36,
    0.3400000012327808,
    0.35,
    0.34,
    0.3599999420911466,
    0.36,
    0.36,
    0.3599999991623923,
    0.35,
    0.35999991925231684,
    0.3599999807572372,
    0.34000000181887974,
    0.35,
    0.35,
    0.35,
    0.34000003960001346,
    0.35,
    0.34000003350862334,
    0.3500005416707292,
    0.3599999997696,
    0.35,
    0.35,
    0.35,
    0.34000000586666695,
    0.35,
    0.35,
    0.33999571714095367,
    0.35999993759999,
    0.3200000009510882,
    0.33,
    0.34,
    0.3300000015517896,
    0.35,
    0.34,
    0.34,
    0.3500000057897865,
    0.35,
    0.35,
    0.35,
    0.35,
    0.3400000003219512,
    0.35,
    0.35,
    0.34998249912495627,
    0.35,
    0.35,
    0.34,
    0.35,
    0.35,
    0.34,
    0.34,
    0.34000020307764167,
    0.35,
    0.3499999754508986,
    0.34000000000251085,
    0.35,
    0.35,
    0.35,
    0.35,
    0.35,
    0.34000000635634225,
    0.35,
    0.35,
    0.35,
    0.34999999979,
    0.34999994749999036,
    0.34000020705916456,
    0.3400000046200002,
    0.3499999973710566,
    0.35,
    0.34000003473687684,
    0.35,
    0.340000000704,
    0.34,
    0.3499999842499991,
    0.34,
    0.34,
    0.34,
    0.34,
    0.3499998627450173,
    0.35,
    0.34,
    0.34999999645814167,
    0.3400000023760001,
    0.3400000046200002,
    0.35,
    0.3400000112101921,
    0.34,
    0.34,
    0.34,
    0.3399999387387222,
    0.3399999989664,
    0.33999998662295045,
    0.33,
    0.33000024363701336,
    0.33000000067,
    0.34,
    0.34,
    0.33,
    0.33,
    0.33,
    0.33,
    0.3399617389746015,
    0.34,
    0.34,
    0.34,
    0.33,
    0.3300000088994315,
    0.33,
    0.34999976666643334,
    0.33000001608000123,
    0.3300000179693551,
    0.3300011390208441,
    0.3499999986,
    0.3499999246411285,
    0.3300000073806627,
    0.3300000375200129,
    0.3300000079572452,
    0.35,
    0.3300000175972792,
    0.34,
    0.33999997859258996,
    0.3300000170784343,
    0.33000044666785777,
    0.33,
    0.33,
    0.339999829999915,
    0.33999960711069205,
    0.3300000538693695,
    0.34,
    0.3300000307339576,
    0.3300000375200129,
    0.33999992046780836,
    0.33000008228072775,
    0.3499999151514843,
    0.330000044966455,
    0.33,
    0.33,
    0.3300000010167032,
    0.34,
    0.34,
    0.33984003552359393,
    0.3300000251535913,
    0.3398399126384282,
    0.3398400364296402,
    0.33,
    0.3300000375200129,
    0.33,
    0.339816686360094,
    0.3400280280316191,
    0.34009240315801537,
    0.33,
    0.34,
    0.34,
    0.3399936983676868,
    0.33999369855843925,
    0.34005106990594347,
    0.3300000346551781,
    0.33,
    0.34,
    0.3499998773884999,
    0.34999992237901817,
    0.3400000144000023,
    0.3300000080425418,
    0.34,
    0.35,
    0.34999997730220345,
    0.34000004230771674,
    0.3400000236506177,
    0.34,
    0.34000001573301697,
    0.33999996599999793,
    0.3300000034114056,
    0.34,
    0.33,
    0.3300005786384941,
    0.3399999808150451,
    0.33000000514593086,
    0.3300000045890442,
    0.35,
    0.34,
    0.34007440740768563,
    0.340074377012731,
    0.340074372858858,
    0.34007443949070065,
    0.34,
    0.3398906,
    0.33987048235888767,
    0.3300000191428593,
    0.33987048145916204,
    0.3398704813161571,
    0.33000000067,
    0.34000047384702864,
    0.3401112398849761,
    0.3499999842499991,
    0.34011120003851086,
    0.3499999912499997,
    0.34,
    0.34,
    0.34999983064510665,
    0.34,
    0.34,
    0.34,
    0.349999439998656,
    0.33978465679676984,
    0.33000036339024935,
    0.3300002948010495,
    0.33000000067,
    0.33,
    0.34,
    0.33999998378461493,
    0.3399999857199992,
    0.34,
    0.33000001608000123,
    0.34,
    0.34,
    0.34,
    0.33000004437088737,
    0.3399998988094937,
    0.3300000188202348,
    0.3399999911599998,
    0.34,
    0.33,
    0.33,
    0.33986277091852396,
    0.33986273213393936,
    0.33000007613652804,
    0.3300000804000707,
    0.3300001888467131,
    0.33,
    0.33,
    0.3396934865290283,
    0.3396934860809272,
    0.33976635457228116,
    0.3397663544958572,
    0.34002228483183966,
    0.3400222956724576,
    0.35,
    0.33,
    0.34,
    0.34,
    0.33,
    0.33000000067,
    0.3300000813571911,
    0.34999985845583553,
    0.33000012598309764,
    0.33,
    0.3401268309771384,
    0.3401268087170436,
    0.33,
    0.33,
    0.34010399342823894,
    0.34010400164054194,
    0.35,
    0.33,
    0.33000000067,
    0.3300001758149021,
    0.3300000804000707,
    0.3300000375200129,
    0.33,
    0.33,
    0.3399999415950841,
    0.3300000088157923,
    0.3300000026800002,
    0.33,
    0.33,
    0.33,
    0.33,
    0.3399999857199992,
    0.33000015536273314,
    0.33,
    0.33000003101852426,
    0.3499999633507796,
    0.3300000165452521,
    0.34014379097445047,
    0.34014382158022577,
    0.3401437859513167,
    0.34999996684210144,
    0.3300000602247588,
    0.34999999935526316,
    0.3400000003020475,
    0.34,
    0.34,
    0.3400000027899627,
    0.34,
    0.3499999894999998,
    0.3400000264000065,
    0.3400000113420671,
    0.3400797641628673,
    0.35,
    0.35,
    0.3400795875497422,
    0.34007971209817306,
    0.34007961673301396,
    0.34007970079048383,
    0.33,
    0.3400778100703557,
    0.3400779049208944,
    0.3499999829268287,
    0.3300000067000044,
    0.3399999982105263,
    0.34,
    0.3499997961164257,
    0.34,
    0.3400001056000359,
    0.3499999614999965,
    0.3400477399647071,
    0.34999999895,
    0.3399001996007984,
    0.33977787115888913,
    0.3300000268000056,
    0.339777872302943,
    0.33977787195313475,
    0.33000001601593903,
    0.34999996139705597,
    0.3300001169128882,
    0.34999995093457104,
    0.3499999481481366,
    0.34000001014409303,
    0.33000003026480557,
    0.33,
    0.33000000781666916,
    0.3400822593354253,
    0.3400822520246756,
    0.33000036339024935,
    0.34,
    0.34999993772240884,
    0.33,
    0.33,
    0.3300000050250002,
    0.34,
    0.33000000032045623,
    0.33000002968543823,
    0.34,
    0.3400000158400012,
    0.33,
    0.34,
    0.3499999433656866,
    0.3300001441143062,
    0.34,
    0.34000003960001346,
    0.3499999991175796,
    0.33000001772487103,
    0.34999996587743115,
    0.34,
    0.34,
    0.3399999560544125,
    0.33,
    0.339859496124031,
    0.33,
    0.3300000064025231,
    0.34,
    0.339999829999915,
    0.33,
    0.3408545494696818,
    0.3398578197272272,
    0.3400102472698594,
    0.33,
    0.33000000170187477,
    0.33,
    0.33,
    0.33,
    0.33986402035450625,
    0.3398640201810616,
    0.3499998774999204,
    0.33988193601325467,
    0.3300000804000707,
    0.3499998774999204,
    0.3300000044666726,
    0.3300000050250002,
    0.3300000804000707,
    0.33989965141587763,
    0.33,
    0.3401315800396709,
    0.33000000080939745,
    0.34013159656751185,
    0.3300000788236361,
    0.34,
    0.34000010083338794,
    0.3400000158400012,
    0.3400942503000204,
    0.3400942378103719,
    0.35,
    0.3400942287513116,
    0.3300000067000044,
    0.33,
    0.33,
    0.33,
    0.34,
    0.33,
    0.34,
    0.34,
    0.34,
    0.34,
    0.34,
    0.33000000531891605,
    0.33000000134,
    0.3399999967789473,
    0.33999999372058376,
    0.33999994106665726,
    0.33000001411499075,
    0.33,
    0.33,
    0.33,
    0.33,
    0.33,
    0.3300000369291609,
    0.3399998315595619,
    0.33999978969063493,
    0.3300000804000707,
    0.33,
    0.33000001608000123,
    0.34,
    0.34,
    0.34000058666940447,
    0.3499999614999965,
    0.349999929999979,
    0.34,
    0.34,
    0.3499999842499991,
    0.34,
    0.34,
    0.3400000736059945,
    0.34,
    0.3499998774999204,
    0.349999917785199,
    0.3400000424752553,
    0.34999990962439403,
    0.3400000046200002,
    0.34,
    0.34,
    0.33,
    0.33,
    0.33,
    0.33,
    0.33,
    0.33,
    0.33,
    0.33,
    0.33,
    0.33,
    0.34,
    0.34,
    0.34,
    0.34,
    0.34,
    0.34,
    0.34,
    0.34,
    0.34,
    0.34,
    0.3300000026800002,
    0.3300000375200129,
    0.33999990479996317,
    0.33000007909732276,
    0.33,
    0.3300000071466704,
    0.33000002007490953,
    0.33000001608000123,
    0.3399999731392897,
    0.33,
    0.33,
    0.33,
    0.33,
    0.33,
    0.33,
    0.33,
    0.33,
    0.33,
    0.34,
    0.34,
    0.34,
    0.34,
    0.34,
    0.34,
    0.34,
    0.34,
    0.34,
    0.33000000467441964,
    0.3399999421999809,
    0.3300000050250002,
    0.3300000026800002,
    0.3300000028586667,
    0.3300000050250002,
    0.3399990479979056,
    0.34,
    0.33,
    0.33000001576471477,
    0.3300000804000707,
    0.3399999632799966,
    0.33,
    0.3300002948010495,
    0.3300000804000707,
    0.3300000084866677,
    0.33,
    0.33,
    0.34,
    0.34,
    0.33000003301451025,
    0.3300000804000707,
    0.33,
    0.3300000050250002,
    0.3300000375200129,
    0.339999829999915,
    0.33,
    0.33000000111491073,
    0.33,
    0.3399999949548386,
    0.33000017601705206,
    0.3399999677250387,
    0.33,
    0.3300000804000707,
    0.33,
    0.34,
    0.34,
    0.33000000985294264,
    0.33000003631438085,
    0.33000002032584436,
    0.3399999632799966,
    0.3300000020303031,
    0.3399999834722211,
    0.3300000050250002,
    0.33000008148653165,
    0.33,
    0.34,
    0.33000001240741483,
    0.339999985493333,
    0.3399999625507179,
    0.3300000050250002,
    0.33,
    0.33000001425532044,
    0.3300000375200129,
    0.33000000781666916,
    0.3300000050250002,
    0.3300000026800002,
    0.33999998158013434,
    0.33,
    0.33,
    0.330000012065679,
    0.33,
    0.33,
    0.33000001397156636,
    0.33,
    0.34,
    0.34,
    0.330000182727389,
    0.330000026360672,
    0.33000001608000123,
    0.33,
    0.33,
    0.33,
    0.3399998779486835,
    0.33,
    0.33,
    0.330000182727389,
    0.3300001702461375,
    0.3399999857199992,
    0.330000030923085,
    0.3300000804000707,
    0.33,
    0.33,
    0.33,
    0.3399999857199992,
    0.33999997997969456,
    0.33,
    0.3300001914289074,
    0.3300000137860108,
    0.33,
    0.3300000050250002,
    0.33,
    0.33,
    0.33,
    0.33000000034904925,
    0.33,
    0.33,
    0.33000000019142856,
    0.33,
    0.33,
    0.33,
    0.33,
    0.33000086143361695,
    0.33,
    0.33,
    0.33,
    0.3300000804000707,
    0.33,
    0.3300000375200129,
    0.3300000469426868,
    0.3300002948010495,
    0.3300000375200129,
    0.34,
    0.34,
    0.3300000050250002,
    0.3300000804000707,
    0.3399999632799966,
    0.3300000804000707,
    0.33,
    0.34,
    0.3399999693999951,
    0.33,
    0.34,
    0.33,
    0.33,
    0.34,
    0.33,
    0.33,
    0.33,
    0.34,
    0.34,
    0.33988698683432056,
    0.33,
    0.33,
    0.33000000077011493,
    0.3398869864974879,
    0.3398869871596652,
    0.3400444299430379,
    0.3399692590002614,
    0.33996925843370335,
    0.34,
    0.3300000088741735,
    0.3439904687111398,
    0.3300000028140001,
    0.33999999455999985,
    0.33,
    0.3300000268000056,
    0.33,
    0.33,
    0.33980229569367815,
    0.3398022949610335,
    0.3300000804000707,
    0.339999829999915,
    0.34,
    0.35,
    0.33000037026392764,
    0.3300003941197336,
    0.35,
    0.35,
    0.35,
    0.35,
    0.35,
    0.33,
    0.33,
    0.3399748953648161,
    0.33000002397895156,
    0.33000001608000123,
    0.3300000044666726,
    0.33,
    0.330000018910634,
    0.33,
    0.34002450857319294,
    0.3400244709811466,
    0.34999994807120893,
    0.3300000375200129,
    0.34999996818181583,
    0.33,
    0.3300000050250002,
    0.33000000286324865,
    0.33000002601944173,
    0.33,
    0.3300000375200129,
    0.3300000268000056,
    0.3300000062806576,
    0.3400343391927681,
    0.3499999345794209,
    0.34003434917978625,
    0.3400343340301531,
    0.34003671509215205,
    0.340483814961997,
    0.33000000118235295,
    0.33,
    0.3300000375200129,
    0.33,
    0.33,
    0.35,
    0.35,
    0.3300000067000044,
    0.33,
    0.3400070035201274,
    0.34000818406219885,
    0.33,
    0.3300000210757928,
    0.3401064920730945,
    0.3401065084123931,
    0.3401065547795555,
    0.34010649361994333,
    0.3300000375200129,
    0.330000015889334,
    0.3401178013978799,
    0.34999990056815355,
    0.34011781788531453,
    0.34999973584875754,
    0.3300000375200129,
    0.3398439420661643,
    0.3398439421897294,
    0.3300000375200129,
    0.35,
    0.33000000015950515,
    0.33,
    0.34,
    0.34,
    0.34,
    0.34,
    0.34,
    0.3400000581874042,
    0.34,
    0.34,
    0.35,
    0.35,
    0.34000003960001346,
    0.34,
    0.34,
    0.35,
    0.35,
    0.3499999842499991,
    0.34999999854166663,
    0.3499999992768595,
    0.34,
    0.3499999974333333,
    0.34,
    0.34,
    0.35,
    0.35,
    0.3400004620019866,
    0.3400000091530464,
    0.34,
    0.34,
    0.35,
    0.35,
    0.3400001329498048,
    0.34000003118112543,
    0.34,
    0.34,
    0.34,
    0.35,
    0.35,
    0.34000023760086484,
    0.34000013391311334,
    0.34,
    0.34,
    0.35,
    0.35,
    0.34000003473687684,
    0.34,
    0.3400000027032563,
    0.34,
    0.35,
    0.34000010083338794,
    0.3499998774999204,
    0.34000007700011936,
    0.34000002475001456,
    0.34000003960001346,
    0.34,
    0.35,
    0.34999807499133745,
    0.3499999922651931,
    0.34000012257149337,
    0.34000007040003943,
    0.3400002318921238,
    0.34,
    0.3400001115493555,
    0.34,
    0.35,
    0.34000007040003943,
    0.34000007040003943,
    0.3400001440002304,
    0.34,
    0.34,
    0.35,
    0.3400015840120385,
    0.34,
    0.34,
    0.34,
    0.35,
    0.35,
    0.34000003960001346,
    0.34000000942857195,
    0.349999929999979,
    0.34,
    0.34,
    0.34,
    0.349999929999979,
    0.34999994749999036,
    0.35,
    0.34,
    0.3499992124978344,
    0.35403382085832547,
    0.34,
    0.34000020910905165,
    0.34000020910905165,
    0.34000000849084644,
    0.3400001033044215,
    0.3400001033044215,
    0.34000013081090275,
    0.3400000017824074,
    0.34,
    0.34,
    0.34,
    0.35,
    0.34,
    0.3499999968875055,
    0.3399581339712919,
    0.34002147959694506,
    0.33995835245875344,
    0.33995831988208053,
    0.34999998795476817,
    0.3300000050250002,
    0.3499992124978344,
    0.3300000804000707,
    0.33000000125601514,
    0.34,
    0.35,
    0.34000003960001346,
    0.34000000165,
    0.34,
    0.34,
    0.34,
    0.35,
    0.35,
    0.35,
    0.35,
    0.35,
    0.35,
    0.35,
    0.35,
    0.35,
    0.35,
    0.34,
    0.35,
    0.35,
    0.35,
    0.35,
    0.35,
    0.34000003960001346,
    0.3499999614999965,
    0.349999439998656,
    0.34,
    0.34000001820690234,
    0.3499999042968264,
    0.340000001056,
    0.3499999842499991,
    0.34,
    0.34,
    0.34000012423556303,
    0.35,
    0.3400000135153673,
    0.34,
    0.3400000828986204,
    0.3499998094058557,
    0.34,
    0.34999998667820026,
    0.34000000190889385,
    0.349999999125,
    0.3400000046200002,
    0.35,
    0.35,
    0.34000019038492657,
    0.3300000050250002,
    0.33,
    0.3300000804000707,
    0.3300000050250002,
    0.3300000804000707,
    0.3300000804000707,
    0.3300000804000707,
    0.3300002948010495,
    0.34,
    0.34,
    0.34,
    0.34,
    0.3300000011793376,
    0.34,
    0.34,
    0.34,
    0.3400000040228573,
    0.34,
    0.34,
    0.34,
    0.34,
    0.3499998774999204,
    0.34,
    0.3499999862794008,
    0.349999929999979,
    0.3499998774999204,
    0.34,
    0.34,
    0.34,
    0.34,
    0.34,
    0.34,
    0.34,
    0.34,
    0.34,
    0.34,
    0.34,
    0.34,
    0.34,
    0.34,
    0.3400000054410561,
    0.34,
    0.34,
    0.34,
    0.3499998774999204,
    0.34,
    0.34,
    0.34,
    0.34,
    0.34,
    0.34,
    0.34,
    0.34,
    0.34,
    0.34,
    0.34,
    0.34,
    0.34,
    0.3499998774999204,
    0.35,
    0.35,
    0.35,
    0.34,
    0.34,
    0.35,
    0.34,
    0.35,
    0.35,
    0.3499973749759373,
    0.35,
    0.3499999892165487,
    0.35,
    0.35,
    0.35,
    0.34,
    0.35,
    0.34,
    0.35,
    0.34,
    0.35,
    0.35,
    0.35,
    0.34,
    0.35,
    0.3400000073503483,
    0.34,
    0.35,
    0.34,
    0.34,
    0.34,
    0.34,
    0.34,
    0.34,
    0.34,
    0.34,
    0.34,
    0.34,
    0.35,
    0.34,
    0.34,
    0.34,
    0.34,
    0.34,
    0.34,
    0.35,
    0.35,
    0.34,
    0.34,
    0.34,
    0.34,
    0.34,
    0.34,
    0.3400000046200002,
    0.34,
    0.34,
    0.33000000377464894,
    0.33,
    0.33,
    0.3300000152272747,
    0.3300000152272747,
    0.3300001015152699,
    0.3300000152272747,
    0.3300000152272747,
    0.35,
    0.35,
    0.35,
    0.35,
    0.35,
    0.34999937903135664,
    0.34999986940293637,
    0.3499998271603658,
    0.35,
    0.35,
    0.35,
    0.35,
    0.35,
    0.34,
    0.34,
    0.34,
    0.34,
    0.34,
    0.34,
    0.35,
    0.35,
    0.35,
    0.3400000264000065,
    0.35,
    0.35,
    0.34,
    0.35,
    0.35,
    0.35,
    0.35,
    0.35,
    0.3400004620019866,
    0.34,
    0.34,
    0.34,
    0.34,
    0.34,
    0.34,
    0.35,
    0.35,
    0.35,
    0.35,
    0.35,
    0.35,
    0.35,
    0.35,
    0.340000001056,
    0.3400004620019866,
    0.3399314681860022,
    0.33981723820400506,
    0.3300000804000707,
    0.34,
    0.33000000052215606,
    0.34,
    0.34,
    0.35,
    0.34,
    0.35,
    0.3400004620019866,
    0.35,
    0.34,
    0.35,
    0.35,
    0.35,
    0.34,
    0.34,
    0.34,
    0.34,
    0.34,
    0.34,
    0.34,
    0.34,
    0.35,
    0.35,
    0.35,
    0.35,
    0.35,
    0.35,
    0.34,
    0.34,
    0.34,
    0.34,
    0.34,
    0.34,
    0.3400000880002816,
    0.34,
    0.3400000880002816,
    0.34,
    0.34,
    0.34,
    0.34,
    0.34,
    0.34,
    0.34,
    0.34,
    0.34,
    0.34,
    0.34,
    0.34,
    0.34,
    0.34,
    0.34,
    0.34,
    0.34,
    0.34,
    0.34,
    0.34,
    0.34,
    0.34,
    0.34,
    0.34,
    0.34,
    0.34,
    0.34,
    0.34,
    0.34,
    0.34,
    0.34,
    0.34,
    0.34,
    0.34,
    0.34,
    0.34,
    0.34,
    0.34,
    0.34,
    0.34,
    0.34,
    0.34,
    0.34,
    0.34,
    0.35,
    0.35,
    0.35,
    0.35,
    0.35,
    0.35,
    0.35,
    0.35,
    0.35,
    0.34,
    0.34,
    0.34,
    0.34,
    0.34,
    0.34,
    0.34,
    0.34,
    0.34,
    0.3400006034297438,
    0.34,
    0.34,
    0.34,
    0.33,
    0.33996821355405843,
    0.34,
    0.34,
    0.33,
    0.33,
    0.34,
    0.34,
    0.34,
    0.3400000111692323,
    0.34,
    0.34,
    0.34,
    0.34,
    0.34,
    0.34,
    0.34,
    0.34,
    0.34,
    0.34,
    0.34,
    0.34,
    0.34,
    0.34,
    0.34,
    0.34,
    0.34,
    0.34,
    0.34,
    0.34,
    0.34,
    0.34,
    0.34,
    0.34,
    0.34,
    0.34,
    0.34,
    0.34,
    0.34,
    0.34,
    0.34,
    0.34,
    0.34,
    0.34,
    0.34,
    0.34,
    0.34,
    0.34,
    0.34,
    0.34,
    0.34,
    0.34,
    0.34,
    0.34000058666940447,
    0.3499998774999204,
    0.34000020705916456,
    0.34,
    0.34,
    0.34,
    0.34,
    0.34,
    0.34,
    0.34,
    0.34,
    0.34,
    0.34,
    0.3400001440002304,
    0.34999992473115854,
    0.34000000445946094,
    0.35,
    0.35,
    0.35,
    0.35,
    0.35,
    0.35,
    0.35,
    0.35,
    0.35,
    0.3400001074419679,
    0.3400000158400012,
    0.34999980978250533,
    0.3499998774999204,
    0.34999959166578193,
    0.34,
    0.34,
    0.34,
    0.34,
    0.34,
    0.34,
    0.34,
    0.34,
    0.34,
    0.34,
    0.34,
    0.34,
    0.34,
    0.34,
    0.34,
    0.35,
    0.35,
    0.35,
    0.35,
    0.35,
    0.35,
    0.35,
    0.35,
    0.35,
    0.34,
    0.349999994994637,
    0.35,
    0.35,
    0.35,
    0.34000000563819505,
    0.34,
    0.3400000158400012,
    0.3400001056000359,
    0.34,
    0.34,
    0.34,
    0.34,
    0.3499999614999965,
    0.34,
    0.34,
    0.34,
    0.34,
    0.34,
    0.35,
    0.35,
    0.34,
    0.3400001922331404,
    0.34000000592459706,
    0.34000000163568783,
    0.349999985655737,
    0.34999998495270784,
    0.34,
    0.3400000112377223,
    0.3400001062071236,
    0.34,
    0.349999994471568,
    0.3400000017864662,
    0.34,
    0.3499999812404269,
    0.34000000942857195,
    0.34,
    0.3499999894999998,
    0.34,
    0.3400000148030352,
    0.34,
    0.34,
    0.34,
    0.34,
    0.34000006545459305,
    0.34,
    0.34000058666940447,
    0.3400000004141362,
    0.34,
    0.3400001711117005,
    0.34000020910905165,
    0.3400001329498048,
    0.34,
    0.34,
    0.34,
    0.3300000804000707,
    0.33,
    0.3399997540422078,
    0.33,
    0.3300000050250002,
    0.33984168813543014,
    0.33984168768719303,
    0.3398416883079371,
    0.34,
    0.33,
    0.34,
    0.3300000004041965,
    0.34,
    0.3499992124978344,
    0.35,
    0.3499992124978344,
    0.35,
    0.34999984855761224,
    0.35,
    0.35,
    0.3499992124978344,
    0.35,
    0.34,
    0.34,
    0.35,
    0.34,
    0.3400004620019866,
    0.3499992124978344,
    0.34,
    0.35,
    0.34,
    0.3400000014037775,
    0.35,
    0.34,
    0.34,
    0.3400004620019866,
    0.35,
    0.34000003960001346,
    0.34,
    0.34,
    0.35,
    0.3499992124978344,
    0.3400004620019866,
    0.34000007040003943,
    0.3499992124978344,
    0.34,
    0.34000000280415554,
    0.34,
    0.34,
    0.35,
    0.3400004620019866,
    0.34,
    0.34,
    0.35,
    0.3499992124978344,
    0.34,
    0.34,
    0.34,
    0.3400004620019866,
    0.35,
    0.3499935832370819,
    0.3499992124978344,
    0.3300000860825843,
    0.34,
    0.34,
    0.34,
    0.34,
    0.35,
    0.35,
    0.3400001056000359,
    0.34,
    0.35712097417997285,
    0.3300000022754288,
    0.34,
    0.34,
    0.34,
    0.34,
    0.34,
    0.34,
    0.34,
    0.35,
    0.3400000158400012,
    0.3400004620019866,
    0.34000000088000004,
    0.3400000158400012,
    0.34000004168429565,
    0.34,
    0.35,
    0.34,
    0.35,
    0.34,
    0.35,
    0.34,
    0.35,
    0.33000000136178875,
    0.3400113156471993,
    0.3400113038520812,
    0.33,
    0.35,
    0.3448275862068966,
    0.3400548549107143,
    0.3400549077062174,
    0.33,
    0.34,
    0.35,
    0.33,
    0.33987862597774987,
    0.33987771138799955,
    0.33987862471488806,
    0.33987862566016946,
    0.3300000050250002,
    0.3300000670003283,
    0.3300000191428593,
    0.34,
    0.35,
    0.34,
    0.35,
    0.3499992124978344,
    0.34001941500587196,
    0.3400193420685244,
    0.35,
    0.33,
    0.33,
    0.33000000597947365,
    0.34,
    0.34,
    0.3300000670003283,
    0.3399990479979056,
    0.3300000670003283,
    0.3399990479979056,
    0.3300000670003283,
    0.3399990479979056,
    0.33,
    0.33978181765261406,
    0.33978181771811855,
    0.3399519806962399,
    0.33,
    0.33,
    0.34006238776858305,
    0.3400623374870264,
    0.33965205839328894,
    0.3396520618282174,
    0.3300000670003283,
    0.3396520615136182,
    0.3397992471769134,
    0.3400156366894166,
    0.3400157588256459,
    0.34001561380828604,
    0.3499992124978344,
    0.34,
    0.34,
    0.34,
    0.3300000670003283,
    0.34,
    0.34,
    0.3300000670003283,
    0.34003811057191485,
    0.35,
    0.3400380986588939,
    0.34003818303757044,
    0.35,
    0.35,
    0.3300000804000707,
    0.35,
    0.35,
    0.35,
    0.34006310581473975,
    0.34006311986366317,
    0.3400630794684872,
    0.33,
    0.3499992124978344,
    0.33980455874372156,
    0.3398045597501399,
    0.35,
    0.35,
    0.35,
    0.3300000375200129,
    0.35,
    0.3499992124978344,
    0.35,
    0.35,
    0.35,
    0.35,
    0.33,
    0.33,
    0.3399815148995119,
    0.339981515494182,
    0.33998151569287016,
    0.33,
    0.3400644342908056,
    0.33,
    0.3300000804000707,
    0.33,
    0.3398400796167406,
    0.3398400785480911,
    0.33,
    0.3300000375200129,
    0.3300000804000707,
    0.3300000788236361,
    0.3300000059143246,
    0.34,
    0.35,
    0.34,
    0.35,
    0.3400000046200002,
    0.3499998094058557,
    0.34000006581357645,
    0.349999929999979,
    0.3396617713781471,
    0.3396617733728636,
    0.3300000375200129,
    0.3300000028140001,
    0.33,
    0.33,
    0.33,
    0.33,
    0.3300000804000707,
    0.33,
    0.33,
    0.33,
    0.33,
    0.3399997555055191,
    0.33,
    0.33,
    0.33,
    0.33,
    0.33,
    0.33,
    0.33,
    0.33,
    0.33,
    0.33,
    0.3300000050250002,
    0.34,
    0.34,
    0.34,
    0.34,
    0.34,
    0.34,
    0.34,
    0.34,
    0.34,
    0.34,
    0.34,
    0.34,
    0.34,
    0.34,
    0.3300000804000707,
    0.3300000375200129,
    0.33,
    0.3300000152272747,
    0.34,
    0.34,
    0.34,
    0.34,
    0.34,
    0.34,
    0.33999994106665726,
    0.3300000804000707,
    0.33,
    0.33,
    0.33007236061710865,
    0.3200001088000914,
    0.31000000103500003,
    0.3399999848094599,
    0.320000032487042,
    0.33,
    0.3300000804000707,
    0.34,
    0.34,
    0.33000044666785777,
    0.3399996146658189,
    0.330000012928493,
    0.33000044666785777,
    0.3399996146658189,
    0.33,
    0.33,
    0.33,
    0.33,
    0.3300000804000707,
    0.33,
    0.33,
    0.33,
    0.33,
    0.34,
    0.34,
    0.33,
    0.33,
    0.33,
    0.33,
    0.33,
    0.33,
    0.33,
    0.33,
    0.33,
    0.33,
    0.33,
    0.34,
    0.33,
    0.33,
    0.33,
    0.33,
    0.34,
    0.33,
    0.33,
    0.33,
    0.33,
    0.33,
    0.33,
    0.33,
    0.33,
    0.33,
    0.33,
    0.3300000018272729,
    0.33,
    0.33,
    0.3200000194285764,
    0.32999922449794494,
    0.32000017193448865,
    0.32,
    0.33,
    0.33,
    0.32,
    0.32999978219992593,
    0.3299389179755672,
    0.3201162586091518,
    0.3201162837607381,
    0.3201162336196817,
    0.32,
    0.3200001088000914,
    0.3399996146658189,
    0.3200001088000914,
    0.33,
    0.33999997846666447,
    0.32000008215048054,
    0.33999999438260853,
    0.339999829999915,
    0.31000000791082843,
    0.3299276048481242,
    0.32992760597448106,
    0.32992760604194404,
    0.32,
    0.3376923988692706,
    0.3299995929991453,
    0.3300185841630159,
    0.33010296306232073,
    0.3301029248153868,
    0.330102903409363,
    0.32,
    0.33143909244278025,
    0.329870817165756,
    0.32000056943824917,
    0.3399996146658189,
    0.3100000219545647,
    0.3297998706074955,
    0.3297998698596393,
    0.32009217512734367,
    0.31000001840831254,
    0.33006487279473445,
    0.33006488557092717,
    0.33,
    0.33999994106665726,
    0.33,
    0.33000044666785777,
    0.33,
    0.33,
    0.3300000044666726,
    0.33,
    0.3400999342759088,
    0.34999959166578193,
    0.3400999643027201,
    0.34003946704292676,
    0.35,
    0.3399184505606524,
    0.3300011390208441,
    0.34,
    0.33000044666785777,
    0.34,
    0.34,
    0.34,
    0.3399996146658189,
    0.33008236468638935,
    0.34,
    0.34,
    0.3300823727150723,
    0.33008237331307766,
    0.339999829999915,
    0.32,
    0.3399996146658189,
    0.3399999632799966,
    0.33,
    0.33,
    0.33,
    0.33,
    0.33,
    0.3400919900450736,
    0.3401969243440476,
    0.33996121718377087,
    0.33984908832498095,
    0.33984908844440753,
    0.32,
    0.3300684995180376,
    0.33006851833236694,
    0.34016854562880855,
    0.3401683855831996,
    0.34999959166578193,
    0.3401683713078289,
    0.33006849673340516,
    0.34,
    0.32996907506325557,
    0.3200002040004488,
    0.32,
    0.32,
    0.33981773246833485,
    0.3300288460010004,
    0.34007772964627203,
    0.3300288511439197,
    0.32,
    0.348241931773409,
    0.3397807358205587,
    0.3397806959810935,
    0.33973148471287107,
    0.33973148502839123,
    0.339731484142049,
    0.32,
    0.33,
    0.33,
    0.3100000007011527,
    0.32,
    0.3300340557275542,
    0.32,
    0.32,
    0.32,
    0.3431189788835886,
    0.3200000018758622,
    0.3399996146658189,
    0.3480285112676162,
    0.3300297482715061,
    0.33,
    0.33,
    0.33,
    0.32000068000612003,
    0.3301000733963476,
    0.33,
    0.32000000577318205,
    0.33,
    0.3399990479979056,
    0.3442713157435467,
    0.33,
    0.3399999632799966,
    0.32000068000612003,
    0.32,
    0.3399999632799966,
    0.3399996146658189,
    0.33,
    0.33,
    0.33,
    0.33,
    0.3398099543211636,
    0.33,
    0.3499998833333074,
    0.34,
    0.33,
    0.32,
    0.32,
    0.34,
    0.34,
    0.3397603760895868,
    0.3300118107305198,
    0.33001181521501516,
    0.339760375446247,
    0.33976037395760417,
    0.3200000051000006,
    0.34,
    0.33,
    0.3399999857199992,
    0.3300368445606179,
    0.3300368400113354,
    0.34,
    0.3300368708225634,
    0.3399990479979056,
    0.3399990479979056,
    0.33,
    0.33,
    0.33,
    0.32000068000612003,
    0.3300645400966385,
    0.3300645378943108,
    0.33,
    0.3200000054400005,
    0.32000002720000437,
    0.33,
    0.32,
    0.33,
    0.32999922449794494,
    0.32,
    0.33000339516788835,
    0.3300035105544482,
    0.33000340540655587,
    0.32,
    0.3499999649999977,
    0.3499999614999965,
    0.3300484396874052,
    0.3300484380298727,
    0.33,
    0.33,
    0.33,
    0.33001038465741517,
    0.34,
    0.33996766604419537,
    0.33,
    0.3399676658708348,
    0.33,
    0.33,
    0.34,
    0.33,
    0.33,
    0.3300000670003283,
    0.34,
    0.34,
    0.34,
    0.34,
    0.32,
    0.33006747827098626,
    0.35,
    0.35,
    0.34,
    0.34,
    0.33,
    0.3399990479979056,
    0.32000002720000437,
    0.33,
    0.32000002720000437,
    0.33,
    0.33,
    0.33,
    0.32000068000612003,
    0.32,
    0.32000002720000437,
    0.33,
    0.3299998927499812,
    0.33,
    0.33,
    0.3300734856269798,
    0.3300734993929423,
    0.3200001088000914,
    0.33,
    0.33,
    0.3300000211579163,
    0.34,
    0.3399999255237904,
    0.34,
    0.3300551044338871,
    0.3398147075854082,
    0.3499992124978344,
    0.330055108898312,
    0.32,
    0.34,
    0.3200001088000914,
    0.32,
    0.33,
    0.32000006901454137,
    0.33,
    0.32,
    0.33000012013799235,
    0.3398168901376351,
    0.33981689047836994,
    0.3300000274590243,
    0.3300000245549761,
    0.3300001136970882,
    0.34,
    0.3480399205662576,
    0.33999988666661,
    0.3399998445713886,
    0.339999885249967,
    0.3399998083635702,
    0.33999992980644345,
    0.33000007956259003,
    0.3300000287142982,
    0.3300000818889244,
    0.33000001576471477,
    0.330000182727389,
    0.3300000211579163,
    0.3300000813571911,
    0.33000007816678784,
    0.33000007956259003,
    0.33000016492329004,
    0.33000008246156004,
    0.3399998639999498,
    0.339999885249967,
    0.33999991036361926,
    0.3399998083635702,
    0.33999991688886305,
    0.3399999255237904,
    0.3300000287142982,
    0.3300000067000044,
    0.3300000804000707,
    0.33000007994326314,
    0.3300000375200129,
    0.3300000191428593,
    0.3300000320435046,
    0.3300000375200129,
    0.3399998445713886,
    0.330000043896564,
    0.33000007816678784,
    0.3300000211579163,
    0.3399998997894505,
    0.33999991036361926,
    0.3399999255237904,
    0.33999991839998694,
    0.3399999319999853,
    0.33999990479996317,
    0.34,
    0.33999988666661,
    0.33999995030768043,
    0.33000007816678784,
    0.3300000044666726,
    0.3300000287142982,
    0.3300000211579163,
    0.33000003970373076,
    0.33999988666661,
    0.3300000822273,
    0.33000003970373076,
    0.330000182727389,
    0.330000080958391,
    0.3399999255237904,
    0.3300000375200129,
    0.3399998445713886,
    0.33000001576471477,
    0.33999995030768043,
    0.339999957257136,
    0.33999991688886305,
    0.33,
    0.3429311286464905,
    0.3300000038903228,
    0.33,
    0.3300000813571911,
    0.33000001576471477,
    0.33000007816678784,
    0.3300000287142982,
    0.3300000375200129,
    0.33999988666661,
    0.3399999467825939,
    0.339999885249967,
    0.3399999255237904,
    0.3399998445713886,
    0.3300000375200129,
    0.330000002392858,
    0.33999991839998694,
    0.33999995030768043,
    0.33000007816678784,
    0.339999885249967,
    0.3399998639999498,
    0.3399999255237904,
    0.3300000287142982,
    0.3399998997894505,
    0.330000182727389,
    0.33000001576471477,
    0.3300000822273,
    0.33000007816678784,
    0.33000016492329004,
    0.33000007956259003,
    0.33000004538712296,
    0.3300000287142982,
    0.33999988666661,
    0.33999990479996317,
    0.339999885249967,
    0.3399999255237904,
    0.33999991688886305,
    0.33999992980644345,
    0.3399999255237904,
    0.33999991688886305,
    0.33999988666661,
    0.33000008246156004,
    0.3300000211579163,
    0.339999957257136,
    0.339999885249967,
    0.330000002392858,
    0.33000004538712296,
    0.3300000044666726,
    0.33000016492329004,
    0.34,
    0.339999829999915,
    0.33000005398108945,
    0.3399999881342278,
    0.33999999081081045,
    0.3300000046806396,
    0.3300000077011501,
    0.33999999146188326,
    0.3300000081121079,
    0.3300000375200129,
    0.33000001106422205,
    0.33,
    0.3300000580086781,
    0.33,
    0.33,
    0.33,
    0.33999998157009276,
    0.3300000037379763,
    0.3300793900744357,
    0.33007949310702933,
    0.3300793900744357,
    0.32000002720000437,
    0.3399990479979056,
    0.3200001088000914,
    0.33891527346931305,
    0.33007960129629027,
    0.33007961164189364,
    0.33007972131037716,
    0.3200001088000914,
    0.3399999857199992,
    0.33,
    0.33,
    0.3300783528675372,
    0.3300783407414169,
    0.3200000146630764,
    0.3399990479979056,
    0.3300100021479109,
    0.3300099794831975,
    0.32,
    0.33,
    0.32,
    0.32,
    0.32000068000612003,
    0.3200000063466668,
    0.3297663428894601,
    0.33,
    0.32000002720000437,
    0.32,
    0.34995887835938655,
    0.33007743449986765,
    0.33007741267037216,
    0.34995887845496954,
    0.32,
    0.32004240272020396,
    0.32,
    0.34010450242417634,
    0.320000000544,
    0.32,
    0.32000068000612003,
    0.32,
    0.33990600965915496,
    0.3399060093455694,
    0.33990543783438365,
    0.33990600924009295,
    0.33,
    0.32,
    0.3300599248024607,
    0.3300599371561484,
    0.3300599128494342,
    0.320000000544,
    0.34,
    0.31000009335298345,
    0.3500044946097702,
    0.3500245218665127,
    0.3200000042619204,
    0.32,
    0.32,
    0.32,
    0.33,
    0.33,
    0.33,
    0.34,
    0.33,
    0.32,
    0.34000000068811825,
    0.35,
    0.35,
    0.35,
    0.3598022327221273,
    0.3598022325400893,
    0.35,
    0.3601664026032854,
    0.35997607655502395,
    0.3400001056000359,
    0.34,
    0.34000001048351547,
    0.3497892270117261,
    0.34,
    0.34,
    0.3497892267959501,
    0.34,
    0.35016629991679044,
    0.3598377995866677,
    0.3598377983940935,
    0.35983779824591366,
    0.3597709921156733,
    0.3597709909474506,
    0.34985279676120096,
    0.3498527967796206,
    0.34000003960001346,
    0.34985279656670604,
    0.3400000046200002,
    0.3597709914199276,
    0.35000270113412807,
    0.34,
    0.34,
    0.35,
    0.36999996947499486,
    0.3501187402729581,
    0.35971650663008686,
    0.35983809243450104,
    0.3600302649660657,
    0.36,
    0.36,
    0.35979004306978773,
    0.36008430671428826,
    0.3600298633075511,
    0.360032411958849,
    0.359968930297791,
    0.3601494490853352,
    0.3601494903914907,
    0.35,
    0.35004141921319726,
    0.3500414286072975,
    0.35004140840389225,
    0.33,
    0.33,
    0.35,
    0.33,
    0.33,
    0.33,
    0.35,
    0.30000000051914805,
    0.36,
    0.34,
    0.34,
    0.34,
    0.34,
    0.33,
    0.3700037064305602,
    0.3700037659654595,
    0.37000372241244583,
    0.36000000266328236,
    0.37,
    0.37000000408607103,
    0.3798026614320001,
    0.37,
    0.3798138179746706,
    0.37,
    0.37981381754403903,
    0.3798138184970133,
    0.3799869224052904,
    0.37998692229106706,
    0.38006936645294126,
    0.3800693208909118,
    0.38,
    0.38,
    0.38999607702906885,
    0.37000000850500075,
    0.370000018900007,
    0.38006964692588036,
    0.3800696058473799,
    0.38005068356711996,
    0.37,
    0.37,
    0.37,
    0.37,
    0.38,
    0.38,
    0.37974346966830386,
    0.3797434693565478,
    0.3858510527313827,
    0.3700000064455447,
    0.37,
    0.37,
    0.37000001619362394,
    0.38000014880011307,
    0.38,
    0.3700000119851034,
    0.37999998327999907,
    0.3698745571304014,
    0.3698745527014636,
    0.3698745575119266,
    0.3700017010124174,
    0.38239790892565756,
    0.37,
    0.37,
    0.3701967854218137,
    0.37019674203522573,
    0.37,
    0.36,
    0.36,
    0.3699094529912842,
    0.3699094528381994,
    0.37005136881232853,
    0.37005140540287323,
    0.37005136840095765,
    0.3701393848874061,
    0.37013930912527004,
    0.3701393270256235,
    0.3799993919979328,
    0.36982397572078907,
    0.37001893409113246,
    0.37999998464646373,
    0.3700189509478628,
    0.37992381759991245,
    0.35000000770142264,
    0.36,
    0.3701035480382196,
    0.370103572447176,
    0.37010367117518816,
    0.36983671986647565,
    0.3698367186444177,
    0.36991525423728816,
    0.37001120231555085,
    0.3699590231109654,
    0.37010248298537024,
    0.3701185163857533,
    0.37001917349766406,
    0.37003582344234454,
    0.37003581954482107,
    0.36995741282938516,
    0.36,
    0.36,
    0.36,
    0.36,
    0.36,
    0.3698899877935371,
    0.3698899885393779,
    0.3698899887627017,
    0.37,
    0.3701139932207371,
    0.3701139835057989,
    0.37011397807764496,
    0.3699781736854543,
    0.36997817311663406,
    0.37002842776339573,
    0.37002739243757055,
    0.3700273772615013,
    0.3700273585432582,
    0.3698733911327184,
    0.3698432852023456,
    0.3700239745959695,
    0.3701056615649961,
    0.37010264253102426,
    0.36,
    0.369955715471907,
    0.36986415425065733,
    0.3700096,
    0.3700768653005905,
    0.37,
    0.3700348773913938,
    0.3700348605622254,
    0.3700348681471658,
    0.36000004854009593,
    0.3799997325922856,
    0.37,
    0.36973427266765635,
    0.3697342687859278,
    0.37008604263817474,
    0.37,
    0.37,
    0.3700389189736233,
    0.38,
    0.36,
    0.37,
    0.3800676757983091,
    0.38002579768209965,
    0.3800257636530052,
    0.37,
    0.38,
    0.370086625289056,
    0.3800339637567441,
    0.38003392868918423,
    0.38,
    0.37,
    0.36,
    0.3698212407991588,
    0.37003982273354386,
    0.3700397390196673,
    0.3700397669592233,
    0.3700276387908712,
    0.3700276458943429,
    0.37002764178951714,
    0.37002763259320237,
    0.3700276259866424,
    0.3700411737391322,
    0.3700547179431097,
    0.36,
    0.3797145933324154,
    0.37971459135134583,
    0.39,
    0.39,
    0.39,
    0.39,
    0.39,
    0.39,
    0.39,
    0.39,
    0.39,
    0.39,
    0.39987790907994697,
    0.3998779091316948,
    0.3998779091915895,
    0.4
]
