[
    0.991,
    0.999,
    0.999,
    0.999,
    0.999,
    0.999,
    0.999,
    0.999,
    0.999,
    0.999,
    0.99,
    0.99,
    0.99,
    0.98,
    0.99,
    0.98,
    0.9799999987953083,
    0.96,
    0.9599999861759997,
    0.96,
    0.95,
    0.95,
    0.93,
    0.9100000810000081,
    0.95,
    0.8550417017334747,
    0.8799999841599995,
    0.9,
    0.86,
    0.8600000029144115,
    0.89,
    0.9,
    0.89,
    0.8707553141631839,
    0.7300001458000671,
    0.72,
    0.6900000023711048,
    0.7,
    0.8,
    0.8,
    0.8,
    0.7830396458906634,
    0.75,
    0.7369599109131403,
    0.74,
    0.72,
    0.6600000038333058,
    0.66,
    0.72,
    0.7,
    0.75,
    0.75,
    0.75,
    0.75,
    0.75,
    0.75,
    0.75,
    0.75,
    0.75,
    0.75,
    0.75,
    0.75,
    0.75,
    0.75,
    0.75,
    0.73,
    0.73,
    0.730000024954547,
    0.78,
    0.74,
    0.74,
    0.76,
    0.7700000544333386,
    0.78,
    0.78,
    0.79,
    0.7900000484615443,
    0.8,
    0.81,
    0.8,
    0.81,
    0.82,
    0.8100000352857162,
    0.9,
    0.89,
    0.8899999109995639,
    0.88,
    0.87,
    0.9399999623995127,
    0.95,
    0.93,
    0.93,
    0.93,
    0.93,
    0.92,
    0.88,
    0.9,
    0.9,
    0.9,
    0.86,
    0.9,
    0.89,
    0.89,
    0.9,
    0.9,
    0.9,
    0.9,
    0.91,
    0.9,
    0.89,
    0.89,
    0.879999995070026,
    0.7300000837000159,
    0.8299999966799987,
    0.77,
    0.79,
    0.77,
    0.790000126000034,
    0.78,
    0.78,
    0.77,
    0.77,
    0.77,
    0.77,
    0.78,
    0.77,
    0.77,
    0.7400000353600023,
    0.8099999554499133,
    0.75,
    0.76,
    0.76,
    0.75,
    0.7399999979145138,
    0.73000027000027,
    0.7300036720235009,
    0.73,
    0.7,
    0.7000000072000001,
    0.708787965891478,
    0.69,
    0.69,
    0.660000005742225,
    0.69,
    0.7,
    0.700270945246351,
    0.6999999605633603,
    0.6999999605633603,
    0.72,
    0.72,
    0.72,
    0.7199999610810516,
    0.72,
    0.72,
    0.72,
    0.69,
    0.7,
    0.7,
    0.77,
    0.78,
    0.78,
    0.79,
    0.8,
    0.8,
    0.790000026040002,
    0.79,
    0.8,
    0.79,
    0.7899534302589732,
    0.789953433550039,
    0.7899534332941189,
    0.8,
    0.76,
    0.7899475879968745,
    0.78,
    0.8,
    0.78,
    0.78,
    0.79,
    0.8,
    0.79,
    0.8,
    0.8,
    0.8,
    0.7800000063800001,
    0.8,
    0.7899999968399996,
    0.78,
    0.7899999955759995,
    0.78,
    0.7700000178420322,
    0.779999912249955,
    0.78,
    0.7700001407758973,
    0.7700000012841667,
    0.78,
    0.7799999972869565,
    0.77,
    0.77,
    0.7799999984399996,
    0.7700000058545455,
    0.7799999886131306,
    0.7700000131100005,
    0.77,
    0.77,
    0.77,
    0.77,
    0.77,
    0.77,
    0.77,
    0.77,
    0.77,
    0.77,
    0.77,
    0.7799999890011726,
    0.7799999842224975,
    0.78,
    0.78,
    0.78,
    0.79,
    0.789999960499984,
    0.7899999865699948,
    0.78,
    0.78,
    0.78,
    0.78,
    0.78,
    0.7899999975692308,
    0.78,
    0.78,
    0.78,
    0.7800000328089701,
    0.7899999865699948,
    0.789999999684,
    0.7899999616504129,
    0.79,
    0.79,
    0.79,
    0.79,
    0.79,
    0.79,
    0.79,
    0.79,
    0.79,
    0.79,
    0.79,
    0.79,
    0.8,
    0.8,
    0.8,
    0.79,
    0.79,
    0.79,
    0.8,
    0.79,
    0.79,
    0.8,
    0.8,
    0.8,
    0.8,
    0.8,
    0.8,
    0.8,
    0.8,
    0.8,
    0.8,
    0.81,
    0.81,
    0.81,
    0.8,
    0.81,
    0.81,
    0.81,
    0.81,
    0.81,
    0.81,
    0.81,
    0.81,
    0.81,
    0.81,
    0.81,
    0.81,
    0.81,
    0.81,
    0.81,
    0.81,
    0.81,
    0.81,
    0.81,
    0.81,
    0.81,
    0.81,
    0.81,
    0.8199997813275604,
    0.82,
    0.82,
    0.82,
    0.81,
    0.81,
    0.81,
    0.8199999835999839,
    0.82,
    0.81,
    0.81,
    0.81,
    0.81,
    0.81,
    0.82,
    0.8100001140000266,
    0.8100001216000438,
    0.8199999987699998,
    0.8199998916976167,
    0.8100001216000438,
    0.82,
    0.8199998859129601,
    0.8199999929714267,
    0.819999951044706,
    0.8199999822702658,
    0.8100000600471792,
    0.8199999999362488,
    0.8199999931236883,
    0.81,
    0.81,
    0.8100000017365546,
    0.81,
    0.8199999937679999,
    0.8199999835999839,
    0.81,
    0.81,
    0.8100001216000438,
    0.8199995111531975,
    0.8100001216000438,
    0.8199999376799798,
    0.8100000942748343,
    0.82,
    0.8199999489777696,
    0.82,
    0.82,
    0.8199999384999943,
    0.81,
    0.82,
    0.81,
    0.81,
    0.82,
    0.81,
    0.82,
    0.81,
    0.82,
    0.81,
    0.82,
    0.8199999835999839,
    0.82,
    0.8199999983599999,
    0.81,
    0.8199999835999839,
    0.8199999835999839,
    0.82,
    0.8100004686670729,
    0.8100000092466668,
    0.8199999449125223,
    0.8100000337777801,
    0.82,
    0.82,
    0.82,
    0.81,
    0.82,
    0.8199999945333325,
    0.8199999859828903,
    0.8100000918543211,
    0.8199999935177764,
    0.8199999817100104,
    0.8100002886539627,
    0.82,
    0.82,
    0.8100000273600015,
    0.81,
    0.82,
    0.81,
    0.81,
    0.82,
    0.82,
    0.8100003629854647,
    0.8199999835999839,
    0.8199999835999839,
    0.8199999835999839,
    0.8199999835999839,
    0.8199998927101941,
    0.82,
    0.82,
    0.82,
    0.8199999835999839,
    0.8199999835999839,
    0.8199999934399984,
    0.8199999835999839,
    0.81,
    0.8199999835999839,
    0.8100000586448136,
    0.81,
    0.8199999835999839,
    0.8199999835999839,
    0.8199999958999997,
    0.8100001216000438,
    0.8100001216000438,
    0.8199999835999839,
    0.82,
    0.8199999901599953,
    0.8199999835999839,
    0.8199999421175149,
    0.8199999934399984,
    0.81,
    0.8100000352857162,
    0.8199999835999839,
    0.819999989165975,
    0.81,
    0.81,
    0.81,
    0.8199999835999839,
    0.8100001216000438,
    0.8199999936923063,
    0.8199999983599999,
    0.82,
    0.8199999835999839,
    0.8100001216000438,
    0.82,
    0.8199999849119991,
    0.8199966379801641,
    0.8100000627000107,
    0.82,
    0.8199999835999839,
    0.82,
    0.8100000430666713,
    0.82,
    0.8199999835999839,
    0.8199999835999839,
    0.8102762659503695,
    0.8199999835999839,
    0.8,
    0.8,
    0.81,
    0.8,
    0.81,
    0.8,
    0.8,
    0.81,
    0.8,
    0.8,
    0.8199999901599953,
    0.8199999835999839,
    0.8199999835999839,
    0.8199999596058337,
    0.8199999869322555,
    0.8199999871204089,
    0.81999998928104,
    0.82,
    0.8199999901599953,
    0.8199999835999839,
    0.82,
    0.81,
    0.81,
    0.81,
    0.8100001277586449,
    0.8199999909972537,
    0.82,
    0.8100000234333343,
    0.8199999835999839,
    0.8199999901599953,
    0.81,
    0.8199999835999839,
    0.8199999835999839,
    0.8199999934399984,
    0.8199999901599953,
    0.8100001220638867,
    0.81,
    0.819999999016,
    0.81,
    0.81,
    0.81,
    0.8,
    0.8199999793710437,
    0.81,
    0.8,
    0.8099999765782914,
    0.81,
    0.8,
    0.8099999740799853,
    0.81,
    0.8,
    0.809999027962285,
    0.8099999954639995,
    0.8099999977319999,
    0.8099999854199988,
    0.8,
    0.8099995949941274,
    0.809999027962285,
    0.809999027962285,
    0.809999027962285,
    0.8099995696823497,
    0.8099999854199988,
    0.8099997839986176,
    0.8099995949941274,
    0.8002502502421711,
    0.8002502961845778,
    0.79,
    0.8,
    0.7900000216326785,
    0.79,
    0.8099999990976864,
    0.8099999720686776,
    0.8,
    0.8,
    0.8,
    0.8,
    0.8,
    0.79,
    0.8,
    0.8,
    0.8,
    0.8,
    0.79,
    0.8,
    0.79,
    0.8,
    0.8,
    0.79,
    0.79,
    0.790000026040002,
    0.8,
    0.79,
    0.790000026040002,
    0.8,
    0.7900008960021504,
    0.7900007445461991,
    0.8,
    0.8,
    0.8,
    0.8,
    0.8,
    0.8,
    0.8,
    0.8,
    0.8,
    0.8,
    0.8,
    0.8,
    0.8,
    0.8,
    0.8,
    0.8,
    0.8,
    0.8,
    0.8,
    0.7900000098437502,
    0.8,
    0.79,
    0.8,
    0.79,
    0.8099999985272722,
    0.8099999959499992,
    0.7900000097500003,
    0.8,
    0.8,
    0.81,
    0.8,
    0.8099999931149997,
    0.8099999918999985,
    0.8099999931149997,
    0.8099998784997144,
    0.8,
    0.81,
    0.8,
    0.790000034687995,
    0.8099999740799853,
    0.8,
    0.81,
    0.8,
    0.8099994815899636,
    0.8,
    0.81,
    0.8,
    0.8099998915177749,
    0.8,
    0.8,
    0.81,
    0.81,
    0.8,
    0.8,
    0.79,
    0.8,
    0.79,
    0.8,
    0.790000132300049,
    0.8,
    0.8,
    0.8,
    0.8,
    0.79,
    0.79,
    0.8,
    0.8,
    0.8,
    0.79,
    0.8,
    0.79,
    0.8,
    0.8,
    0.8,
    0.79,
    0.7900000552608213,
    0.8,
    0.79,
    0.8,
    0.79,
    0.8,
    0.79,
    0.8,
    0.79,
    0.79,
    0.8,
    0.79,
    0.8,
    0.8,
    0.8,
    0.79,
    0.8,
    0.8,
    0.79,
    0.8,
    0.79,
    0.790000132300049,
    0.8,
    0.79,
    0.79,
    0.8,
    0.79,
    0.8,
    0.8,
    0.79,
    0.8,
    0.79,
    0.8,
    0.8,
    0.79,
    0.8,
    0.79,
    0.8,
    0.790000132300049,
    0.8,
    0.8,
    0.8,
    0.79,
    0.8,
    0.8,
    0.7900000169800926,
    0.79,
    0.8,
    0.790000132300049,
    0.79,
    0.8,
    0.790000132300049,
    0.8,
    0.790000132300049,
    0.8,
    0.8,
    0.79000061950127,
    0.790000132300049,
    0.79,
    0.79,
    0.8,
    0.79000063000063,
    0.79000061950127,
    0.8,
    0.8,
    0.8,
    0.8,
    0.7900007445461991,
    0.8,
    0.8,
    0.79,
    0.7899969584812947,
    0.7800006380013398,
    0.78,
    0.7900625337932566,
    0.7900624947637094,
    0.7900627721972916,
    0.7901769394426831,
    0.7901785807956927,
    0.7901769321179614,
    0.79,
    0.7972479002483427,
    0.7899999853703639,
    0.78,
    0.7919869555089681,
    0.7899999288998998,
    0.7899992494894553,
    0.78,
    0.78,
    0.7800006380013398,
    0.78,
    0.7958449689848538,
    0.779953300754706,
    0.7799533072686882,
    0.77,
    0.77,
    0.7799533064487634,
    0.7799505154213873,
    0.7899984199715595,
    0.7899999619812471,
    0.789999999684,
    0.7899999619812471,
    0.7899999859555542,
    0.7899999969615382,
    0.7899999969615382,
    0.7800001452000493,
    0.79,
    0.79,
    0.78,
    0.770000014103774,
    0.79,
    0.78,
    0.7700000069000001,
    0.7700000544333386,
    0.77,
    0.77,
    0.78,
    0.77,
    0.78,
    0.78,
    0.78,
    0.77,
    0.78,
    0.77,
    0.77,
    0.7699012188035782,
    0.7699012192798114,
    0.7699012191941629,
    0.77,
    0.77,
    0.7699593491553142,
    0.7699593491957135,
    0.77,
    0.76,
    0.7699370596494649,
    0.769937060258374,
    0.7701547248291458,
    0.77,
    0.77,
    0.77,
    0.77,
    0.77,
    0.77,
    0.77,
    0.77,
    0.77,
    0.7699279630909073,
    0.77,
    0.7799999955428567,
    0.7799999139309253,
    0.77,
    0.7699514221178636,
    0.7699514221178636,
    0.7702920465187183,
    0.7698980747451869,
    0.7799428929896778,
    0.7799428903186056,
    0.7799428932726982,
    0.7700626781996178,
    0.7700629896277325,
    0.7700627047490963,
    0.7800556532113603,
    0.7800556522554647,
    0.7801173741193012,
    0.789958724047745,
    0.79,
    0.7863029406325134,
    0.7899999591379191,
    0.7799438988176807,
    0.7699910171673828,
    0.7699910178411032,
    0.7699910176200871,
    0.7799438988352082,
    0.7799438984101659,
    0.7401377594063644,
    0.7401378543654986,
    0.7799806126405584,
    0.7401144454527541,
    0.73,
    0.72,
    0.730168528555826,
    0.7799541914796152,
    0.7301684632635314,
    0.7300824247059244,
    0.7300823109514963,
    0.59,
    0.58,
    0.5901540670099811,
    0.5901541215822846,
    0.5901540621543305,
    0.71,
    0.58,
    0.71,
    0.7899958272099672,
    0.7899958278892228,
    0.78,
    0.8415841450838075
]
