[
    0.001,
    0.001,
    0.001,
    0.001,
    0.001,
    0.001,
    0.003000000004477612,
    0.001,
    0.002,
    0.001,
    0.001,
    0.001,
    0.001,
    0.001,
    0.001,
    0.002,
    0.003,
    0.003,
    0.003,
    0.002,
    0.003,
    0.002,
    0.003,
    0.003,
    0.002,
    0.003,
    0.01,
    0.004,
    0.003,
    0.005,
    0.013,
    0.01,
    0.01,
    0.008,
    0.011,
    0.01,
    0.01,
    0.012,
    0.011000000020257049,
    0.014,
    0.014,
    0.014000000006769885,
    0.01,
    0.07134145908484531,
    0.012,
    0.014,
    0.021,
    0.016,
    0.015,
    0.01,
    0.011,
    0.013,
    0.01,
    0.021,
    0.031,
    0.031,
    0.07899996959040878,
    0.031000000066008216,
    0.030000001940002324,
    0.021,
    0.021,
    0.051,
    0.053,
    0.054,
    0.051,
    0.1,
    0.11,
    0.13999997871999897,
    0.11,
    0.1500000008862845,
    0.158,
    0.12,
    0.121,
    0.051000002657209026,
    0.052,
    0.051000000896162544,
    0.052,
    0.052000001137600456,
    0.11999998079999923,
    0.06,
    0.05100000447125127,
    0.05100000895975261,
    0.051000002077416236,
    0.06892235995225224,
    0.053,
    0.051,
    0.059999972399998894,
    0.08,
    0.08,
    0.08,
    0.085,
    0.09,
    0.084,
    0.08300000215006138,
    0.09,
    0.083,
    0.083,
    0.083,
    0.053,
    0.059,
    0.0903183867666178,
    0.0800000000184,
    0.09,
    0.08,
    0.08,
    0.09,
    0.09,
    0.09,
    0.13,
    0.16,
    0.18899999767894735,
    0.13,
    0.09,
    0.13656280399932524,
    0.1,
    0.09000000026164465,
    0.09,
    0.09,
    0.10899999546014996,
    0.09,
    0.10999999130999982,
    0.08000000046000005,
    0.08,
    0.1,
    0.12999989859997768,
    0.1390017469879518,
    0.09,
    0.13900000394760012,
    0.1,
    0.12,
    0.1,
    0.139,
    0.05,
    0.0462018629783459,
    0.05,
    0.04,
    0.04,
    0.05,
    0.04,
    0.04,
    0.04,
    0.03,
    0.03,
    0.03,
    0.02999999711999999,
    0.03,
    0.03,
    0.02,
    0.03,
    0.02,
    0.02,
    0.02,
    0.02,
    0.02,
    0.029999993302325518,
    0.01,
    0.01,
    0.02,
    0.01,
    0.01,
    0.02,
    0.02,
    0.02,
    0.02,
    0.02,
    0.03,
    0.03,
    0.04,
    0.03,
    0.03,
    0.04,
    0.06,
    0.0713880305227975,
    0.07,
    0.06999996884999829,
    0.08,
    0.05,
    0.08,
    0.08,
    0.08915304213463918,
    0.05,
    0.06,
    0.05,
    0.06000000037600005,
    0.06000000112743652,
    0.07,
    0.07,
    0.0899999189999919,
    0.08,
    0.07,
    0.07000000013687623,
    0.08,
    0.08,
    0.09,
    0.09000002724565499,
    0.1,
    0.1,
    0.14,
    0.18000001640001606,
    0.18,
    0.21,
    0.22,
    0.279999843199931,
    0.2899999978404255,
    0.210000000316,
    0.25,
    0.25,
    0.25,
    0.25,
    0.21000000375054012,
    0.21000000316000045,
    0.210000000316,
    0.210000000316,
    0.25,
    0.25,
    0.2,
    0.21,
    0.21,
    0.21000000184333337,
    0.25,
    0.25,
    0.25,
    0.26,
    0.26000000882453367,
    0.27,
    0.26000000012883984,
    0.27,
    0.26,
    0.27,
    0.2700000025550001,
    0.2700000946296758,
    0.27000000058400003,
    0.27000018980014046,
    0.32,
    0.32,
    0.26000000214182356,
    0.32,
    0.32,
    0.32000000340000084,
    0.26,
    0.26,
    0.39,
    0.3,
    0.39,
    0.39,
    0.39,
    0.39,
    0.39,
    0.39,
    0.39,
    0.39,
    0.39,
    0.39,
    0.39,
    0.39,
    0.39,
    0.3701458112407211,
    0.39,
    0.39,
    0.3899999988911765,
    0.34,
    0.37,
    0.31,
    0.4003969407311539,
    0.3699999887149998,
    0.38,
    0.38,
    0.38,
    0.38,
    0.39,
    0.4,
    0.484,
    0.5,
    0.51,
    0.51,
    0.51,
    0.51,
    0.51,
    0.51,
    0.51,
    0.51,
    0.51,
    0.58,
    0.58,
    0.58,
    0.59,
    0.5963440907966275,
    0.5899999995988,
    0.58,
    0.58,
    0.58,
    0.58,
    0.58,
    0.58,
    0.58,
    0.58,
    0.58,
    0.5973333333333334,
    0.58,
    0.6,
    0.52,
    0.63,
    0.63,
    0.63,
    0.63,
    0.63,
    0.63,
    0.610000002569784,
    0.63,
    0.63,
    0.63,
    0.63,
    0.63,
    0.63,
    0.63,
    0.63,
    0.61,
    0.610000109200024,
    0.6100001260366215,
    0.64,
    0.64,
    0.6,
    0.6,
    0.6,
    0.6,
    0.6,
    0.6,
    0.5500002163462578,
    0.6100000014973946,
    0.61,
    0.5600001692308668,
    0.6,
    0.57,
    0.57,
    0.57,
    0.55,
    0.5499999931249997,
    0.55,
    0.55,
    0.5300001610186125,
    0.53,
    0.53,
    0.5200000069120002,
    0.52,
    0.53,
    0.52,
    0.55,
    0.55,
    0.55,
    0.5599999663999852,
    0.5500001013514199,
    0.5500001013514199,
    0.5433234107627372,
    0.5599999081966611,
    0.5100000539449977,
    0.55,
    0.53,
    0.53,
    0.53,
    0.53,
    0.5200000923077633,
    0.53,
    0.53,
    0.549843343672651,
    0.53,
    0.5200000048000002,
    0.53,
    0.52,
    0.53,
    0.53,
    0.53,
    0.57,
    0.57,
    0.56,
    0.5696866873453019,
    0.530000011280002,
    0.5,
    0.54,
    0.57,
    0.57,
    0.5600000056941178,
    0.56,
    0.56,
    0.56,
    0.56,
    0.5599999724428788,
    0.55965375,
    0.55,
    0.55,
    0.5300000361538781,
    0.55,
    0.55,
    0.55,
    0.55,
    0.55,
    0.55,
    0.55,
    0.5100000040930464,
    0.54,
    0.55,
    0.55,
    0.55,
    0.55,
    0.55,
    0.55,
    0.55,
    0.54,
    0.55,
    0.55,
    0.55,
    0.54,
    0.55,
    0.55,
    0.54,
    0.55,
    0.55,
    0.55,
    0.54,
    0.55,
    0.54,
    0.55,
    0.54,
    0.54,
    0.55,
    0.5300000797322005,
    0.5300000506997178,
    0.5300001081000292,
    0.51,
    0.51,
    0.5078673913043479,
    0.51,
    0.48,
    0.46000000387891243,
    0.5,
    0.5,
    0.5099999254615207,
    0.5,
    0.52,
    0.5,
    0.5,
    0.52,
    0.5,
    0.52,
    0.52,
    0.52,
    0.5,
    0.52,
    0.5,
    0.52,
    0.5,
    0.5,
    0.52,
    0.52,
    0.5,
    0.52,
    0.52,
    0.52,
    0.52,
    0.52,
    0.54,
    0.5,
    0.56,
    0.5300000790654812,
    0.5637685,
    0.56,
    0.52,
    0.5699999965799997,
    0.5200001677670946,
    0.510000001192171,
    0.53,
    0.52,
    0.54,
    0.54,
    0.53,
    0.54,
    0.54,
    0.5300000024283333,
    0.5643564188805007,
    0.57,
    0.57,
    0.57,
    0.57,
    0.57,
    0.57,
    0.57,
    0.57,
    0.57,
    0.57,
    0.57,
    0.57,
    0.57,
    0.5799999860799989,
    0.57,
    0.57,
    0.5700000035994022,
    0.562188890111223,
    0.54,
    0.54,
    0.5,
    0.49665529010238907,
    0.41,
    0.42,
    0.41,
    0.41,
    0.41,
    0.41,
    0.41000002269231167,
    0.42,
    0.41,
    0.41,
    0.42,
    0.41,
    0.41,
    0.41000000618016796,
    0.41,
    0.41000000531000047,
    0.41,
    0.41,
    0.41,
    0.41,
    0.41,
    0.43,
    0.42,
    0.41,
    0.43,
    0.42942011758962495,
    0.41,
    0.42,
    0.43,
    0.43,
    0.43,
    0.42,
    0.42,
    0.42,
    0.42,
    0.4200000021255666,
    0.43,
    0.43,
    0.43,
    0.42,
    0.43,
    0.43,
    0.44,
    0.44,
    0.43,
    0.44,
    0.44,
    0.45,
    0.4400000008025797,
    0.44,
    0.4399999309803579,
    0.4499999866159942,
    0.45,
    0.45,
    0.45,
    0.48,
    0.45,
    0.4800000166400028,
    0.52,
    0.53,
    0.53,
    0.53,
    0.53,
    0.56,
    0.54,
    0.6,
    0.6,
    0.6,
    0.6199998511998869,
    0.61,
    0.59,
    0.6,
    0.63,
    0.63,
    0.62,
    0.62,
    0.62,
    0.63,
    0.6200000167200009,
    0.63,
    0.63,
    0.63,
    0.63,
    0.63,
    0.63,
    0.63,
    0.63,
    0.63,
    0.62000000266,
    0.6200000988000731,
    0.64,
    0.61,
    0.59,
    0.5900000553500202,
    0.64,
    0.6600000142800009,
    0.61,
    0.5800000965106572,
    0.61,
    0.61,
    0.6,
    0.59,
    0.59,
    0.5800000100800008,
    0.58,
    0.5642340858104319,
    0.53,
    0.5699999059499214,
    0.5699999334999635,
    0.5700001519333809,
    0.5800001125000703,
    0.59,
    0.5915505,
    0.5500001559406944,
    0.5699999894821425,
    0.5699999894821425,
    0.5699997434998589,
    0.5518368113989314,
    0.5699999591615821,
    0.5398231176993001,
    0.5499999724999877,
    0.57,
    0.57,
    0.5700001445690416,
    0.58,
    0.58,
    0.5800000067200002,
    0.5799297606659729,
    0.56,
    0.5800000941379911,
    0.55,
    0.5600000352000042,
    0.58,
    0.603069936301902,
    0.56,
    0.5500000021062157,
    0.59,
    0.59,
    0.59,
    0.59,
    0.59,
    0.59,
    0.59,
    0.59,
    0.5900000003695797,
    0.5900000954794952,
    0.5999999665738087,
    0.6099829629454684,
    0.6,
    0.580000004704,
    0.6099872866865561,
    0.609987286446148,
    0.5900000004972711,
    0.61,
    0.61,
    0.5900000011685,
    0.5900000090200007,
    0.5900000117142862,
    0.59,
    0.5800000022184494,
    0.5900001763001005,
    0.5800000168000027,
    0.5800000106105266,
    0.6,
    0.5800001462687877,
    0.6,
    0.58,
    0.59,
    0.6,
    0.6,
    0.56,
    0.5600000003105883,
    0.5600000002268898,
    0.57,
    0.5700001388189622,
    0.58,
    0.5700000007688741,
    0.5700001720001032,
    0.5600000001435567,
    0.570000001462,
    0.56,
    0.57,
    0.5699999883265063,
    0.5699999883265063,
    0.5699999883265063,
    0.5699999908310969,
    0.56,
    0.5600000155964558,
    0.5600000079200003,
    0.5600000001065011,
    0.56,
    0.5600000079991923,
    0.5599999131782407,
    0.56,
    0.56,
    0.55,
    0.5500000023689614,
    0.56,
    0.5500002025001114,
    0.55,
    0.55,
    0.55,
    0.54,
    0.54,
    0.55,
    0.5300000332963744,
    0.54,
    0.53,
    0.53,
    0.54,
    0.54,
    0.5400000541176606,
    0.54,
    0.54,
    0.55,
    0.55,
    0.5400000050735299,
    0.5400000736000128,
    0.5400000135826781,
    0.55,
    0.5499999839315517,
    0.54,
    0.54,
    0.55,
    0.54,
    0.54,
    0.54,
    0.54,
    0.55,
    0.55,
    0.55,
    0.55,
    0.55,
    0.55,
    0.55,
    0.53,
    0.53,
    0.55,
    0.55,
    0.55,
    0.55,
    0.54,
    0.54,
    0.54,
    0.54,
    0.54,
    0.54,
    0.55,
    0.54,
    0.54,
    0.54,
    0.54,
    0.54,
    0.54,
    0.54,
    0.54,
    0.5500001065789782,
    0.54,
    0.54,
    0.54,
    0.54,
    0.54,
    0.5300000838216945,
    0.5399999497674232,
    0.5399998844918797,
    0.5399999998045268,
    0.530000011280002,
    0.54,
    0.5399999902799992,
    0.54,
    0.54,
    0.54,
    0.54,
    0.54,
    0.54,
    0.54,
    0.54,
    0.54,
    0.55,
    0.55,
    0.54,
    0.5400000148608822,
    0.5400000252342873,
    0.55,
    0.5499736687917791,
    0.5499736687775704,
    0.5499900596367915,
    0.5499900596258147,
    0.5499900596386892,
    0.540000050023647,
    0.5400000023,
    0.5400000099076928,
    0.55,
    0.5400000115000007,
    0.5400000404800045,
    0.5400000019933333,
    0.5400000018426324,
    0.5400000063250003,
    0.5400000045991263,
    0.54,
    0.54,
    0.540000015640001,
    0.5400000092000001,
    0.5400000115000007,
    0.5400001150000288,
    0.54,
    0.54,
    0.54,
    0.5300000027131951,
    0.53,
    0.53,
    0.5300000036411068,
    0.54,
    0.54,
    0.54,
    0.55,
    0.55,
    0.55,
    0.55,
    0.55,
    0.55,
    0.55,
    0.55,
    0.55,
    0.55,
    0.55,
    0.55,
    0.55,
    0.55,
    0.55,
    0.55,
    0.5649809736931194,
    0.5599961817457745,
    0.55,
    0.56,
    0.55,
    0.54,
    0.54,
    0.54,
    0.55,
    0.54,
    0.56,
    0.56,
    0.55,
    0.55,
    0.55,
    0.55,
    0.55,
    0.55,
    0.55,
    0.5594444444444444,
    0.5565397923875433,
    0.5475117096018736,
    0.53,
    0.53,
    0.54,
    0.53,
    0.53,
    0.53,
    0.53,
    0.5185325736900469,
    0.5,
    0.51,
    0.51,
    0.5,
    0.5099999785799988,
    0.5099999879454538,
    0.5,
    0.5099999853374986,
    0.5099999955799998,
    0.5,
    0.5,
    0.5,
    0.5,
    0.5,
    0.5,
    0.5,
    0.5,
    0.5,
    0.5,
    0.5099999953249998,
    0.5,
    0.5,
    0.5,
    0.5,
    0.5,
    0.5,
    0.5,
    0.5099999846999995,
    0.5099999903999997,
    0.5099999894357138,
    0.51,
    0.5,
    0.51,
    0.51,
    0.51,
    0.51,
    0.51,
    0.51,
    0.51,
    0.51,
    0.51,
    0.5100001715001115,
    0.51,
    0.51,
    0.51,
    0.51,
    0.51,
    0.51,
    0.5199998850250933,
    0.51,
    0.51,
    0.51,
    0.5100000213688036,
    0.519999998336,
    0.52,
    0.5199999833599972,
    0.5199999812799988,
    0.51,
    0.52,
    0.52,
    0.5199999934384838,
    0.52,
    0.5100000375174072,
    0.5100000074607075,
    0.51,
    0.5099998316998873,
    0.51,
    0.5101150661333538,
    0.5101150499977652,
    0.51,
    0.51,
    0.5100000196000032,
    0.5100000196000032,
    0.5100001715001115,
    0.5101138775322929,
    0.5101138865628837,
    0.5101138692477721,
    0.51,
    0.49,
    0.49,
    0.49,
    0.5,
    0.49,
    0.49,
    0.49,
    0.49,
    0.5,
    0.5,
    0.5,
    0.5,
    0.51,
    0.49,
    0.5,
    0.49,
    0.5,
    0.4900000000790021,
    0.49,
    0.5,
    0.49,
    0.49,
    0.51,
    0.51,
    0.51,
    0.51,
    0.5199999554285434,
    0.5199999861333291,
    0.5100000186200011,
    0.5199999833599972,
    0.5199999986133332,
    0.5100000465500188,
    0.5,
    0.5,
    0.49,
    0.4900001683001128,
    0.4900001923685172,
    0.5,
    0.490000074102585,
    0.49,
    0.4899999874680278,
    0.49,
    0.48,
    0.48,
    0.4800000093483155,
    0.4800000270129973,
    0.49,
    0.49,
    0.49000020231413655,
    0.5,
    0.4900001683001128,
    0.49000007061542916,
    0.4900001683001128,
    0.49,
    0.49011694026387925,
    0.49011717640604296,
    0.4901169900258731,
    0.4899056389702066,
    0.5,
    0.5,
    0.49,
    0.49,
    0.48,
    0.48,
    0.48,
    0.48,
    0.48,
    0.48,
    0.48,
    0.48,
    0.48000000592069697,
    0.48,
    0.48,
    0.48,
    0.48,
    0.48,
    0.48,
    0.4899999919859805,
    0.48,
    0.48,
    0.4800000154074184,
    0.4800000154074184,
    0.49,
    0.49,
    0.49,
    0.49,
    0.49,
    0.49,
    0.49,
    0.49,
    0.48,
    0.48,
    0.48,
    0.49,
    0.48,
    0.48,
    0.48,
    0.48,
    0.48,
    0.48,
    0.48,
    0.48,
    0.48,
    0.48,
    0.48,
    0.48,
    0.48,
    0.48,
    0.48,
    0.48,
    0.48,
    0.48,
    0.48,
    0.48,
    0.4700001219000939,
    0.4700001219000939,
    0.4799999893003092,
    0.4700001219000939,
    0.47999984146779684,
    0.4700001219000939,
    0.4700001219000939,
    0.4700001219000939,
    0.4700000349800047,
    0.4700001219000939,
    0.4700001219000939,
    0.4700001219000939,
    0.470000001378,
    0.4799999192523123,
    0.4700001219000939,
    0.4700000033566667,
    0.48,
    0.47,
    0.48,
    0.47000020487404254,
    0.4700000100700008,
    0.47999983698103366,
    0.47,
    0.48,
    0.47000003557047937,
    0.48,
    0.4700000003323978,
    0.48,
    0.48,
    0.48,
    0.47,
    0.4700001219000939,
    0.4700000100700008,
    0.4700001219000939,
    0.4799999951999998,
    0.4700001219000939,
    0.47,
    0.47,
    0.47,
    0.47,
    0.46,
    0.4699999929499998,
    0.46999999821399996,
    0.46,
    0.46,
    0.46,
    0.46,
    0.46,
    0.46,
    0.46,
    0.46,
    0.46,
    0.46,
    0.46,
    0.4599997607998852,
    0.45999995951999545,
    0.45,
    0.45000004400000526,
    0.4500000259434195,
    0.45000006145254146,
    0.45999998435999895,
    0.4500806081247639,
    0.450080600409567,
    0.44,
    0.45,
    0.4400000011061728,
    0.45,
    0.45,
    0.45,
    0.45,
    0.4400001568001129,
    0.44000000112000004,
    0.44,
    0.44,
    0.44,
    0.44,
    0.44999999971875,
    0.4499997974998886,
    0.4400001568001129,
    0.44,
    0.4300001767002986,
    0.4300001767002986,
    0.43000006143713754,
    0.4300001767002986,
    0.43999998591999884,
    0.4300000248523231,
    0.4399999911889853,
    0.43000002035714574,
    0.4300001767002986,
    0.4300000156880874,
    0.4399999667924449,
    0.43,
    0.4300001767002986,
    0.4300000086037751,
    0.43999997016948633,
    0.43,
    0.43,
    0.43,
    0.4300001767002986,
    0.4399999031191985,
    0.4300001767002986,
    0.43,
    0.43,
    0.43000000036844876,
    0.43,
    0.43,
    0.44,
    0.4300001767002986,
    0.43000000342000033,
    0.4399999295999761,
    0.45,
    0.4444516795127368,
    0.45,
    0.42,
    0.4200000010154085,
    0.42,
    0.42999999554074064,
    0.42,
    0.4299999870999978,
    0.42000010707698565,
    0.42,
    0.42,
    0.42,
    0.42,
    0.42,
    0.42,
    0.42,
    0.42,
    0.41000006822073504,
    0.41,
    0.41000015340011353,
    0.4100000082151908,
    0.41999999673333327,
    0.41000015340011353,
    0.41007401620706035,
    0.4100000530973138,
    0.4100739944558726,
    0.41007399262906225,
    0.4100741007227145,
    0.41,
    0.4100235846786151,
    0.4199998235998977,
    0.41,
    0.41,
    0.4100001130834059,
    0.41,
    0.41,
    0.41,
    0.41,
    0.41,
    0.41,
    0.41,
    0.41,
    0.41,
    0.41,
    0.41,
    0.4199999921599996,
    0.42,
    0.42,
    0.42,
    0.42,
    0.42,
    0.42,
    0.42,
    0.42,
    0.42,
    0.42,
    0.42,
    0.42,
    0.42,
    0.42,
    0.42,
    0.42,
    0.42,
    0.42999995054998097,
    0.42999976392146677,
    0.4200001740002958,
    0.429999880096072,
    0.4299999870999978,
    0.4200000089336497,
    0.42,
    0.42000018810821654,
    0.42999984847609957,
    0.42000000116,
    0.42,
    0.42,
    0.42,
    0.42000001657142927,
    0.42000005800004253,
    0.42,
    0.429999884086887,
    0.4299998279998968,
    0.42999995501537547,
    0.4299998279998968,
    0.42,
    0.4299998279998968,
    0.42999996427692055,
    0.42000001288889005,
    0.42,
    0.43,
    0.42000019885745343,
    0.42999978700925223,
    0.4299999706166638,
    0.4200001740002958,
    0.4299998670908293,
    0.4200001740002958,
    0.43,
    0.43,
    0.42,
    0.43,
    0.43,
    0.4300001767002986,
    0.4300001767002986,
    0.43007869832845436,
    0.4300786844851176,
    0.4300786923224563,
    0.42000000375404567,
    0.43338771111634067,
    0.4200001740002958,
    0.4299998279998968,
    0.4200000077333345,
    0.42,
    0.42,
    0.42,
    0.4200000215245324,
    0.43,
    0.42,
    0.42,
    0.4200000139200011,
    0.4298419327421875,
    0.4298419334524008,
    0.43,
    0.4200000363130475,
    0.43003574259333915,
    0.4300357282054223,
    0.43,
    0.42000000118321357,
    0.43,
    0.43,
    0.43,
    0.43998393831026206,
    0.43,
    0.43,
    0.43,
    0.43996407845077073,
    0.43996407844994434,
    0.4399335812724525,
    0.4399335812110592,
    0.4399335812785604,
    0.43,
    0.4200000154408539,
    0.43999743523980506,
    0.4399536880290206,
    0.43995368777903465,
    0.4399536883496695,
    0.43995504495504495,
    0.43,
    0.44010363879137326,
    0.4399194750878029,
    0.42,
    0.42,
    0.42,
    0.43,
    0.4400553097040637,
    0.4400552424135815,
    0.4400552640331584,
    0.4400552692108498,
    0.44005523773729993,
    0.44005528162502405,
    0.4399927072662897,
    0.4399927078260685,
    0.4444444444444444,
    0.43,
    0.4200045449328057,
    0.42000454143897314,
    0.4200045595008599,
    0.4199387185176167,
    0.4199387183404651,
    0.41993871863630006,
    0.41,
    0.4100479894162507,
    0.4100479861011536,
    0.4100479937896997,
    0.41008282234831755,
    0.41008284078127505,
    0.4198,
    0.4198,
    0.4198,
    0.41007753636100913,
    0.41007752949390974,
    0.4198534289976925,
    0.4198534281961302,
    0.4198534290139504,
    0.41005906418020444,
    0.4197879099575016,
    0.41978791037404617,
    0.4199586548667021,
    0.4199586545407009,
    0.4199595250398341,
    0.41992871030460144,
    0.41009458986805786,
    0.41997777065671,
    0.4199777706801888,
    0.41009460389832164,
    0.42003566799156117,
    0.4100945727901037,
    0.4100413407711985,
    0.41004134925598745,
    0.4101484253042618,
    0.459980379322557,
    0.45998038191447066,
    0.45998038211800985,
    0.41008918552361584,
    0.41008913830550486,
    0.4200599701013539,
    0.4200599713128691,
    0.4100891184434302,
    0.41013389798715116,
    0.4200671634614412,
    0.4200671817722905,
    0.45982194356351686,
    0.4598219424927508,
    0.45982194385954733,
    0.4501331065133414,
    0.45013309051226025,
    0.4201233709306325,
    0.43009976268908096,
    0.40005678974535785,
    0.4000567875754663,
    0.40005683899215655,
    0.4698816551848974,
    0.46988165651300035,
    0.4598571813527351,
    0.48999982849988855,
    0.40011560562298204,
    0.4000714159126877,
    0.3900173811193786,
    0.511333009284558,
    0.34,
    0.35,
    0.3300000007033036,
    0.36012776112663664,
    0.36012775991398416,
    0.4099612617598229,
    0.3998028168981909,
    0.3998028167819729,
    0.37,
    0.3998028167147325,
    0.35,
    0.36,
    0.40995809524748705,
    0.409958095245191,
    0.3701314259521031,
    0.3701314390506477,
    0.4098674765323026,
    0.4098480392156863,
    0.350079584254631,
    0.40992639619980886,
    0.40992639738333275,
    0.40992639802597997,
    0.340069532876378,
    0.38008695125014075,
    0.3900418431469073,
    0.4099294942148014,
    0.4099294937947402,
    0.40992949402163054,
    0.39004186485867115,
    0.3900278103608106,
    0.3900277963511834,
    0.40976915500581806,
    0.40998861360870076,
    0.4099886134503114,
    0.3800869529407671,
    0.3900789609018277,
    0.390078998166983,
    0.39007895714625607,
    0.38008694225775175,
    0.3700808700352959,
    0.36000581202028104,
    0.36000581383133345,
    0.4097457235321313,
    0.41,
    0.41,
    0.41,
    0.4100000295000044,
    0.41,
    0.41000014750007485,
    0.41000015340011353,
    0.41000015340011353,
    0.41000015340011353,
    0.41000015340011353,
    0.41000015340011353,
    0.41000015340011353,
    0.4201288614392552,
    0.4201287859124216,
    0.42012877132599435,
    0.42007452040976173,
    0.42007452120092437,
    0.42,
    0.4299999727317024,
    0.4200000169756134,
    0.42,
    0.4199648645162343,
    0.41996486544514033,
    0.38003410650845537,
    0.4199648653844961,
    0.38002155603647375,
    0.38,
    0.37,
    0.41990550263603793,
    0.39011342918590813,
    0.39011340059426447,
    0.40000514388528857,
    0.3901134210129421,
    0.38,
    0.38,
    0.38,
    0.3900762873236732,
    0.390076286724135,
    0.39007625661301115,
    0.47999982719988943,
    0.38000014880011307,
    0.300000350001575,
    0.63,
    0.9
]
