[
    0.01,
    0.01,
    0.03,
    0.04,
    0.02,
    0.02,
    0.01,
    0.04,
    0.03,
    0.03,
    0.02,
    0.09019607843137255,
    0.02,
    0.02,
    0.01,
    0.01,
    0.01,
    0.06,
    0.03,
    0.08,
    0.03,
    0.04,
    0.1,
    0.33,
    0.33,
    0.1428864677088268,
    0.15,
    0.09,
    0.08,
    0.05,
    0.09,
    0.03,
    0.289999866599928,
    0.03,
    0.04,
    0.05,
    0.05,
    0.03,
    0.05,
    0.05,
    0.01,
    0.05,
    0.05,
    0.05,
    0.01,
    0.01,
    0.05,
    0.04,
    0.09,
    0.06,
    0.05,
    0.05,
    0.02,
    0.3299998319999328,
    0.09,
    0.18,
    0.18,
    0.45,
    0.45,
    0.18000001640001606,
    0.4699999929499998,
    0.47,
    0.45,
    0.1700000033200013,
    0.36,
    0.21,
    0.36,
    0.28,
    0.3586,
    0.33,
    0.17,
    0.3815227,
    0.34,
    0.3399999920467833,
    0.25,
    0.34,
    0.34,
    0.44,
    0.4700000349800047,
    0.45295053176174693,
    0.4625528,
    0.22999982749995687,
    0.46999999821399996,
    0.24,
    0.4,
    0.47,
    0.47,
    0.4700000116600003,
    0.47,
    0.4700000349800047,
    0.47,
    0.5964709573183166,
    0.612781434428446,
    0.5655200195685741,
    0.52,
    0.52,
    0.4600000345600047,
    0.45,
    0.4500000275000124,
    0.45,
    0.45,
    0.45000000687500025,
    0.5199999833599972,
    0.44,
    0.44,
    0.35,
    0.41,
    0.42,
    0.43000009405007855,
    0.48999995344998115,
    0.3900000063103453,
    0.37,
    0.369999999593,
    0.3,
    0.29556649946370933,
    0.26,
    0.26,
    0.26,
    0.245,
    0.22,
    0.22000001320435444,
    0.22999998926666645,
    0.22,
    0.20999986769995105,
    0.19,
    0.1899999939199999,
    0.19,
    0.19,
    0.18,
    0.18,
    0.18,
    0.18,
    0.18,
    0.18,
    0.19,
    0.18,
    0.20999997395999803,
    0.2,
    0.19,
    0.18999993729998935,
    0.16,
    0.16,
    0.16,
    0.16,
    0.17,
    0.16000000134019654,
    0.2,
    0.2,
    0.2,
    0.2,
    0.19,
    0.18,
    0.1800000066598991,
    0.1899999939199999,
    0.15000000017313725,
    0.16,
    0.17999999648999998,
    0.18,
    0.19,
    0.18,
    0.2,
    0.19,
    0.20999999676599998,
    0.2569469815032553,
    0.22999999309999986,
    0.24,
    0.23,
    0.23,
    0.24,
    0.23,
    0.23,
    0.23,
    0.24,
    0.35,
    0.35,
    0.338008,
    0.38,
    0.39,
    0.4299998279998968,
    0.4351661302682918,
    0.42,
    0.42,
    0.43,
    0.42,
    0.42796652277407893,
    0.4199999831999973,
    0.4199999999244,
    0.41,
    0.41,
    0.4,
    0.45,
    0.46,
    0.46000000360000004,
    0.46000000268879676,
    0.5286697091918614,
    0.49,
    0.49000002142000126,
    0.4900001683001128,
    0.5,
    0.52,
    0.5499999998075,
    0.52,
    0.539383000755708,
    0.5199999937599997,
    0.4900000204000033,
    0.47,
    0.44,
    0.42,
    0.44,
    0.45,
    0.4699998777999096,
    0.51,
    0.5,
    0.5,
    0.5,
    0.5,
    0.5,
    0.5,
    0.5,
    0.519999998336,
    0.46,
    0.46,
    0.516005,
    0.5127,
    0.51,
    0.51,
    0.51,
    0.48,
    0.51,
    0.51,
    0.52,
    0.52,
    0.46,
    0.44788,
    0.46,
    0.42,
    0.42,
    0.41000001062000035,
    0.4100000002381166,
    0.43,
    0.41,
    0.4099998447856622,
    0.41,
    0.42,
    0.43,
    0.420000000725,
    0.42,
    0.5200000002238989,
    0.52,
    0.52,
    0.52,
    0.52,
    0.52,
    0.52,
    0.52,
    0.52,
    0.52,
    0.52,
    0.52,
    0.52,
    0.5,
    0.5,
    0.5,
    0.5,
    0.5,
    0.5,
    0.5,
    0.47999999808,
    0.490294,
    0.48,
    0.48,
    0.48,
    0.48,
    0.49,
    0.5,
    0.5,
    0.4700000014985863,
    0.55,
    0.55,
    0.55,
    0.55,
    0.55,
    0.55,
    0.5699999935874996,
    0.59,
    0.54,
    0.6,
    0.55,
    0.6,
    0.59,
    0.55,
    0.569791385547983,
    0.55,
    0.54,
    0.55,
    0.51,
    0.52,
    0.52,
    0.549999991185897,
    0.48,
    0.48,
    0.52,
    0.52,
    0.52,
    0.47999999332870014,
    0.46,
    0.48,
    0.48,
    0.48,
    0.48,
    0.48,
    0.48,
    0.48,
    0.48,
    0.48,
    0.52,
    0.54,
    0.54,
    0.46,
    0.5399999937391301,
    0.46,
    0.46,
    0.46,
    0.4388173913043478,
    0.4299999997592,
    0.43,
    0.43,
    0.43,
    0.36,
    0.36,
    0.36,
    0.36,
    0.36,
    0.36,
    0.39,
    0.36,
    0.4,
    0.4,
    0.4,
    0.4,
    0.38,
    0.36,
    0.38,
    0.3799999741599966,
    0.38,
    0.38,
    0.38,
    0.4,
    0.4,
    0.41,
    0.42,
    0.41999999529599996,
    0.42,
    0.48393667450546635,
    0.48,
    0.47999998079999695,
    0.4799999879999988,
    0.4700000116600003,
    0.47000000636000017,
    0.47,
    0.47,
    0.47,
    0.47,
    0.45000001925000127,
    0.4799999951999998,
    0.49,
    0.49,
    0.5,
    0.49,
    0.5,
    0.5,
    0.51,
    0.5,
    0.5,
    0.5,
    0.5,
    0.4263373574729754,
    0.41,
    0.38000010238535115,
    0.41,
    0.4100000084818865,
    0.41000000531000047,
    0.4100000923478518,
    0.43000000128250004,
    0.430000003306,
    0.4099999946699998,
    0.38,
    0.4,
    0.47,
    0.47,
    0.5,
    0.51,
    0.5373847270796179,
    0.5,
    0.51,
    0.5,
    0.5499999559999947,
    0.61,
    0.6,
    0.59,
    0.5967894891368174,
    0.5419354838709678,
    0.5601092896174863,
    0.53,
    0.5300000070500003,
    0.5,
    0.5100000186200011,
    0.51,
    0.5100000004307692,
    0.5899999952799998,
    0.58,
    0.58,
    0.6299999990549999,
    0.5800000168000027,
    0.63,
    0.62999999964,
    0.63,
    0.6200000135147162,
    0.6300000023183516,
    0.64,
    0.64,
    0.6561026883046913,
    0.65,
    0.64,
    0.64,
    0.64,
    0.64,
    0.63,
    0.63,
    0.64,
    0.64,
    0.6300000229400009,
    0.7000000882353201,
    0.68,
    0.6904250151791136,
    0.68,
    0.68,
    0.68,
    0.68,
    0.66,
    0.6600000367200034,
    0.65,
    0.6500000034475966,
    0.68,
    0.68,
    0.67,
    0.68,
    0.7,
    0.68,
    0.7,
    0.7,
    0.68,
    0.68,
    0.68,
    0.68,
    0.68,
    0.68,
    0.68,
    0.7,
    0.68,
    0.7,
    0.68,
    0.68,
    0.7,
    0.6899999951699998,
    0.68,
    0.6999999719999955,
    0.68,
    0.6999999719999955,
    0.68,
    0.68,
    0.6700000077550002,
    0.69,
    0.6700000409200031,
    0.69,
    0.6899999917199968,
    0.660000057800019,
    0.68,
    0.6512382303624403,
    0.64,
    0.58,
    0.5800000011731844,
    0.58,
    0.65,
    0.58,
    0.63,
    0.6,
    0.56,
    0.59,
    0.6499999514925264,
    0.65,
    0.67,
    0.67,
    0.67,
    0.67,
    0.67,
    0.67,
    0.67,
    0.67,
    0.63,
    0.62,
    0.5800000177055123,
    0.63,
    0.63,
    0.63,
    0.63,
    0.669999962479987,
    0.6699999930040158,
    0.6699998726999733,
    0.6100000140400009,
    0.6100000254802064,
    0.63,
    0.6300000325600037,
    0.6799999999184,
    0.6799999727999957,
    0.68,
    0.68,
    0.6799999999184,
    0.68,
    0.68,
    0.68,
    0.68,
    0.670911497329575,
    0.67,
    0.6699999999732,
    0.6628217725549316,
    0.66,
    0.657424342786344,
    0.64,
    0.65,
    0.6499999999675,
    0.65,
    0.65,
    0.64,
    0.64,
    0.64,
    0.6,
    0.64,
    0.6,
    0.64,
    0.64,
    0.64,
    0.64,
    0.64,
    0.64,
    0.64,
    0.64,
    0.64,
    0.64,
    0.56,
    0.5400000098747779,
    0.64,
    0.64,
    0.64,
    0.64,
    0.64,
    0.64,
    0.63,
    0.6314492753623189,
    0.5481967213114755,
    0.53,
    0.5,
    0.5,
    0.5,
    0.47,
    0.47,
    0.47,
    0.47,
    0.47,
    0.5,
    0.47,
    0.51,
    0.51,
    0.53,
    0.53,
    0.53,
    0.51,
    0.53,
    0.53,
    0.53,
    0.53,
    0.53,
    0.53,
    0.53,
    0.53,
    0.53,
    0.53,
    0.53,
    0.53,
    0.53,
    0.53,
    0.53,
    0.53,
    0.53,
    0.53,
    0.53,
    0.53,
    0.53,
    0.53,
    0.52,
    0.52,
    0.5100000034300001,
    0.52,
    0.52,
    0.51,
    0.52,
    0.5100000138618426,
    0.5100000022866668,
    0.5100000235925943,
    0.510000000931,
    0.55,
    0.5100000343257479,
    0.5100000084280002,
    0.5,
    0.5,
    0.5,
    0.59,
    0.6199999448888763,
    0.6199999448888763,
    0.63,
    0.63,
    0.63,
    0.63,
    0.63,
    0.63,
    0.63,
    0.63,
    0.63,
    0.63,
    0.63,
    0.62,
    0.62,
    0.62,
    0.62,
    0.62,
    0.62,
    0.6199999448888763,
    0.6199999448888763,
    0.63,
    0.63,
    0.63,
    0.63,
    0.63,
    0.62,
    0.62,
    0.62,
    0.6048994836358433,
    0.6,
    0.59,
    0.5959684,
    0.6060173913043478,
    0.59,
    0.59,
    0.59,
    0.59,
    0.59,
    0.58,
    0.5800000149330026,
    0.59,
    0.59,
    0.5800000100800008,
    0.59,
    0.59,
    0.59,
    0.59,
    0.5831026086956522,
    0.58,
    0.58,
    0.58,
    0.58,
    0.57999999913,
    0.58,
    0.5400000246046527,
    0.58,
    0.58,
    0.56,
    0.58,
    0.58,
    0.57999993708471,
    0.58,
    0.5500000401785857,
    0.56,
    0.6099999488386975,
    0.6,
    0.58,
    0.58,
    0.62,
    0.62,
    0.62,
    0.6199999627999948,
    0.62,
    0.62,
    0.6299999369999866,
    0.6299999369999866,
    0.6499999409090784,
    0.65,
    0.65,
    0.65,
    0.65,
    0.67,
    0.6699999842352852,
    0.65,
    0.65,
    0.65,
    0.65,
    0.65,
    0.65,
    0.65,
    0.6400000129600009,
    0.65,
    0.65,
    0.65,
    0.6400001296000829,
    0.64,
    0.6400000129600009,
    0.6,
    0.6,
    0.6,
    0.6,
    0.6,
    0.6,
    0.5700000129000022,
    0.57,
    0.6,
    0.56,
    0.56,
    0.55,
    0.55,
    0.54,
    0.5100000196000032,
    0.52,
    0.5200000066712999,
    0.5397559069668232,
    0.48,
    0.4500000024951798,
    0.53,
    0.49000002142000126,
    0.49000000267750005,
    0.49000002142000126,
    0.490000000595,
    0.5,
    0.4900000025338359,
    0.53,
    0.5499999587499927,
    0.53,
    0.5499999724999877,
    0.5499999572222161,
    0.5091,
    0.5,
    0.49,
    0.46000002131579565,
    0.47,
    0.49,
    0.48,
    0.45,
    0.43,
    0.43000000342000033,
    0.42,
    0.4,
    0.39157303370786517,
    0.39000000061000006,
    0.37,
    0.36,
    0.349999929999979,
    0.31,
    0.3000000070000006,
    0.349999929999979,
    0.4,
    0.4199998235998977,
    0.41999998991999926,
    0.4099999946699998,
    0.4499997974998886,
    0.45,
    0.45,
    0.4400000229922849,
    0.44,
    0.44,
    0.44,
    0.44,
    0.44,
    0.4300000074100003,
    0.4400001568001129,
    0.44,
    0.43,
    0.5,
    0.5,
    0.45,
    0.45,
    0.42,
    0.4600000694285873,
    0.45,
    0.44,
    0.4499999212499744,
    0.42185533424058724,
    0.41,
    0.41,
    0.3900000244000039,
    0.4099999446499798,
    0.35,
    0.35,
    0.35,
    0.34,
    0.3500000382353031,
    0.32,
    0.3200001088000914,
    0.32,
    0.32,
    0.31,
    0.34,
    0.34,
    0.34,
    0.34,
    0.34,
    0.34,
    0.34,
    0.36999996743999636,
    0.41592394294841034,
    0.32,
    0.34,
    0.32,
    0.34,
    0.32,
    0.34,
    0.34,
    0.33,
    0.33,
    0.34,
    0.33,
    0.3300000375200129,
    0.34,
    0.33000107204116635,
    0.34,
    0.33,
    0.34,
    0.34,
    0.34,
    0.34,
    0.34,
    0.34,
    0.36999999454249993,
    0.33000000837500126,
    0.33000000070620666,
    0.33000000837500126,
    0.3300000001933703,
    0.3900000610000346,
    0.4,
    0.41,
    0.41,
    0.41,
    0.41000007788002085,
    0.41,
    0.39866609442060086,
    0.4,
    0.380000000099221,
    0.4,
    0.4,
    0.39,
    0.4,
    0.4,
    0.4,
    0.3895815509866152,
    0.35000003900002885,
    0.35,
    0.38,
    0.38,
    0.36,
    0.36,
    0.38,
    0.36,
    0.36,
    0.35,
    0.36,
    0.35,
    0.37,
    0.3500000325000114,
    0.37,
    0.37,
    0.36004141333298134,
    0.37999996701886457,
    0.3700000819000303,
    0.37,
    0.38,
    0.37,
    0.37,
    0.37,
    0.38,
    0.37,
    0.37000006300001337,
    0.37,
    0.36004141333298134,
    0.37,
    0.3600413679324169,
    0.36997099869971,
    0.360041413008364,
    0.37,
    0.3596899069424039,
    0.3600621546961326,
    0.3500063107649845,
    0.35000630953382467,
    0.35,
    0.34999992250921363,
    0.33000001810811114,
    0.33000002397895156,
    0.34736352778435015,
    0.33995844374581374,
    0.3399584504993367,
    0.33,
    0.33,
    0.31,
    0.31000000828000324,
    0.31,
    0.32,
    0.3200040518638574,
    0.32016162703191803,
    0.31,
    0.3201616438385966,
    0.3100000414000389,
    0.3699999845559495,
    0.31000000046000004,
    0.3100000065714291,
    0.32000000040088433,
    0.33,
    0.3499998774999204,
    0.34,
    0.35,
    0.35999999537142846,
    0.3599999629184508,
    0.3400000028633412,
    0.3500000325000114,
    0.3599999376173168,
    0.35,
    0.35,
    0.36,
    0.36,
    0.36,
    0.36,
    0.36,
    0.3699999843806224,
    0.36,
    0.36999998985308497,
    0.36,
    0.36,
    0.36,
    0.36,
    0.35999987039991704,
    0.35999987039991704,
    0.3500000114168623,
    0.35000000270833354,
    0.35,
    0.35000002539063063,
    0.35,
    0.35000005909092163,
    0.35,
    0.35,
    0.35,
    0.35,
    0.35,
    0.35,
    0.35,
    0.35,
    0.35,
    0.35,
    0.35,
    0.35,
    0.35,
    0.35,
    0.35,
    0.35000000650000057,
    0.35,
    0.35000000650000057,
    0.35000000086666666,
    0.3500000059090919,
    0.35000000130000003,
    0.3500000325000114,
    0.3500000735849251,
    0.3599999910620686,
    0.35999993759999,
    0.35,
    0.35000006500003683,
    0.35000000034504725,
    0.36,
    0.350000000975,
    0.36,
    0.36999998149999863,
    0.36,
    0.36,
    0.36,
    0.36,
    0.35,
    0.3500000325000114,
    0.35000000650000057,
    0.35000000130000003,
    0.350000000975,
    0.35,
    0.35,
    0.35000000016346305,
    0.35,
    0.3500000130000006,
    0.35000001252408697,
    0.35,
    0.36,
    0.37,
    0.36999986309991373,
    0.36,
    0.36,
    0.37,
    0.37003112166801244,
    0.3700311204062484,
    0.36,
    0.35000026380073546,
    0.38,
    0.3600000089864296,
    0.37,
    0.37,
    0.37,
    0.37,
    0.36,
    0.36,
    0.36,
    0.3500000002992766,
    0.36,
    0.37,
    0.37,
    0.36997269433930896,
    0.36997269844184,
    0.36,
    0.3697952304533542,
    0.36,
    0.36,
    0.36,
    0.36,
    0.36,
    0.36,
    0.36,
    0.36,
    0.36000001115752017,
    0.37,
    0.3700871587499226,
    0.3700870829892351,
    0.36,
    0.36,
    0.36,
    0.36,
    0.36,
    0.36,
    0.36,
    0.36,
    0.37533087764336637,
    0.36,
    0.36,
    0.36,
    0.36,
    0.36,
    0.36999986309991373,
    0.36999991119997694,
    0.36,
    0.36,
    0.36999998790114014,
    0.36,
    0.36,
    0.36,
    0.36999998939333295,
    0.36,
    0.36,
    0.3699999887149998,
    0.36,
    0.36,
    0.36,
    0.36,
    0.36999999025309893,
    0.3500000027857144,
    0.35,
    0.36,
    0.36,
    0.35,
    0.35,
    0.35,
    0.35,
    0.3500000001222843,
    0.36,
    0.36,
    0.36,
    0.3599998369810521,
    0.3500000325000114,
    0.36,
    0.36,
    0.3500000325000114,
    0.35000000650000057,
    0.36,
    0.35000000288888894,
    0.35999999308799985,
    0.35,
    0.36,
    0.35,
    0.35999999660033727,
    0.35000009750003414,
    0.35,
    0.35999987039991704,
    0.3500000097159944,
    0.3599999909270925,
    0.35,
    0.35000006500003683,
    0.35999987039991704,
    0.35000014254395345,
    0.35999999339016386,
    0.35000011607149073,
    0.35999999838497126,
    0.35,
    0.3500000896552219,
    0.35,
    0.35000014772750776,
    0.35999997695999686,
    0.35,
    0.350000001625,
    0.35000000354545463,
    0.35000009750003414,
    0.35999992246152535,
    0.3500000024375,
    0.35000002425374854,
    0.35000009848490815,
    0.35000001857143337,
    0.35000006500003683,
    0.35,
    0.35,
    0.3500001444445193,
    0.3500000229411784,
    0.35000006500003683,
    0.3500001444445193,
    0.3500001444445193,
    0.3500000457746769,
    0.35000001334702324,
    0.35,
    0.34993396226415097,
    0.35,
    0.35000000604773085,
    0.35,
    0.36,
    0.34,
    0.34000009996758196,
    0.35,
    0.34,
    0.34,
    0.34,
    0.35,
    0.35,
    0.35000007862908616,
    0.35999999944757033,
    0.3500000812501253,
    0.3500000154761916,
    0.35999988110084763,
    0.35000000130000003,
    0.34000003866811546,
    0.34,
    0.35,
    0.34,
    0.34,
    0.34,
    0.34,
    0.35000005038763204,
    0.3500000353261106,
    0.35999999177142816,
    0.35,
    0.3500000121875013,
    0.35,
    0.35,
    0.35,
    0.35,
    0.35,
    0.35,
    0.35,
    0.35,
    0.35,
    0.35,
    0.3400001056000359,
    0.34,
    0.34,
    0.35,
    0.3400000080487853,
    0.35,
    0.35,
    0.3400000158400012,
    0.34999996102449454,
    0.35,
    0.3500000291916198,
    0.35,
    0.34998769579064937,
    0.3499318791668708,
    0.3400000017093707,
    0.34,
    0.35,
    0.3400000019240441,
    0.34,
    0.36,
    0.3500000325000114,
    0.36,
    0.35,
    0.35000069002635903,
    0.35,
    0.35000003009261904,
    0.35,
    0.35,
    0.35000001010362886,
    0.3599429286692531,
    0.3662647684248698,
    0.3500000125068152,
    0.35,
    0.3599034344806999,
    0.3598314063972279,
    0.35983126342818217,
    0.36,
    0.3500000282608765,
    0.36,
    0.3600747198007472,
    0.36999998818779267,
    0.3645620162334081,
    0.35,
    0.35,
    0.35,
    0.35000030952661,
    0.35,
    0.35,
    0.35,
    0.35,
    0.3500000019618201,
    0.35990311887964277,
    0.3599031726822234,
    0.35,
    0.35,
    0.36,
    0.35999999191515875,
    0.36,
    0.35,
    0.35,
    0.36,
    0.35,
    0.36,
    0.35000000650000057,
    0.35,
    0.35,
    0.35,
    0.35,
    0.35,
    0.35,
    0.3599142565098941,
    0.35000001857143337,
    0.3646397920327954,
    0.35000000650000057,
    0.3500000054166668,
    0.35,
    0.350000000975,
    0.3500000325000114,
    0.3500001042781139,
    0.35,
    0.3500000727706352,
    0.3501019902840967,
    0.36,
    0.350101983069935,
    0.35,
    0.3400000933116707,
    0.35,
    0.35,
    0.35017313848710213,
    0.35,
    0.3501731488904505,
    0.36,
    0.35999987039991704,
    0.3501731376795379,
    0.35287195128277093,
    0.3499999614999965,
    0.35,
    0.3499998774999204,
    0.35,
    0.35999987039991704,
    0.34,
    0.34,
    0.35,
    0.340000008501492,
    0.34,
    0.35,
    0.3500000325000114,
    0.35999997695999686,
    0.35,
    0.35,
    0.34,
    0.35,
    0.35,
    0.35,
    0.35,
    0.34,
    0.34,
    0.34,
    0.35,
    0.35,
    0.35,
    0.35,
    0.34,
    0.35,
    0.3400001056000359,
    0.34,
    0.34000003960001346,
    0.35,
    0.34,
    0.34,
    0.34,
    0.3300000804000707,
    0.33,
    0.33,
    0.3300832049968027,
    0.3300832193048005,
    0.33,
    0.32000002720000437,
    0.3299999882142851,
    0.33,
    0.33,
    0.33,
    0.3242310262015051,
    0.31,
    0.31,
    0.31000001311000236,
    0.3100000414000389,
    0.31,
    0.31000002286608025,
    0.3100000414000389,
    0.31000000415245776,
    0.3100000257565717,
    0.31,
    0.3100000414000389,
    0.3100000414000389,
    0.3100000414000389,
    0.31000000828000324,
    0.31000000828000324,
    0.31000001311000236,
    0.3100000414000389,
    0.3100000414000389,
    0.31000005750001436,
    0.3100000414000389,
    0.3100000414000389,
    0.3100000414000389,
    0.3100000414000389,
    0.3100000414000389,
    0.32,
    0.32,
    0.31000000483000023,
    0.3100000414000389,
    0.3100000414000389,
    0.3100000414000389,
    0.31,
    0.31,
    0.31,
    0.3,
    0.3,
    0.3,
    0.3,
    0.3,
    0.3,
    0.3,
    0.3,
    0.3,
    0.3,
    0.3000000146704403,
    0.3,
    0.3,
    0.3,
    0.31,
    0.31,
    0.30998890972202614,
    0.3,
    0.3,
    0.3095743506769186,
    0.3095744209158932,
    0.3,
    0.31,
    0.31,
    0.31000001142744643,
    0.3100000414000389,
    0.31,
    0.31,
    0.32,
    0.3100000414000389,
    0.3100000414000389,
    0.32,
    0.31,
    0.31000000828000324,
    0.32,
    0.31,
    0.31,
    0.3100000414000389,
    0.31000000828000324,
    0.3100324878940525,
    0.31,
    0.3100324869527338,
    0.3100324867474275,
    0.3100324904794456,
    0.32,
    0.31,
    0.31,
    0.31,
    0.31,
    0.3100388980191184,
    0.31416058394160584,
    0.30988824945198645,
    0.30988826041464723,
    0.309888218744625,
    0.32,
    0.31,
    0.31000005750001436,
    0.3100000414000389,
    0.32,
    0.3100000414000389,
    0.3100000414000389,
    0.3100000414000389,
    0.31000000996666766,
    0.3100000414000389,
    0.3100034626038781,
    0.32,
    0.31,
    0.31,
    0.31,
    0.31,
    0.31,
    0.31,
    0.31,
    0.31,
    0.3,
    0.3,
    0.31,
    0.3,
    0.31,
    0.3,
    0.3,
    0.3,
    0.31,
    0.3,
    0.3,
    0.3,
    0.31,
    0.3,
    0.31,
    0.3,
    0.3,
    0.3,
    0.31,
    0.3000000070000006,
    0.31,
    0.3,
    0.3,
    0.31,
    0.3,
    0.31,
    0.3,
    0.31,
    0.3,
    0.31,
    0.31,
    0.3,
    0.3,
    0.3,
    0.31,
    0.3,
    0.3,
    0.3,
    0.31,
    0.31,
    0.3,
    0.3,
    0.31,
    0.3099998622221657,
    0.31,
    0.3,
    0.31,
    0.3,
    0.31,
    0.31,
    0.31,
    0.31,
    0.31,
    0.3,
    0.31,
    0.3,
    0.31,
    0.3,
    0.31,
    0.3,
    0.3,
    0.3,
    0.3,
    0.3,
    0.31,
    0.3,
    0.3,
    0.3,
    0.31,
    0.3,
    0.3,
    0.3,
    0.30000002800000447,
    0.3,
    0.31,
    0.3,
    0.3,
    0.3,
    0.31,
    0.3,
    0.31,
    0.31,
    0.31,
    0.3,
    0.3,
    0.3,
    0.3,
    0.3,
    0.31,
    0.3,
    0.3,
    0.3,
    0.3,
    0.3,
    0.31,
    0.3,
    0.31,
    0.3,
    0.31,
    0.3,
    0.3,
    0.30999985990377477,
    0.31,
    0.3,
    0.31,
    0.31,
    0.31,
    0.31,
    0.31,
    0.31,
    0.3,
    0.31,
    0.3,
    0.3,
    0.31,
    0.3,
    0.3,
    0.3,
    0.3,
    0.3,
    0.3,
    0.3,
    0.30999999436363623,
    0.31,
    0.3,
    0.31,
    0.3099999855333328,
    0.30000000350000006,
    0.30999984499992556,
    0.3,
    0.30000000699580387,
    0.3000000560000403,
    0.3,
    0.31,
    0.3,
    0.3,
    0.3,
    0.3,
    0.3,
    0.3,
    0.31,
    0.3,
    0.31,
    0.30000011965830375,
    0.31,
    0.31,
    0.31,
    0.31000001311000236,
    0.32,
    0.31,
    0.31,
    0.31,
    0.31,
    0.31,
    0.31,
    0.32,
    0.3100000414000389,
    0.3100000414000389,
    0.31000000317400006,
    0.3100000249574512,
    0.3100000373346748,
    0.3100001056758499,
    0.32,
    0.3100000331731072,
    0.31,
    0.31,
    0.31,
    0.31,
    0.31,
    0.31,
    0.31,
    0.31,
    0.31,
    0.3100000414000389,
    0.32,
    0.3100000414000389,
    0.31,
    0.3,
    0.31,
    0.31,
    0.31,
    0.31,
    0.3,
    0.3,
    0.3,
    0.295,
    0.2800001440004032,
    0.2800000480000768,
    0.28,
    0.28000000827586435,
    0.28,
    0.28,
    0.28,
    0.29009793295590397,
    0.2900979330709212,
    0.29,
    0.2800000018572618,
    0.28,
    0.2900000113600089,
    0.3,
    0.29000007257780264,
    0.29,
    0.3,
    0.3,
    0.3,
    0.3,
    0.3,
    0.31,
    0.31,
    0.31,
    0.31,
    0.31,
    0.31,
    0.31,
    0.31,
    0.3083887738875332,
    0.3,
    0.3,
    0.29,
    0.29,
    0.29,
    0.29,
    0.3,
    0.3,
    0.290000001988,
    0.3,
    0.3,
    0.29,
    0.29,
    0.29,
    0.29,
    0.29,
    0.2900000066484518,
    0.29,
    0.29,
    0.3,
    0.29,
    0.2999999937395658,
    0.29,
    0.29,
    0.29,
    0.3,
    0.30000002800000447,
    0.3,
    0.3,
    0.3,
    0.31008737902935757,
    0.3100873797734672,
    0.3099525957773395,
    0.309952563160326,
    0.3099526046050419,
    0.3100897929358083,
    0.31008979765247807,
    0.3100897924078182,
    0.3100434659613084,
    0.3100434662245433,
    0.3097451450969017,
    0.3097451361176579,
    0.3,
    0.3,
    0.31,
    0.31,
    0.32000000718057053,
    0.32,
    0.32000003626668894,
    0.31000000828000324,
    0.32,
    0.32,
    0.28,
    0.28,
    0.270554,
    0.28,
    0.2701162253630224,
    0.2701162260165603,
    0.25996356968215156,
    0.25996354144563,
    0.2599634963766161,
    0.25,
    0.25,
    0.2595781468438722,
    0.25957808183491377,
    0.25,
    0.26016654604652545,
    0.2601665461034745,
    0.2600979195162776,
    0.25,
    0.25,
    0.2598445695523047,
    0.25984455247428573,
    0.25,
    0.25,
    0.2600163332305701,
    0.26999998627499955,
    0.25,
    0.2699728110110141,
    0.26999998055999946,
    0.25,
    0.2600633529647618,
    0.26006335318525736,
    0.25,
    0.26,
    0.2600000138672005,
    0.26,
    0.25,
    0.2599998647999351,
    0.25999994799999304,
    0.25,
    0.25,
    0.25,
    0.25,
    0.25,
    0.25,
    0.25,
    0.25,
    0.2599999902143229,
    0.25,
    0.25,
    0.25,
    0.25,
    0.25,
    0.2599998647999351,
    0.25,
    0.24000009120017146,
    0.24000001216000344,
    0.24000000024134166,
    0.25,
    0.25,
    0.2596687692816699,
    0.25,
    0.2599998647999351,
    0.25997647817169095,
    0.26011976076909377,
    0.26011976108612633,
    0.25,
    0.2699999681399974,
    0.25,
    0.26,
    0.26,
    0.26,
    0.26,
    0.25,
    0.25,
    0.24000001013333827,
    0.24000002268661727,
    0.2400000004864,
    0.2500051786639047,
    0.2500051786639047,
    0.24000000810666713,
    0.25,
    0.2567223382045929,
    0.2400000008106667,
    0.24,
    0.24,
    0.24,
    0.2400000051979145,
    0.24,
    0.24000002325048797,
    0.24000009120017146,
    0.26,
    0.25,
    0.24000000034052085,
    0.2598812574858011,
    0.25,
    0.25975809409712536,
    0.25975808136337947,
    0.2596573242471869,
    0.2596573989001873,
    0.2596574458053258,
    0.25,
    0.24000000250695813,
    0.25,
    0.25,
    0.25990439325483783,
    0.26,
    0.25,
    0.26994584610965805,
    0.25,
    0.2600610460509105,
    0.2600610466309323,
    0.2600610454495153,
    0.25,
    0.25,
    0.25,
    0.26,
    0.26,
    0.26,
    0.25,
    0.2600087616902583,
    0.2698062104869364,
    0.2698061808809036,
    0.26000876225553887,
    0.25,
    0.2697889629418253,
    0.26978897360629883,
    0.2697889191861481,
    0.24000011054563947,
    0.25008771929824564,
    0.29,
    0.2,
    0.2,
    0.2,
    0.21,
    0.2,
    0.2,
    0.2,
    0.2,
    0.2,
    0.21000011490917866,
    0.21000008276221138,
    0.2,
    0.21000000790002363,
    0.21000001738001353,
    0.21000000790002363,
    0.2,
    0.2,
    0.2,
    0.2,
    0.17000001661551856,
    0.18,
    0.18000008268927575,
    0.3499998774999204,
    0.17000010578471508,
    0.2,
    0.15000005393434895,
    0.21,
    0.2,
    0.22,
    0.6899999917199968,
    0.4
]
