[
    0.001,
    0.001,
    0.001,
    0.001,
    0.001,
    0.001,
    0.002,
    0.001,
    0.001,
    0.001,
    0.001,
    0.002,
    0.001,
    0.001,
    0.001,
    0.001,
    0.001,
    0.001,
    0.001,
    0.001,
    0.001,
    0.001,
    0.001,
    0.002,
    0.001,
    0.002,
    0.001,
    0.001,
    0.002,
    0.001,
    0.003,
    0.001,
    0.004476232654266312,
    0.002,
    0.002,
    0.002,
    0.009921618729988282,
    0.002,
    0.002,
    0.003,
    0.002,
    0.003,
    0.01,
    0.01,
    0.01,
    0.02,
    0.012,
    0.012,
    0.011,
    0.03,
    0.012000000022634601,
    0.011000004450640175,
    0.029999971199998848,
    0.02,
    0.011,
    0.02,
    0.02,
    0.01,
    0.02,
    0.01,
    0.01,
    0.01,
    0.01,
    0.01,
    0.01,
    0.061762723008930195,
    0.01,
    0.03,
    0.029999971199998848,
    0.01,
    0.02,
    0.02,
    0.02,
    0.0599999459999946,
    0.02,
    0.03,
    0.03,
    0.03,
    0.05,
    0.03,
    0.03,
    0.04,
    0.03,
    0.02,
    0.02,
    0.04,
    0.06,
    0.06,
    0.09900990099009901,
    0.08618378212739879,
    0.08,
    0.03,
    0.03,
    0.03,
    0.04,
    0.05,
    0.03,
    0.05,
    0.10838111133991568,
    0.06,
    0.04,
    0.07192784133287136,
    0.04,
    0.07,
    0.1,
    0.1,
    0.10999999130999982,
    0.08,
    0.08,
    0.07994089946236858,
    0.08,
    0.07,
    0.07,
    0.06,
    0.08,
    0.06,
    0.05,
    0.06,
    0.06,
    0.12,
    0.06,
    0.13718074432012503,
    0.08000000334545727,
    0.1,
    0.13,
    0.1,
    0.1,
    0.15,
    0.17,
    0.17,
    0.17,
    0.17,
    0.17,
    0.17,
    0.17,
    0.17,
    0.17000000221333347,
    0.17,
    0.17,
    0.17,
    0.1700000480166055,
    0.17,
    0.17,
    0.17,
    0.17,
    0.17,
    0.17,
    0.17,
    0.18,
    0.17,
    0.1700000033200013,
    0.17,
    0.17,
    0.17,
    0.18,
    0.17,
    0.17,
    0.17,
    0.17,
    0.17,
    0.18,
    0.18,
    0.22,
    0.18,
    0.22,
    0.18,
    0.19,
    0.18,
    0.18,
    0.2099999285999886,
    0.24,
    0.24,
    0.22016145848572002,
    0.2,
    0.2,
    0.2,
    0.22,
    0.23,
    0.2,
    0.21,
    0.22,
    0.21,
    0.2,
    0.23,
    0.22999982749995687,
    0.22000000156000046,
    0.22000000016388277,
    0.23,
    0.23,
    0.22,
    0.23,
    0.24,
    0.28,
    0.26,
    0.23,
    0.27,
    0.26,
    0.24,
    0.25,
    0.28,
    0.25,
    0.29,
    0.28,
    0.29,
    0.29,
    0.28,
    0.29,
    0.31,
    0.3,
    0.28,
    0.31,
    0.31,
    0.31,
    0.32,
    0.32,
    0.32,
    0.32,
    0.31,
    0.31,
    0.31,
    0.31000001706044383,
    0.3,
    0.32999999445599987,
    0.3,
    0.3,
    0.3,
    0.3,
    0.29,
    0.29,
    0.28,
    0.28,
    0.28,
    0.28,
    0.27,
    0.27,
    0.27,
    0.27,
    0.27,
    0.27,
    0.27,
    0.26999985419993294,
    0.25,
    0.25,
    0.27,
    0.27,
    0.24,
    0.25,
    0.27,
    0.32,
    0.31,
    0.31,
    0.36,
    0.3599999870399992,
    0.31,
    0.35,
    0.35,
    0.37,
    0.38,
    0.38,
    0.35,
    0.35,
    0.3499999842499991,
    0.38000007026670557,
    0.37,
    0.37000000284833545,
    0.3899999732218281,
    0.3899998478999072,
    0.4,
    0.39,
    0.39,
    0.37,
    0.4099999835999974,
    0.37000000049157306,
    0.38,
    0.41,
    0.41,
    0.4,
    0.45,
    0.46,
    0.44,
    0.42,
    0.42,
    0.46999998871999804,
    0.47,
    0.46,
    0.4500000000939258,
    0.47,
    0.47,
    0.4799999975314285,
    0.5,
    0.54,
    0.54,
    0.5399999995068493,
    0.54,
    0.5399999995731839,
    0.54,
    0.54,
    0.56,
    0.56,
    0.5899999946899995,
    0.61999999876,
    0.59,
    0.62,
    0.64,
    0.61,
    0.58,
    0.59,
    0.63,
    0.62,
    0.64,
    0.65,
    0.64,
    0.64,
    0.64000006240001,
    0.64,
    0.6757831133557923,
    0.6699999370630112,
    0.6948522214832793,
    0.64,
    0.6300000005628403,
    0.7227128142562289,
    0.7176890410489182,
    0.62,
    0.6100000040185471,
    0.6799781783578495,
    0.66,
    0.64,
    0.66,
    0.6839048151752806,
    0.63,
    0.58,
    0.59,
    0.58,
    0.58,
    0.58,
    0.58,
    0.58,
    0.579999997912,
    0.59,
    0.58,
    0.59,
    0.58,
    0.62,
    0.64,
    0.63,
    0.6,
    0.64,
    0.64,
    0.64,
    0.63,
    0.61,
    0.5982902808261579,
    0.5599999932799999,
    0.5697282382474061,
    0.5199999833599972,
    0.51,
    0.55,
    0.5499999559999947,
    0.53,
    0.53,
    0.5499999559999947,
    0.502444,
    0.48,
    0.47,
    0.47,
    0.44,
    0.44,
    0.45,
    0.47,
    0.47,
    0.45,
    0.45,
    0.47,
    0.47,
    0.47,
    0.47,
    0.47,
    0.4683853333333333,
    0.46,
    0.4599999530212614,
    0.4732730712634013,
    0.46,
    0.47,
    0.45,
    0.4599999530212614,
    0.45999999677999986,
    0.4599999530212614,
    0.4599999951946817,
    0.46,
    0.4500000014473684,
    0.46,
    0.46,
    0.46,
    0.46,
    0.45999999677999986,
    0.46,
    0.4599999530212614,
    0.47,
    0.47,
    0.47,
    0.4799999951999998,
    0.47999999808,
    0.5,
    0.49,
    0.5,
    0.48,
    0.51,
    0.51,
    0.5099999952399998,
    0.51,
    0.5099999993744406,
    0.53,
    0.53,
    0.5299999977668539,
    0.5,
    0.5,
    0.47,
    0.49,
    0.47,
    0.47,
    0.47,
    0.47,
    0.47,
    0.47,
    0.47,
    0.47,
    0.47,
    0.47,
    0.47,
    0.47,
    0.47,
    0.46999998871999804,
    0.4699999934199999,
    0.4400000000330725,
    0.47,
    0.47,
    0.47,
    0.47,
    0.47000000501505385,
    0.47,
    0.47,
    0.47,
    0.47,
    0.44,
    0.44,
    0.46656143528488137,
    0.44,
    0.45999995951999545,
    0.42000000328666676,
    0.42,
    0.459999998252,
    0.4,
    0.42,
    0.4,
    0.39,
    0.4,
    0.4,
    0.4,
    0.4,
    0.4,
    0.4,
    0.41,
    0.4,
    0.4099999835999974,
    0.4,
    0.41,
    0.41,
    0.44999996249999064,
    0.41000001114048484,
    0.42,
    0.41,
    0.46999998871999804,
    0.4699999997415,
    0.44,
    0.4614629346091418,
    0.4400000386207003,
    0.43,
    0.4300000511034613,
    0.41,
    0.41000015340011353,
    0.41,
    0.41,
    0.41,
    0.42999999763499996,
    0.41,
    0.41,
    0.41,
    0.41,
    0.41,
    0.41,
    0.41,
    0.41,
    0.41,
    0.4100000727667062,
    0.42,
    0.4100000727667062,
    0.41,
    0.4,
    0.39,
    0.39,
    0.39,
    0.4099999921518151,
    0.39,
    0.39,
    0.4,
    0.4,
    0.4,
    0.4,
    0.4,
    0.4,
    0.4,
    0.4,
    0.41,
    0.4,
    0.4,
    0.4,
    0.4099999630999941,
    0.4,
    0.41,
    0.42,
    0.41000015340011353,
    0.42999999948004836,
    0.41,
    0.43,
    0.41000015340011353,
    0.40000002400000384,
    0.4,
    0.40000002400000384,
    0.4,
    0.43999994279999316,
    0.4,
    0.41,
    0.42,
    0.43999997066665886,
    0.41000015340011353,
    0.4,
    0.41,
    0.4,
    0.4,
    0.42,
    0.45999995951999545,
    0.44,
    0.45999999954200643,
    0.4599999963473944,
    0.41,
    0.42,
    0.46999998871999804,
    0.47,
    0.46999999970625,
    0.47,
    0.44,
    0.5,
    0.5,
    0.44,
    0.49645639669470626,
    0.46,
    0.44,
    0.44,
    0.48,
    0.45,
    0.4499998142200897,
    0.44,
    0.44,
    0.44,
    0.44000000010752,
    0.44,
    0.44,
    0.44,
    0.440000000672,
    0.44,
    0.44,
    0.44,
    0.44,
    0.4400000104533338,
    0.44,
    0.44,
    0.44,
    0.44,
    0.44,
    0.45,
    0.44,
    0.44,
    0.4499999831249964,
    0.44,
    0.4400000116424126,
    0.44,
    0.44,
    0.44,
    0.44,
    0.44,
    0.44000006833899785,
    0.44000006833899785,
    0.43979082779898554,
    0.4399999894399992,
    0.439999885528392,
    0.39,
    0.39,
    0.43,
    0.37,
    0.36,
    0.36,
    0.36,
    0.45,
    0.45,
    0.4699999702333253,
    0.45,
    0.4688967116009338,
    0.45,
    0.48971596474045054,
    0.45,
    0.5,
    0.45,
    0.47,
    0.47,
    0.47,
    0.46999999153999933,
    0.45,
    0.4699999994418999,
    0.46999999153999933,
    0.45,
    0.4899999926591757,
    0.4300000074100003,
    0.48999998039999687,
    0.47999998079999695,
    0.41000001062000035,
    0.4399999894399992,
    0.43999999693646646,
    0.39,
    0.39,
    0.4,
    0.4,
    0.43999996479999576,
    0.3900000549000088,
    0.39,
    0.39,
    0.4,
    0.39,
    0.39000005116130254,
    0.39,
    0.3700000420000099,
    0.38537548889218687,
    0.36,
    0.3700000420000099,
    0.32,
    0.33,
    0.34,
    0.32,
    0.3200001088000914,
    0.31,
    0.3300000046853155,
    0.32,
    0.32,
    0.3200000063466668,
    0.38999994691097417,
    0.4099999835999974,
    0.4099999248690844,
    0.38658523307212983,
    0.3500000382353031,
    0.35,
    0.34927879408677553,
    0.33,
    0.33,
    0.37,
    0.37,
    0.4,
    0.4,
    0.4,
    0.43568757960832977,
    0.41999998991999926,
    0.46,
    0.46,
    0.46000000066804125,
    0.46,
    0.48,
    0.46,
    0.5,
    0.52,
    0.5,
    0.52,
    0.5,
    0.5,
    0.5,
    0.5,
    0.48,
    0.47,
    0.47000001994220747,
    0.5299999505333215,
    0.49,
    0.5355301537248719,
    0.52,
    0.52,
    0.52,
    0.52,
    0.52,
    0.52,
    0.52,
    0.52,
    0.52,
    0.49000001335078597,
    0.49000000893655626,
    0.52,
    0.51,
    0.529999992933333,
    0.53,
    0.51,
    0.53,
    0.5299999725185097,
    0.510000000882,
    0.54,
    0.52,
    0.52,
    0.54,
    0.52,
    0.52,
    0.51,
    0.489999996170515,
    0.4714883200762864,
    0.44,
    0.45,
    0.45,
    0.45,
    0.4899999982033333,
    0.4899999915719998,
    0.48999998039999687,
    0.48999998039999687,
    0.48,
    0.5,
    0.5,
    0.48999999789999993,
    0.49,
    0.5879363409327203,
    0.52,
    0.53,
    0.53,
    0.54,
    0.52,
    0.54,
    0.5699998232997013,
    0.55,
    0.56,
    0.56,
    0.53,
    0.55,
    0.55,
    0.5300000070500003,
    0.5599999880533331,
    0.5699999965799997,
    0.6389928698937319,
    0.6,
    0.57,
    0.56,
    0.6293829390226647,
    0.609999859699892,
    0.59,
    0.59,
    0.62980799883026,
    0.6099999930059814,
    0.628386962263488,
    0.629999983776821,
    0.56,
    0.56,
    0.5799999991270903,
    0.58,
    0.56,
    0.57,
    0.57,
    0.57,
    0.5699994983994382,
    0.5330779765313208,
    0.5399998792940737,
    0.53999978399989,
    0.5,
    0.539999971199992,
    0.5399999985599999,
    0.5,
    0.5,
    0.5099999149999574,
    0.5151268984857059,
    0.5,
    0.48999995589999296,
    0.4499999549999955,
    0.45999995951999545,
    0.45,
    0.46999998871999804,
    0.48,
    0.45,
    0.449999879999952,
    0.4300001767002986,
    0.44204321750533615,
    0.43000000317679926,
    0.44,
    0.44,
    0.44,
    0.4499997974998886,
    0.44,
    0.4,
    0.4,
    0.39,
    0.4,
    0.37,
    0.39,
    0.33,
    0.33,
    0.33000003301451025,
    0.32,
    0.31,
    0.31,
    0.31,
    0.31,
    0.31,
    0.31,
    0.33,
    0.33,
    0.33,
    0.3299999959299999,
    0.31,
    0.31,
    0.31,
    0.3299999922449998,
    0.31,
    0.31,
    0.33999987487994593,
    0.3399999632799966,
    0.339999829999915,
    0.33,
    0.3,
    0.3,
    0.3431372531526336,
    0.32,
    0.3,
    0.3,
    0.31,
    0.31,
    0.31,
    0.31,
    0.29,
    0.29,
    0.29,
    0.29,
    0.31,
    0.31,
    0.3100000414000389,
    0.3,
    0.3000000394366397,
    0.29,
    0.29,
    0.29,
    0.2999999924999998,
    0.29,
    0.29,
    0.29,
    0.29,
    0.29,
    0.29,
    0.29,
    0.28000004734248857,
    0.28,
    0.27999984727267174,
    0.28,
    0.27,
    0.27,
    0.27999999159999983,
    0.26,
    0.26,
    0.27798736249927775,
    0.27,
    0.27,
    0.27,
    0.2699999369999937,
    0.25,
    0.26,
    0.26,
    0.2699999681399974,
    0.27,
    0.27,
    0.26,
    0.27,
    0.2699999369999937,
    0.25,
    0.25,
    0.25,
    0.25,
    0.2500196979699894,
    0.25,
    0.25001969796865287,
    0.269999996328,
    0.26,
    0.25999994799999304,
    0.25972133423432076,
    0.26014661113997933,
    0.25,
    0.2601467278476611,
    0.26014661023351954,
    0.2699999895599997,
    0.25,
    0.24,
    0.24004886996998986,
    0.25,
    0.24004886989253976,
    0.24004900168937277,
    0.25,
    0.27,
    0.23,
    0.2799999731199972,
    0.25,
    0.25,
    0.26,
    0.25,
    0.26,
    0.26,
    0.27,
    0.26,
    0.26999985419993294,
    0.2699999681399974,
    0.26,
    0.26999999041499984,
    0.2699999162999841,
    0.26,
    0.25,
    0.26,
    0.25,
    0.2599998647999351,
    0.2599998647999351,
    0.25999988624997866,
    0.25999988624997866,
    0.25,
    0.26,
    0.26,
    0.2600000103600019,
    0.26,
    0.26,
    0.26,
    0.26000000204243584,
    0.2699999681399974,
    0.2699999807999992,
    0.2600000103600019,
    0.26,
    0.2699999819126208,
    0.26,
    0.26,
    0.26,
    0.2600000190285764,
    0.27,
    0.27000018980014046,
    0.279999843199931,
    0.2799999854399993,
    0.27,
    0.27,
    0.27000018980014046,
    0.27000018980014046,
    0.2799999731199972,
    0.27999999282051263,
    0.27000018980014046,
    0.27000018980014046,
    0.27,
    0.27,
    0.27000018980014046,
    0.28,
    0.28,
    0.27000018980014046,
    0.27,
    0.28,
    0.27000018980014046,
    0.27,
    0.28,
    0.27000018980014046,
    0.27000018980014046,
    0.27000018980014046,
    0.28,
    0.27,
    0.27000018980014046,
    0.27,
    0.270000032120005,
    0.2799999968596034,
    0.27,
    0.27,
    0.27,
    0.27000003596061595,
    0.2797334791650282,
    0.2797334506219919,
    0.28004934212824883,
    0.2800493422071044,
    0.28,
    0.2798241598156886,
    0.2798241048483765,
    0.2798240548483818,
    0.28,
    0.28,
    0.28,
    0.2899387613612662,
    0.28992244696595953,
    0.28,
    0.29,
    0.3,
    0.3,
    0.3,
    0.31,
    0.31,
    0.31,
    0.31,
    0.31,
    0.31,
    0.31,
    0.31,
    0.31,
    0.32,
    0.31,
    0.31,
    0.31,
    0.31,
    0.31,
    0.31,
    0.31,
    0.31,
    0.31,
    0.31,
    0.31,
    0.31,
    0.31,
    0.31,
    0.31,
    0.31000000181102366,
    0.32,
    0.31,
    0.31,
    0.31,
    0.32,
    0.31000000483000023,
    0.32,
    0.3198205703898671,
    0.31976930357325994,
    0.3299999590799969,
    0.31000034650713276,
    0.32,
    0.32,
    0.32,
    0.3200000023746337,
    0.33,
    0.3299999295999915,
    0.33,
    0.3299999555936618,
    0.32999999669999996,
    0.32,
    0.32,
    0.32,
    0.33,
    0.3299999322516471,
    0.3299998364864202,
    0.33,
    0.3299999295999915,
    0.3299999295999915,
    0.32999978219992593,
    0.3299999590799969,
    0.32999999669999996,
    0.3299999493488332,
    0.33,
    0.33,
    0.3299999295999915,
    0.3299999590799969,
    0.3299999590799969,
    0.33,
    0.33,
    0.33,
    0.3299999590799969,
    0.33,
    0.32999978219992593,
    0.3299998927499812,
    0.3100000023469391,
    0.32,
    0.32,
    0.32,
    0.31,
    0.32,
    0.3287595882529398,
    0.31,
    0.32,
    0.31,
    0.32,
    0.3299999590799969,
    0.320000149912114,
    0.32,
    0.32,
    0.33,
    0.32,
    0.32,
    0.32,
    0.32,
    0.32,
    0.32,
    0.32,
    0.32,
    0.3299998927499812,
    0.32,
    0.32,
    0.32,
    0.32,
    0.3299999070165494,
    0.32999995285713873,
    0.32,
    0.320000001904,
    0.3200000267103143,
    0.32,
    0.32,
    0.32,
    0.32,
    0.32,
    0.32,
    0.3299999590799969,
    0.32,
    0.3100000037381491,
    0.31,
    0.32,
    0.31000001944606737,
    0.31,
    0.31,
    0.31000001500000374,
    0.3299999322516471,
    0.31000000828000324,
    0.31,
    0.32,
    0.3299999609797212,
    0.3299999899361698,
    0.3299998927499812,
    0.3299999590799969,
    0.32143600545724943,
    0.32,
    0.31983855195944494,
    0.3198385344056078,
    0.31,
    0.329999998922,
    0.32,
    0.31,
    0.31,
    0.33,
    0.32,
    0.3100000705682548,
    0.3100000414000389,
    0.31,
    0.32,
    0.31,
    0.31,
    0.31,
    0.32,
    0.32999978219992593,
    0.3299998319999328,
    0.3200530330795101,
    0.32,
    0.32005304951412644,
    0.3299999480249952,
    0.32999996427834516,
    0.3100000165517287,
    0.32,
    0.3100000014417056,
    0.32999998702247096,
    0.33,
    0.3299999823043462,
    0.32,
    0.32999978219992593,
    0.3299998772726715,
    0.32,
    0.3195,
    0.3000000175000083,
    0.3099999925599999,
    0.30000002333334036,
    0.31,
    0.3100000024000001,
    0.32,
    0.32,
    0.32,
    0.32,
    0.32,
    0.3299998927499812,
    0.32,
    0.32,
    0.32,
    0.32,
    0.32,
    0.32,
    0.32,
    0.32,
    0.32,
    0.32,
    0.31,
    0.31,
    0.31,
    0.31,
    0.31000001706044383,
    0.31,
    0.31,
    0.31,
    0.31,
    0.31,
    0.31,
    0.31,
    0.31,
    0.31,
    0.31,
    0.31,
    0.31,
    0.31,
    0.31,
    0.31,
    0.31,
    0.31,
    0.31,
    0.3091407425817765,
    0.31,
    0.31,
    0.28,
    0.28,
    0.28,
    0.28,
    0.29,
    0.29,
    0.28,
    0.3,
    0.299999819999928,
    0.29,
    0.29,
    0.3,
    0.3,
    0.3,
    0.29,
    0.29,
    0.29,
    0.2900780721930384,
    0.29007807033309657,
    0.2900780717046919,
    0.3,
    0.3,
    0.29986263602443325,
    0.33,
    0.33,
    0.3141860465116279,
    0.318125,
    0.32,
    0.31625,
    0.28,
    0.28,
    0.29,
    0.29,
    0.2700000009444744,
    0.28,
    0.29,
    0.3,
    0.29,
    0.29,
    0.28,
    0.3,
    0.29,
    0.28,
    0.29,
    0.28,
    0.28,
    0.3,
    0.31,
    0.31,
    0.31,
    0.31,
    0.31,
    0.31,
    0.31,
    0.32,
    0.32,
    0.32,
    0.33,
    0.32,
    0.32,
    0.32,
    0.33,
    0.34,
    0.31,
    0.31,
    0.33,
    0.33,
    0.33,
    0.32,
    0.34,
    0.32,
    0.31,
    0.32,
    0.33,
    0.34,
    0.34,
    0.31,
    0.33,
    0.34,
    0.33,
    0.35,
    0.35,
    0.35,
    0.35,
    0.35,
    0.35,
    0.35,
    0.36,
    0.35,
    0.36,
    0.35,
    0.35,
    0.35,
    0.35,
    0.36,
    0.35,
    0.35,
    0.36,
    0.36,
    0.36,
    0.36,
    0.36,
    0.36,
    0.36,
    0.36,
    0.36,
    0.36,
    0.36,
    0.36,
    0.36,
    0.36,
    0.36,
    0.36,
    0.36,
    0.36,
    0.36,
    0.36,
    0.36,
    0.36,
    0.36,
    0.36,
    0.36,
    0.36,
    0.36,
    0.36,
    0.36,
    0.36,
    0.36,
    0.36,
    0.36,
    0.36,
    0.36,
    0.36,
    0.36,
    0.36,
    0.36,
    0.36,
    0.36,
    0.36,
    0.36,
    0.36,
    0.36,
    0.36,
    0.36,
    0.36,
    0.36,
    0.36,
    0.36999996743999636,
    0.3699999925999999,
    0.36,
    0.36,
    0.3699999925999999,
    0.36999997705999915,
    0.36999997705999915,
    0.36,
    0.37,
    0.37,
    0.37,
    0.369999998705,
    0.36999996743999636,
    0.36,
    0.36,
    0.37,
    0.37,
    0.38,
    0.3799270155312274,
    0.37991460406541006,
    0.37991443558525306,
    0.38354869722685825,
    0.3799999011999269,
    0.3799998963635704,
    0.3799999011999269,
    0.3700000819000303,
    0.3820586505308396,
    0.3799998441024948,
    0.3799999011999269,
    0.37000015463660685,
    0.37999988892302394,
    0.37999994209521937,
    0.3799999963981042,
    0.37999988740735735,
    0.37999989233327414,
    0.37,
    0.37,
    0.37000002491464656,
    0.37,
    0.3799999011999269,
    0.37999986896544946,
    0.3799999945279999,
    0.3799998834666247,
    0.3799999011999269,
    0.3799999011999269,
    0.37999988892302394,
    0.3799998834666247,
    0.37999988740735735,
    0.37999986730152835,
    0.379999948932793,
    0.3799999182278139,
    0.3799999741599966,
    0.38,
    0.38,
    0.38,
    0.38,
    0.38,
    0.3899999773799968,
    0.3899999859599991,
    0.389999890799976,
    0.3899998926604815,
    0.39,
    0.39,
    0.39,
    0.39,
    0.39,
    0.39,
    0.39,
    0.39,
    0.39,
    0.39,
    0.39,
    0.39,
    0.39,
    0.39,
    0.39,
    0.39,
    0.39,
    0.39,
    0.39,
    0.39,
    0.39,
    0.39,
    0.39,
    0.39,
    0.39,
    0.39,
    0.4,
    0.4,
    0.39000002135000994,
    0.4,
    0.39000000152500003,
    0.3900000244000039,
    0.4,
    0.4,
    0.3900001794118878,
    0.4,
    0.3900000102937505,
    0.4,
    0.39000000426833004,
    0.4,
    0.4,
    0.4,
    0.4,
    0.4000000087552902,
    0.4,
    0.4,
    0.4,
    0.4,
    0.4,
    0.4099999942828683,
    0.4,
    0.4,
    0.4,
    0.41,
    0.40999999540799986,
    0.4099998236998995,
    0.41,
    0.4,
    0.4,
    0.4099998236998995,
    0.4099998236998995,
    0.41,
    0.4099998236998995,
    0.4099998236998995,
    0.4099998236998995,
    0.4099998236998995,
    0.4099998236998995,
    0.4,
    0.4,
    0.4,
    0.4,
    0.40999986834854535,
    0.4,
    0.4099999635357871,
    0.4099998236998995,
    0.4,
    0.4,
    0.4,
    0.4,
    0.4,
    0.4099998236998995,
    0.4,
    0.4,
    0.4000000088248277,
    0.4,
    0.4,
    0.4000000161637948,
    0.41,
    0.4100528170873841,
    0.4199998235998977,
    0.41999999709454255,
    0.4199999929274608,
    0.4177175856737967,
    0.4099999958999999,
    0.4099998236998995,
    0.4,
    0.4099999835999974,
    0.4099999835999974,
    0.40999999688399996,
    0.4099998236998995,
    0.4099999909799993,
    0.4099998236998995,
    0.4099998236998995,
    0.4,
    0.4,
    0.41,
    0.41,
    0.41,
    0.4,
    0.4,
    0.4,
    0.40999996771652525,
    0.400000060000024,
    0.4099998236998995,
    0.41,
    0.40000000952229864,
    0.4,
    0.409999992839041,
    0.4099998236998995,
    0.4,
    0.39,
    0.4,
    0.4,
    0.39,
    0.39,
    0.4,
    0.4,
    0.39,
    0.390000002435227,
    0.4,
    0.41,
    0.39,
    0.39,
    0.4,
    0.39,
    0.41,
    0.41,
    0.39,
    0.39,
    0.39,
    0.4199998235998977,
    0.4199998235998977,
    0.41000015340011353,
    0.4100000295000044,
    0.4199998235998977,
    0.41999990479995813,
    0.41,
    0.41,
    0.4199998235998977,
    0.4199998235998977,
    0.41,
    0.41,
    0.4199998235998977,
    0.41,
    0.41999999327999976,
    0.42,
    0.4200943910315041,
    0.42,
    0.4200943906742143,
    0.42009439085121786,
    0.41987090085151246,
    0.419870887086624,
    0.41000015340011353,
    0.42,
    0.4199999831999973,
    0.42,
    0.4199929983462094,
    0.41,
    0.40993043457637857,
    0.42,
    0.42,
    0.41,
    0.4,
    0.41000004421262476,
    0.42,
    0.4200033451593862,
    0.4200032865256323,
    0.41000003245001443,
    0.4208424639494228,
    0.4244243346054188,
    0.4101133304268827,
    0.4199998235998977,
    0.41011333031737124,
    0.4199999453999798,
    0.4,
    0.41,
    0.41,
    0.41,
    0.3900000031433578,
    0.4,
    0.41,
    0.4,
    0.4,
    0.41,
    0.4,
    0.4,
    0.4,
    0.41,
    0.4,
    0.41000003034286425,
    0.4299998279998968,
    0.42608005802597065,
    0.42,
    0.41,
    0.41,
    0.4199868513897808,
    0.41000005057000827,
    0.41,
    0.41998705339352826,
    0.4199870546944806,
    0.43,
    0.42116642795357634,
    0.41,
    0.41,
    0.4199998235998977,
    0.41982725646468316,
    0.42,
    0.410000023470094,
    0.4299998279998968,
    0.4299999758161846,
    0.4299998279998968,
    0.4200000252271459,
    0.43,
    0.44,
    0.44,
    0.44,
    0.44,
    0.44,
    0.44,
    0.44,
    0.44,
    0.43,
    0.43,
    0.44,
    0.43,
    0.43,
    0.43,
    0.43,
    0.43,
    0.4299998279998968,
    0.42999999741999995,
    0.42295080672937335,
    0.4198294037015482,
    0.41982937083013777,
    0.4100000057096777,
    0.42,
    0.42015179591224716,
    0.4100000727667062,
    0.41,
    0.4247761020011126,
    0.4100000079523072,
    0.42,
    0.41,
    0.41,
    0.41,
    0.4099999835999974,
    0.4099998236998995,
    0.4,
    0.4,
    0.4099998236998995,
    0.4099999898935571,
    0.40999998827810225,
    0.4,
    0.4,
    0.4,
    0.4,
    0.4,
    0.4,
    0.4000000103986142,
    0.4099999835999974,
    0.4099999946699998,
    0.40999998163651946,
    0.4099998236998995,
    0.40999999140176524,
    0.4000000073170735,
    0.4099999988315,
    0.4099998236998995,
    0.4,
    0.41,
    0.4099998236998995,
    0.4,
    0.4,
    0.4,
    0.4,
    0.41,
    0.41,
    0.4099998236998995,
    0.4099998236998995,
    0.41,
    0.4099999946699998,
    0.409999928933322,
    0.4099998236998995,
    0.4099998236998995,
    0.4099998236998995,
    0.4099999835999974,
    0.41,
    0.4099998236998995,
    0.4099998236998995,
    0.409999928933322,
    0.4099998236998995,
    0.4099999909799993,
    0.40999983599992895,
    0.40999999854161073,
    0.4099998236998995,
    0.4099998236998995,
    0.4,
    0.4,
    0.4,
    0.3900000004857075,
    0.4,
    0.400000060000024,
    0.4099999977691176,
    0.41,
    0.41,
    0.4,
    0.40000006507595015,
    0.40999997605839117,
    0.41,
    0.41,
    0.4,
    0.4,
    0.4,
    0.4000758575662638,
    0.40007585752379193,
    0.40007585753219105,
    0.4099999075489498,
    0.4,
    0.3900000036069566,
    0.40724831802862926,
    0.39995139494164533,
    0.39995139612971536,
    0.39995134857574993,
    0.40999999731775694,
    0.39,
    0.39,
    0.39,
    0.3900000009606425,
    0.39,
    0.39,
    0.39,
    0.39,
    0.39,
    0.4,
    0.39,
    0.39,
    0.39,
    0.39,
    0.39,
    0.39,
    0.39,
    0.4,
    0.4099999835999974,
    0.4099999909799993,
    0.4,
    0.40999999688399996,
    0.4099997850484477,
    0.4,
    0.4,
    0.4,
    0.4,
    0.40999979315307117,
    0.4099999075489498,
    0.40000011538470415,
    0.40000002400000384,
    0.40000011214961656,
    0.4099998660395151,
    0.4114072185648302,
    0.4,
    0.4,
    0.4,
    0.4,
    0.39,
    0.39,
    0.39,
    0.39,
    0.39,
    0.39,
    0.38994707309590076,
    0.38994711935307996,
    0.3995006242197253,
    0.38,
    0.38,
    0.38,
    0.38,
    0.38,
    0.38,
    0.38998928979648273,
    0.3899892932864004,
    0.38998927609711187,
    0.39,
    0.39,
    0.39,
    0.39,
    0.39,
    0.39,
    0.39,
    0.39,
    0.4,
    0.4,
    0.4,
    0.41,
    0.4000972105182931,
    0.40009721050796976,
    0.40999999780782154,
    0.41,
    0.4084682431614323,
    0.3900000244000039,
    0.4,
    0.39,
    0.39,
    0.39,
    0.4,
    0.39,
    0.3900000004814523,
    0.38857142857142857,
    0.37,
    0.37,
    0.37,
    0.37,
    0.37,
    0.37,
    0.37,
    0.37,
    0.38,
    0.39987744931524416,
    0.399877439569785,
    0.38998468387244256,
    0.3899846822788796,
    0.38998466308976065,
    0.3898472512557646,
    0.38984724910427965,
    0.3898471832241785,
    0.3998774199826894,
    0.3998650491911751,
    0.40989869084278474,
    0.409898638393921,
    0.3999024174900724,
    0.39,
    0.39990242834991224,
    0.39990239370933633,
    0.39000001760323616,
    0.39,
    0.42,
    0.4199496018457626,
    0.41,
    0.41,
    0.4299100855744735,
    0.4299100986983787,
    0.4201878173290287,
    0.42018781738616134,
    0.42988042030070267,
    0.4298804355631701,
    0.42988040185443066,
    0.4200095946270089,
    0.42976896522429753,
    0.42976879088609343,
    0.4297689463065381,
    0.41,
    0.4097807863965665,
    0.40978082096001706,
    0.41012371163694505,
    0.41999992719998835,
    0.40981233862381655,
    0.40981240342126024,
    0.40981234858116405,
    0.41,
    0.4,
    0.39000014030010804,
    0.4001284259853824,
    0.40012842176684255,
    0.4001284217979322,
    0.39,
    0.4000332699619772,
    0.41000359971202305,
    0.40995804613742,
    0.40979515859192844,
    0.4100000295000044,
    0.41,
    0.42,
    0.41,
    0.41,
    0.43,
    0.42,
    0.5099213764397554,
    0.509921427211628,
    0.5099213647622551,
    0.4999431623737307,
    0.5001669051310041,
    0.5001669051025274,
    0.51,
    0.4100024697456162,
    0.39004003442960944,
    0.43988664398793437,
    0.3900297287253809,
    0.41,
    0.43988664815401207,
    0.3900790987535954,
    0.4398844469259269,
    0.43988445319103503,
    0.41014842368118104,
    0.4300857542656846,
    0.43008575454574016,
    0.46994113482896266,
    0.45009122294917425,
    0.46994120917224314,
    0.4500912232617699,
    0.43008575418994416,
    0.4101484247196996,
    0.4697936483963213,
    0.32,
    0.35,
    0.29008034692992435,
    0.51,
    0.55,
    0.54,
    0.52,
    0.54,
    0.53,
    0.53,
    0.5498734818952764,
    0.5499577105690968,
    0.5499577587537241,
    0.5499576221657184,
    0.58,
    0.58,
    0.59,
    0.5900000105916673,
    0.5900000553500202,
    0.59,
    0.590000017326899,
    0.6,
    0.5899622161159565,
    0.5899622112970193,
    0.5899622192871986,
    0.6,
    0.5900175438596491,
    0.5900526711850324,
    0.590052671336556,
    0.5999939880596384,
    0.5900199935534858,
    0.5900199952263878,
    0.58,
    0.6,
    0.58,
    0.59,
    0.59,
    0.5800000664935617,
    0.5900200964615503,
    0.5900200922726988,
    0.5900200918823287,
    0.5899079433674709,
    0.58,
    0.59,
    0.5999999929411761,
    0.58,
    0.5900898139013919,
    0.5900899220637189,
    0.5900897379734469,
    0.5999999759999961,
    0.5999999759999961,
    0.5899073038986397,
    0.5899072950241655,
    0.5977551992862987,
    0.58,
    0.58,
    0.5898746232357887,
    0.5898746018200017,
    0.5901221877763202,
    0.5901221880746249,
    0.5901221866709901,
    0.58,
    0.6,
    0.599999939999976,
    0.6,
    0.5999999939999998,
    0.5900279475975193,
    0.6099999926799997,
    0.6099999993899999,
    0.5900279463727318,
    0.5900279470227812,
    0.5900803981623277,
    0.6099141961462304,
    0.5800000770000501,
    0.5801259845303068,
    0.5801259846168043,
    0.5799999953599991,
    0.5601199592637903,
    0.58,
    0.569921930171977,
    0.5798598127048666,
    0.5798597758095829,
    0.54,
    0.6099206628651279,
    0.6199999627999948,
    0.609908460325148,
    0.54,
    0.54,
    0.6099639022640685,
    0.6099640949902163,
    0.6099640659784396,
    0.5501306335728282,
    0.5501306336208557,
    0.5501306336353928,
    0.62,
    0.5501392857142857,
    0.5501392857592818,
    0.5501392861880483,
    0.6199998511998869,
    0.550025706940874,
    0.6199998511998869,
    0.6199998511998869,
    0.54,
    0.5400000858667079,
    0.5400001589091805,
    0.5400000353846399,
    0.6199998863331647,
    0.5400001380000572,
    0.6199999007998837,
    0.54,
    0.6199999774545257,
    0.6199998759999295,
    0.6199999734285536,
    0.6199998863331647,
    0.6099153454809346,
    0.6099151667297931,
    0.609915377727176,
    0.6199998511998869,
    0.6297858538732782,
    0.5200001329231424,
    0.6199995659995805,
    0.5200001166622162,
    0.6199996445330632,
    0.6199999774545257,
    0.6199999734285536,
    0.6199998759999295,
    0.52,
    0.53,
    0.52,
    0.5300001156923682,
    0.5300001175000686,
    0.5300001141429109,
    0.629999910749864,
    0.629999896499943,
    0.6299998453633932,
    0.6299998400768406,
    0.5100000187063966,
    0.65,
    0.65,
    0.65,
    0.5801067748004002,
    0.5801067778420129,
    0.5801067749140905,
    0.6398951283744451,
    0.6398951756047118,
    0.5800952795480284,
    0.6399367338368821,
    0.57,
    0.5802343381114081,
    0.6399517712661148,
    0.5802343383556067,
    0.5900869092884302,
    0.5800283745439806,
    0.65,
    0.5800846072653222,
    0.5800846073354855,
    0.580127329390263,
    0.6180881078747965,
    0.5800711242072117,
    0.5800711238468285,
    0.5800711239919278,
    0.6299457576316664,
    0.63,
    0.63,
    0.63,
    0.64,
    0.5800865800865801,
    0.580086580605647,
    0.5800865800865801,
    0.6398464368551547,
    0.5800797940847565,
    0.5800797942679424,
    0.5801109839111818,
    0.58011098420687,
    0.5801109845523267,
    0.57,
    0.5801919228573957,
    0.64,
    0.6499999934999994,
    0.6399013097753459,
    0.6399013213992027,
    0.5800912721049629,
    0.5801658993227339,
    0.5801658987024246,
    0.5800001764001023,
    0.75,
    0.7481296757871531
]
