[
    0.001,
    0.001,
    0.001,
    0.001,
    0.001,
    0.001,
    0.001,
    0.001,
    0.002,
    0.002,
    0.002,
    0.003,
    0.00300000008485123,
    0.004,
    0.004,
    0.003000000005565176,
    0.004,
    0.006,
    0.004,
    0.005,
    0.005,
    0.005,
    0.005,
    0.006,
    0.006,
    0.005,
    0.01,
    0.006,
    0.006,
    0.01,
    0.006000000795202385,
    0.01,
    0.01,
    0.01,
    0.01,
    0.01,
    0.01,
    0.011,
    0.012,
    0.01,
    0.01,
    0.01,
    0.01,
    0.01,
    0.01,
    0.01,
    0.01,
    0.01,
    0.01,
    0.012,
    0.012,
    0.012000000072156309,
    0.0120000015808196,
    0.012,
    0.01200000001845996,
    0.012,
    0.012,
    0.013,
    0.013,
    0.013000004441577707,
    0.013000000199944914,
    0.013,
    0.013000004441577707,
    0.013000004441577707,
    0.02,
    0.03,
    0.03,
    0.03,
    0.04,
    0.04,
    0.04,
    0.030000004850053327,
    0.04,
    0.029,
    0.03998095238095238,
    0.04,
    0.03,
    0.021000000391601097,
    0.03,
    0.03,
    0.03,
    0.021000011748258322,
    0.03,
    0.03,
    0.03,
    0.03,
    0.03,
    0.0294,
    0.03,
    0.01,
    0.02,
    0.021,
    0.02,
    0.021000011748258322,
    0.02100000045277162,
    0.021,
    0.03,
    0.021000000280381945,
    0.021000000391601097,
    0.029999999588571427,
    0.03,
    0.025,
    0.03,
    0.03,
    0.03,
    0.022,
    0.03,
    0.03,
    0.029999998574999995,
    0.03,
    0.03,
    0.039,
    0.032,
    0.03,
    0.031,
    0.033,
    0.03,
    0.03,
    0.033,
    0.033000000386801856,
    0.035918152395408534,
    0.039,
    0.03900000192200134,
    0.039000003267410446,
    0.031000002907013362,
    0.031,
    0.049,
    0.04,
    0.04,
    0.04,
    0.04,
    0.04,
    0.04,
    0.04,
    0.04,
    0.03,
    0.03,
    0.02,
    0.02,
    0.028831737977165265,
    0.02,
    0.02,
    0.02,
    0.02,
    0.04,
    0.04,
    0.04,
    0.05,
    0.04,
    0.05,
    0.05,
    0.05,
    0.06,
    0.05,
    0.05,
    0.05,
    0.04,
    0.05,
    0.03,
    0.03,
    0.05,
    0.030000001940002324,
    0.04,
    0.05,
    0.03,
    0.04,
    0.04,
    0.04,
    0.04,
    0.04,
    0.04,
    0.04,
    0.04,
    0.04,
    0.04,
    0.06,
    0.07931943921156477,
    0.03,
    0.05,
    0.05,
    0.05,
    0.05,
    0.05,
    0.08999998451999956,
    0.08999998042499936,
    0.1,
    0.1,
    0.1,
    0.11,
    0.11,
    0.11,
    0.11,
    0.11,
    0.15201900237529692,
    0.1299999789399992,
    0.13,
    0.12,
    0.12,
    0.13,
    0.13999997871999897,
    0.14,
    0.14,
    0.1400000037162412,
    0.14999997599999904,
    0.14000002833796424,
    0.14,
    0.14000000092647466,
    0.15,
    0.15,
    0.15,
    0.15,
    0.17,
    0.1699999758599986,
    0.15,
    0.17,
    0.17,
    0.17,
    0.17,
    0.1699999758599986,
    0.18,
    0.17999999579999995,
    0.1600000016800001,
    0.18,
    0.18,
    0.18,
    0.18,
    0.179999997552,
    0.18,
    0.17999997551999844,
    0.17999999047058804,
    0.16999987407405076,
    0.17,
    0.18,
    0.17,
    0.17,
    0.17,
    0.17,
    0.17,
    0.17,
    0.17,
    0.17,
    0.17,
    0.16000000070968426,
    0.1600000016800001,
    0.16999987407405076,
    0.18,
    0.18,
    0.18,
    0.18,
    0.17999987999997474,
    0.19,
    0.19,
    0.19,
    0.19,
    0.19,
    0.19,
    0.19,
    0.19,
    0.19,
    0.19,
    0.19,
    0.18,
    0.18,
    0.18,
    0.18,
    0.18,
    0.18,
    0.18,
    0.18,
    0.18,
    0.18,
    0.18,
    0.18,
    0.18,
    0.18,
    0.18,
    0.18,
    0.18,
    0.19,
    0.19,
    0.19,
    0.21,
    0.2,
    0.25982312724652384,
    0.2,
    0.21,
    0.2,
    0.22,
    0.22,
    0.22999991604998868,
    0.22,
    0.28689294926892717,
    0.22,
    0.2600000139294148,
    0.2799999762424227,
    0.22,
    0.22,
    0.22,
    0.22,
    0.22,
    0.23,
    0.24,
    0.25999999445333327,
    0.26,
    0.22,
    0.2599999838799994,
    0.259999927199984,
    0.2600000003774882,
    0.26,
    0.26,
    0.28,
    0.26000000113126503,
    0.3099998294999233,
    0.3099999463461425,
    0.3099999967195767,
    0.28,
    0.28,
    0.27,
    0.27000003156757474,
    0.27000003156757474,
    0.26,
    0.26,
    0.26,
    0.26,
    0.26,
    0.2899999795925915,
    0.26,
    0.26,
    0.27,
    0.2600000001210832,
    0.27,
    0.26,
    0.26,
    0.26,
    0.27,
    0.26,
    0.27,
    0.27,
    0.26,
    0.26,
    0.27,
    0.26,
    0.2600000111879072,
    0.27,
    0.26,
    0.26,
    0.26,
    0.22000001457944093,
    0.24,
    0.24,
    0.2,
    0.2,
    0.2,
    0.2,
    0.2,
    0.2,
    0.2,
    0.2,
    0.2,
    0.2,
    0.2,
    0.19,
    0.17,
    0.18,
    0.17066368400071036,
    0.16,
    0.16,
    0.16,
    0.1400000001496433,
    0.14,
    0.12,
    0.12,
    0.13999997871999897,
    0.13000000870001732,
    0.16,
    0.15,
    0.17,
    0.17,
    0.16999996089999597,
    0.17,
    0.17,
    0.17,
    0.15,
    0.14,
    0.18,
    0.19,
    0.19,
    0.18000001640001606,
    0.19,
    0.19,
    0.18,
    0.1899998805713899,
    0.19,
    0.19,
    0.21,
    0.2,
    0.2,
    0.21,
    0.2,
    0.21,
    0.21,
    0.2,
    0.20999985872723934,
    0.2,
    0.22,
    0.22,
    0.22,
    0.22,
    0.2,
    0.22,
    0.24,
    0.24,
    0.24,
    0.24,
    0.22,
    0.22,
    0.2399999967618619,
    0.24,
    0.24,
    0.24,
    0.22000000624000088,
    0.24,
    0.24,
    0.24,
    0.24,
    0.24,
    0.24,
    0.24,
    0.24,
    0.24,
    0.24,
    0.24,
    0.23999999183999987,
    0.24,
    0.24,
    0.2399999673599979,
    0.25,
    0.23,
    0.22,
    0.23,
    0.23,
    0.25,
    0.25,
    0.28,
    0.3000000004865673,
    0.3,
    0.3,
    0.3,
    0.3,
    0.3,
    0.3,
    0.3,
    0.3,
    0.3,
    0.3,
    0.31,
    0.3,
    0.31,
    0.3,
    0.30999999748125,
    0.3000000394366397,
    0.29,
    0.29,
    0.29,
    0.29,
    0.29,
    0.29,
    0.29,
    0.29,
    0.29,
    0.29,
    0.29,
    0.29,
    0.28,
    0.28,
    0.28,
    0.28,
    0.30999998356999925,
    0.28,
    0.28,
    0.3405865445822723,
    0.35999997695999686,
    0.33595230929401976,
    0.27,
    0.31451935124929975,
    0.309999998016,
    0.33999999137055814,
    0.3,
    0.3,
    0.3,
    0.3,
    0.3,
    0.32388394184416364,
    0.3,
    0.3,
    0.3,
    0.3,
    0.3,
    0.3,
    0.3,
    0.31,
    0.31,
    0.31,
    0.31,
    0.30000000686274536,
    0.32,
    0.31,
    0.31,
    0.31,
    0.33,
    0.31,
    0.3,
    0.3,
    0.3100000414000389,
    0.3000000034825874,
    0.33,
    0.33,
    0.33,
    0.3000000034825874,
    0.33,
    0.33,
    0.33,
    0.33,
    0.33,
    0.33,
    0.33,
    0.33,
    0.33,
    0.30551217802025227,
    0.3072968499848557,
    0.27,
    0.28,
    0.2901109880432538,
    0.2799999731199972,
    0.3,
    0.3,
    0.27969982516558367,
    0.27969981007377187,
    0.2600000014800001,
    0.289999947799992,
    0.27,
    0.27000018980014046,
    0.28010773263383404,
    0.28,
    0.27,
    0.28010772888839675,
    0.2801077283560924,
    0.289999947799992,
    0.28,
    0.27000000007111197,
    0.2899999809315055,
    0.29,
    0.27,
    0.26,
    0.26,
    0.26,
    0.26,
    0.26,
    0.26,
    0.26,
    0.26,
    0.26,
    0.26,
    0.26000001419178637,
    0.26000001419178637,
    0.27,
    0.27,
    0.28,
    0.28,
    0.27,
    0.27,
    0.27,
    0.27,
    0.27,
    0.27,
    0.28,
    0.28,
    0.28,
    0.279999843199931,
    0.28,
    0.27,
    0.28,
    0.28,
    0.27999999952842103,
    0.27999999930763636,
    0.28,
    0.2700000000219,
    0.270000001825,
    0.27999990479998477,
    0.28,
    0.27000000058400003,
    0.2700000015558398,
    0.27,
    0.27,
    0.27,
    0.27999990479998477,
    0.2799999895466664,
    0.28,
    0.279999843199931,
    0.27999999159999983,
    0.27999990479998477,
    0.28,
    0.27,
    0.27000018980014046,
    0.27,
    0.27999987390725806,
    0.27,
    0.27000000010877695,
    0.27,
    0.27,
    0.27,
    0.28,
    0.28,
    0.279999999104,
    0.27,
    0.27,
    0.27,
    0.2700000912500342,
    0.28,
    0.28,
    0.2700000099031019,
    0.27,
    0.27,
    0.27,
    0.27,
    0.27,
    0.27,
    0.28,
    0.279999843199931,
    0.28,
    0.28,
    0.29,
    0.29999999797297294,
    0.28,
    0.28,
    0.29,
    0.29,
    0.29,
    0.29,
    0.2999999924999998,
    0.29000005680010904,
    0.29,
    0.29,
    0.29,
    0.29,
    0.29,
    0.3,
    0.29,
    0.29,
    0.3,
    0.29,
    0.3,
    0.29,
    0.29,
    0.29,
    0.29,
    0.29,
    0.29,
    0.3,
    0.29,
    0.309999998584252,
    0.31,
    0.32,
    0.32,
    0.31000000317400006,
    0.3100000414000389,
    0.31000002795787307,
    0.32,
    0.32,
    0.3100000414000389,
    0.31,
    0.31000000380614684,
    0.3100000414000389,
    0.31,
    0.31,
    0.31000012728177706,
    0.3100000414000389,
    0.32,
    0.32,
    0.31,
    0.3,
    0.31000000059142857,
    0.32,
    0.3100000414000389,
    0.31000000483000023,
    0.31,
    0.32,
    0.3100000414000389,
    0.31000005750001436,
    0.31000005750001436,
    0.32,
    0.31000001311000236,
    0.32,
    0.3,
    0.3,
    0.32,
    0.30000002800000447,
    0.30000002333334036,
    0.32,
    0.30000000893997547,
    0.31,
    0.30999998356999925,
    0.3,
    0.3,
    0.3,
    0.3,
    0.3,
    0.30999993644998125,
    0.3,
    0.30000002800000447,
    0.3,
    0.3000000008410126,
    0.3,
    0.30000006796119144,
    0.30000002333334036,
    0.3,
    0.3,
    0.32,
    0.3,
    0.3000000075212213,
    0.3,
    0.30000002031930567,
    0.3,
    0.3100000414000389,
    0.31,
    0.3099999949663365,
    0.31,
    0.31,
    0.31,
    0.31,
    0.31,
    0.31,
    0.31,
    0.31,
    0.31,
    0.31,
    0.31,
    0.31,
    0.31,
    0.31,
    0.31,
    0.31,
    0.31,
    0.31,
    0.31,
    0.31,
    0.31,
    0.31,
    0.31,
    0.31,
    0.31,
    0.31,
    0.31,
    0.31,
    0.31,
    0.31,
    0.31,
    0.31,
    0.31,
    0.31,
    0.31,
    0.31,
    0.31,
    0.31,
    0.31,
    0.31,
    0.31,
    0.31,
    0.31,
    0.31,
    0.31,
    0.31,
    0.32,
    0.31000000063535915,
    0.32,
    0.3100000414000389,
    0.31000000899131347,
    0.31,
    0.31,
    0.31,
    0.31,
    0.31,
    0.31,
    0.31,
    0.31,
    0.3100000414000389,
    0.32,
    0.3299999922449998,
    0.3100000414000389,
    0.3100000169325357,
    0.3299999922449998,
    0.3100000414000389,
    0.32,
    0.32,
    0.32,
    0.32,
    0.3299998274311246,
    0.32999998247011814,
    0.33,
    0.32,
    0.32,
    0.32,
    0.32,
    0.32,
    0.32,
    0.3200001088000914,
    0.32,
    0.3200000028936173,
    0.32000007846168027,
    0.32999998078602455,
    0.3200001088000914,
    0.32000002720000437,
    0.32,
    0.3200000126933348,
    0.32,
    0.3299999811899992,
    0.32,
    0.3299999811899992,
    0.33,
    0.33,
    0.33,
    0.33,
    0.33,
    0.34,
    0.34,
    0.34,
    0.34977844851530787,
    0.34977842509965795,
    0.34,
    0.34,
    0.35003463211471453,
    0.35999997695999686,
    0.35003465096121633,
    0.34973551738957837,
    0.34973532977095356,
    0.34973552655391316,
    0.34992710207801886,
    0.3499270620357397,
    0.3399999911599998,
    0.34000000029974453,
    0.34,
    0.34,
    0.35,
    0.3400000021689717,
    0.34975866136943146,
    0.34,
    0.34,
    0.3399999772321418,
    0.3200000034755943,
    0.32,
    0.33074462820232825,
    0.32,
    0.3200000054400005,
    0.32999978762368876,
    0.3200000027102432,
    0.3299999480249952,
    0.3299999922449998,
    0.33,
    0.3200001088000914,
    0.32,
    0.32,
    0.32,
    0.32,
    0.32,
    0.32,
    0.31,
    0.31,
    0.31,
    0.31,
    0.3100000002150471,
    0.31,
    0.31,
    0.31,
    0.31,
    0.31,
    0.31,
    0.31,
    0.31,
    0.31,
    0.3065647589035034,
    0.3,
    0.2900000497000131,
    0.3,
    0.29,
    0.29000002982001066,
    0.29999996498054204,
    0.2900000497000131,
    0.2900000115375027,
    0.29000002054663643,
    0.2900000213000085,
    0.29000008875004435,
    0.29000005680010904,
    0.2900000115375027,
    0.29999982524265056,
    0.29,
    0.29,
    0.2900000054336739,
    0.3,
    0.2900000213000085,
    0.29000005680010904,
    0.299999969999997,
    0.3,
    0.2900000153833356,
    0.2900000167452858,
    0.29000001846000134,
    0.2999999819999993,
    0.29000008114292514,
    0.29,
    0.2999999819999993,
    0.2999999924999998,
    0.29000001846000134,
    0.29999997704081516,
    0.2900000081650003,
    0.29000003349062764,
    0.2900000153833356,
    0.3,
    0.29999998665480365,
    0.29000000410642035,
    0.3,
    0.29000000716367785,
    0.3,
    0.29999986363630166,
    0.3,
    0.29000000394444486,
    0.29000005680010904,
    0.2999999982,
    0.2900000213000085,
    0.29,
    0.28000000288000015,
    0.28,
    0.28000003456001216,
    0.2800000123428587,
    0.28000001440000405,
    0.2800000034560001,
    0.2800000180000018,
    0.2800001440004032,
    0.27992506003101286,
    0.27992506003101286,
    0.27,
    0.2797825513946491,
    0.27978251584982705,
    0.27000001271310936,
    0.27,
    0.2800364481651662,
    0.28999982941169783,
    0.28003640337961105,
    0.27,
    0.27000002130691875,
    0.2700000009034822,
    0.27,
    0.27989525539832805,
    0.28998997434488255,
    0.28011678866193984,
    0.28999998368749885,
    0.28011678888447644,
    0.28011678888798786,
    0.2700000438000324,
    0.27000002555000335,
    0.2796433854106153,
    0.2796433344415848,
    0.2700000584000148,
    0.27000002555000335,
    0.27000018980014046,
    0.27,
    0.27000060484527594,
    0.28,
    0.27,
    0.2899999907199998,
    0.2800349023177083,
    0.29,
    0.28005714287172795,
    0.2800571428612747,
    0.27000001241000104,
    0.2800001440004032,
    0.2800000180000018,
    0.29,
    0.28,
    0.2899999640399973,
    0.29,
    0.28,
    0.28,
    0.28000003456001216,
    0.28999982941169783,
    0.2800001440004032,
    0.28,
    0.2800001440004032,
    0.28999995561224035,
    0.28,
    0.2800000135465699,
    0.2700000086765795,
    0.28,
    0.2800000111582952,
    0.289999866599928,
    0.28999997418847945,
    0.2899998563808867,
    0.28,
    0.28,
    0.28,
    0.28,
    0.28999982941169783,
    0.2800001440004032,
    0.28,
    0.28000003803087536,
    0.28999998462999926,
    0.28000003456001216,
    0.2800001440004032,
    0.28999998462999926,
    0.2800001440004032,
    0.28,
    0.28000001440000405,
    0.2800001440004032,
    0.28000012413801667,
    0.2899999640399973,
    0.2800001440004032,
    0.2899999907199998,
    0.28,
    0.28,
    0.29,
    0.28,
    0.2800001440004032,
    0.2987095746375657,
    0.29,
    0.29,
    0.29,
    0.2898142737036728,
    0.28000000300676553,
    0.28,
    0.29,
    0.29,
    0.2800000013195514,
    0.28,
    0.28,
    0.2800001440004032,
    0.289999866599928,
    0.28,
    0.28,
    0.28,
    0.299999969999997,
    0.28,
    0.28000000699518135,
    0.28,
    0.2800000198049346,
    0.29,
    0.29,
    0.29,
    0.29,
    0.3,
    0.29999999746664413,
    0.29000005680010904,
    0.29000005680010904,
    0.2999999819999993,
    0.29000005680010904,
    0.3,
    0.29000005680010904,
    0.29,
    0.28,
    0.28,
    0.28,
    0.28,
    0.29,
    0.29000005680010904,
    0.29,
    0.28,
    0.28,
    0.29,
    0.2800001440004032,
    0.29,
    0.3,
    0.3,
    0.3,
    0.3,
    0.3,
    0.3,
    0.3,
    0.3,
    0.3,
    0.30999984499992556,
    0.31,
    0.31,
    0.31,
    0.31,
    0.31,
    0.31,
    0.31,
    0.31,
    0.31,
    0.31,
    0.31,
    0.31,
    0.31,
    0.31,
    0.31,
    0.31,
    0.31,
    0.31,
    0.31,
    0.31,
    0.32,
    0.32,
    0.32,
    0.32,
    0.32,
    0.32,
    0.32,
    0.32,
    0.32,
    0.32,
    0.32,
    0.33,
    0.33,
    0.33,
    0.33,
    0.33,
    0.33,
    0.33,
    0.33,
    0.33,
    0.3399999421999809,
    0.3400066006695864,
    0.34000660192319476,
    0.3499998627450173,
    0.34,
    0.3400000046200002,
    0.3499999614999965,
    0.3499999649999977,
    0.3499998774999204,
    0.35,
    0.34,
    0.3300000804000707,
    0.33,
    0.33,
    0.32000002720000437,
    0.33,
    0.33,
    0.33,
    0.33,
    0.33,
    0.33,
    0.33,
    0.3200001088000914,
    0.32,
    0.3200001088000914,
    0.3299999425161205,
    0.3200001088000914,
    0.3200000010880001,
    0.32,
    0.32000002720000437,
    0.3200001088000914,
    0.3200001088000914,
    0.3200001088000914,
    0.3200000015985457,
    0.32,
    0.32,
    0.3200001088000914,
    0.3200001088000914,
    0.3200001088000914,
    0.3200001088000914,
    0.32,
    0.32,
    0.32,
    0.32,
    0.32,
    0.32,
    0.32,
    0.32,
    0.32,
    0.32,
    0.32,
    0.32,
    0.32,
    0.32,
    0.32,
    0.32,
    0.32,
    0.32,
    0.32,
    0.32,
    0.32,
    0.32,
    0.32,
    0.32,
    0.32,
    0.32,
    0.32,
    0.32,
    0.3200001730910224,
    0.3200001088000914,
    0.33,
    0.33,
    0.33,
    0.33,
    0.33,
    0.33,
    0.33,
    0.33,
    0.33,
    0.33,
    0.33,
    0.33,
    0.33,
    0.32000005264522513,
    0.3200001088000914,
    0.3200001088000914,
    0.3200001088000914,
    0.33,
    0.33,
    0.33,
    0.33,
    0.33,
    0.33,
    0.33,
    0.33,
    0.33,
    0.33,
    0.33,
    0.33,
    0.3200001088000914,
    0.3200001088000914,
    0.3200001088000914,
    0.3200001088000914,
    0.32,
    0.32,
    0.32999978219992593,
    0.3200000054400005,
    0.33,
    0.33,
    0.33,
    0.33,
    0.33,
    0.33,
    0.3299999480249952,
    0.32,
    0.32000003626668894,
    0.32000002720000437,
    0.3299998319999328,
    0.32,
    0.32,
    0.33,
    0.32000002720000437,
    0.32000003626668894,
    0.3299999295999915,
    0.3200000264078172,
    0.3299999590799969,
    0.3299999922449998,
    0.33,
    0.33,
    0.32,
    0.32,
    0.32999978219992593,
    0.32000000071723905,
    0.32,
    0.32,
    0.32999978219992593,
    0.33,
    0.3200001360001671,
    0.32000000671339734,
    0.32,
    0.32999978219992593,
    0.32,
    0.3299999959299999,
    0.32,
    0.3299997929411034,
    0.329999997822,
    0.3200388940120869,
    0.32003889383395306,
    0.32003889375565164,
    0.31000005750001436,
    0.32,
    0.32,
    0.31000002185000297,
    0.32,
    0.31000000103500003,
    0.3100000414000389,
    0.31000000103500003,
    0.3100000414000389,
    0.31000000103500003,
    0.31000000103500003,
    0.32,
    0.31000000103500003,
    0.31000000112125004,
    0.31000000112125004,
    0.31000000112125004,
    0.31,
    0.31,
    0.31,
    0.3100000097181534,
    0.31000012212398026,
    0.3100000033668266,
    0.31,
    0.32,
    0.31,
    0.3100000066100484,
    0.3100000414000389,
    0.32,
    0.32,
    0.32,
    0.32,
    0.32,
    0.32,
    0.32,
    0.32,
    0.32,
    0.32,
    0.32,
    0.32,
    0.32,
    0.3,
    0.3,
    0.3,
    0.3,
    0.3,
    0.3,
    0.3,
    0.3,
    0.3,
    0.3,
    0.3,
    0.3,
    0.31,
    0.31,
    0.31,
    0.30000000073080335,
    0.31,
    0.32,
    0.32000002720000437,
    0.3200000485715118,
    0.3299998274311246,
    0.32999989219996334,
    0.32000002542058353,
    0.32,
    0.32,
    0.32,
    0.32,
    0.32,
    0.32,
    0.32,
    0.32,
    0.33,
    0.32999978762368876,
    0.33,
    0.33,
    0.33,
    0.33,
    0.33,
    0.33,
    0.33,
    0.33,
    0.33,
    0.33,
    0.33,
    0.33,
    0.33,
    0.33,
    0.33,
    0.33,
    0.33,
    0.33,
    0.33,
    0.33,
    0.33,
    0.33,
    0.33,
    0.33,
    0.34,
    0.34,
    0.33000001608000123,
    0.33,
    0.33,
    0.33000000067,
    0.33999994106665726,
    0.34,
    0.34,
    0.33,
    0.33,
    0.33,
    0.33,
    0.33,
    0.33,
    0.33,
    0.33,
    0.33,
    0.33,
    0.35,
    0.35,
    0.36,
    0.36,
    0.37,
    0.36,
    0.36,
    0.37,
    0.37,
    0.37,
    0.37,
    0.37,
    0.37,
    0.37,
    0.37,
    0.37,
    0.37,
    0.37,
    0.37,
    0.37,
    0.37,
    0.37,
    0.37,
    0.37,
    0.37,
    0.37,
    0.37,
    0.37,
    0.37,
    0.37,
    0.37,
    0.38,
    0.38,
    0.38,
    0.38,
    0.38992596522636475,
    0.3899259607068823,
    0.3899259741002292,
    0.4,
    0.3900915083426129,
    0.38988894806022634,
    0.38988894877966446,
    0.38,
    0.39,
    0.38,
    0.39,
    0.38,
    0.4,
    0.4,
    0.4,
    0.4,
    0.4,
    0.4,
    0.4,
    0.41,
    0.41,
    0.41,
    0.41,
    0.42,
    0.42,
    0.42,
    0.41,
    0.37,
    0.36,
    0.45999394055073045,
    0.44981275330572873,
    0.44981275537372456,
    0.45999395145022975,
    0.44986859686738684,
    0.4498686232696744,
    0.3998635293114186,
    0.39986360110863733,
    0.3998636071870956,
    0.36,
    0.46999650745418114,
    0.4699964703503398,
    0.410037572685648,
    0.41003757277432407,
    0.41003757230389615,
    0.4698659117759994,
    0.4793289394847214,
    0.41002581379727887,
    0.410025813749218,
    0.41002581376703345,
    0.4701198299188249,
    0.47,
    0.4700996677740864,
    0.45994700108512954,
    0.4599469895513886,
    0.4100674352838808,
    0.41005885673527304,
    0.4100588574408695,
    0.4699998777999096,
    0.45986238301963206,
    0.41008335608614216,
    0.4100833562190421,
    0.46989314700610463,
    0.4698931530499458,
    0.52,
    0.519625856837228,
    0.400076301626309,
    0.40007630162488295,
    0.45989504281234617,
    0.4001233959634428,
    0.4001233958943289,
    0.40012339590902357,
    0.40013621794871795,
    0.36,
    0.36,
    0.49,
    0.5498902624457529,
    0.54996787384879,
    0.5100156937395978,
    0.5100156954809315,
    0.49,
    0.49,
    0.5399639229724033,
    0.49,
    0.5399639207150551,
    0.48005935754189943,
    0.5398909882979009,
    0.5398910007997155,
    0.5398909780661897,
    0.5604923437060342,
    0.5099998316998873,
    0.21000000790002363,
    0.9299999906998978
]
