[
    0.01,
    0.01,
    0.01,
    0.01,
    0.02,
    0.03,
    0.01,
    0.02,
    0.01,
    0.01,
    0.01,
    0.01,
    0.01,
    0.03,
    0.03,
    0.39,
    0.39000014030010804,
    0.4,
    0.4,
    0.5,
    0.4,
    0.45,
    0.4,
    0.5199999976228571,
    0.5199999833599972,
    0.4,
    0.4,
    0.46,
    0.46,
    0.48,
    0.48,
    0.4,
    0.4775,
    0.48,
    0.49,
    0.49,
    0.4,
    0.36,
    0.36,
    0.36,
    0.48,
    0.3499999614999965,
    0.35,
    0.33,
    0.44,
    0.6,
    0.66999999933,
    0.69,
    0.5703666666666667,
    0.6913633779264214,
    0.49,
    0.58,
    0.6,
    0.59,
    0.55,
    0.61,
    0.79,
    0.7995214314987886,
    0.804286,
    0.79,
    0.7899999802499955,
    0.79,
    0.9,
    0.77,
    0.85,
    0.87,
    0.85,
    0.77,
    0.89,
    0.88,
    0.9,
    0.9299999995660964,
    0.8900000044,
    0.8900000086900002,
    0.9,
    0.9,
    0.9,
    0.8600000051800001,
    0.860000021280001,
    0.91,
    0.81,
    0.8419501540621709,
    0.82,
    0.8039883775298912,
    0.8,
    0.7600000144000005,
    0.8100000084935702,
    0.8060691887517701,
    0.81,
    0.69,
    0.67,
    0.66,
    0.6200000988000731,
    0.63,
    0.63,
    0.6300000112850003,
    0.6499999902499998,
    0.6300001369000863,
    0.63,
    0.63,
    0.61,
    0.6664573923798391,
    0.59,
    0.6,
    0.7,
    0.7,
    0.74,
    0.7217131881590605,
    0.7,
    0.75,
    0.69,
    0.75,
    0.7,
    0.6700001072500188,
    0.67,
    0.69,
    0.69,
    0.6702120717781402,
    0.6900000341000048,
    0.669999962479987,
    0.68,
    0.67,
    0.68,
    0.68,
    0.71,
    0.670000217800074,
    0.66,
    0.66,
    0.7,
    0.7,
    0.71,
    0.71,
    0.67000000407,
    0.7098815362380648,
    0.64,
    0.64,
    0.62,
    0.61,
    0.62,
    0.635,
    0.64,
    0.64,
    0.64,
    0.63,
    0.6,
    0.6,
    0.6,
    0.59,
    0.6,
    0.59,
    0.59,
    0.529999998622,
    0.56,
    0.53,
    0.5300000153469445,
    0.51,
    0.53,
    0.51,
    0.51,
    0.53,
    0.53,
    0.53,
    0.51,
    0.530000011280002,
    0.47,
    0.47,
    0.47,
    0.4881226791902025,
    0.509999998572,
    0.51,
    0.45,
    0.45,
    0.51,
    0.52,
    0.52,
    0.51,
    0.5100000095030307,
    0.459999998252,
    0.46,
    0.45999999908,
    0.46,
    0.48,
    0.48,
    0.480000010400005,
    0.50999999847,
    0.51,
    0.51,
    0.51,
    0.519999998336,
    0.5299999999224391,
    0.5199999955631399,
    0.559999999328,
    0.5599999970844179,
    0.44,
    0.44,
    0.43000004446001433,
    0.40029055089927573,
    0.3899999859599991,
    0.38,
    0.39,
    0.38,
    0.37999999635199994,
    0.38,
    0.38,
    0.389999998245,
    0.39,
    0.39,
    0.39,
    0.39,
    0.39988,
    0.3899999773799968,
    0.4,
    0.39603960396039606,
    0.3899999859599991,
    0.32,
    0.36,
    0.37,
    0.39,
    0.48,
    0.45,
    0.43,
    0.48999998039999687,
    0.49,
    0.52,
    0.52,
    0.52,
    0.64,
    0.65,
    0.68,
    0.69,
    0.69,
    0.67,
    0.6500000098657138,
    0.66,
    0.6599999603999865,
    0.6400000079200002,
    0.64,
    0.6493506493506493,
    0.589999999056,
    0.6,
    0.5604716,
    0.559999999328,
    0.57,
    0.56,
    0.55,
    0.5699999555399857,
    0.57,
    0.57,
    0.64,
    0.7,
    0.68,
    0.68,
    0.68,
    0.68,
    0.68,
    0.68,
    0.68,
    0.68,
    0.68,
    0.68,
    0.68,
    0.68,
    0.68,
    0.68,
    0.68,
    0.68,
    0.68,
    0.68,
    0.7,
    0.68,
    0.68,
    0.68,
    0.68,
    0.68,
    0.67,
    0.6999999719999955,
    0.7,
    0.7000000967742248,
    0.7,
    0.6999999719999955,
    0.6799998911999086,
    0.6799999985470085,
    0.6799998911999086,
    0.7099999813157801,
    0.71,
    0.75,
    0.74,
    0.74,
    0.75,
    0.75,
    0.75,
    0.75,
    0.77,
    0.74,
    0.75,
    0.7699999968686666,
    0.74,
    0.75,
    0.74,
    0.74,
    0.75,
    0.75,
    0.75,
    0.7400000055466668,
    0.68,
    0.68,
    0.68,
    0.68,
    0.68,
    0.6721565351422485,
    0.68,
    0.65,
    0.672396539369547,
    0.6699999195999292,
    0.66999999933,
    0.6683333333333333,
    0.67,
    0.67,
    0.67,
    0.67,
    0.67,
    0.67,
    0.6899999991320754,
    0.67,
    0.6600000577534306,
    0.67,
    0.67,
    0.67,
    0.66,
    0.65,
    0.65,
    0.7587404930481567,
    0.7200000084000001,
    0.75,
    0.7100000153700007,
    0.75,
    0.73,
    0.75,
    0.75,
    0.73,
    0.75,
    0.75,
    0.71,
    0.7100000092800002,
    0.7579839134300952,
    0.74,
    0.7399999940799994,
    0.76,
    0.76,
    0.769999999846,
    0.7699999934549987,
    0.7699999975799998,
    0.7299999953931104,
    0.7299998101998596,
    0.7399999997065073,
    0.73,
    0.73,
    0.73,
    0.73,
    0.72,
    0.7,
    0.7,
    0.7215121284098827,
    0.69,
    0.69,
    0.7382376991399971,
    0.7398833333333333,
    0.7499999971875,
    0.75,
    0.69,
    0.760000000144,
    0.76,
    0.75,
    0.73,
    0.720000156800069,
    0.7674932170943892,
    0.6699999986599999,
    0.67,
    0.702,
    0.69,
    0.69,
    0.69,
    0.67,
    0.67,
    0.66,
    0.62,
    0.6199999961045266,
    0.61,
    0.6199999627999948,
    0.619999975695999,
    0.614735567106142,
    0.6099999755999961,
    0.61,
    0.6099999450999912,
    0.58,
    0.61999999814,
    0.6299999988614458,
    0.63,
    0.63,
    0.62,
    0.62,
    0.63,
    0.63,
    0.6299999994090779,
    0.63,
    0.63,
    0.63,
    0.62,
    0.6299999369999866,
    0.63,
    0.64,
    0.64,
    0.63,
    0.6,
    0.57,
    0.57,
    0.54,
    0.54,
    0.54,
    0.54,
    0.5199999921509405,
    0.5,
    0.51,
    0.4900000146455556,
    0.5,
    0.49000000007699274,
    0.54,
    0.52000000432,
    0.559999999328,
    0.57,
    0.57,
    0.5100000025292969,
    0.48000001103030365,
    0.49,
    0.5,
    0.51,
    0.509999999405,
    0.51,
    0.51,
    0.53,
    0.52,
    0.56,
    0.56,
    0.58,
    0.58,
    0.5871523111237993,
    0.58,
    0.58,
    0.58,
    0.59,
    0.59,
    0.58,
    0.5999999994,
    0.5999999606557274,
    0.56,
    0.5999999606557274,
    0.56,
    0.56,
    0.6097373553127737,
    0.5824859312464128,
    0.5309734511723706,
    0.5592385433346825,
    0.46166748164034227,
    0.4200001740002958,
    0.43,
    0.4697725511724265,
    0.43999996479999576,
    0.43999996479999576,
    0.45,
    0.45,
    0.449999997975,
    0.4499999929687499,
    0.449999997975,
    0.449999997975,
    0.4554500363745208,
    0.4,
    0.4,
    0.38,
    0.37,
    0.35000012956825266,
    0.35,
    0.3500000325000114,
    0.2800000572185764,
    0.449999981072554,
    0.32000000042767296,
    0.33,
    0.32,
    0.36999997249649186,
    0.32,
    0.32,
    0.36,
    0.36,
    0.36999999803899997,
    0.37,
    0.46,
    0.45143325,
    0.44,
    0.45,
    0.446801884057971,
    0.38,
    0.42,
    0.39,
    0.4,
    0.42,
    0.42,
    0.420000010286907,
    0.42,
    0.42,
    0.42,
    0.43999996479999576,
    0.42000000386237535,
    0.420000000232,
    0.43999996479999576,
    0.43999999707235926,
    0.43999996479999576,
    0.37,
    0.4,
    0.41,
    0.42,
    0.42,
    0.43,
    0.42791325,
    0.42,
    0.42,
    0.41000015340011353,
    0.43,
    0.41,
    0.44,
    0.42,
    0.43,
    0.41,
    0.43,
    0.43,
    0.42,
    0.42,
    0.39,
    0.41,
    0.42,
    0.4,
    0.4200000629152901,
    0.42,
    0.42,
    0.42,
    0.42,
    0.43,
    0.4200000629152901,
    0.42,
    0.4,
    0.42,
    0.42,
    0.4,
    0.4,
    0.42,
    0.44,
    0.44,
    0.44,
    0.44,
    0.4740740740740741,
    0.4399999949242969,
    0.4,
    0.39000001545333707,
    0.45,
    0.47999998079999695,
    0.48,
    0.48,
    0.48,
    0.48,
    0.4699999957784427,
    0.47,
    0.48,
    0.48,
    0.47,
    0.47,
    0.5,
    0.52,
    0.5,
    0.47000000205426357,
    0.5,
    0.49376811594202896,
    0.4500000067901238,
    0.47,
    0.45,
    0.45,
    0.47,
    0.49,
    0.48999998039999687,
    0.4899999978524046,
    0.5033990510954671,
    0.49,
    0.49,
    0.49000002142000126,
    0.49,
    0.5,
    0.4901250805803457,
    0.47999999827199996,
    0.48999999956879997,
    0.45,
    0.41,
    0.450000000275,
    0.5,
    0.5,
    0.5,
    0.5,
    0.55,
    0.56,
    0.56,
    0.569999998746,
    0.55,
    0.55,
    0.539999998488,
    0.54,
    0.51,
    0.5,
    0.5,
    0.57,
    0.64,
    0.6,
    0.62,
    0.6598941527135237,
    0.64,
    0.6299999369999866,
    0.63,
    0.63,
    0.65,
    0.65,
    0.65,
    0.64,
    0.64,
    0.63695,
    0.63,
    0.63,
    0.62,
    0.62,
    0.5900000011326749,
    0.6199999627999948,
    0.64,
    0.6735040519113229,
    0.65,
    0.61,
    0.65,
    0.65,
    0.66,
    0.65,
    0.689999999678,
    0.69,
    0.69,
    0.610000009285715,
    0.64,
    0.6499999993034221,
    0.64,
    0.64,
    0.64,
    0.64,
    0.67,
    0.65,
    0.6200000049265343,
    0.6699999731999944,
    0.68,
    0.68,
    0.68,
    0.68,
    0.6899999585999611,
    0.68,
    0.6799999945599995,
    0.6799999957928715,
    0.68,
    0.65,
    0.64,
    0.56,
    0.56,
    0.56,
    0.56,
    0.56,
    0.56,
    0.56,
    0.56,
    0.56,
    0.5599999981552941,
    0.52,
    0.56,
    0.56,
    0.5699999966939999,
    0.569999999145,
    0.5699999966939999,
    0.55,
    0.55,
    0.5200000019200001,
    0.5100000306695804,
    0.5210935,
    0.52,
    0.52,
    0.55,
    0.57,
    0.5700000129000022,
    0.5500000045000001,
    0.56,
    0.6,
    0.6,
    0.6,
    0.6,
    0.6099999755999961,
    0.61,
    0.6099999949166663,
    0.609999996096,
    0.63,
    0.64,
    0.63,
    0.6499999514925264,
    0.65,
    0.67,
    0.67,
    0.68,
    0.68,
    0.68,
    0.6799998911999086,
    0.67,
    0.68,
    0.68,
    0.68,
    0.68,
    0.6899999585999611,
    0.6899999822571332,
    0.6899999822571332,
    0.6899999925479998,
    0.7099999966886145,
    0.7199999526575114,
    0.7100000213578835,
    0.7000000172612207,
    0.68,
    0.67,
    0.65,
    0.66,
    0.66,
    0.65,
    0.66,
    0.66,
    0.6699999986599999,
    0.6799999934719999,
    0.6799998911999086,
    0.68,
    0.6599999953799998,
    0.65,
    0.65,
    0.65,
    0.66,
    0.66,
    0.66,
    0.6699999921833308,
    0.6600000870455858,
    0.66,
    0.66,
    0.66,
    0.6600000129194673,
    0.66,
    0.66,
    0.66,
    0.66,
    0.66,
    0.66,
    0.67,
    0.67,
    0.67,
    0.66,
    0.6600000023754939,
    0.66,
    0.67,
    0.67,
    0.66000001739535,
    0.6699999195999292,
    0.6699999990907549,
    0.66,
    0.66,
    0.66,
    0.66,
    0.66,
    0.66,
    0.66,
    0.66,
    0.66,
    0.66,
    0.6699999195999292,
    0.6699999195999292,
    0.6699999195999292,
    0.6699999195999292,
    0.6699999830513825,
    0.6699999195999292,
    0.6699999839199988,
    0.669999962479987,
    0.66,
    0.66,
    0.66,
    0.6699999195999292,
    0.6699999988669034,
    0.66,
    0.66999999933,
    0.67,
    0.67,
    0.660000170000085,
    0.6699999195999292,
    0.6699999921833308,
    0.6699999195999292,
    0.66,
    0.6600000170000013,
    0.6699999997588,
    0.669999962479987,
    0.66999999933,
    0.6699999997721453,
    0.6699999839199988,
    0.6699999999704914,
    0.66,
    0.66,
    0.6699999955333275,
    0.6699999986599999,
    0.660000057800019,
    0.67,
    0.6699999971859999,
    0.6699996951498338,
    0.67,
    0.6699999837524996,
    0.6699999986599999,
    0.6699999839199988,
    0.6699999808571406,
    0.67,
    0.66,
    0.6699830874496134,
    0.6799999945599995,
    0.6700000114400003,
    0.68,
    0.68,
    0.6799999991757576,
    0.67,
    0.67,
    0.67,
    0.67,
    0.67,
    0.67,
    0.67,
    0.67,
    0.6799999943685295,
    0.670000016063493,
    0.6799999945599995,
    0.67,
    0.67,
    0.6699999410514946,
    0.66,
    0.66,
    0.66,
    0.66,
    0.66,
    0.67,
    0.67,
    0.67,
    0.67,
    0.67,
    0.6799999735921828,
    0.6700001635135798,
    0.67,
    0.6799999996078808,
    0.67,
    0.67,
    0.67,
    0.67,
    0.68,
    0.68,
    0.68,
    0.68,
    0.6799998920634235,
    0.68,
    0.68,
    0.6799999988173913,
    0.679999998368,
    0.68,
    0.68,
    0.68,
    0.68,
    0.68,
    0.68,
    0.68,
    0.68,
    0.68,
    0.68,
    0.68,
    0.68,
    0.68,
    0.68,
    0.68,
    0.68,
    0.68,
    0.68,
    0.68,
    0.68,
    0.68,
    0.68,
    0.68,
    0.69,
    0.69,
    0.69,
    0.69,
    0.69,
    0.69,
    0.69,
    0.69,
    0.69,
    0.69,
    0.69,
    0.69,
    0.69,
    0.69,
    0.69,
    0.6999999627659397,
    0.6999999066666169,
    0.6900001328572124,
    0.6999999406779208,
    0.6999999984269663,
    0.7,
    0.6900000075334145,
    0.6999999974545453,
    0.690000037820003,
    0.6999999719999955,
    0.6999999923580779,
    0.699999981865276,
    0.6999999719999955,
    0.6900000635500187,
    0.7,
    0.7,
    0.69,
    0.69,
    0.69,
    0.69,
    0.6999999929999994,
    0.7,
    0.6999999742646974,
    0.6999999326922495,
    0.7,
    0.7,
    0.7,
    0.6900001705000767,
    0.6999999929999994,
    0.7,
    0.6900001626733431,
    0.6999999416665743,
    0.6999999824999917,
    0.6900001577193563,
    0.7,
    0.7,
    0.69,
    0.69,
    0.6900000161595753,
    0.7,
    0.6999999890965726,
    0.6999999929999994,
    0.6900000014491996,
    0.69,
    0.69,
    0.69,
    0.6900000373203911,
    0.6900000288702307,
    0.7,
    0.7,
    0.6999999719999955,
    0.7,
    0.69,
    0.6900000123577658,
    0.6900000599333417,
    0.7,
    0.6900000164300008,
    0.6999999719999955,
    0.6999999984444444,
    0.7,
    0.6900001119445077,
    0.7,
    0.6999999326922495,
    0.6900000164300008,
    0.7,
    0.69,
    0.69,
    0.69,
    0.69,
    0.69,
    0.69,
    0.6999999719999955,
    0.7,
    0.7,
    0.6900000093000004,
    0.7,
    0.690000770278303,
    0.69,
    0.7,
    0.69,
    0.69,
    0.690000037820003,
    0.7,
    0.69,
    0.69,
    0.69,
    0.69,
    0.69,
    0.69,
    0.69,
    0.69,
    0.69,
    0.69,
    0.69,
    0.69,
    0.69,
    0.6900001705000767,
    0.6900001705000767,
    0.7099999188570748,
    0.7099999431998909,
    0.69,
    0.6900000635500187,
    0.69,
    0.699830462805984,
    0.6998304459744089,
    0.699830500883187,
    0.6900000635500187,
    0.7032957207330173,
    0.7,
    0.7,
    0.7,
    0.7,
    0.6900000386621354,
    0.6900001007881942,
    0.6999999821882865,
    0.6900000485145942,
    0.6999999783281606,
    0.6999999719999955,
    0.7,
    0.7,
    0.6999999766666597,
    0.7,
    0.6999999665071626,
    0.6999999595375629,
    0.7,
    0.7,
    0.7,
    0.6900000640496,
    0.69999994776112,
    0.6900000556836511,
    0.690001052222618,
    0.69,
    0.6999999700214017,
    0.6999999388645808,
    0.6999999713114649,
    0.7,
    0.6999998727270644,
    0.6999999602272298,
    0.6900000442857211,
    0.6900000556734821,
    0.6999999749103861,
    0.6900001451064179,
    0.7,
    0.7,
    0.7,
    0.6999999860834966,
    0.690000014069592,
    0.6999999732313483,
    0.7,
    0.7,
    0.7099999786999915,
    0.7,
    0.7,
    0.7099999701799893,
    0.7099999701799893,
    0.7099999427961318,
    0.7099999741818124,
    0.71,
    0.7099999267095904,
    0.700000180000072,
    0.7000000678733185,
    0.7000000482573778,
    0.700000055147069,
    0.7099999832722429,
    0.7099999567825738,
    0.7099999473293339,
    0.7099999813157801,
    0.7000000520231274,
    0.7,
    0.7,
    0.709999863259083,
    0.7099999806614716,
    0.7,
    0.7099999609174243,
    0.7099999826829132,
    0.709999974743074,
    0.7099999888714665,
    0.7099999960555552,
    0.7,
    0.7099999997017999,
    0.7099999701799893,
    0.7,
    0.7,
    0.7099999629436113,
    0.700000070312511,
    0.7099999662669623,
    0.7099999116589565,
    0.7099998878946808,
    0.7099999056328642,
    0.7099999846982729,
    0.7099999348908073,
    0.709999930075685,
    0.7099999043521958,
    0.7099999348308295,
    0.7099999826829132,
    0.7099999741818124,
    0.7099999188570748,
    0.7000000687023006,
    0.7000000570342314,
    0.7099999655060606,
    0.709999986561506,
    0.7000000494505549,
    0.7099999661904568,
    0.7,
    0.7,
    0.7,
    0.7,
    0.7,
    0.7,
    0.7,
    0.7099999395184565,
    0.7099999982725057,
    0.7099999633548287,
    0.7099999311894036,
    0.7099999508650213,
    0.7099999332706077,
    0.7099999635897143,
    0.7099998482440756,
    0.7,
    0.700000049180336,
    0.7000001363636984,
    0.7099999431998909,
    0.7,
    0.709999958235283,
    0.7099999635897143,
    0.7099999773404142,
    0.7,
    0.7099999056328642,
    0.7099999770226396,
    0.7,
    0.7,
    0.7099999890206131,
    0.7000000598006724,
    0.7,
    0.7099999399395277,
    0.7,
    0.7099999890206131,
    0.7,
    0.709999986287551,
    0.7,
    0.7099998647616085,
    0.7099999334374831,
    0.7,
    0.7,
    0.7,
    0.7,
    0.7,
    0.7099998704377907,
    0.709999961750818,
    0.709999974743074,
    0.7099998482440756,
    0.7,
    0.7099999431998909,
    0.71,
    0.71,
    0.71,
    0.71,
    0.71,
    0.710000056556029,
    0.7199998559995968,
    0.7199999764320755,
    0.71,
    0.7199998559995968,
    0.7170211032347429,
    0.7199999884337305,
    0.700000082949324,
    0.7000001401869814,
    0.7,
    0.7000001216216545,
    0.7000000818181967,
    0.7199998541771524,
    0.7199997285862055,
    0.72,
    0.7199996094910753,
    0.7199995718915679,
    0.719999668965289,
    0.700000042857149,
    0.7199999688086544,
    0.700000110429475,
    0.7199998111474357,
    0.7199997369861573,
    0.700000038265311,
    0.7199997519615706,
    0.7199997818180827,
    0.7199999725714035,
    0.7000001401869814,
    0.7,
    0.7199993883180211,
    0.7199998135921606,
    0.7199999938064503,
    0.7199997839999298,
    0.7199999895652137,
    0.7000000728745057,
    0.7,
    0.7000000947368621,
    0.7177162154276983,
    0.700000078534052,
    0.7099999392123132,
    0.7,
    0.7099999944094445,
    0.7099999363448113,
    0.7099999605555358,
    0.7000001323529801,
    0.7099999944094445,
    0.709999998012,
    0.7099998553703403,
    0.7099998380997224,
    0.700000035799527,
    0.7099998405071666,
    0.7000000775862203,
    0.7000000340909129,
    0.7099999623265172,
    0.7099999302908653,
    0.7099999556249882,
    0.7099999393593927,
    0.7099999561235736,
    0.709999994681646,
    0.7000000891089285,
    0.7000000756302648,
    0.7099999709611285,
    0.7099999554185971,
    0.71,
    0.7000000340909129,
    0.7099999466016604,
    0.7099998752702079,
    0.709999998012,
    0.7099999991716667,
    0.700000148514925,
    0.7099999990415,
    0.7,
    0.7099999918349997,
    0.7099999861975108,
    0.7099999990415,
    0.7099999821222978,
    0.6900000288702307,
    0.7099999989234267,
    0.7099999990415,
    0.6900000256447698,
    0.7099999502999869,
    0.7099999825347579,
    0.7099999579703775,
    0.7099999799434807,
    0.7099999385281173,
    0.7099998816666075,
    0.6900000644966525,
    0.7099999393593927,
    0.690000085565626,
    0.7099999538700335,
    0.69,
    0.7099999835521176,
    0.7099999271794413,
    0.7099999043521958,
    0.7099999846982729,
    0.7099999443137143,
    0.7099999422092734,
    0.7099999944094445,
    0.69,
    0.69,
    0.6900000622073662,
    0.6900000995263362,
    0.7099999813157801,
    0.7099999993846666,
    0.7099999815399987,
    0.7099999911910649,
    0.70999999929,
    0.6900000590476243,
    0.7099999997633333,
    0.7099999914799989,
    0.7091136075274509,
    0.7080332401625832,
    0.7095269583267436,
    0.7,
    0.6999999326922495,
    0.6999999678898803,
    0.6999999146341047,
    0.6999999320388085,
    0.7,
    0.6900000466013154,
    0.6900000543065796,
    0.6900000645833406,
    0.7,
    0.6999999243242916,
    0.6999999799426883,
    0.7,
    0.7,
    0.7,
    0.7,
    0.7,
    0.7,
    0.7,
    0.7099999272891203,
    0.7099999608116777,
    0.7099999323809185,
    0.7099999955439321,
    0.7099999567825738,
    0.7099999745602449,
    0.7,
    0.7000000570342314,
    0.7099999841340608,
    0.7000000394736894,
    0.709999969383966,
    0.7099999473293339,
    0.7099999815399987,
    0.7099999846166645,
    0.7099999188570748,
    0.7099999918349997,
    0.7099999701799893,
    0.71,
    0.7099999431998909,
    0.7,
    0.7,
    0.7,
    0.7,
    0.71,
    0.71,
    0.7,
    0.7,
    0.7,
    0.7,
    0.7,
    0.7099999431998909,
    0.7099999815399987,
    0.7099999431998909,
    0.7099999431998909,
    0.7099999431998909,
    0.7,
    0.7,
    0.7,
    0.7,
    0.7,
    0.7,
    0.7,
    0.6900000292930183,
    0.69,
    0.69,
    0.7,
    0.7,
    0.7,
    0.7,
    0.7,
    0.7,
    0.6999999971999998,
    0.7,
    0.69,
    0.7,
    0.7,
    0.690000144310402,
    0.7,
    0.69,
    0.7,
    0.7,
    0.7,
    0.7,
    0.6999999066666169,
    0.6999999766666597,
    0.69,
    0.69,
    0.69,
    0.69,
    0.69,
    0.69,
    0.69,
    0.69,
    0.69,
    0.7,
    0.6999999719999955,
    0.6999999066666169,
    0.6999999929999994,
    0.7,
    0.7,
    0.7,
    0.7,
    0.6999998727270644,
    0.7,
    0.6999999469696608,
    0.7,
    0.7,
    0.7,
    0.6999999719999955,
    0.7,
    0.7,
    0.699999999802458,
    0.7,
    0.7,
    0.7099999431998909,
    0.7099999701799893,
    0.7099999431998909,
    0.7099999431998909,
    0.7004621851976087,
    0.7099998816666075,
    0.7099998816666075,
    0.71,
    0.7099999431998909,
    0.7,
    0.7099999431998909,
    0.6900000434139306,
    0.69,
    0.7099999034012423,
    0.6900001705000767,
    0.6900001705000767,
    0.6900001705000767,
    0.7099999925772721,
    0.7099999815399987,
    0.71,
    0.7,
    0.7,
    0.7,
    0.7,
    0.7,
    0.70000000075,
    0.7099999431998909,
    0.699852763273559,
    0.7099999431998909,
    0.69,
    0.7000288262714451,
    0.7000287592528603,
    0.7099999701799893,
    0.7001090767633278,
    0.7001090768332919,
    0.7099999431998909,
    0.7099999431998909,
    0.69,
    0.69,
    0.71,
    0.71,
    0.6900001705000767,
    0.69,
    0.69,
    0.6900001705000767,
    0.71,
    0.71,
    0.71,
    0.71,
    0.71,
    0.6900000727699644,
    0.7,
    0.7,
    0.7,
    0.7,
    0.7,
    0.7099998402496366,
    0.7000000520231274,
    0.7,
    0.7,
    0.7,
    0.700000030000003,
    0.7,
    0.700004095004095,
    0.71,
    0.7099998870452158,
    0.6900001509565795,
    0.7099998402496366,
    0.7099999701799893,
    0.7099998482440756,
    0.7099999993221106,
    0.7099999815399987,
    0.6900001933945522,
    0.7092329643286384,
    0.6999999766666597,
    0.6900001474758012,
    0.7,
    0.6999999066666169,
    0.7,
    0.7,
    0.7,
    0.7099998315250354,
    0.71,
    0.7000000072000001,
    0.7000000750000187,
    0.7099999477300011,
    0.7000001698113848,
    0.700000180000072,
    0.7,
    0.7,
    0.7,
    0.7,
    0.700000180000072,
    0.7,
    0.7,
    0.7,
    0.7,
    0.7,
    0.7099999677272566,
    0.7099999993846666,
    0.7099999605555358,
    0.7,
    0.7,
    0.7099999431998909,
    0.7099999431998909,
    0.7099999431998909,
    0.71,
    0.71,
    0.71,
    0.7,
    0.7,
    0.7099999990415,
    0.7,
    0.709999998012,
    0.7,
    0.7099999815399987,
    0.7099999918349997,
    0.7,
    0.7,
    0.71,
    0.71,
    0.71,
    0.7,
    0.7,
    0.7,
    0.7099256169469121,
    0.7,
    0.7199998559995968,
    0.7,
    0.71,
    0.72,
    0.72,
    0.72,
    0.72,
    0.72,
    0.71,
    0.71,
    0.72,
    0.71,
    0.71,
    0.71,
    0.72,
    0.71,
    0.71,
    0.71,
    0.71,
    0.71,
    0.72,
    0.71,
    0.71,
    0.72,
    0.71,
    0.71,
    0.71,
    0.72,
    0.71,
    0.71,
    0.71,
    0.71,
    0.71,
    0.72,
    0.72,
    0.72,
    0.72,
    0.72,
    0.72,
    0.72,
    0.72,
    0.72,
    0.72,
    0.72,
    0.72,
    0.72,
    0.72,
    0.72,
    0.72,
    0.7299631818765477,
    0.7299632006585326,
    0.72,
    0.72,
    0.7200000058516197,
    0.730209371884347,
    0.7200000145600007,
    0.73,
    0.73,
    0.7300197635209608,
    0.7300197632136362,
    0.73,
    0.73,
    0.7313409234030184,
    0.73,
    0.7302491582491583,
    0.7302811501597444,
    0.7349275300632857,
    0.7299998101998596,
    0.7299999225757071,
    0.7299998101998596,
    0.7200000268800028,
    0.7200001576830947,
    0.7199734285114929,
    0.7199734945506332,
    0.7199734301939392,
    0.7199827534453023,
    0.7199901037003203,
    0.7199900940400055,
    0.7201270110800767,
    0.7201270115590028,
    0.7200147492761332,
    0.73,
    0.73,
    0.72,
    0.72,
    0.72,
    0.72,
    0.71,
    0.68,
    0.68,
    0.68,
    0.68,
    0.68,
    0.68,
    0.68,
    0.68,
    0.68,
    0.68,
    0.6602381970746445,
    0.6602381967960712,
    0.6499778239500361,
    0.6499777806440428,
    0.6499778346887617,
    0.64,
    0.6403259610729511,
    0.6403259605326703,
    0.6403259616897629,
    0.639957569786708,
    0.65,
    0.65,
    0.65,
    0.6466666666666666,
    0.7399999457333192,
    0.7399999940799994,
    0.7299528232414607,
    0.72995282222555,
    0.7202418847469881,
    0.7399999674399819,
    0.7202418843944207,
    0.7202418850739822,
    0.7201902505189748,
    0.7201902501236768,
    0.7254901704728806,
    0.63,
    0.64,
    0.63,
    0.7099240698995485,
    0.6799087797993811,
    0.679908782585815,
    0.6499347302394459,
    0.6401050957078037,
    0.6401050957517106,
    0.6401050959024082,
    0.6400477555174323,
    0.6400063091518456,
    0.6400063098021752,
    0.6601766676819981,
    0.6603612172760583,
    0.6603612171028121,
    0.660361217266907,
    0.729999967879995,
    0.729941782610475,
    0.7299417427184408,
    0.7299417874681052,
    0.6700456922999507,
    0.6700456925011077,
    0.7399223029670777,
    0.6599310514884603,
    0.6599310636962915,
    0.6599310619349025,
    0.6400462108697496,
    0.6400462107573242,
    0.66,
    0.66,
    0.670366688394212,
    0.6703666879698196,
    0.6703666902336958,
    0.6700379506641366,
    0.6700036286871219,
    0.66,
    0.7299241087370583,
    0.7299241360934432,
    0.7298899240264004,
    0.6700657712253182,
    0.7299758814184345,
    0.7299758956783987,
    0.7299758726834049,
    0.67,
    0.6700112233445567,
    0.6701096967617269,
    0.6701096951922085,
    0.6701096948298418,
    0.6700487594428169,
    0.6700487589918946,
    0.7397040287361083,
    0.6700487602248875,
    0.6700726698262244,
    0.6700870080211784,
    0.6700870075204055,
    0.670087008000256,
    0.6701293270863995,
    0.6701293268008485,
    0.6700859109481476,
    0.6700157163174552,
    0.670015715666957,
    0.6700157158702766,
    0.66,
    0.66,
    0.73,
    0.73,
    0.7298527346583377,
    0.7298527425387813,
    0.7001899109792284,
    0.6802500004424891,
    0.6801042041899067,
    0.65,
    0.7199110629691573,
    0.7342071058767039,
    0.7299999087499658,
    0.7286881751771629,
    0.640118343318703,
    0.6401183432267413,
    0.6401183434401195,
    0.6400919759688994,
    0.6398475983658806,
    0.6400522103234326,
    0.6400522102495662,
    0.6401591760299625,
    0.6401398602318737,
    0.6401398602663003,
    0.6399591747695033,
    0.6399591622627905,
    0.640010537411009,
    0.6400105374500318,
    0.6399829866439822,
    0.6399830055893115,
    0.6399830041560443,
    0.6399026313050701,
    0.6399026396567418,
    0.6399026373202327,
    0.64,
    0.6399739086856698,
    0.6398897874800091,
    0.6398897294813727,
    0.6398898028878096,
    0.6399860167734412,
    0.62,
    0.63,
    0.63,
    0.6603745337115023,
    0.660374532651362,
    0.6500901463456605,
    0.6500901462398175,
    0.6601299879675562,
    0.6899358549660748,
    0.6601299881609426,
    0.6899358515199387,
    0.7099612785763535,
    0.62,
    0.6000221481727572,
    0.6000221448948647,
    0.669929648670769,
    0.600121457495944,
    0.6001214574957381,
    0.659929822356436,
    0.6599298463641392,
    0.6000971759323546,
    0.6000971762362807,
    0.6000971758347017,
    0.6751772931301236,
    0.8799999647998255,
    0.08
]
