[
    0.001,
    0.001,
    0.02,
    0.01,
    0.01,
    0.02,
    0.0899999189999919,
    0.02,
    0.09,
    0.02,
    0.09,
    0.07,
    0.070000000068379,
    0.08999998451999956,
    0.07,
    0.07000000062000002,
    0.06000000047000009,
    0.060000000116675986,
    0.06,
    0.07,
    0.1,
    0.0700000078813572,
    0.1,
    0.06000000037600005,
    0.06,
    0.06,
    0.05,
    0.05,
    0.03,
    0.03,
    0.03,
    0.03,
    0.02,
    0.01,
    0.01,
    0.01,
    0.01,
    0.01,
    0.01,
    0.01,
    0.01,
    0.01,
    0.02,
    0.02,
    0.01,
    0.01,
    0.01,
    0.01,
    0.01,
    0.01,
    0.01,
    0.01,
    0.01,
    0.01,
    0.01,
    0.01,
    0.01,
    0.01,
    0.02,
    0.02,
    0.02,
    0.02,
    0.029999988479999816,
    0.03,
    0.03,
    0.03,
    0.030000000485000556,
    0.04,
    0.04,
    0.0899999599499978,
    0.0899999189999919,
    0.11475127660795226,
    0.1,
    0.115,
    0.08,
    0.05,
    0.08,
    0.06,
    0.06,
    0.1,
    0.09,
    0.07,
    0.05,
    0.07,
    0.0899999189999919,
    0.1,
    0.12,
    0.16999988609996242,
    0.12,
    0.12,
    0.12,
    0.11999997325905143,
    0.12,
    0.19,
    0.16,
    0.17,
    0.18,
    0.2,
    0.19,
    0.18,
    0.2,
    0.199601999900995,
    0.16,
    0.16,
    0.12,
    0.13,
    0.15954498063602346,
    0.16,
    0.18999987839995622,
    0.16,
    0.16,
    0.16,
    0.23,
    0.24,
    0.21,
    0.2,
    0.24,
    0.21,
    0.27,
    0.25,
    0.2700000023822846,
    0.27,
    0.27,
    0.3,
    0.21884549222439012,
    0.2,
    0.2,
    0.2,
    0.2,
    0.2,
    0.2,
    0.2,
    0.2,
    0.2,
    0.21999985479995063,
    0.21999997359999876,
    0.18,
    0.18,
    0.3,
    0.3,
    0.28,
    0.29000000067619053,
    0.29999992499998124,
    0.299999819999928,
    0.3,
    0.33999999455999985,
    0.3,
    0.2900000053278957,
    0.33999999386059937,
    0.34,
    0.34,
    0.33,
    0.34016914652676244,
    0.3299999590799969,
    0.32,
    0.32,
    0.32,
    0.32,
    0.32,
    0.32,
    0.32,
    0.32,
    0.32,
    0.32,
    0.3499999614999965,
    0.28,
    0.28,
    0.29,
    0.28999997790476095,
    0.37,
    0.28,
    0.35000000385206204,
    0.37,
    0.36,
    0.43,
    0.43,
    0.43,
    0.43,
    0.43,
    0.43,
    0.38999998489189114,
    0.43,
    0.44,
    0.44,
    0.47,
    0.46,
    0.44,
    0.46,
    0.46,
    0.42,
    0.4549646037908198,
    0.43,
    0.43,
    0.42,
    0.41,
    0.39835945,
    0.3499999829268287,
    0.3610729,
    0.38,
    0.39,
    0.3900000016085555,
    0.390000003904,
    0.42,
    0.45,
    0.4499999828804336,
    0.42,
    0.4,
    0.4,
    0.4,
    0.4,
    0.4,
    0.4,
    0.4099998236998995,
    0.4,
    0.4,
    0.4,
    0.4,
    0.4,
    0.4,
    0.4,
    0.4,
    0.4,
    0.4,
    0.4,
    0.39,
    0.4,
    0.39,
    0.41,
    0.39,
    0.42,
    0.39000000672951585,
    0.44,
    0.42,
    0.42,
    0.44,
    0.318758602481739,
    0.3870588235294118,
    0.28,
    0.3,
    0.3,
    0.28,
    0.26,
    0.28,
    0.28,
    0.26,
    0.25,
    0.2,
    0.17,
    0.1687,
    0.17,
    0.17000000988096403,
    0.17,
    0.19,
    0.16999988609996242,
    0.2,
    0.2,
    0.2,
    0.23,
    0.21957038984968144,
    0.21,
    0.25,
    0.26,
    0.27,
    0.28,
    0.2999999819999993,
    0.3258752607951224,
    0.26,
    0.25,
    0.22,
    0.2600000370000598,
    0.27,
    0.254424,
    0.27,
    0.26,
    0.24222222222222223,
    0.21000001975000446,
    0.2,
    0.23,
    0.23,
    0.22,
    0.22,
    0.22,
    0.22,
    0.25,
    0.25,
    0.25,
    0.26,
    0.2818068607550003,
    0.24,
    0.23,
    0.26472832683062997,
    0.22,
    0.22999982749995687,
    0.220000000468,
    0.22000001872000705,
    0.22000000156000046,
    0.22,
    0.22,
    0.22,
    0.22,
    0.21000001975000446,
    0.22,
    0.22,
    0.2296463431885698,
    0.15,
    0.15,
    0.17,
    0.18,
    0.18,
    0.18,
    0.18,
    0.18,
    0.15,
    0.13,
    0.16,
    0.16,
    0.16,
    0.16,
    0.16000000100800002,
    0.16,
    0.1600000237176743,
    0.15,
    0.15,
    0.15000000944445274,
    0.15,
    0.15,
    0.15,
    0.15,
    0.15,
    0.18,
    0.18,
    0.21,
    0.21,
    0.21,
    0.21000001975000446,
    0.18,
    0.18,
    0.19714285714285715,
    0.21,
    0.11,
    0.08,
    0.09,
    0.08,
    0.08,
    0.09,
    0.19,
    0.22,
    0.22,
    0.22,
    0.25,
    0.24,
    0.25,
    0.22,
    0.22,
    0.25,
    0.25,
    0.25,
    0.22,
    0.21,
    0.18,
    0.19,
    0.18000000031672034,
    0.19000000049306065,
    0.25,
    0.22,
    0.22,
    0.28,
    0.3,
    0.28,
    0.2800000017110267,
    0.26,
    0.25,
    0.21,
    0.23000000654500125,
    0.25,
    0.25,
    0.25,
    0.27,
    0.26000000071188073,
    0.26999985419993294,
    0.26999985419993294,
    0.2599998647999351,
    0.29,
    0.29,
    0.29,
    0.29,
    0.2797585823958283,
    0.23,
    0.14,
    0.210000004827778,
    0.23,
    0.21,
    0.25,
    0.2399999673599979,
    0.19,
    0.21,
    0.2,
    0.2,
    0.21,
    0.19416666666666665,
    0.17,
    0.15,
    0.14,
    0.14,
    0.12,
    0.1399999977490196,
    0.11,
    0.12,
    0.11,
    0.09,
    0.09,
    0.13,
    0.13,
    0.16,
    0.16,
    0.16,
    0.16,
    0.16,
    0.17296688967003063,
    0.16,
    0.18,
    0.16,
    0.16,
    0.18,
    0.18,
    0.16,
    0.18,
    0.18,
    0.18,
    0.18000000790362009,
    0.17,
    0.17,
    0.17,
    0.17,
    0.17,
    0.1700000207500306,
    0.18999987839995622,
    0.17,
    0.17,
    0.17,
    0.18999987839995622,
    0.17,
    0.17,
    0.17,
    0.17,
    0.17,
    0.17,
    0.17,
    0.17,
    0.17000000232400023,
    0.17,
    0.17,
    0.17,
    0.18999987839995622,
    0.17,
    0.17,
    0.17,
    0.18999987839995622,
    0.17,
    0.17,
    0.17,
    0.17,
    0.17,
    0.17,
    0.17,
    0.17,
    0.17,
    0.17,
    0.17,
    0.17,
    0.17,
    0.17,
    0.17,
    0.17,
    0.17,
    0.17,
    0.17,
    0.17,
    0.17,
    0.17,
    0.17,
    0.17,
    0.17,
    0.17,
    0.17,
    0.17,
    0.17,
    0.17,
    0.17,
    0.17000000232400023,
    0.17,
    0.17000000029542625,
    0.17,
    0.17,
    0.18999997263999846,
    0.17,
    0.17,
    0.17,
    0.17,
    0.17,
    0.18999998802999957,
    0.17,
    0.1700000012620759,
    0.18999999588333327,
    0.16,
    0.13,
    0.15,
    0.14,
    0.15,
    0.15,
    0.15,
    0.15,
    0.19,
    0.19,
    0.2,
    0.2,
    0.23,
    0.23,
    0.24,
    0.24,
    0.24000000040533334,
    0.24,
    0.24000000010736738,
    0.24,
    0.24,
    0.24,
    0.24,
    0.24,
    0.24,
    0.24,
    0.24,
    0.24,
    0.24000000040533334,
    0.24,
    0.24,
    0.24,
    0.24,
    0.24,
    0.24,
    0.24,
    0.24,
    0.24,
    0.24,
    0.24,
    0.24,
    0.24,
    0.24,
    0.24,
    0.24,
    0.24,
    0.24,
    0.24,
    0.24,
    0.24,
    0.24,
    0.24,
    0.23,
    0.230000035538469,
    0.2,
    0.2,
    0.2,
    0.2,
    0.2,
    0.21,
    0.23,
    0.21,
    0.22,
    0.24,
    0.24,
    0.27,
    0.27,
    0.26,
    0.27,
    0.27,
    0.27,
    0.27,
    0.27000018980014046,
    0.27,
    0.2999999819999993,
    0.270000000593125,
    0.27,
    0.27000004034212427,
    0.24,
    0.24000009120017146,
    0.24,
    0.27,
    0.28,
    0.28,
    0.3,
    0.3,
    0.3,
    0.31,
    0.33,
    0.35,
    0.36,
    0.36,
    0.36,
    0.36,
    0.38,
    0.39,
    0.39,
    0.41,
    0.39000005116130254,
    0.39,
    0.39000014030010804,
    0.39,
    0.4099998236998995,
    0.4199998235998977,
    0.4099998236998995,
    0.3799999011999269,
    0.4099998236998995,
    0.39,
    0.3899998478999072,
    0.36,
    0.37,
    0.38,
    0.39,
    0.42,
    0.42,
    0.42,
    0.42,
    0.42,
    0.42,
    0.42,
    0.42000002904841743,
    0.42,
    0.42,
    0.43,
    0.43,
    0.43,
    0.45,
    0.43,
    0.43,
    0.43,
    0.4300000036173077,
    0.45,
    0.45,
    0.45,
    0.4499997974998886,
    0.4200000629152901,
    0.43,
    0.43,
    0.43,
    0.44,
    0.44,
    0.43,
    0.44,
    0.4499997974998886,
    0.4499997974998886,
    0.4499997974998886,
    0.4499999549999955,
    0.4499997974998886,
    0.4499997974998886,
    0.4499997974998886,
    0.44,
    0.43000004446001433,
    0.4400000224000036,
    0.44,
    0.44,
    0.43000004446001433,
    0.43,
    0.43,
    0.4300000074100003,
    0.47,
    0.47,
    0.47,
    0.46,
    0.45000001925000127,
    0.46,
    0.46,
    0.45,
    0.45,
    0.45,
    0.47,
    0.47,
    0.45,
    0.42,
    0.42,
    0.44,
    0.4599999458823394,
    0.5,
    0.51,
    0.5399999902799992,
    0.52,
    0.51,
    0.52,
    0.51,
    0.51,
    0.53,
    0.54,
    0.5699999059499214,
    0.540000015640001,
    0.55,
    0.5400000073600004,
    0.55,
    0.5462155452439316,
    0.53,
    0.53,
    0.51,
    0.5100000196000032,
    0.5299998780999061,
    0.5299998780999061,
    0.5360332641135019,
    0.5299998780999061,
    0.5299998780999061,
    0.5299998780999061,
    0.5299998780999061,
    0.5299998780999061,
    0.51000000588,
    0.5100000196000032,
    0.5,
    0.52,
    0.5,
    0.5,
    0.5,
    0.5,
    0.5,
    0.5,
    0.5,
    0.51,
    0.51,
    0.5,
    0.5380009915082119,
    0.5100000034300001,
    0.53,
    0.5,
    0.52,
    0.5,
    0.51,
    0.5,
    0.5,
    0.49000000142800004,
    0.5,
    0.49,
    0.49000000142800004,
    0.49,
    0.49,
    0.49,
    0.49,
    0.49000000142800004,
    0.5,
    0.5,
    0.5,
    0.5199998860273441,
    0.5,
    0.5,
    0.5,
    0.5,
    0.5,
    0.5100000032389049,
    0.5100000034300001,
    0.5199999441610423,
    0.5100000196000032,
    0.5,
    0.5199999441610423,
    0.46,
    0.49,
    0.49000000153,
    0.5176956541626682,
    0.45000004400000526,
    0.49,
    0.4600000056700001,
    0.46000013901000286,
    0.46000000194400004,
    0.49,
    0.5199999817999984,
    0.5199999735031692,
    0.53,
    0.5399999174521893,
    0.5584404830304863,
    0.5,
    0.5,
    0.51,
    0.5,
    0.53,
    0.54,
    0.52,
    0.5367697945523179,
    0.52,
    0.52,
    0.52,
    0.5200000027,
    0.52,
    0.52,
    0.52,
    0.53,
    0.5299999883399997,
    0.5299999337499647,
    0.53,
    0.53,
    0.53,
    0.520000019200003,
    0.53,
    0.53,
    0.5299999337499647,
    0.5299998780999061,
    0.5299999931296294,
    0.55,
    0.5499999024822176,
    0.5200000005641086,
    0.5200000120000012,
    0.54,
    0.5200116761805916,
    0.55,
    0.54,
    0.5376993275050437,
    0.5399999985599999,
    0.55,
    0.5499999931249997,
    0.5499999024822176,
    0.5300001062608918,
    0.55,
    0.5599697605126904,
    0.5200000069120002,
    0.5499999861635206,
    0.5450508935210112,
    0.5399998468084455,
    0.5200000048000002,
    0.5200000048000002,
    0.52000000432,
    0.5200000735319349,
    0.53,
    0.52,
    0.52,
    0.5200000172800011,
    0.5150409165302783,
    0.5,
    0.5,
    0.5,
    0.5,
    0.53,
    0.5141714852139435,
    0.51,
    0.5085507246376811,
    0.5099998502380203,
    0.5,
    0.4865437062115014,
    0.48,
    0.5,
    0.47,
    0.47,
    0.460000000702,
    0.47,
    0.47,
    0.47,
    0.46,
    0.46,
    0.46,
    0.44,
    0.44,
    0.44,
    0.44,
    0.43,
    0.4299998873808925,
    0.42000000464000087,
    0.43,
    0.44,
    0.4399999933396403,
    0.43000004446001433,
    0.4300001767002986,
    0.4200001740002958,
    0.43,
    0.42,
    0.42,
    0.42,
    0.43,
    0.43,
    0.4200000139200011,
    0.42,
    0.4299998873808925,
    0.42,
    0.4399578651171658,
    0.42,
    0.42,
    0.43995776402113335,
    0.42,
    0.43995786497925327,
    0.43,
    0.42999981821131117,
    0.4499999103982083,
    0.44419986909067544,
    0.4299999970387572,
    0.42,
    0.42,
    0.4299999998194,
    0.43,
    0.42,
    0.5,
    0.5,
    0.76,
    0.7000000837989061,
    0.439999993625288,
    0.43,
    0.43,
    0.43,
    0.4300000026936847,
    0.4300001767002986,
    0.43,
    0.4300000007253062,
    0.430000000855,
    0.43,
    0.43999980639989156,
    0.43,
    0.43,
    0.43,
    0.43,
    0.42,
    0.42,
    0.42,
    0.42,
    0.43,
    0.42,
    0.4200000007181355,
    0.42,
    0.4386846434555856,
    0.43,
    0.43,
    0.43000001609212557,
    0.43,
    0.43,
    0.43000009405007855,
    0.43000000342000033,
    0.43999980639989156,
    0.43999998813483043,
    0.4300000015087553,
    0.43999996479999576,
    0.43999996479999576,
    0.43,
    0.4300000014803324,
    0.43,
    0.4300000775200515,
    0.4399999907368417,
    0.4399999983869355,
    0.43999999856900873,
    0.43000000950000106,
    0.44,
    0.44,
    0.43,
    0.44,
    0.44,
    0.44,
    0.44,
    0.44,
    0.44,
    0.44,
    0.44,
    0.44,
    0.44,
    0.44,
    0.44,
    0.44,
    0.44,
    0.44,
    0.44,
    0.4400000104533338,
    0.4499999983125,
    0.45,
    0.44000000336000006,
    0.44,
    0.4499999962499999,
    0.4400000028903229,
    0.440000003136,
    0.44000000112000004,
    0.4499999983125,
    0.44999999992125,
    0.44000000134524847,
    0.45,
    0.449999998875,
    0.44999999807142854,
    0.44999999549999997,
    0.4499999212499744,
    0.45,
    0.4499999985351562,
    0.4499999635332223,
    0.4499999988,
    0.4499999797499989,
    0.44999999021739107,
    0.4499999440993511,
    0.4499999992514036,
    0.4499999992125,
    0.44999999212499975,
    0.43999999992140754,
    0.43999997066665886,
    0.43,
    0.43,
    0.43,
    0.43,
    0.43,
    0.43,
    0.43,
    0.4299998279998968,
    0.42,
    0.42,
    0.41000015340011353,
    0.41,
    0.41,
    0.41,
    0.4100000295000044,
    0.42,
    0.42,
    0.42,
    0.41,
    0.40000002400000384,
    0.41,
    0.41,
    0.41,
    0.41,
    0.41,
    0.41,
    0.41,
    0.41,
    0.41,
    0.41,
    0.41,
    0.42,
    0.41,
    0.4,
    0.41,
    0.41,
    0.41,
    0.4099999988315,
    0.390000003904,
    0.39,
    0.4,
    0.39,
    0.39,
    0.4099999979338965,
    0.4,
    0.4,
    0.4,
    0.4,
    0.4,
    0.4,
    0.4,
    0.4,
    0.4,
    0.4,
    0.4,
    0.4,
    0.4,
    0.4,
    0.4,
    0.4,
    0.4,
    0.4,
    0.4,
    0.4,
    0.4,
    0.4,
    0.4,
    0.39,
    0.4,
    0.4,
    0.4,
    0.4,
    0.4,
    0.4,
    0.4,
    0.4,
    0.4,
    0.4,
    0.4,
    0.39,
    0.39,
    0.39,
    0.4,
    0.39,
    0.39,
    0.39,
    0.39,
    0.39,
    0.39,
    0.39,
    0.39,
    0.39,
    0.38,
    0.38,
    0.38,
    0.38,
    0.37999997227026855,
    0.37,
    0.37,
    0.38,
    0.37,
    0.37999997227026855,
    0.37999997227026855,
    0.37,
    0.37,
    0.37,
    0.37,
    0.3799999828828821,
    0.37,
    0.37,
    0.37,
    0.37,
    0.37,
    0.37,
    0.37,
    0.37,
    0.37,
    0.37,
    0.37,
    0.36,
    0.3500000812501253,
    0.35,
    0.35,
    0.35000000007369614,
    0.35,
    0.35999999917461617,
    0.35,
    0.35,
    0.3500000325000114,
    0.35000000650000057,
    0.35000000288888894,
    0.35,
    0.35,
    0.35,
    0.35,
    0.35,
    0.34,
    0.35,
    0.35,
    0.35,
    0.35,
    0.35,
    0.35,
    0.35,
    0.36,
    0.3500000018055556,
    0.36,
    0.36,
    0.35999992079997784,
    0.35,
    0.36,
    0.35999999039999964,
    0.35000000130000003,
    0.35,
    0.35,
    0.35,
    0.35,
    0.35,
    0.35000000204088044,
    0.35,
    0.35,
    0.35,
    0.3500000027857144,
    0.35000000650000057,
    0.35,
    0.35000000214535615,
    0.35999999563636353,
    0.35999999308799985,
    0.35,
    0.36,
    0.3599999931753552,
    0.35,
    0.35,
    0.35,
    0.35,
    0.3599999811023607,
    0.3599998115887076,
    0.36,
    0.35,
    0.3500000043978351,
    0.35999992079997784,
    0.35999999946,
    0.3599999919681274,
    0.35,
    0.35,
    0.35000001954887455,
    0.3599999290908962,
    0.35999993759999,
    0.3599999920799998,
    0.35000000953079213,
    0.3500000095029266,
    0.35000009750003414,
    0.3599999750399984,
    0.3500000169565272,
    0.3500000325000114,
    0.35999998501733993,
    0.35,
    0.34000000088000004,
    0.34000003960001346,
    0.34000003960001346,
    0.3499998774999204,
    0.34000003348838453,
    0.3400001440002304,
    0.3400000158400012,
    0.34000015644463916,
    0.34000003960001346,
    0.34,
    0.34000003837210196,
    0.34000003960001346,
    0.34,
    0.34000003960001346,
    0.35,
    0.34,
    0.34,
    0.34,
    0.35,
    0.35,
    0.35,
    0.35,
    0.3500000325000114,
    0.35000005803581274,
    0.35000000667419784,
    0.35,
    0.35999999568345314,
    0.35000000112378976,
    0.35000003279847763,
    0.36,
    0.36,
    0.36,
    0.36,
    0.36,
    0.36,
    0.36,
    0.36,
    0.36,
    0.36,
    0.3700000120000012,
    0.37,
    0.37,
    0.37,
    0.37,
    0.379999953739126,
    0.37,
    0.37000002032258594,
    0.3700000066083938,
    0.37000000176400005,
    0.37,
    0.37000000850500075,
    0.37,
    0.37,
    0.37000002028986095,
    0.37000001197000215,
    0.370000060480091,
    0.37999988232254117,
    0.38,
    0.37,
    0.37,
    0.38,
    0.37,
    0.38,
    0.37,
    0.37,
    0.38,
    0.3799999871785919,
    0.38,
    0.37,
    0.37,
    0.3799999889406283,
    0.38,
    0.3799999011999269,
    0.37999998465558077,
    0.38,
    0.37,
    0.37,
    0.37,
    0.38,
    0.38,
    0.37,
    0.37,
    0.370000018900007,
    0.38,
    0.37,
    0.3857262279260098,
    0.3500000325000114,
    0.350000148855155,
    0.35000001589242147,
    0.36,
    0.36,
    0.37,
    0.3699998872380222,
    0.36,
    0.36,
    0.36,
    0.37,
    0.36,
    0.36,
    0.36,
    0.36,
    0.36999999677043927,
    0.36,
    0.36,
    0.3699999758508146,
    0.36,
    0.37,
    0.36999983349993615,
    0.36,
    0.36,
    0.36,
    0.37,
    0.36,
    0.35,
    0.36,
    0.35000002429906907,
    0.35,
    0.36,
    0.35000000091104466,
    0.350000058295985,
    0.36,
    0.36763944623049943,
    0.35,
    0.36,
    0.36,
    0.36,
    0.36,
    0.36,
    0.36999986309991373,
    0.37,
    0.36,
    0.36,
    0.36,
    0.36,
    0.369999996485,
    0.37,
    0.36,
    0.36,
    0.36,
    0.36,
    0.36,
    0.36,
    0.36,
    0.36,
    0.36,
    0.36999995137142105,
    0.36,
    0.36,
    0.36,
    0.36999996743999636,
    0.36,
    0.37,
    0.36,
    0.36,
    0.3699999887149998,
    0.3500000325000114,
    0.3500000325000114,
    0.37,
    0.35,
    0.35000018976268277,
    0.36,
    0.35,
    0.3500000058862954,
    0.37,
    0.36,
    0.36,
    0.36,
    0.36,
    0.36,
    0.36,
    0.36,
    0.36999999737636363,
    0.36,
    0.3699999878909084,
    0.36,
    0.36,
    0.36,
    0.36,
    0.36,
    0.36,
    0.36,
    0.36999999745625,
    0.36,
    0.36,
    0.3699999949629806,
    0.3699999953919413,
    0.36,
    0.36999984953329423,
    0.36,
    0.36,
    0.36,
    0.37,
    0.36,
    0.36999986309991373,
    0.36999986309991373,
    0.36,
    0.37,
    0.36,
    0.36,
    0.35000017889919743,
    0.359999997696,
    0.35000000650000057,
    0.3500000631068513,
    0.35999999128680904,
    0.35,
    0.36999991119997694,
    0.35,
    0.36,
    0.36,
    0.36,
    0.35,
    0.35,
    0.35,
    0.35,
    0.35,
    0.35,
    0.35,
    0.3699998730391348,
    0.3699999954025368,
    0.36,
    0.36,
    0.36999998939333295,
    0.36,
    0.36999986309991373,
    0.36999986309991373,
    0.36999986309991373,
    0.36,
    0.36999986309991373,
    0.37,
    0.37999998327999907,
    0.37,
    0.3700001155622457,
    0.3799999011999269,
    0.3799999011999269,
    0.3799999011999269,
    0.3799999011999269,
    0.37000000663398736,
    0.37,
    0.3700000319465698,
    0.37999998327999907,
    0.37000005460003166,
    0.370000018900007,
    0.3700000093335648,
    0.3799999284057587,
    0.3799999011999269,
    0.3799999011999269,
    0.37,
    0.37,
    0.3700000819000303,
    0.370000018900007,
    0.37,
    0.38,
    0.38,
    0.37,
    0.37,
    0.370000018900007,
    0.38,
    0.370000018900007,
    0.38,
    0.38,
    0.37,
    0.37,
    0.37999987207912433,
    0.38,
    0.3799999011999269,
    0.3799999011999269,
    0.3799999011999269,
    0.3799999011999269,
    0.37,
    0.38,
    0.37999998327999907,
    0.37000005460003166,
    0.38,
    0.37,
    0.37,
    0.3700000017666772,
    0.3700001842455768,
    0.37000000781200054,
    0.37,
    0.37999993707003404,
    0.38,
    0.37,
    0.3799998834666247,
    0.37,
    0.37,
    0.38,
    0.38,
    0.37,
    0.37000000184672016,
    0.38,
    0.38,
    0.3799999741599966,
    0.38,
    0.38,
    0.37,
    0.37,
    0.3799999950599998,
    0.37,
    0.370000006459031,
    0.37,
    0.37,
    0.3799998435293228,
    0.3799999727032104,
    0.38,
    0.38,
    0.37,
    0.37,
    0.37000001981887826,
    0.37999999391999995,
    0.37000001197000215,
    0.37,
    0.37,
    0.38,
    0.37000001197000215,
    0.3700000717074255,
    0.37,
    0.37,
    0.37,
    0.37000000030897223,
    0.38,
    0.38,
    0.37,
    0.37000000013173084,
    0.37,
    0.37,
    0.3700000819000303,
    0.3799998963635704,
    0.37999996199999114,
    0.38,
    0.38,
    0.37,
    0.37,
    0.379999999753,
    0.37000000163938557,
    0.3799999741599966,
    0.37,
    0.370000018900007,
    0.38,
    0.38,
    0.37,
    0.37,
    0.37000001197000215,
    0.37,
    0.38,
    0.38,
    0.38,
    0.37,
    0.37,
    0.37,
    0.38,
    0.38,
    0.37,
    0.37,
    0.37999996199999114,
    0.37000000274615397,
    0.3700000055085179,
    0.37,
    0.37000005460003166,
    0.37999996199999114,
    0.3799999606625218,
    0.38,
    0.37000001317343467,
    0.37,
    0.3700001599231593,
    0.3700000161232254,
    0.3700000270000027,
    0.3799999011999269,
    0.37000000850500075,
    0.370000013595013,
    0.37,
    0.370000018900007,
    0.3700000171471804,
    0.37,
    0.37,
    0.37000000850500075,
    0.37000004038462314,
    0.3700000047250003,
    0.37000002610811644,
    0.37000001197000215,
    0.370000018900007,
    0.37999999710476184,
    0.370000023625005,
    0.37,
    0.3700000278469351,
    0.370000018900007,
    0.37,
    0.37000003069606846,
    0.37999997667519025,
    0.37,
    0.37000002265661697,
    0.37000000850500075,
    0.370000018900007,
    0.37,
    0.38,
    0.37,
    0.37,
    0.37,
    0.37000001197000215,
    0.38,
    0.37,
    0.37,
    0.38,
    0.37000001197000215,
    0.37,
    0.3700000003675,
    0.37,
    0.36,
    0.37999994679998084,
    0.36,
    0.36,
    0.36,
    0.36,
    0.36,
    0.36,
    0.369711358576669,
    0.36971135784383946,
    0.38,
    0.36,
    0.36,
    0.36,
    0.38,
    0.36,
    0.38,
    0.36,
    0.36,
    0.36,
    0.37151612903225806,
    0.38,
    0.36,
    0.36,
    0.36,
    0.36,
    0.36,
    0.38,
    0.3735598052557634,
    0.37,
    0.38,
    0.37,
    0.38,
    0.3700002161768203,
    0.37,
    0.36,
    0.37,
    0.36,
    0.37,
    0.3698625723731741,
    0.36,
    0.3700632182477319,
    0.38,
    0.38,
    0.37,
    0.37000001653061665,
    0.37000001197000215,
    0.38,
    0.37,
    0.37999997436949945,
    0.38,
    0.3799999011999269,
    0.37,
    0.37999995875968373,
    0.37000000850500075,
    0.37999998479999936,
    0.38,
    0.37,
    0.38,
    0.38,
    0.37,
    0.37,
    0.37,
    0.37000020496213326,
    0.37,
    0.38,
    0.38,
    0.37,
    0.37000004768241085,
    0.37000000966000113,
    0.37,
    0.37,
    0.37,
    0.37,
    0.38,
    0.38,
    0.38,
    0.370000018900007,
    0.37,
    0.37,
    0.37,
    0.3700000190328104,
    0.37,
    0.37000000850500075,
    0.37,
    0.38,
    0.38,
    0.37,
    0.37000005460003166,
    0.37,
    0.37,
    0.37999998327999907,
    0.370000018900007,
    0.38,
    0.37,
    0.38,
    0.38,
    0.38,
    0.38,
    0.37,
    0.37,
    0.37,
    0.38,
    0.37,
    0.37,
    0.38,
    0.3700000266341539,
    0.37,
    0.38,
    0.38,
    0.38,
    0.37999998410909014,
    0.38,
    0.38,
    0.37000001761745116,
    0.3700000270000027,
    0.37,
    0.3799999692647027,
    0.3799999011999269,
    0.37,
    0.38,
    0.37000000850500075,
    0.370000018900007,
    0.38,
    0.38,
    0.37,
    0.37,
    0.37000013363649725,
    0.3799999011999269,
    0.370000000511875,
    0.3700000327600245,
    0.37,
    0.38,
    0.3700000819000303,
    0.36,
    0.37,
    0.36,
    0.38,
    0.36,
    0.38,
    0.36,
    0.36,
    0.37,
    0.37,
    0.36,
    0.36,
    0.36,
    0.36,
    0.37,
    0.36,
    0.36,
    0.37,
    0.36,
    0.36,
    0.38,
    0.36,
    0.36,
    0.36,
    0.38,
    0.36,
    0.36,
    0.37,
    0.36,
    0.37,
    0.36,
    0.37,
    0.38,
    0.36,
    0.37,
    0.37,
    0.38,
    0.37,
    0.36,
    0.35,
    0.35,
    0.35,
    0.36,
    0.35,
    0.35,
    0.35,
    0.36,
    0.35,
    0.36,
    0.36,
    0.37,
    0.35,
    0.37,
    0.35,
    0.35,
    0.36,
    0.37,
    0.36,
    0.36,
    0.35,
    0.36,
    0.35,
    0.36,
    0.37,
    0.36,
    0.35,
    0.35,
    0.37,
    0.37,
    0.37000000240882364,
    0.37,
    0.3700000892501361,
    0.38,
    0.38,
    0.37,
    0.37,
    0.38,
    0.37,
    0.38,
    0.37,
    0.38,
    0.38,
    0.37,
    0.37,
    0.37000000176400005,
    0.38,
    0.37,
    0.37,
    0.38,
    0.37000001197000215,
    0.37,
    0.38,
    0.37,
    0.37000000305764436,
    0.37,
    0.38,
    0.38,
    0.37,
    0.38,
    0.37,
    0.37000001197000215,
    0.37000001197000215,
    0.38,
    0.37,
    0.37000001197000215,
    0.37,
    0.37,
    0.3799182222139083,
    0.37991822233029804,
    0.37,
    0.39,
    0.37,
    0.37,
    0.37000000176400005,
    0.370000001591579,
    0.3700000012364486,
    0.37,
    0.3700000005852794,
    0.3700000012364486,
    0.3700000012364486,
    0.37,
    0.37,
    0.37,
    0.3700000006260621,
    0.370000003895815,
    0.37,
    0.3700000012364486,
    0.37,
    0.370000023625005,
    0.3700000005833333,
    0.3700000014006013,
    0.3801093155893536,
    0.37,
    0.3815922369886417,
    0.37000011405190014,
    0.37000000187805826,
    0.37,
    0.3700000819000303,
    0.37,
    0.37,
    0.3799999997264,
    0.37000001197000215,
    0.3700000042000007,
    0.3700000717074255,
    0.3799999011999269,
    0.37,
    0.37000001197000215,
    0.37,
    0.37,
    0.3799999890851061,
    0.3799999011999269,
    0.37000011117658177,
    0.3799999011999269,
    0.37,
    0.37000022455482007,
    0.3799999950599998,
    0.37,
    0.38,
    0.3799999011999269,
    0.37,
    0.370000018900007,
    0.37,
    0.3700000008125101,
    0.3799999938378378,
    0.37,
    0.370000000289111,
    0.37,
    0.37,
    0.38,
    0.37,
    0.38,
    0.37,
    0.37,
    0.38,
    0.38,
    0.37,
    0.37,
    0.3799998834666247,
    0.37999989233327414,
    0.37999987929408496,
    0.3700000892501361,
    0.37000004433334666,
    0.3799998834666247,
    0.37000005460003166,
    0.3799999303333171,
    0.37999992399998594,
    0.3700000480000192,
    0.3700001193684613,
    0.37000005460003166,
    0.37,
    0.38,
    0.37,
    0.370000018900007,
    0.37,
    0.38,
    0.37,
    0.37,
    0.37,
    0.37,
    0.37,
    0.38,
    0.37,
    0.37,
    0.38,
    0.37,
    0.38,
    0.38,
    0.38,
    0.38,
    0.37,
    0.38,
    0.37,
    0.37,
    0.37,
    0.37,
    0.37,
    0.37,
    0.37,
    0.37,
    0.38,
    0.38,
    0.37,
    0.37,
    0.38,
    0.38,
    0.38,
    0.37,
    0.37,
    0.37,
    0.38,
    0.37,
    0.3800510717246468,
    0.38999986368923567,
    0.3800510238003703,
    0.39,
    0.39,
    0.39,
    0.37,
    0.37,
    0.37,
    0.37,
    0.3800973520389408,
    0.38009738418881533,
    0.37,
    0.39,
    0.39,
    0.39,
    0.39,
    0.39,
    0.39,
    0.38024994908061877,
    0.39,
    0.39,
    0.39,
    0.39,
    0.39,
    0.38,
    0.38,
    0.38,
    0.39,
    0.39,
    0.39,
    0.39,
    0.39,
    0.39,
    0.39,
    0.3899999859599991,
    0.39,
    0.39,
    0.39,
    0.39,
    0.39,
    0.3899998559999424,
    0.39,
    0.38999986106246265,
    0.3899999145714066,
    0.3899999698064442,
    0.3899999361817996,
    0.389999892176437,
    0.39,
    0.39,
    0.39,
    0.39,
    0.39,
    0.3899998478999072,
    0.39,
    0.39,
    0.39,
    0.39,
    0.39,
    0.39,
    0.39,
    0.39,
    0.39,
    0.39,
    0.39,
    0.39,
    0.39,
    0.39,
    0.39,
    0.39,
    0.39,
    0.39,
    0.39,
    0.39,
    0.39,
    0.39,
    0.3800000291764864,
    0.39,
    0.3899999198333053,
    0.3899999474999869,
    0.3899999145714066,
    0.389999811499934,
    0.3899998941428103,
    0.3899999743714229,
    0.39,
    0.38999996715788887,
    0.38999996715788887,
    0.38999996715788887,
    0.38999996715788887,
    0.38999996715788887,
    0.38999996715788887,
    0.3798541230338241,
    0.37,
    0.37,
    0.37,
    0.37,
    0.37,
    0.37,
    0.37,
    0.38002683317778846,
    0.38002683122246367,
    0.37000000850500075,
    0.37,
    0.3899999961974999,
    0.37000000850500075,
    0.37,
    0.39,
    0.3800940053300125,
    0.39,
    0.39,
    0.39,
    0.39,
    0.39,
    0.39,
    0.39,
    0.39,
    0.37,
    0.37,
    0.37,
    0.37000001396741683,
    0.38,
    0.38,
    0.38,
    0.38,
    0.38,
    0.39,
    0.38,
    0.38,
    0.38,
    0.38,
    0.39,
    0.39,
    0.39,
    0.38000007026670557,
    0.39,
    0.38,
    0.3899998478999072,
    0.39,
    0.39,
    0.39,
    0.39,
    0.39,
    0.39,
    0.39,
    0.39,
    0.39,
    0.39,
    0.3899998301612273,
    0.3899999868749992,
    0.3899999873170725,
    0.38999998656302454,
    0.38999998221052556,
    0.389999890799976,
    0.39,
    0.39,
    0.39,
    0.39,
    0.39,
    0.39,
    0.39,
    0.39,
    0.39,
    0.39,
    0.39,
    0.3899998585293244,
    0.39,
    0.389999868749918,
    0.38999999024999976,
    0.38999999024999976,
    0.38999999024999976,
    0.3899998926604815,
    0.3899999994345,
    0.3899998478999072,
    0.3899998478999072,
    0.38999987371420636,
    0.3899999773799968,
    0.37,
    0.38,
    0.3899999773799968,
    0.3899999899249994,
    0.38999999024999976,
    0.38999986368923567,
    0.38,
    0.39,
    0.39,
    0.3899998478999072,
    0.38,
    0.38,
    0.38000006985654955,
    0.38,
    0.3800000372000052,
    0.38000003100001395,
    0.38,
    0.39,
    0.38000008065052715,
    0.38,
    0.38999992719996507,
    0.38999991062498324,
    0.38999986106246265,
    0.3899999491818094,
    0.3899999474999869,
    0.3899999408275748,
    0.3899999559130293,
    0.38999996715788887,
    0.3899999743714229,
    0.3899999559130293,
    0.3899999361817996,
    0.3899999474999869,
    0.3899998478999072,
    0.3899999408275748,
    0.38999994457892606,
    0.3899999361817996,
    0.38999992478570195,
    0.3899999491818094,
    0.3899999559130293,
    0.38999986106246265,
    0.38,
    0.3800000004137333,
    0.3899998941428103,
    0.3899999743714229,
    0.3899999354062405,
    0.3899999145714066,
    0.38999991062498324,
    0.3899999502749939,
    0.39,
    0.3899999408275748,
    0.389999892176437,
    0.38999986106246265,
    0.3899999198333053,
    0.389999890799976,
    0.38999992478570195,
    0.3899998478999072,
    0.38999994457892606,
    0.389999890799976,
    0.3899999491818094,
    0.38999994366665913,
    0.38999994457892606,
    0.3899999698064442,
    0.3899999474999869,
    0.38999992979998455,
    0.38999986106246265,
    0.38999996214705135,
    0.3899999559130293,
    0.3899999145714066,
    0.38999992719996507,
    0.38999995579999025,
    0.3899999198333053,
    0.3899999698064442,
    0.38999995579999025,
    0.38999996214705135,
    0.3899999145714066,
    0.3899999474999869,
    0.3899999455813903,
    0.3899998971817518,
    0.38999992719996507,
    0.3899999601874958,
    0.38999991062498324,
    0.3899999361817996,
    0.38999995579999025,
    0.3899999899249994,
    0.3800000342069065,
    0.3800000291764864,
    0.3800000333846264,
    0.38000008432002225,
    0.38000008432002225,
    0.38000007971430394,
    0.38,
    0.38000006763639727,
    0.39,
    0.3800000978947729,
    0.380000030162177,
    0.3800000775000549,
    0.38000003234783847,
    0.38000003100001395,
    0.38000003589474424,
    0.38000010850004884,
    0.3800000775000549,
    0.3800000333846264,
    0.3800000333846264,
    0.38000003234783847,
    0.3800000082666684,
    0.38000002657144644,
    0.38,
    0.3800000291764864,
    0.38000009018184605,
    0.38000009018184605,
    0.3800000342069065,
    0.38000009018184605,
    0.38000008955564213,
    0.3800000018600001,
    0.3800000333846264,
    0.38000003234783847,
    0.38000003100001395,
    0.38000006763639727,
    0.3800001136668353,
    0.38000003487500894,
    0.38000007026670557,
    0.38000007971430394,
    0.38000007026670557,
    0.3800000734815272,
    0.38000000841077153,
    0.38,
    0.38000003234783847,
    0.38000011977284026,
    0.38000008266673435,
    0.38000000590476324,
    0.38000008432002225,
    0.38000008955564213,
    0.3800001136668353,
    0.38000010850004884,
    0.38000007971430394,
    0.38000008266673435,
    0.39,
    0.39,
    0.38000009033123233,
    0.38000007709847594,
    0.38000003100001395,
    0.3800000775000549,
    0.38000007026670557,
    0.38000009018184605,
    0.3800001275429767,
    0.38000009018184605,
    0.38000003100001395,
    0.38000007026670557,
    0.38995819621406624,
    0.3899581952880586,
    0.3800000136400011,
    0.389958195974624,
    0.39011240232519695,
    0.38994415049970604,
    0.3900450196399427,
    0.39004496739828687,
    0.38000003234783847,
    0.38000007026670557,
    0.38000007971430394,
    0.38000008432002225,
    0.380000030162177,
    0.3800001120905019,
    0.38000007026670557,
    0.38000007026670557,
    0.38000003100001395,
    0.3800000428930923,
    0.390135724795351,
    0.3901357266361079,
    0.3901356853993914,
    0.38,
    0.3800000333846264,
    0.3800000342069065,
    0.3800000342069065,
    0.38000003234783847,
    0.38000003100001395,
    0.3900711879449247,
    0.3800001140385222,
    0.3900701669462643,
    0.39007014195630146,
    0.39007024222523606,
    0.39007012017801246,
    0.39007017159653246,
    0.3900701674627026,
    0.38,
    0.39,
    0.3800000004471474,
    0.38,
    0.39,
    0.4,
    0.3900000073200003,
    0.3900000003485714,
    0.39732100469627585,
    0.3800000372000052,
    0.38,
    0.38,
    0.38000003100001395,
    0.3800000333846264,
    0.38000010850004884,
    0.3800000291764864,
    0.3800000734815272,
    0.38000007971430394,
    0.3800000342069065,
    0.3800000978947729,
    0.38000006763639727,
    0.3800000291764864,
    0.38000007026670557,
    0.380000005786667,
    0.3800000018600001,
    0.3800000083097548,
    0.3899999885964902,
    0.38,
    0.38000002205533956,
    0.38,
    0.38,
    0.38000006368583256,
    0.38000011212769896,
    0.38000004350878797,
    0.3899999126140912,
    0.38999995254751624,
    0.38,
    0.38000014880011307,
    0.38000014880011307,
    0.3800000372000052,
    0.38000014880011307,
    0.38000002982818754,
    0.38000005302634615,
    0.38000014880011307,
    0.3800000519070207,
    0.3800000583529586,
    0.38,
    0.3800000373869512,
    0.38999991974728,
    0.3899999332894412,
    0.38999992671973566,
    0.38999994233461643,
    0.38000014880011307,
    0.38000014880011307,
    0.38000014880011307,
    0.3899999859599991,
    0.38000014880011307,
    0.38000014880011307,
    0.38,
    0.37,
    0.37,
    0.38,
    0.3700000031630991,
    0.38,
    0.37,
    0.38,
    0.38,
    0.38,
    0.38,
    0.38,
    0.37,
    0.38,
    0.38000045897701673,
    0.38,
    0.38000014880011307,
    0.38000014880011307,
    0.38000014880011307,
    0.38000014880011307,
    0.38000014880011307,
    0.38000014880011307,
    0.38000014880011307,
    0.38000014880011307,
    0.38000014880011307,
    0.38000014880011307,
    0.3899999361817996,
    0.3899999491818094,
    0.38000005302634615,
    0.38999996388887886,
    0.3899999198333053,
    0.38000006112677603,
    0.3800000333846264,
    0.3800000268398373,
    0.38,
    0.38000004592596504,
    0.38000014880011307,
    0.38000014880011307,
    0.38000014880011307,
    0.38000014880011307,
    0.38000014880011307,
    0.3800000018600001,
    0.38000014880011307,
    0.38000014880011307,
    0.38000014880011307,
    0.38,
    0.39,
    0.38000014880011307,
    0.38000014880011307,
    0.38999996546124494,
    0.38999995748119165,
    0.38999995584904495,
    0.3899998932835582,
    0.3800000254794597,
    0.38000005904765666,
    0.38000003568347684,
    0.38000007026670557,
    0.3800000720332464,
    0.3800000583529586,
    0.3899999572425154,
    0.3899999559130293,
    0.38999994542661015,
    0.3899999145505325,
    0.38000006338659525,
    0.38,
    0.38000007819822357,
    0.38000001221675456,
    0.38000004592596504,
    0.38,
    0.3800000372000052,
    0.3899999277777577,
    0.38999995254751624,
    0.3899999643137171,
    0.3899999299078144,
    0.3800000114110462,
    0.38000000935849393,
    0.3800000841629226,
    0.38000001059829497,
    0.38,
    0.3800000722870195,
    0.38000014880011307,
    0.38000005328126624,
    0.3899999615021332,
    0.3800000783643606,
    0.38000002982818754,
    0.3800000836810216,
    0.38999996546124494,
    0.3899999440697538,
    0.3800000583529586,
    0.38999990861923006,
    0.38000008328363305,
    0.3899998833644119,
    0.3800001083496008,
    0.39,
    0.38,
    0.3800001083496008,
    0.38999987858482893,
    0.3700000537165705,
    0.37989197323097185,
    0.3798919752080465,
    0.3798919749984677,
    0.3797185626690994,
    0.3797185624361994,
    0.37000015463660685,
    0.37,
    0.37,
    0.37,
    0.37,
    0.38,
    0.38,
    0.38,
    0.38,
    0.37,
    0.37,
    0.37,
    0.37,
    0.36,
    0.38,
    0.37,
    0.38,
    0.38,
    0.38,
    0.37,
    0.37,
    0.37,
    0.37,
    0.3700000472355896,
    0.37,
    0.37,
    0.37000028741921864,
    0.37,
    0.37,
    0.37,
    0.37,
    0.37,
    0.37,
    0.370000018900007,
    0.36,
    0.37,
    0.3698274658053058,
    0.34,
    0.34,
    0.331174,
    0.33,
    0.3242,
    0.3000000018666667,
    0.3197256853370595,
    0.3197256853379846,
    0.3000712085170346,
    0.3000712272656302,
    0.3,
    0.29,
    0.29,
    0.3,
    0.29,
    0.3,
    0.3,
    0.3100520450062997,
    0.31005203785433455,
    0.31005203800022196,
    0.3299845976063615,
    0.32998459680683917,
    0.3101054979125523,
    0.32987405429821215,
    0.31988348962773516,
    0.31,
    0.329874055320788,
    0.3298740540996143,
    0.3100373865871307,
    0.3100374470548039,
    0.3100109660484044,
    0.32971367931177914,
    0.3101175207984133,
    0.32971367956142844,
    0.3101175199796681,
    0.3100089671532022,
    0.3100089578840861,
    0.29000001846000134,
    0.30006056235308726,
    0.3000605745389091,
    0.3000605780696983,
    0.29000005680010904,
    0.33,
    0.32,
    0.33,
    0.33,
    0.33,
    0.33,
    0.33,
    0.33,
    0.35978163450389855,
    0.3597816346643641,
    0.35978163475206837,
    0.35991430253716206,
    0.33,
    0.34007637522883366,
    0.34007647307631494,
    0.34007088624620774,
    0.3599863945578231,
    0.3400709031097295,
    0.35982653351113625,
    0.35982653334339154,
    0.3598265336939723,
    0.34993861601357446,
    0.34993861603236565,
    0.34,
    0.3499386160497142,
    0.36421086469880587,
    0.3698559670781893,
    0.35991116743169876,
    0.3498756772330069,
    0.3498756773329768,
    0.34987567739238107,
    0.34009787446147904,
    0.3599111674643457,
    0.3698559666308811,
    0.34012809651512765,
    0.35002953273788107,
    0.35002949882774226,
    0.3699020715630885,
    0.3699322449810514,
    0.3699322439300049,
    0.34007947109220366,
    0.3696587782058338,
    0.33000013007018214,
    0.33,
    0.33,
    0.33,
    0.33,
    0.33,
    0.33,
    0.33,
    0.33,
    0.36004303518136255,
    0.3600430515907748,
    0.3600429809324355,
    0.3600430069482711,
    0.36000414581658813,
    0.3601825116552245,
    0.36018251409084856,
    0.36018251517225097,
    0.35982417511438886,
    0.35982417539002803,
    0.3598241752782407,
    0.3601761358908879,
    0.36017608482037494,
    0.360176073249742,
    0.36,
    0.35996857140942634,
    0.36003698965137515,
    0.3600369782567082,
    0.3600369711765474,
    0.3600731508753262,
    0.35992387332521314,
    0.3663220845078843,
    0.3500401638133215,
    0.3500401735142503,
    0.3498224263825489,
    0.34982242595204516,
    0.3498224266410893,
    0.34989240877882805,
    0.34989240884638373,
    0.34992318612648504,
    0.3499231862209746,
    0.3499231863296215,
    0.33999441652707985,
    0.34990701854050305,
    0.34,
    0.3497669826224329,
    0.3400888984796779,
    0.34008887291901396,
    0.3400888681806968,
    0.3498055815651186,
    0.349991654142671,
    0.34005426045375914,
    0.3499916541478885,
    0.3400323933549289,
    0.3400323683569424,
    0.35997462998493845,
    0.34003238177407497,
    0.3500571997221925,
    0.35997462998039775,
    0.3600811334009445,
    0.360081320947055,
    0.36008111807622184,
    0.3598986680371811,
    0.3598986679588543,
    0.3500521534183599,
    0.3500443164104264,
    0.3500443323968337,
    0.35004428739128096,
    0.35006304800445737,
    0.350063051616786,
    0.35006304697351087,
    0.35,
    0.34999631093544137,
    0.35010360778349114,
    0.35978915580289733,
    0.3501035594928977,
    0.3500763168036026,
    0.35980132431698814,
    0.3598013241216071,
    0.3598486075872689,
    0.3598486076506192,
    0.3400705765587258,
    0.34002501314882166,
    0.34002501439216437,
    0.340025012059151,
    0.3400531038884604,
    0.33999995749999545,
    0.3299809402036232,
    0.32998093988756066,
    0.3299809393303925,
    0.30003762910626663,
    0.30003778710205714,
    0.32984582653777467,
    0.3000376176802509,
    0.2900950222531041,
    0.29009502716157687,
    0.2900950443833415,
    0.3499420210901092,
    0.33980513302689946,
    0.28,
    0.3499279883936306,
    0.3599608033722939,
    0.28,
    0.30003841480983445,
    0.32988934065780423,
    0.29,
    0.2900863792121531,
    0.29008638535838666,
    0.2900066994070019,
    0.30005633496903267,
    0.3298679309177108,
    0.2900067164603929,
    0.290008690724636,
    0.29000870561853065,
    0.29000869367612014,
    0.29,
    0.2900544842680974,
    0.28,
    0.28,
    0.29,
    0.31007595243781055,
    0.3100759536762742,
    0.31016476518043745,
    0.31016474866557064,
    0.35991204577940095,
    0.35991204576876895,
    0.3000436143495377,
    0.34993270524899056,
    0.34993270524899056,
    0.34993270378606084,
    0.3000256968562231,
    0.35991204549631856,
    0.34992994097601926,
    0.3000224506323969,
    0.3100870681581589,
    0.37,
    0.36,
    0.35,
    0.27,
    0.27,
    0.27,
    0.34357936069697526,
    0.2899999640399973,
    0.34,
    0.3400000046200002,
    0.34,
    0.34,
    0.34,
    0.34,
    0.34990530153057525,
    0.34008777941333507,
    0.34008778404477014,
    0.34008776493772863,
    0.34990530286645266,
    0.3499053029485944,
    0.33998979938796325,
    0.330000047307494,
    0.33,
    0.33,
    0.33,
    0.33,
    0.33,
    0.33,
    0.3496170210521081,
    0.3401190041040168,
    0.34961702075065504,
    0.3399166109865072,
    0.3399166109472124,
    0.3399166093449372,
    0.329868086946015,
    0.3298680852659578,
    0.3298680868030633,
    0.32002689548272295,
    0.3200268902066236,
    0.3000180962644262,
    0.3,
    0.29,
    0.29,
    0.29,
    0.29,
    0.29,
    0.3,
    0.3,
    0.3100100606234816,
    0.31001009017220504,
    0.32004660673436675,
    0.35987179473777925,
    0.3498036756922938,
    0.3100100653353943,
    0.3598717945820612,
    0.3598717947369362,
    0.3,
    0.36,
    0.3488146901484643,
    0.27,
    0.27,
    0.26,
    0.27,
    0.27,
    0.27,
    0.2900473735585692,
    0.3300204160490594,
    0.3200915654993865,
    0.32009160604670844,
    0.32976620157496145,
    0.3200916094301527,
    0.32976620082538294,
    0.3200915618428089,
    0.32983029138648734,
    0.3100133733422489,
    0.32987923827217835,
    0.2900472491909385,
    0.29004726404010706,
    0.28004558501955784,
    0.3199691926922102,
    0.32979903310233805,
    0.29001080322929135,
    0.3199691928178634,
    0.2900108038380898,
    0.3199691927490798,
    0.29001080802418167,
    0.329799034926164,
    0.3297990350247276,
    0.2800456018340658,
    0.27,
    0.27,
    0.27,
    0.27,
    0.27000001128318596,
    0.29011404984674843,
    0.3000760595361037,
    0.3000760405955393,
    0.3300303592306697,
    0.3297996464348851,
    0.2901139544571493,
    0.29011394364027715,
    0.2901139440602437,
    0.28002063329799953,
    0.3298598510799669,
    0.29000886815655663,
    0.299897119235486,
    0.29003332216717503,
    0.30003185818729966,
    0.3096768504779743,
    0.30003185820942035,
    0.3198147473560517,
    0.3197956689551209,
    0.30003205141902317,
    0.31015620946857775,
    0.3197956690755171,
    0.3101560780399258,
    0.32992397127191775,
    0.31015606832339543,
    0.31998040496407576,
    0.3299239710571722,
    0.3199668867598802,
    0.2900333440995702,
    0.3199668873768685,
    0.31996688726229827,
    0.3099465809274884,
    0.27,
    0.27,
    0.27,
    0.32014111807733775,
    0.340022817320636,
    0.3400228151963225,
    0.33985490753911807,
    0.33,
    0.33,
    0.3201411952550959,
    0.3301529060368983,
    0.32014114487625683,
    0.3301650997244698,
    0.33980082393632116,
    0.3299147595996393,
    0.339800823887004,
    0.33980082356802277,
    0.32988305833232334,
    0.3200324191671534,
    0.32003240846680203,
    0.3297412976199135,
    0.29009431198084895,
    0.28003688188458736,
    0.28003690336189135,
    0.3198732807542077,
    0.3199462097808059,
    0.3098099459697014,
    0.3098099459796279,
    0.3198334400262903,
    0.3297412980825274,
    0.31984548276493807,
    0.30956326190976674,
    0.3198454824392265,
    0.3095632615581441,
    0.30956326094380987,
    0.2999207606973059,
    0.27000005067967286,
    0.2700248756172907,
    0.31984548322534684,
    0.27002487722207863,
    0.26,
    0.26961349184191813,
    0.26961349234364407,
    0.270127257715219,
    0.27,
    0.27,
    0.26000000157179287,
    0.27,
    0.27,
    0.27,
    0.27,
    0.27000071972773726,
    0.270000032120005,
    0.27000018980014046,
    0.27,
    0.26,
    0.26,
    0.26,
    0.26,
    0.26,
    0.26,
    0.32997815458500035,
    0.30974558883873615,
    0.26,
    0.30976094121801523,
    0.27007737366213563,
    0.2700773377338601,
    0.2700773357110077,
    0.3199049880120126,
    0.3199049878153468,
    0.3299781545094137,
    0.3298242938351013,
    0.2700297216502668,
    0.2700930820460924,
    0.28006737563851397,
    0.28006739515045925,
    0.29005969438400697,
    0.3101274357335844,
    0.3298242953498478,
    0.3101274628071818,
    0.31012744998067204,
    0.3298242954245959,
    0.29005970408326565,
    0.2700342683081609,
    0.27003418286476316,
    0.27003418260194395,
    0.23,
    0.24,
    0.23000000931451678,
    0.27,
    0.26,
    0.24,
    0.31,
    0.27010936364979327,
    0.24000000615365302,
    0.27010935858178875,
    0.27009930885785677,
    0.25006306841338977,
    0.24,
    0.2799047618046761,
    0.27985480943738655,
    0.24,
    0.25003775366451225,
    0.24,
    0.250053773091646,
    0.2899128158431734,
    0.2500538105489494,
    0.24973593570608496,
    0.2695937318630296,
    0.28984921510580264,
    0.27008914946809637,
    0.26,
    0.25,
    0.25,
    0.25008311574045794,
    0.2500831103956891,
    0.2500989068399598,
    0.24007967032486333,
    0.25006643705146786,
    0.25006643482882424,
    0.25006653870039536,
    0.2400796667016082,
    0.2500335432823348,
    0.25003352564962195,
    0.26001170392179096,
    0.27002061335871613,
    0.27997477931904163,
    0.2500335890188755,
    0.29976495704463557,
    0.24680428134556576,
    0.24,
    0.24,
    0.2400790154487803,
    0.23000005216130362,
    0.23000005034618928,
    0.2300000910001547,
    0.2300000192500316,
    0.2300000363611397,
    0.2300000265517507,
    0.2300000910001547,
    0.23,
    0.23,
    0.2300000855556411,
    0.23,
    0.25002088787779725,
    0.2500208850260589,
    0.2500209544090151,
    0.26000003984618236,
    0.2600000286451694,
    0.26000001741177453,
    0.2600000255172669,
    0.26000001741177453,
    0.24008010828867482,
    0.24008010828867482,
    0.24008012251718092,
    0.24008007876156556,
    0.2400801868188737,
    0.2300000535653068,
    0.23000001050001417,
    0.2300000535653068,
    0.23000008181254245,
    0.2300000317058997,
    0.2300000405263563,
    0.23000004491668277,
    0.23000004766673182,
    0.2300000855556411,
    0.23,
    0.24,
    0.23000000638686655,
    0.23,
    0.23000004491668277,
    0.23000009753358105,
    0.23000001232000472,
    0.23000005216130362,
    0.23000001232000472,
    0.23,
    0.24,
    0.24000001125926743,
    0.23000000880000493,
    0.2300000317058997,
    0.23000001050001417,
    0.2300000145675791,
    0.23,
    0.23000005216130362,
    0.2300000405263563,
    0.2300000265517507,
    0.230000055000055,
    0.23,
    0.2300000441134952,
    0.24,
    0.23000004491668277,
    0.23000008181254245,
    0.2300000535653068,
    0.23000005216130362,
    0.23000005216130362,
    0.23000001232000472,
    0.2300000265517507,
    0.2300000535653068,
    0.23000004491668277,
    0.2400000715294471,
    0.24000003377778567,
    0.24,
    0.24,
    0.24000041804272396,
    0.24000003144829624,
    0.24,
    0.24000014722987,
    0.27,
    0.27000004126092103,
    0.27,
    0.2700000912500342,
    0.2600000246666761,
    0.26000001138461815,
    0.26000005638102863,
    0.2600000046250014,
    0.26000005791306413,
    0.2600000370000598,
    0.26000005426668077,
    0.2600000822223044,
    0.2600000035238112,
    0.26000003984618236,
    0.2600000311579016,
    0.29,
    0.2900000366451712,
    0.2900001597503634,
    0.29000006131823225,
    0.29000006365518866,
    0.28000004114286653,
    0.28000005142862283,
    0.28,
    0.28000003918724353,
    0.29,
    0.2900001183333925,
    0.29000008621446,
    0.2900001201541031,
    0.29000006131823225,
    0.26,
    0.27,
    0.27,
    0.27,
    0.27,
    0.2998076922420569,
    0.26,
    0.27002354466014017,
    0.2901151140219487,
    0.2901151001805192,
    0.2901151389941063,
    0.31996439155983203,
    0.3199643911589703,
    0.31243463723392634,
    0.2700235766588078,
    0.30001094829001934,
    0.30001096650704306,
    0.3099226752082634,
    0.30001096035758396,
    0.3099226790298844,
    0.30001096650704306,
    0.3099226834447391,
    0.30992265735696145,
    0.30992265735696145,
    0.3000109771055759,
    0.30001093497268494,
    0.30001095565757324,
    0.29,
    0.30008271429815253,
    0.2700040048025618,
    0.27006529272367635,
    0.28004680058269266,
    0.33999988666661,
    0.33999993703702536,
    0.3399999687567512,
    0.3399999467825939,
    0.3399999467825939,
    0.3299145287958115,
    0.3199568757523267,
    0.3199568228788829,
    0.31995679667025373,
    0.30992233179160483,
    0.3099223284746584,
    0.3098560407806253,
    0.27006614855859495,
    0.27006615443238907,
    0.27006614706264187,
    0.27003108405023596,
    0.2700310834192228,
    0.27007846906337735,
    0.2800883319413277,
    0.3299145292210591,
    0.2800883327199117,
    0.29005357447969926,
    0.3000324724346515,
    0.32991452811514216,
    0.3000325221958456,
    0.290053566750455,
    0.33999991036361926,
    0.339999957257136,
    0.33999993703702536,
    0.33999995310343856,
    0.3399999687567512,
    0.3399999553749919,
    0.3399999467825939,
    0.32999995462499204,
    0.29549569295568795,
    0.25999990968419434,
    0.2701012921771234,
    0.2701012267460956,
    0.26,
    0.26,
    0.26,
    0.27011639108312685,
    0.3097914594396978,
    0.3199305549921712,
    0.3297717163158807,
    0.31999555555555553,
    0.27003291921847467,
    0.3297717180670044,
    0.2700329190133704,
    0.2700329553682314,
    0.3399998997894505,
    0.34,
    0.3399999467825939,
    0.3399999421999809,
    0.30978461570234334,
    0.33999991036361926,
    0.31630877673962193,
    0.3097846298730115,
    0.3097846221435557,
    0.3236571929469674,
    0.31966686636412656,
    0.27,
    0.27,
    0.27,
    0.27,
    0.27,
    0.26,
    0.33,
    0.26,
    0.2595412166385157,
    0.259995445252057,
    0.32988518925827903,
    0.3298851887426556,
    0.29,
    0.2801102058338274,
    0.29,
    0.32980573736604646,
    0.3198603433226651,
    0.3298057380033454,
    0.31976790099408525,
    0.29,
    0.3197679007873688,
    0.3298057377136023,
    0.32981279248127554,
    0.329812791682373,
    0.3299728259814673,
    0.3299606297662589,
    0.28007243465199294,
    0.28007245404329295,
    0.3298626478443342,
    0.33999991036361926,
    0.34,
    0.3350260747028543,
    0.339999885249967,
    0.32999995176921926,
    0.32999993989284665,
    0.329999966153841,
    0.3299999086153396,
    0.3297938200535111,
    0.3299999497825945,
    0.27,
    0.3199683908045977,
    0.2800249892607469,
    0.28002506875969946,
    0.28002497828211614,
    0.2900511717255191,
    0.29005119446184907,
    0.29005117026484967,
    0.28012370576138174,
    0.3199354442053489,
    0.3196396390985572,
    0.25980875306559736,
    0.2598087539098682,
    0.26,
    0.28,
    0.26,
    0.26,
    0.2898193698118239,
    0.26000402341992446,
    0.2600040251276508,
    0.2697400607579373,
    0.26974006091327574,
    0.2600041215088087,
    0.2797563556834618,
    0.27,
    0.2797563556509635,
    0.30987745029653124,
    0.26,
    0.32992662144946255,
    0.3196702063585891,
    0.3299266207230101,
    0.3299266215633358,
    0.32976130653266333,
    0.23,
    0.5,
    0.5,
    0.51,
    0.51,
    0.03,
    0.02,
    0.03
]
