[
    0.001,
    0.001,
    0.001,
    0.001,
    0.001,
    0.001,
    0.001,
    0.001,
    0.001,
    0.001,
    0.001,
    0.002,
    0.002,
    0.002,
    0.002,
    0.003,
    0.003,
    0.003,
    0.003,
    0.003,
    0.01,
    0.0030000000084606424,
    0.003,
    0.009865225,
    0.003,
    0.003,
    0.0030000000047013175,
    0.01,
    0.01,
    0.01,
    0.01,
    0.014999985374999634,
    0.01,
    0.015,
    0.013,
    0.013,
    0.009,
    0.009,
    0.009,
    0.009,
    0.00818181823016529,
    0.009000000090000002,
    0.009000000090000002,
    0.003,
    0.0090000000252,
    0.009,
    0.009,
    0.002,
    0.009,
    0.009,
    0.005,
    0.01,
    0.005,
    0.005,
    0.01,
    0.015,
    0.009,
    0.009,
    0.00996031809271861,
    0.009,
    0.01,
    0.01,
    0.01,
    0.01,
    0.01,
    0.01,
    0.01,
    0.01,
    0.01,
    0.01,
    0.011,
    0.01,
    0.01,
    0.011,
    0.01,
    0.01,
    0.01,
    0.01,
    0.01,
    0.01,
    0.01,
    0.01,
    0.01,
    0.01,
    0.01,
    0.02,
    0.02,
    0.02,
    0.02,
    0.02,
    0.02,
    0.02,
    0.02,
    0.02,
    0.02,
    0.02,
    0.02,
    0.02,
    0.03,
    0.02,
    0.03000000024494955,
    0.04,
    0.04,
    0.04,
    0.06999996884999829,
    0.04,
    0.06,
    0.05,
    0.06,
    0.05,
    0.06,
    0.06,
    0.05999998895999983,
    0.030000001940002324,
    0.05,
    0.05,
    0.05,
    0.03,
    0.03,
    0.03,
    0.03,
    0.03,
    0.03,
    0.03,
    0.030000000212532928,
    0.03,
    0.04,
    0.060000003760011265,
    0.07,
    0.07,
    0.07,
    0.06,
    0.06,
    0.060000037600487305,
    0.1,
    0.1,
    0.1,
    0.12999989859997768,
    0.11,
    0.11,
    0.1100000890004361,
    0.15,
    0.11000000017566945,
    0.11,
    0.11,
    0.1100000890004361,
    0.14555,
    0.15,
    0.12,
    0.11,
    0.12,
    0.14,
    0.13,
    0.15,
    0.12,
    0.18,
    0.18,
    0.18,
    0.18,
    0.18,
    0.18,
    0.18,
    0.18,
    0.18,
    0.18,
    0.18,
    0.18,
    0.18,
    0.18,
    0.18,
    0.18,
    0.18,
    0.18,
    0.18,
    0.18,
    0.18,
    0.1800000065600016,
    0.18,
    0.18,
    0.18,
    0.18,
    0.18,
    0.18,
    0.18,
    0.18,
    0.1800000060421065,
    0.18,
    0.18,
    0.18,
    0.18,
    0.18,
    0.18,
    0.18999987839995622,
    0.18,
    0.18,
    0.18,
    0.18,
    0.18,
    0.18,
    0.18,
    0.18,
    0.18,
    0.18,
    0.18,
    0.19,
    0.18,
    0.18,
    0.18,
    0.18,
    0.18,
    0.18,
    0.18,
    0.18,
    0.18,
    0.18,
    0.18,
    0.18,
    0.18,
    0.18,
    0.19,
    0.18,
    0.18,
    0.18,
    0.18,
    0.18,
    0.18,
    0.18,
    0.18,
    0.18,
    0.18,
    0.18000001640001606,
    0.18,
    0.18,
    0.18,
    0.18,
    0.18,
    0.18,
    0.18000000164000013,
    0.18,
    0.18,
    0.18,
    0.18000001640001606,
    0.18,
    0.18,
    0.18,
    0.18,
    0.18,
    0.17,
    0.17,
    0.17,
    0.18999997263999846,
    0.17,
    0.17,
    0.17,
    0.17,
    0.17,
    0.1700000033200013,
    0.160000000336,
    0.16,
    0.18999997263999846,
    0.16000000067200004,
    0.16000000100800002,
    0.16,
    0.16,
    0.16,
    0.18,
    0.15,
    0.15,
    0.2,
    0.15000000034,
    0.18,
    0.18000001640001606,
    0.18,
    0.19,
    0.19,
    0.19,
    0.190000000729,
    0.19,
    0.19000002430009647,
    0.19,
    0.2,
    0.19,
    0.19,
    0.19,
    0.19,
    0.19,
    0.2,
    0.2,
    0.19,
    0.19,
    0.2,
    0.21,
    0.21,
    0.23,
    0.22,
    0.23,
    0.23,
    0.22,
    0.23,
    0.24,
    0.24,
    0.24,
    0.24,
    0.24,
    0.25,
    0.24000003040001094,
    0.24,
    0.24,
    0.24,
    0.24,
    0.24,
    0.24,
    0.24,
    0.24,
    0.24,
    0.24,
    0.24,
    0.24,
    0.24,
    0.24,
    0.24,
    0.24,
    0.24,
    0.24,
    0.24,
    0.24,
    0.24,
    0.24,
    0.24000002368832327,
    0.24,
    0.23,
    0.23,
    0.23,
    0.23,
    0.23,
    0.23,
    0.22,
    0.22,
    0.21,
    0.21999991639998998,
    0.21,
    0.21,
    0.21,
    0.21000000021725002,
    0.21,
    0.21000001975000446,
    0.21,
    0.21,
    0.21,
    0.21,
    0.21,
    0.21,
    0.21,
    0.2100000027008548,
    0.22,
    0.22,
    0.22,
    0.22,
    0.22,
    0.22,
    0.22,
    0.23,
    0.23,
    0.23,
    0.23,
    0.23,
    0.24,
    0.24,
    0.24,
    0.24,
    0.24,
    0.24,
    0.24,
    0.24000000152000003,
    0.24000000618640663,
    0.24,
    0.24,
    0.23,
    0.23,
    0.25,
    0.23000000205333343,
    0.25,
    0.25,
    0.25,
    0.23,
    0.25,
    0.25,
    0.23,
    0.24,
    0.24,
    0.24,
    0.24,
    0.24,
    0.24,
    0.26000001973334336,
    0.25,
    0.26,
    0.26000001973334336,
    0.25,
    0.25,
    0.27,
    0.26,
    0.29,
    0.2700003650034675,
    0.27,
    0.27,
    0.27,
    0.29,
    0.2700000000257101,
    0.28,
    0.29,
    0.29,
    0.29,
    0.29,
    0.29,
    0.29,
    0.29,
    0.29,
    0.30999996217999704,
    0.29,
    0.29,
    0.29,
    0.29000000095850004,
    0.29,
    0.3083373948724398,
    0.29,
    0.29,
    0.3,
    0.3,
    0.3,
    0.3000000394366397,
    0.3,
    0.29,
    0.29,
    0.3,
    0.3,
    0.3,
    0.29,
    0.3,
    0.3,
    0.3,
    0.3,
    0.3,
    0.3,
    0.31,
    0.31,
    0.31,
    0.31,
    0.31,
    0.32,
    0.32,
    0.32,
    0.31,
    0.31,
    0.3,
    0.31,
    0.32,
    0.32,
    0.33,
    0.35999987039991704,
    0.339999829999915,
    0.33000001576471477,
    0.32,
    0.3200001088000914,
    0.32,
    0.3200001088000914,
    0.32,
    0.3200001088000914,
    0.32,
    0.32,
    0.32,
    0.32,
    0.34,
    0.33,
    0.33,
    0.34,
    0.34,
    0.34,
    0.32,
    0.33999744291564893,
    0.32,
    0.32,
    0.33,
    0.33,
    0.34,
    0.34,
    0.3400000591045076,
    0.33,
    0.34,
    0.35,
    0.34,
    0.35,
    0.34,
    0.3400000023764753,
    0.33,
    0.33,
    0.33,
    0.33,
    0.33,
    0.33,
    0.33,
    0.33,
    0.33,
    0.3300000040606064,
    0.34,
    0.34,
    0.34,
    0.34,
    0.34,
    0.34,
    0.34,
    0.3400000158400012,
    0.34,
    0.34,
    0.35,
    0.35,
    0.35,
    0.35,
    0.35,
    0.35,
    0.35,
    0.3400000591045076,
    0.33,
    0.33,
    0.34,
    0.34,
    0.34,
    0.34,
    0.34,
    0.34,
    0.34,
    0.34,
    0.34,
    0.33,
    0.3393892756809576,
    0.33,
    0.33,
    0.34,
    0.33,
    0.3300000804000707,
    0.3499998774999204,
    0.35,
    0.3200001088000914,
    0.32,
    0.32,
    0.31,
    0.31,
    0.32,
    0.32,
    0.32,
    0.32,
    0.32,
    0.3,
    0.31,
    0.3,
    0.31,
    0.31,
    0.31,
    0.31,
    0.31,
    0.31,
    0.31,
    0.32,
    0.3499999991025641,
    0.299999969999997,
    0.3,
    0.3,
    0.32,
    0.3,
    0.32,
    0.3,
    0.2900000063582092,
    0.33,
    0.3300000065686277,
    0.32,
    0.32,
    0.32,
    0.27999997199999815,
    0.2800000011047181,
    0.29,
    0.32083328955662027,
    0.299999969999997,
    0.3,
    0.3,
    0.3,
    0.3,
    0.3,
    0.29,
    0.33,
    0.3399999632799966,
    0.34,
    0.31000000103500003,
    0.3399999632799966,
    0.34,
    0.34,
    0.33,
    0.34,
    0.35,
    0.34,
    0.32,
    0.32,
    0.32,
    0.31,
    0.2978082298742875,
    0.26,
    0.26,
    0.26,
    0.26,
    0.26,
    0.26,
    0.26,
    0.26,
    0.25,
    0.25,
    0.2899999857071425,
    0.2899999857071425,
    0.2899999857071425,
    0.29,
    0.26,
    0.26,
    0.26,
    0.26,
    0.26,
    0.3,
    0.3,
    0.29,
    0.3,
    0.31,
    0.3,
    0.3,
    0.31,
    0.29,
    0.3,
    0.3,
    0.32,
    0.34,
    0.3100000041818188,
    0.34,
    0.34,
    0.33,
    0.36,
    0.38,
    0.38,
    0.38,
    0.39,
    0.39,
    0.39,
    0.3900000208588103,
    0.4099999835999974,
    0.3900000244000039,
    0.39,
    0.4,
    0.4,
    0.4,
    0.42,
    0.42,
    0.43999980639989156,
    0.43,
    0.43,
    0.43999980639989156,
    0.4399999894399992,
    0.4300001767002986,
    0.44,
    0.44,
    0.44,
    0.44,
    0.45,
    0.44,
    0.45,
    0.45,
    0.45,
    0.48999998039999687,
    0.46,
    0.46,
    0.46,
    0.47,
    0.47,
    0.48,
    0.48,
    0.48,
    0.47,
    0.47,
    0.48,
    0.48,
    0.5099999785799988,
    0.5069582492875747,
    0.46,
    0.48,
    0.47,
    0.48,
    0.5,
    0.48,
    0.49,
    0.48,
    0.5,
    0.5,
    0.5,
    0.49,
    0.5,
    0.5,
    0.5,
    0.5360828044206043,
    0.5,
    0.5,
    0.5,
    0.5,
    0.5422217292126889,
    0.5,
    0.5,
    0.5304518654667845,
    0.51,
    0.5,
    0.5,
    0.49,
    0.48,
    0.48,
    0.4799999827199989,
    0.44,
    0.44,
    0.410000000944,
    0.43999980639989156,
    0.44130434782608696,
    0.4399999295999761,
    0.4199999831999973,
    0.4199999831999973,
    0.42,
    0.42,
    0.43,
    0.43,
    0.44,
    0.44,
    0.44,
    0.44,
    0.45,
    0.45,
    0.44,
    0.47999998079999695,
    0.45,
    0.43,
    0.44,
    0.43,
    0.45,
    0.44,
    0.46,
    0.46,
    0.48,
    0.48,
    0.4784607491021036,
    0.47,
    0.47,
    0.46,
    0.46,
    0.44,
    0.44,
    0.42000000208800004,
    0.42,
    0.43999996479999576,
    0.43,
    0.43999996479999576,
    0.42,
    0.42000009860008186,
    0.42000000328666676,
    0.42,
    0.43,
    0.4499999992125,
    0.43,
    0.43,
    0.44,
    0.44,
    0.44,
    0.44,
    0.43,
    0.44,
    0.43,
    0.4399999993657658,
    0.4200001740002958,
    0.42000001082666794,
    0.42,
    0.5,
    0.43,
    0.42,
    0.48,
    0.43000009405007855,
    0.43,
    0.43,
    0.44,
    0.45,
    0.43,
    0.44,
    0.44,
    0.44,
    0.45,
    0.45,
    0.45,
    0.4500000025852182,
    0.45,
    0.47,
    0.52,
    0.5115346534653465,
    0.46,
    0.48,
    0.48,
    0.5,
    0.51,
    0.54,
    0.54,
    0.54,
    0.54,
    0.56,
    0.56,
    0.5699998232997013,
    0.5799994895994284,
    0.56,
    0.57,
    0.57,
    0.58,
    0.57,
    0.5700000028666667,
    0.59,
    0.57,
    0.57,
    0.58,
    0.5700000068800006,
    0.57,
    0.58,
    0.58,
    0.57,
    0.57,
    0.56,
    0.5699999939199997,
    0.569999999696,
    0.56,
    0.56,
    0.56,
    0.56,
    0.56,
    0.57,
    0.57,
    0.57,
    0.5699998232997013,
    0.5699999631692219,
    0.56,
    0.56,
    0.55,
    0.56,
    0.55,
    0.5500002025001114,
    0.5500000450000045,
    0.55,
    0.5500000092719785,
    0.5599999919359998,
    0.5500002025001114,
    0.55,
    0.5599999994830505,
    0.559999843199887,
    0.56,
    0.56,
    0.55,
    0.550000184426305,
    0.5500000045000001,
    0.56,
    0.55,
    0.54,
    0.54,
    0.54,
    0.5499999807499988,
    0.559350593960412,
    0.54,
    0.5499999970384615,
    0.5499999559999947,
    0.54,
    0.5400000023599789,
    0.5499999955999999,
    0.5400000049088921,
    0.54,
    0.5499999963333333,
    0.5499999939843748,
    0.5499999559999947,
    0.5499999997317073,
    0.5499999633333236,
    0.5400000030109091,
    0.5499999976428571,
    0.5400000023,
    0.5499999955999999,
    0.5400001150000288,
    0.55,
    0.5499999807499988,
    0.55,
    0.5499999923611109,
    0.5499999559999947,
    0.55,
    0.540000031262149,
    0.549999984722221,
    0.55,
    0.5400000110230417,
    0.5400000293227132,
    0.5400000404800045,
    0.54,
    0.5400000664197488,
    0.5499999931249997,
    0.5499999870588224,
    0.54,
    0.55,
    0.5400000736000128,
    0.55,
    0.5400002392001149,
    0.5499999936046505,
    0.5400000224967842,
    0.5400000089853503,
    0.54,
    0.54000002327711,
    0.5499999981151472,
    0.5499999931677011,
    0.54,
    0.5399999884009535,
    0.5399999974349999,
    0.5399999900176053,
    0.5300000084600007,
    0.5300000031333334,
    0.54,
    0.5399999985599999,
    0.53,
    0.5300000084600007,
    0.54,
    0.5399999654399953,
    0.5300000141723081,
    0.5399999842231059,
    0.53,
    0.54,
    0.54,
    0.54,
    0.53,
    0.53,
    0.5399999654399953,
    0.5399999998236159,
    0.5300000146875014,
    0.53,
    0.5300000119969985,
    0.5300000272903254,
    0.5399999804651144,
    0.5300000002525648,
    0.5399999981721469,
    0.542970386362904,
    0.5399999274857034,
    0.5300000059493674,
    0.5300001222000904,
    0.53,
    0.53,
    0.53,
    0.53,
    0.53,
    0.5300000002034759,
    0.5399999996828194,
    0.5399999632414817,
    0.5399999873929954,
    0.54,
    0.5300000110889227,
    0.53,
    0.53,
    0.5300000286722505,
    0.5399999928524153,
    0.5300000033040424,
    0.53,
    0.53,
    0.5300000349142882,
    0.5399999918305592,
    0.54,
    0.53,
    0.53,
    0.539999999786462,
    0.5399999713527791,
    0.5399999285293686,
    0.54,
    0.539999971199992,
    0.5399997974998951,
    0.5399999687195093,
    0.54,
    0.54,
    0.5399999902799992,
    0.5399999836363619,
    0.5399999902799992,
    0.5399999954021958,
    0.539999971199992,
    0.539999998488,
    0.5399999982954545,
    0.53,
    0.53,
    0.5399999881199997,
    0.5399999981538461,
    0.54,
    0.54,
    0.54,
    0.54,
    0.54,
    0.54,
    0.54,
    0.54,
    0.54,
    0.54,
    0.54,
    0.54,
    0.54,
    0.54,
    0.5499999807499988,
    0.55,
    0.5499999877414555,
    0.55,
    0.55,
    0.5499999559999947,
    0.5499999963333333,
    0.55,
    0.5499999455445059,
    0.55,
    0.55,
    0.5499999559999947,
    0.55,
    0.54,
    0.5575164951656827,
    0.5399999654399953,
    0.5399999654399953,
    0.539999998056,
    0.54,
    0.54,
    0.54,
    0.5399999654399953,
    0.54,
    0.53,
    0.54,
    0.53,
    0.5399999654399953,
    0.5399999139822765,
    0.53,
    0.530000203962368,
    0.54,
    0.54,
    0.53,
    0.52,
    0.53,
    0.53,
    0.53,
    0.53,
    0.53,
    0.53,
    0.53,
    0.53,
    0.53,
    0.53,
    0.52,
    0.5200000023671233,
    0.52999999768125,
    0.5299999899299992,
    0.5299999650199954,
    0.5299998341220626,
    0.52,
    0.52,
    0.53,
    0.53,
    0.52,
    0.5299997829522631,
    0.52,
    0.53,
    0.53,
    0.52,
    0.53,
    0.52,
    0.5200001728001106,
    0.52,
    0.53,
    0.52,
    0.5299999995046518,
    0.53,
    0.52,
    0.52,
    0.52,
    0.53,
    0.53,
    0.53,
    0.53,
    0.53,
    0.53,
    0.52,
    0.530133128800813,
    0.539999998056,
    0.54,
    0.52,
    0.52,
    0.5399999767058787,
    0.5399999846999992,
    0.539999971199992,
    0.5399999935199998,
    0.52,
    0.52,
    0.53,
    0.520000027975295,
    0.5300000250666695,
    0.53,
    0.52,
    0.5299999650199954,
    0.52,
    0.52,
    0.5301542008810626,
    0.5301541930880593,
    0.52,
    0.52,
    0.53,
    0.52,
    0.53,
    0.52,
    0.53,
    0.52,
    0.52,
    0.53,
    0.52,
    0.52,
    0.52,
    0.53,
    0.53,
    0.52,
    0.5299999945674999,
    0.5299999746777762,
    0.5200000120000012,
    0.5299999650199954,
    0.5299998780999061,
    0.52,
    0.52,
    0.5200000881632941,
    0.52,
    0.53,
    0.53,
    0.5299999747880028,
    0.5299999751914879,
    0.5299998780999061,
    0.53,
    0.53,
    0.5299999901851763,
    0.5299998780999061,
    0.5299999992368,
    0.5299999722270696,
    0.5100000074827252,
    0.51,
    0.5317458886411104,
    0.5311077802719418,
    0.5299998780999061,
    0.5299999883399997,
    0.51,
    0.51,
    0.5299999666027326,
    0.51,
    0.5265199981935397,
    0.5100000050884617,
    0.5199999839588674,
    0.5100000186200011,
    0.5199999986133332,
    0.5199999812799988,
    0.52,
    0.5199999812799988,
    0.5100001507693004,
    0.51,
    0.5199999861333291,
    0.5199999939635156,
    0.510000003433296,
    0.52,
    0.5100000239491703,
    0.51,
    0.51,
    0.52,
    0.52,
    0.51,
    0.51,
    0.5199999997088466,
    0.5199999944778759,
    0.5100001042081698,
    0.52,
    0.52,
    0.52,
    0.52,
    0.52,
    0.52,
    0.52,
    0.52,
    0.52,
    0.52,
    0.53,
    0.520000000752639,
    0.52,
    0.53,
    0.53,
    0.52,
    0.52,
    0.52,
    0.5299999151999797,
    0.5299999936399998,
    0.5200001630189663,
    0.52,
    0.52,
    0.53,
    0.5299999571323406,
    0.52,
    0.52,
    0.52,
    0.52,
    0.5299999899299992,
    0.52,
    0.52,
    0.52,
    0.52,
    0.5299999901851763,
    0.5299999883399997,
    0.52,
    0.52,
    0.53,
    0.53,
    0.53,
    0.52,
    0.52,
    0.5299999712285689,
    0.52,
    0.5200001728001106,
    0.52,
    0.52,
    0.53,
    0.53,
    0.53,
    0.53,
    0.53,
    0.53,
    0.53,
    0.53,
    0.54,
    0.54,
    0.53,
    0.53,
    0.5399999690586605,
    0.5300000117500009,
    0.5399999902799992,
    0.5399999997517242,
    0.54,
    0.54,
    0.53,
    0.53,
    0.5300001222000904,
    0.54,
    0.54,
    0.5300000831292936,
    0.53,
    0.53,
    0.530000011280002,
    0.5399999914285702,
    0.5399999654399953,
    0.53,
    0.53,
    0.5300000154155436,
    0.54,
    0.54,
    0.53,
    0.53,
    0.53,
    0.54,
    0.54,
    0.53,
    0.53,
    0.5399999993016489,
    0.53,
    0.5300000195833346,
    0.53,
    0.53000005522194,
    0.5399999927190996,
    0.5300001222000904,
    0.5399999983669354,
    0.54,
    0.54,
    0.54,
    0.53,
    0.53,
    0.5399999846999992,
    0.5399999921860462,
    0.54,
    0.539999996832,
    0.54,
    0.54,
    0.539999955505605,
    0.5399999881199997,
    0.54,
    0.54,
    0.54,
    0.53,
    0.530000013396252,
    0.53,
    0.5399999654399953,
    0.530000011470876,
    0.53,
    0.5399999654399953,
    0.53,
    0.54,
    0.539999996832,
    0.53,
    0.53,
    0.53,
    0.53,
    0.5300001081000292,
    0.55,
    0.5499999955999999,
    0.5399782292494588,
    0.5399782290337916,
    0.539978229162557,
    0.53,
    0.53,
    0.5499999955999999,
    0.53,
    0.53,
    0.5399754116897711,
    0.5399754118174602,
    0.5434782608695652,
    0.54,
    0.5300000389428651,
    0.53,
    0.5499999988297872,
    0.530000018300282,
    0.53,
    0.5300001222000904,
    0.5467196598441149,
    0.5300000188000027,
    0.53,
    0.53,
    0.53,
    0.5200000204255354,
    0.5200000204255354,
    0.52,
    0.52,
    0.5300663504843689,
    0.5300663539456418,
    0.5402682441914688,
    0.5398774083892164,
    0.5300125605905427,
    0.5300126609127968,
    0.55,
    0.55,
    0.5499999300846954,
    0.52,
    0.52,
    0.52,
    0.5300715351610497,
    0.5300715153504724,
    0.5421609860015325,
    0.530071527827055,
    0.54,
    0.54,
    0.52,
    0.52,
    0.52,
    0.52,
    0.54,
    0.5300425351547632,
    0.5300425307274309,
    0.5302682280765902,
    0.5299881125585244,
    0.52,
    0.5299881616900389,
    0.5399999902799992,
    0.54,
    0.52,
    0.5300329144285746,
    0.5399999691428501,
    0.54,
    0.52,
    0.5200000138683796,
    0.52,
    0.5399999902799992,
    0.5200000684880102,
    0.5300590994417061,
    0.5300591056553156,
    0.5399999912973403,
    0.53,
    0.5200000115508187,
    0.54,
    0.54,
    0.53,
    0.53,
    0.530054389160488,
    0.5300543924228026,
    0.54,
    0.52,
    0.52,
    0.52,
    0.52,
    0.5200000191082225,
    0.530040885657051,
    0.5300408542426797,
    0.5300408610297264,
    0.52,
    0.52,
    0.52,
    0.52,
    0.52,
    0.52,
    0.52,
    0.5200000068571432,
    0.52,
    0.52,
    0.52,
    0.5200001728001106,
    0.5299267200553783,
    0.5299267198720553,
    0.52,
    0.54,
    0.52,
    0.52,
    0.54,
    0.52,
    0.54,
    0.52,
    0.54,
    0.52,
    0.52,
    0.52000002006526,
    0.53,
    0.54,
    0.5358336602589251,
    0.52,
    0.53,
    0.52,
    0.53,
    0.52,
    0.5299998780999061,
    0.52,
    0.52,
    0.52,
    0.52,
    0.52,
    0.52,
    0.52,
    0.53,
    0.54,
    0.54,
    0.54,
    0.54,
    0.54,
    0.54,
    0.54,
    0.54,
    0.54,
    0.54,
    0.5375796692214603,
    0.54,
    0.54,
    0.5386412625096227,
    0.53,
    0.53,
    0.53,
    0.53,
    0.53,
    0.53,
    0.53,
    0.53,
    0.53,
    0.53,
    0.539999998488,
    0.53,
    0.53,
    0.53,
    0.53,
    0.54,
    0.53,
    0.54,
    0.54,
    0.54,
    0.54,
    0.53,
    0.54,
    0.53,
    0.53,
    0.53,
    0.53,
    0.54,
    0.53,
    0.53,
    0.54,
    0.53,
    0.53,
    0.54,
    0.54,
    0.53,
    0.53,
    0.54,
    0.53,
    0.54,
    0.53,
    0.54,
    0.54,
    0.54,
    0.54,
    0.54,
    0.54,
    0.53,
    0.54,
    0.54,
    0.54,
    0.54,
    0.53,
    0.54,
    0.54,
    0.54,
    0.53,
    0.54,
    0.54,
    0.54,
    0.53,
    0.54,
    0.54,
    0.54,
    0.54,
    0.54,
    0.54,
    0.54,
    0.53,
    0.54,
    0.54,
    0.53,
    0.53,
    0.54,
    0.54,
    0.54,
    0.54,
    0.54,
    0.54,
    0.54,
    0.54,
    0.54,
    0.54,
    0.54,
    0.54,
    0.54,
    0.54,
    0.54,
    0.54,
    0.54,
    0.54,
    0.54,
    0.54,
    0.53,
    0.54,
    0.54,
    0.54,
    0.54,
    0.54,
    0.54,
    0.54,
    0.54,
    0.54,
    0.54,
    0.54,
    0.53,
    0.54,
    0.54,
    0.53,
    0.53,
    0.54,
    0.53,
    0.53,
    0.54,
    0.53,
    0.53,
    0.54,
    0.53,
    0.53,
    0.5300000818939872,
    0.54,
    0.53,
    0.53,
    0.54,
    0.53,
    0.53,
    0.54,
    0.53,
    0.53,
    0.53,
    0.54,
    0.53,
    0.54,
    0.53,
    0.53,
    0.54,
    0.54,
    0.53,
    0.53,
    0.53,
    0.53,
    0.53,
    0.53,
    0.53,
    0.53,
    0.53,
    0.53,
    0.53,
    0.53,
    0.53,
    0.53,
    0.53,
    0.53,
    0.53,
    0.53,
    0.53,
    0.53,
    0.53,
    0.53,
    0.53,
    0.53,
    0.55,
    0.53,
    0.55,
    0.55,
    0.55,
    0.55,
    0.55,
    0.55,
    0.55,
    0.53,
    0.55,
    0.53,
    0.5493407910375707,
    0.53,
    0.53,
    0.53,
    0.53,
    0.54,
    0.53,
    0.54,
    0.54,
    0.54,
    0.54,
    0.54,
    0.54,
    0.54,
    0.54,
    0.54,
    0.54,
    0.54,
    0.54,
    0.55,
    0.54,
    0.54,
    0.54,
    0.54,
    0.54,
    0.54,
    0.54,
    0.54,
    0.54,
    0.54,
    0.54,
    0.54,
    0.54,
    0.54,
    0.54,
    0.54,
    0.54,
    0.54,
    0.54,
    0.54,
    0.54,
    0.54,
    0.54,
    0.54,
    0.54,
    0.539999864999865,
    0.54,
    0.54,
    0.54,
    0.54,
    0.54,
    0.54,
    0.54,
    0.54,
    0.54,
    0.54,
    0.54,
    0.54,
    0.54,
    0.54,
    0.54,
    0.54,
    0.5300000075200004,
    0.54,
    0.54,
    0.54,
    0.54,
    0.54,
    0.54,
    0.54,
    0.5399999986499998,
    0.5300000067680002,
    0.54,
    0.5399999654399953,
    0.54,
    0.54,
    0.54,
    0.5399999994420046,
    0.54,
    0.5399998368344643,
    0.5300001222000904,
    0.5300000011519608,
    0.5399999979726963,
    0.5399999881199997,
    0.54,
    0.54,
    0.5399999654399953,
    0.5300000011519608,
    0.5399999979726963,
    0.54,
    0.54,
    0.53,
    0.53,
    0.5399999654399953,
    0.54,
    0.54,
    0.5399999654399953,
    0.53,
    0.54,
    0.53,
    0.53,
    0.53,
    0.54,
    0.54,
    0.54,
    0.55,
    0.5500484899224741,
    0.5500485043725029,
    0.5498771021197297,
    0.5501363055186176,
    0.5501363051186363,
    0.55,
    0.5400001518447575,
    0.54,
    0.55,
    0.55,
    0.55,
    0.54,
    0.55,
    0.54,
    0.54,
    0.55,
    0.55,
    0.55,
    0.55,
    0.54,
    0.54,
    0.54,
    0.5499443478260869,
    0.5599998098112059,
    0.559999843199887,
    0.559999843199887,
    0.5499362178665944,
    0.5499361798425091,
    0.5499362178166093,
    0.54,
    0.5499622324792628,
    0.549962232377817,
    0.5400000007313063,
    0.550016939582157,
    0.5599999987653543,
    0.559999843199887,
    0.559999843199887,
    0.5599999775999964,
    0.5599999663999852,
    0.5599999796363458,
    0.5599999996580153,
    0.5400000034716982,
    0.5500861167968847,
    0.54,
    0.54,
    0.54,
    0.54,
    0.54,
    0.5499401708329675,
    0.5499401708866664,
    0.5499401114619733,
    0.5599999994534808,
    0.5400000016396039,
    0.5498880428108325,
    0.5498880428363867,
    0.5400001326126939,
    0.5498880422943995,
    0.5400000404800045,
    0.5400000032200002,
    0.5599971921739381,
    0.54,
    0.5501350517366023,
    0.5501349534580601,
    0.56,
    0.5501349519663308,
    0.5400002392001149,
    0.5400001533333983,
    0.5599999775999964,
    0.5499901404979048,
    0.559999843199887,
    0.5599999992955975,
    0.5499752842313396,
    0.5499752841771604,
    0.54,
    0.5501265849785395,
    0.5500662293101183,
    0.5599999775999964,
    0.5400001518447575,
    0.56,
    0.56,
    0.5599999176470104,
    0.5599999608977486,
    0.5599999316610021,
    0.5599999521367358,
    0.5599999948148137,
    0.5599999103999745,
    0.5599999730120386,
    0.5599999602030384,
    0.5599999535269555,
    0.5599999775999964,
    0.5499855349754095,
    0.5599999663999852,
    0.5400001150000288,
    0.5400001533333983,
    0.5499995495685578,
    0.5499999793233012,
    0.5599999634498773,
    0.559999998028169,
    0.5599999420689216,
    0.5599999203161854,
    0.54,
    0.56,
    0.56,
    0.5599999551002163,
    0.5599999131782407,
    0.56,
    0.5599999579624584,
    0.559999924494364,
    0.5599999560784176,
    0.5599999521367358,
    0.5599999941514345,
    0.559999933245019,
    0.5599999716455639,
    0.5599999505362664,
    0.5599999107569152,
    0.5501128859335902,
    0.5501128878249119,
    0.5501129634091426,
    0.5400001803922629,
    0.540000002576,
    0.5500130869866693,
    0.5599999253332935,
    0.559999843199887,
    0.5499194765978863,
    0.5593855976876666,
    0.5499320113302553,
    0.5499320112985681,
    0.54,
    0.55999985999986,
    0.54,
    0.5500855512025258,
    0.5599999688888819,
    0.5599999560784176,
    0.5599999587368343,
    0.5599999521367358,
    0.559999924494364,
    0.5599999941514345,
    0.56,
    0.5599999107569152,
    0.559999933245019,
    0.5599999716455639,
    0.56,
    0.5599999551002163,
    0.5599999505362664,
    0.56,
    0.5599999579624584,
    0.5599999775999964,
    0.5400001238462396,
    0.5499587954949741,
    0.5400000404800045,
    0.5499587955426155,
    0.5499587955625991,
    0.5500379208355037,
    0.5500379292333647,
    0.5599999663999852,
    0.5599999216782778,
    0.5599999495999919,
    0.5599999662650521,
    0.56,
    0.5595192361307392,
    0.5499999646302159,
    0.55,
    0.5499999699453486,
    0.5499999801443979,
    0.55,
    0.549999946601934,
    0.55,
    0.5499999645922694,
    0.5499999729508122,
    0.5499999820261404,
    0.5400000404800045,
    0.549999998894139,
    0.5499998233943901,
    0.5499999921428567,
    0.54,
    0.5400002392001149,
    0.5499999559999947,
    0.5400002392001149,
    0.5499999740565805,
    0.5400000373225198,
    0.5400000118201307,
    0.5400000092369495,
    0.5400000096842124,
    0.5400000275655518,
    0.540000034936715,
    0.5400000330143596,
    0.5400000376363691,
    0.5400000359024449,
    0.5400000177682435,
    0.5400000776889103,
    0.5400000165128241,
    0.5400000498983166,
    0.5400000380361824,
    0.5400000749629785,
    0.540000096381024,
    0.5499999552845202,
    0.5400000404800045,
    0.5499999931249997,
    0.5499999559999947,
    0.5400000115000007,
    0.5499999559999947,
    0.5400000363157985,
    0.540000071743141,
    0.5400000416461039,
    0.5400000594557949,
    0.5400000124324349,
    0.5400000643356778,
    0.5400000226229543,
    0.54,
    0.5400000548344487,
    0.5400000374921717,
    0.5400000486772564,
    0.5400000640506443,
    0.5400000278787932,
    0.55,
    0.5400000452459343,
    0.5400001518447575,
    0.5499999559999947,
    0.54,
    0.5400000498983166,
    0.5400000263484535,
    0.5400000140305037,
    0.5400000251366175,
    0.5400000598958411,
    0.5400000147706451,
    0.540000100504222,
    0.540000018720935,
    0.5400000275576083,
    0.5400000749629785,
    0.5400000475862157,
    0.5400000462893181,
    0.5400000163192935,
    0.5400000374921717,
    0.5400000736000128,
    0.55,
    0.54,
    0.54,
    0.54,
    0.5499999862499995,
    0.5400000022633692,
    0.54,
    0.55,
    0.54,
    0.54,
    0.54,
    0.54,
    0.54,
    0.54,
    0.54,
    0.54,
    0.54,
    0.5400001472000706,
    0.54,
    0.54,
    0.54,
    0.54,
    0.54,
    0.54,
    0.5499999941489361,
    0.549999999725,
    0.55,
    0.54,
    0.5400000736000128,
    0.5400000046000002,
    0.54,
    0.54,
    0.54,
    0.54,
    0.54,
    0.5399999654399953,
    0.53,
    0.53,
    0.53,
    0.54,
    0.54,
    0.53,
    0.53,
    0.5399244198569987,
    0.539822096912782,
    0.5398220897186652,
    0.53,
    0.53,
    0.539933869890568,
    0.5399338148467909,
    0.5399338686418959,
    0.5399338699229543,
    0.5398871329280653,
    0.53,
    0.53,
    0.53,
    0.5398904408873706,
    0.5398904409023486,
    0.53,
    0.5398904395691921,
    0.53,
    0.53,
    0.5398775546839429,
    0.5399830219313789,
    0.5399830216567287,
    0.5399830214095295,
    0.5406684365217591,
    0.5399999654399953,
    0.5399999881199997,
    0.53,
    0.5399999960679611,
    0.5300000064457144,
    0.53,
    0.5201670009860097,
    0.5201670704693414,
    0.5201669897127551,
    0.5200469872405298,
    0.5200469684653711,
    0.51,
    0.52,
    0.51,
    0.52,
    0.51,
    0.52,
    0.52,
    0.5100000116454934,
    0.51,
    0.51,
    0.54,
    0.52,
    0.53,
    0.5300000388073719,
    0.53999997839999,
    0.5399998868570588,
    0.5396761926621361,
    0.529999819902799,
    0.5200001630189663,
    0.52,
    0.52,
    0.52,
    0.5298702118725671,
    0.5298702116915504,
    0.529851631614006,
    0.5298516302010821,
    0.52,
    0.5298516314375128,
    0.5298966644920463,
    0.529896664988002,
    0.5300430340975196,
    0.5300345186766008,
    0.5300345202000637,
    0.53,
    0.53,
    0.53,
    0.53,
    0.53,
    0.55999999888,
    0.55,
    0.55,
    0.5500000375000094,
    0.5699999334999635,
    0.5599999895466662,
    0.5500002025001114,
    0.5500000450000045,
    0.5500001363636984,
    0.5500001015038128,
    0.55,
    0.510094635157283,
    0.51009462512236,
    0.5499615700948297,
    0.5499615701343492,
    0.5100946805293968,
    0.5,
    0.5499973260568124,
    0.5499973262019924,
    0.54,
    0.5499781101530372,
    0.54,
    0.529957993891952,
    0.5,
    0.52995799471582,
    0.5499781101772038,
    0.5398056867714155,
    0.5200567271775649,
    0.5398056863723653,
    0.5299186236986836,
    0.5299186248328567,
    0.5199676225011142,
    0.5199676223297988,
    0.5299186251918728,
    0.5200616632740839,
    0.49,
    0.5599249248229443,
    0.5101015431409642,
    0.5101015263749908,
    0.5499245087452728,
    0.5499245092912476,
    0.5499245063729669,
    0.5599249249061873,
    0.5000746247775422,
    0.5000746200176204,
    0.56,
    0.56,
    0.5699998232997013,
    0.5699998232997013,
    0.5799998259997042,
    0.460000099692366,
    0.56,
    0.58,
    0.53000001866038,
    0.6199388748644402,
    0.6199388751171205,
    0.6199388747481615,
    0.6198681580690331,
    0.6198681578541554,
    0.6198858823212856,
    0.6198858831838128,
    0.6199825682042656,
    0.6199825682412038,
    0.6199825678948624,
    0.6199512474906796,
    0.6000892351873317,
    0.55,
    0.54,
    0.54,
    0.5400193200059447,
    0.5400194612138738,
    0.5400193246340763,
    0.540022760528625,
    0.5400227867571846,
    0.53,
    0.5301845050273595,
    0.5301097834440902,
    0.5299003499188724,
    0.529900349529494,
    0.5201233886776999,
    0.5599819248372072,
    0.5002238806178994,
    0.5100623381850565,
    0.559939183310204,
    0.5599391832756639,
    0.5599391830155132,
    0.5699152177761169,
    0.5699152181906756,
    0.569915218013832,
    0.49019492016020283,
    0.49004434876233965,
    0.4900443524230927,
    0.4900443564868611,
    0.49009499973555604,
    0.4900950398814538,
    0.5498719094193867,
    0.5498719091647104,
    0.5399195127256907,
    0.49004352633008225,
    0.42,
    0.43,
    0.4100156361314194,
    0.4100165748856768,
    0.4,
    0.6299958270119346,
    0.6198966666666667,
    0.6101379719028089,
    0.6299958278947361,
    0.6299958275018024,
    0.59001354184137,
    0.54,
    0.52,
    0.5899182001573724,
    0.5899181996212199,
    0.5898543494499967,
    0.5898543490594153,
    0.5300984553146214,
    0.5898543497619085,
    0.4101015218277465,
    0.4101015509700864,
    0.649847836424156,
    0.6399863605364856,
    0.43,
    0.4,
    0.43,
    0.4501675272219673,
    0.450167486157635,
    0.6299377841588897,
    0.44,
    0.43,
    0.5601098189401662,
    0.6298994409907549,
    0.5601098173472899,
    0.6298994409651116,
    0.5601317676895302,
    0.6299833610095208,
    0.4101073700495226,
    0.4101073936970243,
    0.4201216022357336,
    0.42012167073137735,
    0.4800423568689186,
    0.4,
    0.47,
    0.529964047151993,
    0.5298523982557416,
    0.5199771615008156,
    0.5399729098956912,
    0.5299308865586273,
    0.5199430935582029,
    0.5099008840075007,
    0.5199430935543243,
    0.48004236319735705,
    0.5199430936196621,
    0.4800423502618687,
    0.4900701146587595,
    0.5399729097835598,
    0.5499794308932392,
    0.5399646847182749,
    0.49,
    0.47,
    0.49,
    0.5399646850873592,
    0.5499794309191824,
    0.5398943658382266,
    0.5299071202154868,
    0.5199798561137158,
    0.5098474134722739,
    0.5199652437342998,
    0.5199572466501706,
    0.5199572466810325,
    0.5000857696197037,
    0.5299071206634905,
    0.5000857567104873,
    0.5000857542378515,
    0.510009533365564,
    0.5398943661169081,
    0.5299259020618556,
    0.5000800278413381,
    0.6199998511998869,
    0.6799998911999086,
    0.05
]
