[
    0.999,
    0.999,
    0.999,
    0.999,
    0.999,
    0.999,
    0.999,
    0.999,
    0.999,
    0.999,
    0.999,
    0.999,
    0.999,
    0.999,
    0.999,
    0.998,
    0.999,
    0.998,
    0.998,
    0.998,
    0.997,
    0.9969999999151488,
    0.994,
    0.9963060258343106,
    0.994,
    0.994,
    0.994,
    0.994,
    0.996,
    0.994,
    0.996,
    0.994,
    0.994,
    0.995,
    0.991,
    0.99,
    0.99,
    0.994,
    0.994,
    0.99,
    0.9939999992047976,
    0.99,
    0.99,
    0.99,
    0.99,
    0.99,
    0.99,
    0.99,
    0.988,
    0.99,
    0.99,
    0.99,
    0.99,
    0.988,
    0.988,
    0.9879999999278437,
    0.9879999984191804,
    0.988,
    0.9879999999815401,
    0.988,
    0.9869999955584223,
    0.986999999800055,
    0.987,
    0.9869999955584223,
    0.9869999955584223,
    0.979,
    0.9789997878832378,
    0.98,
    0.975,
    0.975,
    0.9749995246872564,
    0.97,
    0.97,
    0.96,
    0.96,
    0.96,
    0.96,
    0.9699999951499467,
    0.96,
    0.971,
    0.961,
    0.96,
    0.9749995246872564,
    0.96,
    0.97,
    0.9789999996083989,
    0.97,
    0.97,
    0.97,
    0.97,
    0.9789999882517417,
    0.97,
    0.97,
    0.97,
    0.97,
    0.97,
    0.97,
    0.97,
    0.97,
    0.97,
    0.971,
    0.97,
    0.97,
    0.97,
    0.97,
    0.971,
    0.971,
    0.9799999996507277,
    0.99,
    0.97917575,
    0.9789999882517417,
    0.9789999996083989,
    0.97,
    0.978999999719618,
    0.9789999996083989,
    0.9700000004114285,
    0.97,
    0.975,
    0.97,
    0.97,
    0.97,
    0.97,
    0.97,
    0.97,
    0.97,
    0.97,
    0.970000001425,
    0.97,
    0.97,
    0.97,
    0.9695265844539782,
    0.9669999996131982,
    0.962,
    0.965,
    0.9609999980779986,
    0.9609999967325895,
    0.9689999970929867,
    0.951,
    0.9699999941799998,
    0.96,
    0.96,
    0.96,
    0.96,
    0.96,
    0.96,
    0.9699999330699912,
    0.9699999330699912,
    0.969999833159962,
    0.97,
    0.97,
    0.9799999607999937,
    0.97,
    0.97,
    0.97,
    0.9799999568799846,
    0.98,
    0.95,
    0.96,
    0.9784133526941152,
    0.96,
    0.95,
    0.96,
    0.95,
    0.95,
    0.94,
    0.94,
    0.94,
    0.95,
    0.95,
    0.95,
    0.95,
    0.95,
    0.96,
    0.95,
    0.97,
    0.95,
    0.9699999980599977,
    0.96,
    0.95,
    0.9610740243295908,
    0.95,
    0.96,
    0.96,
    0.9599999593411734,
    0.96,
    0.96,
    0.96,
    0.94,
    0.92,
    0.93,
    0.93,
    0.9581712614916861,
    0.9496832297607174,
    0.95,
    0.95,
    0.95,
    0.95,
    0.9100000154800004,
    0.91,
    0.9100000195750007,
    0.91,
    0.91,
    0.9,
    0.8988471097419227,
    0.89,
    0.89,
    0.87,
    0.84,
    0.860343640691751,
    0.86,
    0.87,
    0.8785015084273216,
    0.8699992343991425,
    0.8599999962837588,
    0.850000024000001,
    0.8599999934848476,
    0.8599999990735253,
    0.85,
    0.85,
    0.85,
    0.83,
    0.8300000241400014,
    0.85,
    0.83,
    0.8399999915068107,
    0.83,
    0.83,
    0.83,
    0.8300000241400014,
    0.82,
    0.8200000042000001,
    0.8399999983199999,
    0.82,
    0.82,
    0.82,
    0.82,
    0.820000002448,
    0.82,
    0.8200000244800015,
    0.820000009529412,
    0.82,
    0.83,
    0.83,
    0.83,
    0.83,
    0.83,
    0.83,
    0.83,
    0.83,
    0.83,
    0.8399999992903158,
    0.8399999983199999,
    0.8300001259259493,
    0.82,
    0.83,
    0.82,
    0.82,
    0.82,
    0.8200001200000253,
    0.81,
    0.8199999821897159,
    0.81,
    0.81,
    0.81,
    0.81,
    0.81,
    0.81,
    0.81,
    0.81,
    0.81,
    0.81,
    0.81,
    0.82,
    0.82,
    0.8292735197965856,
    0.82,
    0.82,
    0.82,
    0.82,
    0.82,
    0.82,
    0.82,
    0.83,
    0.82,
    0.82,
    0.82,
    0.82,
    0.82,
    0.82,
    0.82,
    0.82,
    0.81,
    0.81,
    0.81,
    0.81,
    0.79,
    0.8,
    0.7400000020406279,
    0.75,
    0.7963817277250113,
    0.8,
    0.78,
    0.77,
    0.78,
    0.7700000839500113,
    0.78,
    0.76,
    0.7100000000948818,
    0.73,
    0.78,
    0.7399999860705853,
    0.75,
    0.78,
    0.77,
    0.76,
    0.7400000055466668,
    0.74,
    0.78,
    0.7399999997471036,
    0.7302269346992487,
    0.6900001705000767,
    0.6900000536538575,
    0.6900000032804233,
    0.74,
    0.72,
    0.7399999875679997,
    0.72,
    0.74,
    0.74,
    0.74,
    0.74,
    0.74,
    0.72,
    0.7299999684324253,
    0.7299999684324253,
    0.74,
    0.74,
    0.74,
    0.74,
    0.74,
    0.74,
    0.74,
    0.7100000204074085,
    0.74,
    0.74,
    0.7399999998789168,
    0.74,
    0.74,
    0.74,
    0.74,
    0.74,
    0.74,
    0.739999989639998,
    0.74,
    0.74,
    0.75,
    0.74,
    0.74,
    0.74,
    0.7499998519736355,
    0.779999985420559,
    0.8,
    0.8,
    0.8,
    0.8,
    0.8,
    0.8,
    0.8,
    0.8,
    0.8,
    0.8,
    0.8,
    0.8,
    0.8,
    0.8,
    0.8,
    0.8,
    0.8,
    0.83,
    0.83,
    0.84,
    0.84,
    0.84,
    0.8599999998503567,
    0.88,
    0.8699999912999827,
    0.85,
    0.84,
    0.85,
    0.84,
    0.83,
    0.83,
    0.83,
    0.85,
    0.85,
    0.82,
    0.81,
    0.81,
    0.8199999835999839,
    0.81,
    0.81,
    0.82,
    0.81,
    0.79,
    0.8,
    0.8,
    0.79,
    0.8,
    0.79,
    0.79,
    0.8,
    0.7900001412727606,
    0.8,
    0.78,
    0.78,
    0.8,
    0.78,
    0.78,
    0.76,
    0.76,
    0.76,
    0.7799999937599991,
    0.76,
    0.76,
    0.76,
    0.76,
    0.76,
    0.76,
    0.76,
    0.7600000081600001,
    0.76,
    0.76,
    0.75,
    0.77,
    0.75,
    0.7478105560947219,
    0.72,
    0.6999999995134327,
    0.7,
    0.7,
    0.7,
    0.7,
    0.7,
    0.7,
    0.7,
    0.7,
    0.7,
    0.7,
    0.69,
    0.7,
    0.69,
    0.7,
    0.69000000251875,
    0.6999999605633603,
    0.71,
    0.71,
    0.71,
    0.71,
    0.71,
    0.71,
    0.71,
    0.71,
    0.71,
    0.71,
    0.71,
    0.71,
    0.71,
    0.71,
    0.71,
    0.71,
    0.71,
    0.71,
    0.69,
    0.71,
    0.72,
    0.72,
    0.72,
    0.72,
    0.72,
    0.6900000164300008,
    0.72,
    0.6400000579088534,
    0.6400000230400031,
    0.67,
    0.65,
    0.6400000031236612,
    0.65,
    0.6700000255177375,
    0.739999999778,
    0.7399999348799927,
    0.690000001984,
    0.6600000086294419,
    0.7,
    0.7,
    0.7,
    0.7,
    0.7,
    0.67,
    0.68,
    0.6500000083524249,
    0.7,
    0.7,
    0.7,
    0.7,
    0.7,
    0.7,
    0.7,
    0.69,
    0.69,
    0.69,
    0.6999999931372546,
    0.69,
    0.69,
    0.69,
    0.67,
    0.69,
    0.7,
    0.7,
    0.6899999585999611,
    0.6999999965174126,
    0.67,
    0.67,
    0.65,
    0.67,
    0.67,
    0.6999999965174126,
    0.67,
    0.67,
    0.67,
    0.67,
    0.67,
    0.67,
    0.67,
    0.67,
    0.67,
    0.7,
    0.69,
    0.7,
    0.67,
    0.71,
    0.68,
    0.71,
    0.69,
    0.72,
    0.68,
    0.7,
    0.73,
    0.7180061398424635,
    0.7200000268800028,
    0.7,
    0.7203001748344163,
    0.73,
    0.7203001899262281,
    0.73999999852,
    0.7299998101998596,
    0.7198922711116033,
    0.7,
    0.7288932685797254,
    0.73,
    0.7,
    0.7,
    0.74,
    0.74,
    0.74,
    0.74,
    0.74,
    0.74,
    0.74,
    0.74,
    0.7399999858082136,
    0.7399999858082136,
    0.73,
    0.72,
    0.72,
    0.73,
    0.73,
    0.72,
    0.72,
    0.72,
    0.720000156800069,
    0.72,
    0.73,
    0.72,
    0.72,
    0.720000000471579,
    0.7200000006923636,
    0.72,
    0.7299999999781,
    0.7299999981749999,
    0.7200000952000152,
    0.72,
    0.729999999416,
    0.7299999984441602,
    0.7200000952000152,
    0.7200000104533336,
    0.72,
    0.720000156800069,
    0.7200000084000001,
    0.7200000952000152,
    0.72,
    0.73,
    0.7299998101998596,
    0.73,
    0.720000126092742,
    0.7299999999186303,
    0.72,
    0.72,
    0.72,
    0.72,
    0.72,
    0.720000000896,
    0.73,
    0.73,
    0.72,
    0.7299999087499658,
    0.72,
    0.72,
    0.72,
    0.7299999900968981,
    0.72,
    0.720000156800069,
    0.72,
    0.71,
    0.71,
    0.7199998079999232,
    0.7199995391993733,
    0.7000000020270271,
    0.7199999984516129,
    0.71,
    0.7000000075000001,
    0.7099999431998909,
    0.71,
    0.71,
    0.70822324,
    0.69,
    0.68,
    0.68,
    0.689999996826,
    0.6899999585999611,
    0.6899999720421269,
    0.68,
    0.68,
    0.6899999585999611,
    0.69,
    0.6899999961938531,
    0.6899999585999611,
    0.69,
    0.6899998727182229,
    0.6899999585999611,
    0.68,
    0.7,
    0.68,
    0.7,
    0.6988379709593323,
    0.6899999994085714,
    0.68,
    0.6899999585999611,
    0.6899999951699998,
    0.68,
    0.68,
    0.6899999585999611,
    0.6899999424999856,
    0.6899999424999856,
    0.68,
    0.68,
    0.6899999868899976,
    0.68,
    0.68,
    0.7,
    0.7,
    0.68,
    0.6999999719999955,
    0.6999999766666597,
    0.68,
    0.6999999910600245,
    0.69,
    0.69,
    0.6900000164300008,
    0.7,
    0.7,
    0.7,
    0.6900000635500187,
    0.6999999719999955,
    0.7,
    0.69999999965,
    0.6999999320388085,
    0.6999999766666597,
    0.7,
    0.7,
    0.68,
    0.7,
    0.6999999980270575,
    0.6999999796806943,
    0.7,
    0.6899999585999611,
    0.69,
    0.69,
    0.6900000050336634,
    0.69,
    0.69,
    0.69,
    0.69,
    0.69,
    0.69,
    0.69,
    0.69,
    0.69,
    0.69,
    0.69,
    0.69,
    0.69,
    0.69,
    0.69,
    0.69,
    0.69,
    0.69,
    0.69,
    0.69,
    0.69,
    0.69,
    0.69,
    0.69,
    0.69,
    0.68,
    0.6899999993646408,
    0.68,
    0.6899999585999611,
    0.6899999910086865,
    0.69,
    0.6899999585999611,
    0.68,
    0.6700000077550002,
    0.6899999585999611,
    0.6899999830674644,
    0.6700000077550002,
    0.6899999585999611,
    0.68,
    0.6700001725688755,
    0.6799999664415557,
    0.6799998911999086,
    0.6700000175298819,
    0.67,
    0.68,
    0.68,
    0.68,
    0.68,
    0.6799998911999086,
    0.68,
    0.6799999971063827,
    0.6799999215383197,
    0.6700000192139755,
    0.6799998911999086,
    0.6799999727999957,
    0.68,
    0.6799999873066652,
    0.6700000188100008,
    0.67,
    0.6700000188100008,
    0.67,
    0.66,
    0.66,
    0.6599999841599988,
    0.6599999841599988,
    0.66,
    0.66,
    0.66,
    0.66,
    0.6502215514846922,
    0.650221574900342,
    0.659999998944,
    0.6599998943999641,
    0.6499999850780522,
    0.6400000360000077,
    0.64,
    0.6499653490387837,
    0.6599999996709051,
    0.6502644826104216,
    0.6502646702290464,
    0.6502644734460868,
    0.66,
    0.65999999835,
    0.66,
    0.6500728979219812,
    0.66,
    0.6500729379642602,
    0.65999999835,
    0.66,
    0.6599999953799998,
    0.6599999953799998,
    0.6599999918599998,
    0.6599999846808484,
    0.6599999483197346,
    0.66,
    0.66,
    0.66,
    0.6699999882079998,
    0.66,
    0.6600000088400002,
    0.6599999997002555,
    0.66,
    0.66,
    0.65,
    0.65,
    0.6599999978310284,
    0.6502413386305685,
    0.66,
    0.66,
    0.66,
    0.66,
    0.66,
    0.66,
    0.66,
    0.6600000227678582,
    0.6799999945599995,
    0.6799999965244057,
    0.68,
    0.67,
    0.67,
    0.67,
    0.67,
    0.67,
    0.66,
    0.67,
    0.65,
    0.67,
    0.66,
    0.67,
    0.66,
    0.66,
    0.67,
    0.6500000087233939,
    0.67,
    0.67,
    0.66,
    0.67,
    0.67,
    0.66,
    0.67,
    0.66,
    0.66,
    0.65,
    0.67,
    0.66,
    0.65,
    0.66,
    0.68,
    0.6799999945599995,
    0.67,
    0.6700012485473632,
    0.6799999972897568,
    0.6700000519750048,
    0.6700000133046259,
    0.6799998911999086,
    0.68,
    0.68,
    0.68,
    0.68,
    0.68,
    0.68,
    0.68,
    0.68,
    0.68,
    0.68,
    0.68,
    0.68,
    0.68,
    0.69,
    0.69,
    0.69,
    0.689999999784953,
    0.69,
    0.69,
    0.69,
    0.69,
    0.69,
    0.69,
    0.69,
    0.69,
    0.69,
    0.7,
    0.69,
    0.69,
    0.69,
    0.69,
    0.7,
    0.69,
    0.69,
    0.7,
    0.69,
    0.7,
    0.69,
    0.69,
    0.69,
    0.7,
    0.69,
    0.69,
    0.69,
    0.7,
    0.69,
    0.7,
    0.7,
    0.7099999502999869,
    0.7,
    0.71,
    0.7099999701799893,
    0.700000035019458,
    0.7099999502999869,
    0.7099999884624973,
    0.7099999794533636,
    0.7099999786999915,
    0.7099999112499557,
    0.7099999431998909,
    0.7099999884624973,
    0.7000001747573494,
    0.7099999945663261,
    0.7,
    0.7,
    0.7099999786999915,
    0.7099999431998909,
    0.700000030000003,
    0.7,
    0.7099999846166645,
    0.7099999832547143,
    0.7099999815399987,
    0.7000000180000007,
    0.7099999188570748,
    0.71,
    0.7000000180000007,
    0.7000000075000001,
    0.7099999815399987,
    0.7000000229591848,
    0.7099999918349997,
    0.7099999665093724,
    0.7099999846166645,
    0.7,
    0.7000000133451963,
    0.7099999958935796,
    0.7,
    0.7099999928363221,
    0.7,
    0.7,
    0.7,
    0.7,
    0.7,
    0.7,
    0.7000002139801812,
    0.7,
    0.7099999960555552,
    0.7099999431998909,
    0.7000000880626396,
    0.7,
    0.7,
    0.7,
    0.7,
    0.7,
    0.7,
    0.7099999786999915,
    0.71,
    0.71,
    0.71,
    0.71,
    0.71,
    0.71,
    0.7199999971199998,
    0.7199999654399878,
    0.7199999876571413,
    0.719999985599996,
    0.7199999965439999,
    0.7199999819999982,
    0.7199998559995968,
    0.71,
    0.7200749399689871,
    0.7200749399689871,
    0.71,
    0.7202175155389756,
    0.720217484150173,
    0.7299999872868906,
    0.71,
    0.7199635518348337,
    0.7100001705883022,
    0.719963596620389,
    0.729999987589999,
    0.729999999416,
    0.720104744601672,
    0.7100000260251299,
    0.7198832113380602,
    0.7100000200747629,
    0.71,
    0.7198832111155236,
    0.7198832111120121,
    0.7299999561999676,
    0.7299999744499966,
    0.7203566145893847,
    0.7203566655584152,
    0.7299999415999852,
    0.7299999744499966,
    0.7299998101998596,
    0.7299998101998596,
    0.72,
    0.71,
    0.7100000431688178,
    0.7199650976822917,
    0.71,
    0.7199428571282721,
    0.7199428571387253,
    0.729999987589999,
    0.7199998559995968,
    0.71,
    0.7199999819999982,
    0.71,
    0.72,
    0.7100000359600027,
    0.71,
    0.72,
    0.7199999654399878,
    0.7199998559995968,
    0.7199998559995968,
    0.72,
    0.7199999864534301,
    0.7292452230969195,
    0.7199999893412266,
    0.7199995391993733,
    0.7199998617599712,
    0.7199995391993733,
    0.72,
    0.72,
    0.72,
    0.7199998559995968,
    0.719999985599996,
    0.7199999654399878,
    0.7199998559995968,
    0.7199998559995968,
    0.72,
    0.719999985599996,
    0.7199998559995968,
    0.7199998758619833,
    0.71,
    0.7199998559995968,
    0.7100000092800002,
    0.71,
    0.71,
    0.7199998559995968,
    0.71,
    0.7,
    0.71,
    0.71,
    0.7102075485445434,
    0.71,
    0.7199999980799999,
    0.71,
    0.71,
    0.71,
    0.71,
    0.71,
    0.7199999987027026,
    0.72,
    0.7199998559995968,
    0.7100001334000721,
    0.72,
    0.700000030000003,
    0.7199999944615383,
    0.7146062336780878,
    0.71,
    0.7,
    0.7,
    0.7000000095353127,
    0.7,
    0.7099999431998909,
    0.7099999431998909,
    0.7099999431998909,
    0.7,
    0.7099999431998909,
    0.71,
    0.72,
    0.72,
    0.72,
    0.711350710900474,
    0.7099999431998909,
    0.72,
    0.72,
    0.7199998559995968,
    0.7,
    0.7,
    0.7,
    0.7,
    0.7,
    0.7,
    0.7,
    0.6900001550000745,
    0.69,
    0.68,
    0.68,
    0.68,
    0.68,
    0.67,
    0.68,
    0.67,
    0.67,
    0.67,
    0.67,
    0.67,
    0.67,
    0.67,
    0.67,
    0.660000057800019,
    0.6599933993304136,
    0.6599933980768052,
    0.650000271318145,
    0.65,
    0.66,
    0.6599999953799998,
    0.6500000385000034,
    0.6500000350000024,
    0.65,
    0.6500001225000797,
    0.65,
    0.65,
    0.65,
    0.66,
    0.66,
    0.66,
    0.6699999195999292,
    0.67,
    0.67,
    0.67,
    0.67,
    0.67,
    0.67,
    0.67,
    0.67,
    0.67,
    0.67,
    0.67,
    0.67,
    0.6799999727999957,
    0.67,
    0.67,
    0.67,
    0.67,
    0.67,
    0.67,
    0.6799998911999086,
    0.6799998911999086,
    0.6799998911999086,
    0.6799999989119999,
    0.68,
    0.6799999727999957,
    0.6799998911999086,
    0.6799998911999086,
    0.6799998911999086,
    0.679999999456,
    0.6799998911999086,
    0.6799998911999086,
    0.6799998911999086,
    0.6799998911999086,
    0.68,
    0.68,
    0.68,
    0.68,
    0.68,
    0.68,
    0.68,
    0.68,
    0.68,
    0.68,
    0.68,
    0.68,
    0.68,
    0.68,
    0.68,
    0.68,
    0.68,
    0.68,
    0.68,
    0.68,
    0.68,
    0.68,
    0.68,
    0.68,
    0.68,
    0.6799998269089776,
    0.6799998911999086,
    0.6799999473547749,
    0.6799998911999086,
    0.6799998911999086,
    0.6799998911999086,
    0.67,
    0.6799998911999086,
    0.6799998911999086,
    0.6799998911999086,
    0.6799998911999086,
    0.68,
    0.6799999945599995,
    0.68,
    0.6799999637333111,
    0.6799999727999957,
    0.68,
    0.68,
    0.6799999727999957,
    0.6799999637333111,
    0.6799999735921828,
    0.68,
    0.68,
    0.679999999456,
    0.68,
    0.6799998639998329,
    0.6799999936533332,
    0.68,
    0.6799999714399984,
    0.6799998095999263,
    0.6799999891199997,
    0.67,
    0.6799611059879132,
    0.6799611061660469,
    0.6799611062443484,
    0.6899999424999856,
    0.68,
    0.68,
    0.68,
    0.689999978149997,
    0.68,
    0.689999998965,
    0.6899999585999611,
    0.689999998965,
    0.6899999585999611,
    0.689999998965,
    0.689999998965,
    0.68,
    0.68,
    0.689999998965,
    0.68999999887875,
    0.68999999887875,
    0.68999999887875,
    0.68999999887875,
    0.6899998778760197,
    0.68999999887875,
    0.68,
    0.68999999887875,
    0.6899999585999611,
    0.68,
    0.68,
    0.68,
    0.68,
    0.68,
    0.68,
    0.68,
    0.68,
    0.68,
    0.68,
    0.68,
    0.68,
    0.68,
    0.68,
    0.68,
    0.68,
    0.68,
    0.68,
    0.68,
    0.68,
    0.68,
    0.68,
    0.68,
    0.6949284120884355,
    0.689999996826,
    0.68,
    0.7,
    0.7,
    0.7,
    0.6937974504902876,
    0.68,
    0.6799999727999957,
    0.6799999514284881,
    0.6799999745794164,
    0.68,
    0.67,
    0.6700002123763112,
    0.67,
    0.67,
    0.67,
    0.67,
    0.67,
    0.67,
    0.67,
    0.67,
    0.66,
    0.66,
    0.66,
    0.66,
    0.66,
    0.66,
    0.66,
    0.66,
    0.66,
    0.66,
    0.66,
    0.6699999839199988,
    0.67,
    0.67,
    0.66999999933,
    0.6600000589333428,
    0.66,
    0.66,
    0.66,
    0.66,
    0.67,
    0.67,
    0.64,
    0.64,
    0.63,
    0.64,
    0.64,
    0.63,
    0.63,
    0.63,
    0.63,
    0.63,
    0.63,
    0.63,
    0.63,
    0.63,
    0.63,
    0.63,
    0.63,
    0.63,
    0.63,
    0.63,
    0.63,
    0.63,
    0.63,
    0.63,
    0.63,
    0.63,
    0.63,
    0.63,
    0.63,
    0.63,
    0.63,
    0.63,
    0.63,
    0.63,
    0.63,
    0.63,
    0.62,
    0.63,
    0.62,
    0.6100740347736353,
    0.6100740392931177,
    0.6100740258997708,
    0.6099084916573871,
    0.6101110519397737,
    0.6101110512203356,
    0.6,
    0.6,
    0.6,
    0.6,
    0.59,
    0.59,
    0.59,
    0.58,
    0.58,
    0.58,
    0.59,
    0.57,
    0.5400060594492695,
    0.5501872466942713,
    0.5501872446262754,
    0.5400060485497702,
    0.5501314031326131,
    0.5501313767303255,
    0.6001364706885813,
    0.6001363988913627,
    0.6001363928129043,
    0.6120653379748288,
    0.5300034925458188,
    0.5300035296496601,
    0.589962427314352,
    0.5899624272256759,
    0.5899624276961039,
    0.5301340882240005,
    0.52,
    0.5899741862027211,
    0.589974186250782,
    0.5899741862329665,
    0.54,
    0.5298801700811752,
    0.5301028937765792,
    0.5299003322259136,
    0.5400529989148705,
    0.540053122716683,
    0.5400530104486114,
    0.5899325647161192,
    0.589941143264727,
    0.5899411425591305,
    0.5300001222000904,
    0.540137616980368,
    0.5899166439138579,
    0.5899166437809579,
    0.5301068529938954,
    0.5301068469500542,
    0.5699994983994382,
    0.61,
    0.48,
    0.4800000125100263,
    0.599923698373691,
    0.599923698375117,
    0.5401049571876538,
    0.5998766040365572,
    0.5998766041056711,
    0.5998766040909764,
    0.5998637820512821,
    0.64,
    0.4499999549999955,
    0.4501097375542471,
    0.45003212615121,
    0.48998430626040224,
    0.48998430451906855,
    0.44,
    0.44,
    0.44,
    0.51,
    0.51,
    0.4600360770275968,
    0.51,
    0.4600360792849449,
    0.5199406424581006,
    0.460109011702099,
    0.4601089992002845,
    0.4601090219338103,
    0.5,
    0.46,
    0.49,
    0.4300000003567565,
    0.44,
    0.4900001683001128,
    0.7899999920999764,
    0.07000000930010221
]
