[
    0.999,
    0.999,
    0.999,
    0.999,
    0.999,
    0.999,
    0.999,
    0.999,
    0.999,
    0.999,
    0.999,
    0.999,
    0.999,
    0.999,
    0.999,
    0.999,
    0.999,
    0.999,
    0.999,
    0.999,
    0.999,
    0.999,
    0.999,
    0.999,
    0.999,
    0.999,
    0.999,
    0.999,
    0.999,
    0.999,
    0.999,
    0.999,
    0.999,
    0.999,
    0.998,
    0.999,
    0.999,
    0.999,
    0.998,
    0.996,
    0.999,
    0.996,
    0.999,
    0.999,
    0.999,
    0.999,
    0.999,
    0.999,
    0.999,
    0.996,
    0.999,
    0.999,
    0.9988243026026198,
    0.996,
    0.994,
    0.998,
    0.998,
    0.998,
    0.998,
    0.9949999959186095,
    0.995,
    0.999,
    0.995,
    0.999,
    0.999,
    0.999,
    0.995,
    0.995,
    0.9910000092440313,
    0.999,
    0.999,
    0.99,
    0.99,
    0.99,
    0.999,
    0.99,
    0.9893039638562351,
    0.98,
    0.98,
    0.9700000057000001,
    0.98,
    0.98,
    0.98,
    0.98,
    0.98,
    0.96,
    0.98,
    0.97,
    0.98,
    0.9658978902144442,
    0.94,
    0.9399999889411603,
    0.9199999849179651,
    0.9199999830414124,
    0.92,
    0.92,
    0.91,
    0.9199999982533027,
    0.9199999222534911,
    0.929999999814,
    0.93,
    0.94,
    0.94,
    0.95,
    0.95,
    0.95,
    0.95,
    0.95,
    0.96,
    0.9699999996119998,
    0.98,
    0.98,
    0.98,
    0.97,
    0.97,
    0.97,
    0.97,
    0.9799999992552,
    0.98,
    0.98,
    0.98,
    0.98,
    0.98,
    0.98,
    0.97,
    0.97,
    0.95,
    0.95,
    0.95,
    0.93,
    0.94,
    0.94,
    0.9299999953499987,
    0.9299999767499715,
    0.9299999788635792,
    0.9299999986049996,
    0.91,
    0.93,
    0.9399997731033466,
    0.93,
    0.93,
    0.9300000203000008,
    0.9399999983549999,
    0.93,
    0.9399999777210566,
    0.91,
    0.9,
    0.9396101799607683,
    0.93,
    0.93,
    0.93,
    0.93,
    0.9399999830799987,
    0.94,
    0.94,
    0.94,
    0.9499999960591813,
    0.9707233807431113,
    0.95,
    0.939999991231343,
    0.9300000637000058,
    0.94,
    0.9399999993708166,
    0.94,
    0.94,
    0.95,
    0.93,
    0.95,
    0.95,
    0.96,
    0.95,
    0.94,
    0.93,
    0.93,
    0.94,
    0.9399999874777966,
    0.9399999661599877,
    0.93,
    0.92,
    0.9,
    0.9299999957753943,
    0.9299999817099991,
    0.92999999628,
    0.93,
    0.88,
    0.87,
    0.87,
    0.8694559772889505,
    0.86,
    0.87,
    0.82,
    0.86971009521247,
    0.81,
    0.800977,
    0.7900000138600005,
    0.8,
    0.8,
    0.7900001120000336,
    0.78,
    0.7882470298444496,
    0.76,
    0.7600001337705269,
    0.78,
    0.7763595,
    0.76,
    0.760000032640002,
    0.75,
    0.77,
    0.76,
    0.76,
    0.76,
    0.75,
    0.75,
    0.7300036720235009,
    0.74,
    0.72,
    0.7200003173335026,
    0.75,
    0.7699999963424996,
    0.74,
    0.74,
    0.74000000728,
    0.75,
    0.7400000221419365,
    0.75,
    0.7400000161200007,
    0.7100000733529658,
    0.74,
    0.7524752448426624,
    0.75,
    0.74,
    0.763821,
    0.75,
    0.75,
    0.75,
    0.75,
    0.77,
    0.77,
    0.75,
    0.76,
    0.77,
    0.705,
    0.68,
    0.68,
    0.69,
    0.6900000164300008,
    0.69,
    0.69,
    0.69,
    0.69,
    0.69,
    0.69,
    0.690000037820003,
    0.7092906984919174,
    0.69,
    0.69,
    0.69,
    0.68,
    0.68,
    0.6300001129473934,
    0.61,
    0.61,
    0.61,
    0.61,
    0.63,
    0.63,
    0.62,
    0.62,
    0.62,
    0.6,
    0.58,
    0.567559203444564,
    0.54,
    0.54,
    0.52,
    0.52,
    0.54,
    0.52,
    0.52,
    0.54,
    0.54,
    0.52,
    0.5744992667286513,
    0.56,
    0.52,
    0.53,
    0.53,
    0.5600000352000042,
    0.56,
    0.61,
    0.610000001755,
    0.64,
    0.61,
    0.61,
    0.62,
    0.62,
    0.62,
    0.66,
    0.6599999841599988,
    0.65,
    0.65,
    0.63,
    0.6,
    0.6199999627999948,
    0.6,
    0.6,
    0.6299999976899999,
    0.63,
    0.65,
    0.66,
    0.7200000952000152,
    0.7399999974318293,
    0.73,
    0.73,
    0.73,
    0.75999999848,
    0.75,
    0.7799999937599991,
    0.78,
    0.78,
    0.75,
    0.77,
    0.8,
    0.7959885674171389,
    0.7300000630000063,
    0.7300000318600026,
    0.7899999920999764,
    0.7699999993132665,
    0.7,
    0.7,
    0.7,
    0.7,
    0.6799999945599995,
    0.65,
    0.65,
    0.6409333333333334,
    0.64,
    0.64,
    0.65,
    0.6400000129600009,
    0.65,
    0.64,
    0.65,
    0.64,
    0.6400000040625802,
    0.63,
    0.6353899849106486,
    0.610343347639485,
    0.61,
    0.61,
    0.61,
    0.62,
    0.61,
    0.61,
    0.6079245283018868,
    0.62,
    0.6,
    0.61,
    0.62,
    0.6199999992854721,
    0.62,
    0.6100000226200032,
    0.6,
    0.6,
    0.59,
    0.6,
    0.64,
    0.64,
    0.58,
    0.57,
    0.57,
    0.54,
    0.5672404738400789,
    0.5399999924210501,
    0.56,
    0.56,
    0.56,
    0.57,
    0.5589774507560422,
    0.55,
    0.55,
    0.55,
    0.54,
    0.54,
    0.54,
    0.55,
    0.54,
    0.54,
    0.54,
    0.55,
    0.55,
    0.54,
    0.54,
    0.54,
    0.5,
    0.54,
    0.54,
    0.53,
    0.5392436231884058,
    0.53,
    0.5,
    0.5,
    0.53,
    0.5,
    0.52999999768125,
    0.52,
    0.5,
    0.53,
    0.53,
    0.52,
    0.5172358208955223,
    0.51,
    0.51,
    0.51,
    0.51,
    0.5,
    0.51,
    0.5,
    0.51,
    0.5,
    0.51,
    0.4949530248830536,
    0.48,
    0.4700000100700008,
    0.4700000018928578,
    0.4700000018928578,
    0.4725,
    0.4676464268292318,
    0.4400000224000036,
    0.46,
    0.44,
    0.46,
    0.46,
    0.46,
    0.46,
    0.44,
    0.46,
    0.4492152173913043,
    0.45711925,
    0.435625,
    0.44,
    0.43,
    0.43000000342000033,
    0.43000000021969553,
    0.4399999959384615,
    0.430000003306,
    0.43000000097714286,
    0.4300000083125016,
    0.4399999953815875,
    0.43000000017538464,
    0.43999980639989156,
    0.43,
    0.43,
    0.4399999956977777,
    0.43000000808815536,
    0.43,
    0.44,
    0.46,
    0.4300000033250001,
    0.45999999709473677,
    0.43,
    0.44,
    0.440000003136,
    0.4400001568001129,
    0.4400000224000036,
    0.4400001568001129,
    0.4400000224000036,
    0.440000003136,
    0.4400000224000036,
    0.4400000746667065,
    0.459999954455435,
    0.44,
    0.4300000008645096,
    0.44,
    0.44,
    0.44000000339393947,
    0.42261363636363636,
    0.42,
    0.410000001298,
    0.41000000531000047,
    0.44,
    0.4282717157627735,
    0.41999999327999976,
    0.4199999943999999,
    0.31,
    0.36,
    0.28,
    0.35,
    0.33,
    0.33,
    0.4199999946374827,
    0.46020832362326203,
    0.46,
    0.45999999769999994,
    0.49,
    0.48,
    0.48,
    0.48999999962216867,
    0.51,
    0.51,
    0.51,
    0.53,
    0.55,
    0.55,
    0.56,
    0.56,
    0.585,
    0.57,
    0.5300000297666747,
    0.56,
    0.5599999971999999,
    0.55,
    0.5451696339455567,
    0.5346534629644153,
    0.53,
    0.5200000048000002,
    0.53,
    0.49,
    0.53,
    0.5213461725534583,
    0.5196217846913828,
    0.52,
    0.52,
    0.51,
    0.52,
    0.519999998336,
    0.49,
    0.5,
    0.5,
    0.5,
    0.5,
    0.5,
    0.5,
    0.53,
    0.530000086462289,
    0.52,
    0.52,
    0.51,
    0.51,
    0.51,
    0.51,
    0.51,
    0.51,
    0.51,
    0.51,
    0.50999999847,
    0.509999993005714,
    0.51,
    0.5099998316998873,
    0.51,
    0.51,
    0.51,
    0.51,
    0.51,
    0.5,
    0.51,
    0.5,
    0.51,
    0.5,
    0.5099999955799998,
    0.5,
    0.5,
    0.5,
    0.5,
    0.5,
    0.5,
    0.5,
    0.5,
    0.5,
    0.49000000153,
    0.5,
    0.49,
    0.5,
    0.49,
    0.49,
    0.49,
    0.49,
    0.49,
    0.49,
    0.49,
    0.48999999372116837,
    0.48999999656999993,
    0.49,
    0.48,
    0.48,
    0.4899999982974287,
    0.48,
    0.48,
    0.47999999332870014,
    0.47,
    0.4700000274814902,
    0.47399995,
    0.44,
    0.47,
    0.47,
    0.47,
    0.47,
    0.4400000224000036,
    0.47,
    0.4600000694285873,
    0.4600000694285873,
    0.46,
    0.46,
    0.44,
    0.46,
    0.46,
    0.44,
    0.45986892809666424,
    0.44,
    0.44,
    0.44,
    0.46,
    0.46,
    0.46,
    0.4599997607998852,
    0.44,
    0.44,
    0.44,
    0.44,
    0.44,
    0.44,
    0.44,
    0.44,
    0.44,
    0.44,
    0.44,
    0.44,
    0.44000000336000006,
    0.45,
    0.45,
    0.45,
    0.45,
    0.45,
    0.45,
    0.45,
    0.45,
    0.45,
    0.46999999569166634,
    0.45,
    0.46,
    0.45,
    0.45,
    0.45,
    0.45,
    0.45,
    0.45,
    0.45,
    0.45,
    0.45,
    0.45,
    0.4500000785714454,
    0.44,
    0.44,
    0.44,
    0.4499999549999955,
    0.44,
    0.44,
    0.44,
    0.44,
    0.44,
    0.44,
    0.44,
    0.44,
    0.44,
    0.4000000165107338,
    0.4399999295999761,
    0.42,
    0.44,
    0.42,
    0.44,
    0.42,
    0.43999980639989156,
    0.43,
    0.45,
    0.44,
    0.44999998636363575,
    0.43,
    0.43,
    0.43,
    0.42000000464000087,
    0.43,
    0.42,
    0.42,
    0.43,
    0.42999998549935103,
    0.43,
    0.43,
    0.42,
    0.41,
    0.42,
    0.42,
    0.40557539132523884,
    0.41999998809999933,
    0.4,
    0.4,
    0.41,
    0.42,
    0.42,
    0.4,
    0.4,
    0.4166447368421053,
    0.41,
    0.41,
    0.4,
    0.4,
    0.4,
    0.4,
    0.41,
    0.4,
    0.44,
    0.425,
    0.4,
    0.4,
    0.3900000244000039,
    0.41,
    0.41,
    0.41,
    0.4,
    0.41,
    0.4,
    0.4,
    0.39,
    0.39,
    0.37,
    0.4,
    0.3838105751599746,
    0.35,
    0.35999994384400424,
    0.3300000028586667,
    0.3300000375200129,
    0.34999999299999984,
    0.33,
    0.33,
    0.3200000182901087,
    0.320000001904,
    0.32000003626668894,
    0.3499999894999998,
    0.32000003626668894,
    0.34,
    0.35,
    0.34000017433990554,
    0.3799999969977426,
    0.36557497700091995,
    0.36,
    0.34,
    0.34,
    0.3400000046200002,
    0.34,
    0.34,
    0.36,
    0.36,
    0.36,
    0.36,
    0.35000005909092163,
    0.36,
    0.3500000382353031,
    0.359999981647058,
    0.3454161263254253,
    0.3386365898606297,
    0.32,
    0.3299998927499812,
    0.31,
    0.32,
    0.32,
    0.32,
    0.32,
    0.32,
    0.32,
    0.32,
    0.3200000054400005,
    0.32,
    0.34,
    0.32,
    0.32,
    0.32,
    0.32,
    0.32,
    0.32,
    0.32,
    0.32,
    0.32,
    0.3293289406510425,
    0.27,
    0.3000000028000002,
    0.32,
    0.32,
    0.3200000054400005,
    0.3,
    0.3,
    0.3,
    0.3,
    0.32,
    0.31,
    0.31,
    0.31000001774286684,
    0.3,
    0.3,
    0.3,
    0.31,
    0.3,
    0.3,
    0.3,
    0.3,
    0.3,
    0.3,
    0.3,
    0.3,
    0.3,
    0.3,
    0.3,
    0.31,
    0.3,
    0.3,
    0.3,
    0.3,
    0.3,
    0.3,
    0.3,
    0.3,
    0.3,
    0.2900000394444642,
    0.2900000394444642,
    0.29999992499998124,
    0.27000000079530323,
    0.3,
    0.27,
    0.29,
    0.27,
    0.27,
    0.27,
    0.3,
    0.3,
    0.3,
    0.3,
    0.3,
    0.3,
    0.3,
    0.3,
    0.3,
    0.3,
    0.31,
    0.31,
    0.32,
    0.32,
    0.32,
    0.32,
    0.32,
    0.32,
    0.32,
    0.32,
    0.32,
    0.32,
    0.32,
    0.32,
    0.32,
    0.32,
    0.32,
    0.32,
    0.32,
    0.32000000085849556,
    0.32000000163200004,
    0.3399999906422016,
    0.3399999967133333,
    0.3300000050250002,
    0.33,
    0.33,
    0.34,
    0.33,
    0.32,
    0.31,
    0.3000000070000006,
    0.31061929722384,
    0.3,
    0.31,
    0.27,
    0.3134427771030051,
    0.31,
    0.31,
    0.31,
    0.31,
    0.30541870251158654,
    0.31,
    0.31,
    0.30792753623188407,
    0.30999996395348556,
    0.31,
    0.31,
    0.31,
    0.3,
    0.299999969999997,
    0.29,
    0.29000000043546664,
    0.290000001988,
    0.2900000600604723,
    0.29,
    0.29,
    0.290000001988,
    0.2900911072242029,
    0.29009110339436844,
    0.29009110443845415,
    0.3,
    0.28999999708438057,
    0.28,
    0.29,
    0.29,
    0.29,
    0.29000003555795767,
    0.3,
    0.3,
    0.30999999124705857,
    0.3,
    0.30999999934797046,
    0.3,
    0.3,
    0.31,
    0.30000002800000447,
    0.30000002800000447,
    0.3000000070000006,
    0.30999999887923074,
    0.31,
    0.3,
    0.3,
    0.3,
    0.3,
    0.3,
    0.3099998294999233,
    0.30999999683799995,
    0.3000000070000006,
    0.3000000070000006,
    0.30000000092178036,
    0.3,
    0.3000000070000006,
    0.315232105962882,
    0.3,
    0.3,
    0.30999985990377477,
    0.3,
    0.3,
    0.3,
    0.3000000070000006,
    0.31046831068394026,
    0.3000000070000006,
    0.31,
    0.31,
    0.30995316890415237,
    0.3,
    0.3,
    0.3,
    0.3,
    0.3,
    0.32,
    0.31,
    0.30999989597311944,
    0.3,
    0.31,
    0.31,
    0.30000000335826477,
    0.31,
    0.3100000378658631,
    0.31000000828000324,
    0.31000001311000236,
    0.31,
    0.3,
    0.31,
    0.3,
    0.3,
    0.3,
    0.3,
    0.30999996217999704,
    0.3,
    0.3,
    0.3,
    0.3099998066054478,
    0.3,
    0.3,
    0.3,
    0.3,
    0.3,
    0.3,
    0.3,
    0.3098867917618891,
    0.3098867909502142,
    0.3098867924083037,
    0.3,
    0.30000006730775053,
    0.31,
    0.3096661662667127,
    0.3000000028000002,
    0.30966616792681445,
    0.3,
    0.3,
    0.3000000070000006,
    0.3000000070000006,
    0.3000001650946901,
    0.32,
    0.31,
    0.31,
    0.31,
    0.31000000745200024,
    0.31988666991100245,
    0.31986538771562145,
    0.31000000103500003,
    0.31986553406946716,
    0.3198655336898764,
    0.31993164933135215,
    0.31,
    0.31000000483000023,
    0.31000000103500003,
    0.31,
    0.31,
    0.32,
    0.3100000037074629,
    0.32,
    0.31990811009725895,
    0.31000000126500005,
    0.31000000217271517,
    0.31,
    0.31,
    0.32,
    0.32,
    0.32,
    0.3201173799697088,
    0.3201173461016295,
    0.3200000010262475,
    0.3100000414000389,
    0.32,
    0.32,
    0.31000000003572364,
    0.32,
    0.31,
    0.3200001088000914,
    0.32000002720000437,
    0.32000023726481125,
    0.32,
    0.32,
    0.32,
    0.32,
    0.32,
    0.32,
    0.32000003626668894,
    0.3200001088000914,
    0.32000002720000437,
    0.32,
    0.32,
    0.32,
    0.32,
    0.3299999949246385,
    0.3200000054400005,
    0.32,
    0.32,
    0.3200000025349488,
    0.32,
    0.32,
    0.3200000474419123,
    0.3200000054400005,
    0.329999997822,
    0.3200001088000914,
    0.3299999935941176,
    0.32,
    0.3200000023168658,
    0.3200000054400005,
    0.3200000054400005,
    0.3200000047099569,
    0.32,
    0.3299999798165119,
    0.3200000063466668,
    0.3299999918068962,
    0.32000000163200004,
    0.32000002720000437,
    0.3299999922047242,
    0.3200001088000914,
    0.32,
    0.3200000014090344,
    0.32,
    0.32,
    0.3200001088000914,
    0.3200000462136115,
    0.3200000146105663,
    0.3299999820281683,
    0.3200000246525708,
    0.3200000054400005,
    0.32,
    0.3299999295999915,
    0.32000002720000437,
    0.3185408721605041,
    0.31,
    0.3000000070000006,
    0.32,
    0.31840796019900497,
    0.3099024244273868,
    0.309902424319538,
    0.3000000091984236,
    0.3,
    0.31,
    0.31,
    0.3,
    0.31,
    0.3099999659963412,
    0.3000000070000006,
    0.3,
    0.3,
    0.3,
    0.3,
    0.30000000065795657,
    0.3,
    0.31,
    0.3,
    0.30000000126609183,
    0.31,
    0.31,
    0.31,
    0.31,
    0.29,
    0.29000000217315264,
    0.29,
    0.29999794347475756,
    0.29995499549954996,
    0.3099998294999233,
    0.3000001129033897,
    0.30000002800000447,
    0.3,
    0.29000000235828177,
    0.31,
    0.3,
    0.31,
    0.3,
    0.3,
    0.3,
    0.3,
    0.3,
    0.3,
    0.3,
    0.3100000414000389,
    0.31,
    0.31000001311000236,
    0.3100000178764345,
    0.31,
    0.31,
    0.31,
    0.3100000127904116,
    0.32,
    0.31000015712883267,
    0.31,
    0.31,
    0.3100000148551107,
    0.32,
    0.32,
    0.32,
    0.310000004852322,
    0.3100000310318025,
    0.31,
    0.31000001848215886,
    0.3135724613696148,
    0.3,
    0.3,
    0.31,
    0.3,
    0.3,
    0.30000002800000447,
    0.3000000368421421,
    0.3,
    0.3,
    0.30999998356999925,
    0.3,
    0.31,
    0.3,
    0.31,
    0.31,
    0.31,
    0.31,
    0.31,
    0.3,
    0.30000002800000447,
    0.3,
    0.309999998016,
    0.30000000350000006,
    0.31,
    0.3,
    0.3,
    0.3,
    0.3,
    0.3,
    0.309999837326657,
    0.3000000070000006,
    0.3,
    0.3,
    0.3,
    0.30000000056,
    0.3,
    0.30999999646867366,
    0.3,
    0.3,
    0.3,
    0.3,
    0.3,
    0.31,
    0.31,
    0.31,
    0.31,
    0.31,
    0.31,
    0.31,
    0.31,
    0.31,
    0.31,
    0.3100000414000389,
    0.31000007029874377,
    0.31,
    0.32,
    0.31000000828000324,
    0.31000000828000324,
    0.32,
    0.31,
    0.31,
    0.3100000020350701,
    0.3100000065714291,
    0.32,
    0.31000001311000236,
    0.31000013800029086,
    0.3100001287316075,
    0.31,
    0.31000000103500003,
    0.3100000414000389,
    0.31000000745200024,
    0.31000000745200024,
    0.31000000046000004,
    0.32,
    0.3100000414000389,
    0.31,
    0.31,
    0.31,
    0.31000000050203497,
    0.31,
    0.32,
    0.31000005750001436,
    0.32,
    0.32,
    0.31000000828000324,
    0.32,
    0.31000000828000324,
    0.3100000414000389,
    0.32,
    0.32,
    0.32,
    0.31000000483000023,
    0.32,
    0.31000000103500003,
    0.31000000828000324,
    0.32,
    0.31000000317400006,
    0.31,
    0.3100000414000389,
    0.31000002185000297,
    0.32,
    0.31,
    0.31000000828000324,
    0.31,
    0.31000000016810636,
    0.31,
    0.31,
    0.32,
    0.31000000745200024,
    0.31000000828000324,
    0.3100000037408233,
    0.31,
    0.3100000414000389,
    0.31000000828000324,
    0.31000000103500003,
    0.31000000828000324,
    0.31000000064626915,
    0.3100001583610088,
    0.31000000294871827,
    0.31,
    0.3100000019312978,
    0.31000000483000023,
    0.31,
    0.31000000483000023,
    0.32,
    0.31,
    0.31000000103500003,
    0.3100000009745763,
    0.32,
    0.32,
    0.32,
    0.3100000274778872,
    0.32,
    0.32,
    0.32,
    0.3299999811899992,
    0.31000000828000324,
    0.3241295391880345,
    0.31000000828000324,
    0.31000000317400006,
    0.3100000246892693,
    0.31000000059142857,
    0.3100000091869348,
    0.31,
    0.31,
    0.31,
    0.31,
    0.31,
    0.31000000294118846,
    0.32,
    0.31,
    0.32,
    0.31,
    0.31,
    0.31,
    0.32,
    0.32,
    0.32,
    0.3200000010880001,
    0.3200000137721539,
    0.32,
    0.32,
    0.32000020118396766,
    0.3299999929411764,
    0.320000007539848,
    0.32000002720000437,
    0.33,
    0.32,
    0.32,
    0.32000011147557433,
    0.3200000054400005,
    0.320000005913046,
    0.32,
    0.32,
    0.32000002165881625,
    0.32000003005525285,
    0.3200000194285764,
    0.32,
    0.32,
    0.32000002720000437,
    0.3200000054400005,
    0.32000002720000437,
    0.32000000068,
    0.3200001088000914,
    0.33,
    0.3200000039941274,
    0.32,
    0.33,
    0.3200000062865952,
    0.320000003571898,
    0.32999998895196464,
    0.32,
    0.32,
    0.33,
    0.3299999590799969,
    0.3299999590799969,
    0.3299999922449998,
    0.33,
    0.32,
    0.3200000076588903,
    0.32,
    0.32,
    0.32,
    0.32,
    0.32,
    0.3200000084428357,
    0.32,
    0.3299999875569516,
    0.3299999254444337,
    0.3299999590799969,
    0.32000000412621377,
    0.32,
    0.32000000480565455,
    0.32,
    0.3200001088000914,
    0.32,
    0.32,
    0.32999991357141006,
    0.32000002472727745,
    0.3200000054400005,
    0.32,
    0.3200001088000914,
    0.3299999811899992,
    0.32999978219992593,
    0.3200001088000914,
    0.3200001088000914,
    0.3200001088000914,
    0.33,
    0.32,
    0.3299999295999915,
    0.32,
    0.32,
    0.3200001088000914,
    0.32,
    0.3200001547969644,
    0.3200001088000914,
    0.32000000163200004,
    0.3200001088000914,
    0.3200001088000914,
    0.31,
    0.31,
    0.32,
    0.32,
    0.31,
    0.3100000043370043,
    0.32999996647618857,
    0.32729867567826804,
    0.32,
    0.32,
    0.32,
    0.31,
    0.32,
    0.3100000414000389,
    0.3100000414000389,
    0.31000000828000324,
    0.3100000414000389,
    0.31000000904108177,
    0.31,
    0.3100000414000389,
    0.3100000414000389,
    0.31,
    0.31000000828000324,
    0.31000001311000236,
    0.3100000414000389,
    0.32,
    0.32,
    0.3100000414000389,
    0.31,
    0.31000000381845616,
    0.32,
    0.32,
    0.3100000414000389,
    0.3100000118965618,
    0.3100000414000389,
    0.3100000414000389,
    0.32,
    0.31000001311000236,
    0.3100000414000389,
    0.31,
    0.32,
    0.32,
    0.3100000414000389,
    0.3100000414000389,
    0.32,
    0.32,
    0.32,
    0.32,
    0.32,
    0.31000000317400006,
    0.3100000414000389,
    0.31000000483000023,
    0.31000000046000004,
    0.32,
    0.3100000414000389,
    0.31,
    0.3100000414000389,
    0.31000000301875036,
    0.31000001406346467,
    0.31,
    0.3100000414000389,
    0.31000001311000236,
    0.3100000414000389,
    0.3100000414000389,
    0.32,
    0.3100000414000389,
    0.32,
    0.3100000414000389,
    0.3100000414000389,
    0.3100000414000389,
    0.31000000406200956,
    0.3,
    0.3156553307316342,
    0.3,
    0.30000000270520955,
    0.310082835450036,
    0.3100827902248456,
    0.3100828170098507,
    0.3,
    0.32,
    0.310083218709152,
    0.3098515586076527,
    0.31,
    0.30000003414218446,
    0.3100000414000389,
    0.3,
    0.3,
    0.3,
    0.3101453634085213,
    0.30000000779744546,
    0.3,
    0.3,
    0.3,
    0.3,
    0.3,
    0.3,
    0.31,
    0.31,
    0.3,
    0.3,
    0.32,
    0.31,
    0.3200976058983591,
    0.3200976211297009,
    0.32773972482217584,
    0.3198214283400459,
    0.31982142802755603,
    0.31,
    0.31000000024943514,
    0.31,
    0.31,
    0.31,
    0.31000000348542306,
    0.3100000414000389,
    0.310000000575,
    0.31,
    0.3100000037178329,
    0.31,
    0.32,
    0.31,
    0.32,
    0.32000000623085595,
    0.3200000007034483,
    0.3200001088000914,
    0.3200001087132294,
    0.32,
    0.32,
    0.32,
    0.320000002940583,
    0.32,
    0.33,
    0.32,
    0.32,
    0.3200000817635582,
    0.33,
    0.3200000087812758,
    0.32,
    0.32,
    0.32,
    0.3200000054400005,
    0.32,
    0.32,
    0.32,
    0.32,
    0.32000001044440146,
    0.32000002720000437,
    0.32,
    0.32,
    0.3200001088000914,
    0.32,
    0.32,
    0.3200000008920392,
    0.32,
    0.32000000208771934,
    0.32,
    0.32,
    0.32,
    0.3200000059911903,
    0.32997901364113325,
    0.3200000054400005,
    0.32000000257149613,
    0.32000000761116026,
    0.32,
    0.32,
    0.3324265630475023,
    0.3200000054400005,
    0.3299999811899992,
    0.3200000061818184,
    0.32,
    0.32,
    0.3299999916631577,
    0.3200000054400005,
    0.3200001088000914,
    0.32,
    0.33,
    0.32,
    0.32,
    0.32,
    0.3200000054400005,
    0.3299998132074767,
    0.33,
    0.32,
    0.3200000063466668,
    0.33,
    0.32,
    0.33,
    0.33,
    0.33,
    0.33,
    0.33,
    0.33,
    0.33,
    0.32,
    0.32,
    0.32,
    0.32,
    0.33,
    0.33,
    0.32,
    0.33,
    0.32,
    0.33,
    0.32,
    0.3200005230832269,
    0.3200000226667037,
    0.32,
    0.33,
    0.3200001730910224,
    0.3200000226667037,
    0.33,
    0.32,
    0.32,
    0.32000000679932084,
    0.32999985365211154,
    0.3200001730910224,
    0.32000003626668894,
    0.3200000226667037,
    0.3200001360001671,
    0.32000008369242616,
    0.32000003626668894,
    0.3200001360001671,
    0.3200001730910224,
    0.3200000226667037,
    0.32000008369242616,
    0.32,
    0.33,
    0.3200000107010799,
    0.32,
    0.3200000054400005,
    0.32999982277770884,
    0.32000011147557433,
    0.32,
    0.32,
    0.32,
    0.33,
    0.33,
    0.3200001088000914,
    0.34,
    0.3363339536677085,
    0.32000006294845856,
    0.32,
    0.32000003626668894,
    0.3299997981552673,
    0.32,
    0.33,
    0.32,
    0.33,
    0.33,
    0.33,
    0.32,
    0.3299999590799969,
    0.32000004029630885,
    0.32000003885715916,
    0.3200000850000425,
    0.32000006528004593,
    0.32000003885715916,
    0.32000003885715916,
    0.3200000226667037,
    0.32,
    0.3200000302222545,
    0.3200000680000175,
    0.32,
    0.32,
    0.33,
    0.3200000741818438,
    0.32000007157901517,
    0.32000003400002663,
    0.3200000741818438,
    0.32000003626668894,
    0.32000003626668894,
    0.32,
    0.32000007157901517,
    0.32000004029630885,
    0.32000000937931666,
    0.32,
    0.33,
    0.32000006528004593,
    0.32,
    0.3200000226667037,
    0.3200000680000175,
    0.32,
    0.32000008369242616,
    0.32,
    0.32000001554286567,
    0.3200000104615423,
    0.32,
    0.33,
    0.32,
    0.32000003400002663,
    0.3200000614193889,
    0.32,
    0.32000000937931666,
    0.3200000741818438,
    0.32000000937931666,
    0.3200001360001671,
    0.3200000104615423,
    0.3200000680000175,
    0.32,
    0.33,
    0.33,
    0.33,
    0.33,
    0.33,
    0.33,
    0.33,
    0.33,
    0.33,
    0.33,
    0.33,
    0.330000043896564,
    0.3300000211579163,
    0.3300000067000044,
    0.33000003970373076,
    0.33000004872728395,
    0.33000008246156004,
    0.33000007956259003,
    0.33000001576471477,
    0.330000002392858,
    0.33000001576471477,
    0.33,
    0.34,
    0.3399999255237904,
    0.3399999255237904,
    0.3399999443636286,
    0.339999885249967,
    0.33999991688886305,
    0.33999992980644345,
    0.33999995030768043,
    0.33999992980644345,
    0.33999995310343856,
    0.33999991839998694,
    0.3399999421999809,
    0.33999995310343856,
    0.34,
    0.33999993703702536,
    0.33999991839998694,
    0.33999995310343856,
    0.3399999421999809,
    0.33999994106665726,
    0.33999994106665726,
    0.3399999247142755,
    0.34,
    0.33,
    0.33,
    0.3300000268000056,
    0.34,
    0.3399999319999853,
    0.3399999553749919,
    0.33999991036361926,
    0.339999885249967,
    0.33999992980644345,
    0.339999829999915,
    0.33999994711110465,
    0.33999994106665726,
    0.339999957257136,
    0.3399999319999853,
    0.33,
    0.33,
    0.3399999467825939,
    0.3399999247142755,
    0.3399999443636286,
    0.33999995310343856,
    0.3399998997894505,
    0.33999994106665726,
    0.3399999553749919,
    0.33999991036361926,
    0.33999988666661,
    0.33999995030768043,
    0.33,
    0.32,
    0.33,
    0.33999990479996317,
    0.33999995884209944,
    0.3399999467825939,
    0.339999885249967,
    0.3399999467825939,
    0.33999995030768043,
    0.33999995310343856,
    0.3399999443636286,
    0.3399999319999853,
    0.339999957257136,
    0.33,
    0.33,
    0.34,
    0.3200000680000175,
    0.3200001088000914,
    0.32000007157901517,
    0.3200000104615423,
    0.3200000412121312,
    0.3200000741818438,
    0.32000000937931666,
    0.3200000850000425,
    0.32,
    0.3200000741818438,
    0.33,
    0.33000000368463606,
    0.33,
    0.33,
    0.33,
    0.33,
    0.34,
    0.33,
    0.33000005325643333,
    0.330000080958391,
    0.3300000287142982,
    0.33000007956259003,
    0.33000001256250366,
    0.330000043896564,
    0.3300000813571911,
    0.3300000268000056,
    0.33000001576471477,
    0.3300000497714533,
    0.33,
    0.34,
    0.33,
    0.34,
    0.33000004872728395,
    0.33000000446607414,
    0.33,
    0.3300000804000707,
    0.33000004538712296,
    0.33000002047222726,
    0.3300000804000707,
    0.3300000804000707,
    0.3300000211579163,
    0.3300000818889244,
    0.3300000211579163,
    0.34,
    0.33000001608000123,
    0.3300000067000044,
    0.3300000375200129,
    0.33000001589312195,
    0.33,
    0.3300000822273,
    0.33000008246156004,
    0.330000182727389,
    0.3300000044666726,
    0.33000001576471477,
    0.330000080958391,
    0.3300000287142982,
    0.33000007956259003,
    0.3300000375200129,
    0.33000001576471477,
    0.3300000818889244,
    0.3300000320435046,
    0.33000008246156004,
    0.3300000287142982,
    0.33000004538712296,
    0.3300000044666726,
    0.3300000067000044,
    0.33,
    0.34,
    0.34,
    0.33000001608000123,
    0.34,
    0.33,
    0.34,
    0.33,
    0.34,
    0.33,
    0.34,
    0.3300000804000707,
    0.33,
    0.34,
    0.34,
    0.33,
    0.33999988972966616,
    0.33000000134,
    0.33000007730783204,
    0.3300001904903287,
    0.33,
    0.34,
    0.33,
    0.33,
    0.34,
    0.3300000804000707,
    0.34,
    0.33,
    0.3399998551851128,
    0.3300000804000707,
    0.34,
    0.3300000804000707,
    0.34,
    0.33,
    0.33000001608000123,
    0.339999829999915,
    0.3300000050250002,
    0.34,
    0.34,
    0.33,
    0.34,
    0.34,
    0.34,
    0.34,
    0.34,
    0.34,
    0.33,
    0.3300000050250002,
    0.34,
    0.34,
    0.34,
    0.34,
    0.34,
    0.34,
    0.34,
    0.3300000375200129,
    0.33000000019142856,
    0.3300000804000707,
    0.34,
    0.33,
    0.3300000804000707,
    0.33,
    0.32,
    0.32,
    0.32,
    0.3200000064504765,
    0.32000000083275165,
    0.32,
    0.33,
    0.33,
    0.33,
    0.33,
    0.32,
    0.3200001088000914,
    0.32,
    0.32000001792843813,
    0.32000002720000437,
    0.33,
    0.3200001088000914,
    0.3200001088000914,
    0.32,
    0.33,
    0.33,
    0.33,
    0.33,
    0.33,
    0.33,
    0.34,
    0.33,
    0.34,
    0.33,
    0.33,
    0.34,
    0.33,
    0.34,
    0.33,
    0.33,
    0.34,
    0.34,
    0.33,
    0.34,
    0.33,
    0.34,
    0.34,
    0.33,
    0.33,
    0.33,
    0.34,
    0.34,
    0.34,
    0.34,
    0.34,
    0.35,
    0.34,
    0.34,
    0.34000007700011936,
    0.34000000880000103,
    0.3400000158400012,
    0.34,
    0.34,
    0.3400000422400311,
    0.34,
    0.35452387864024265,
    0.35,
    0.3400001056000359,
    0.34,
    0.34,
    0.34000007040003943,
    0.34,
    0.33,
    0.34,
    0.3300000040311262,
    0.34,
    0.34,
    0.34,
    0.34,
    0.34,
    0.34,
    0.3400000076324701,
    0.34,
    0.34,
    0.34,
    0.34,
    0.34,
    0.34,
    0.34,
    0.34,
    0.3497466002000798,
    0.34974660047569867,
    0.35,
    0.35,
    0.3599999870399992,
    0.35,
    0.35999991085712246,
    0.3599999499130287,
    0.3599999537142751,
    0.3599998439999376,
    0.35999991085712246,
    0.36,
    0.36,
    0.3599999308799856,
    0.35999996571428083,
    0.3599998919999649,
    0.3599999317894507,
    0.359999901818164,
    0.3599999453792998,
    0.36,
    0.359999939999985,
    0.35999993759999,
    0.359999901818164,
    0.35999993759999,
    0.3599999317894507,
    0.35999992079997784,
    0.35999996497296693,
    0.3599999499130287,
    0.3599999423999928,
    0.35999983384610273,
    0.35999992246152535,
    0.359999881411734,
    0.3599999537142751,
    0.3599998439999376,
    0.35999992079997784,
    0.3599999308799856,
    0.3599999177142457,
    0.3599999453792998,
    0.3599999453792998,
    0.35999996497296693,
    0.35999992246152535,
    0.35544271659790544,
    0.359999939999985,
    0.34999996048386267,
    0.3499999124999821,
    0.34999993152172276,
    0.34999994749999036,
    0.3499999078947126,
    0.34999994749999036,
    0.34999993269229474,
    0.34999995882352214,
    0.3499999279411489,
    0.35,
    0.3499999015624662,
    0.34999994696968895,
    0.3499999336206794,
    0.34000017600012067,
    0.34,
    0.3400000779747072,
    0.34,
    0.34,
    0.34000004242858384,
    0.34000002475001456,
    0.34000003473687684,
    0.34000007040003943,
    0.3400000152307806,
    0.34000004658824573,
    0.34999999183333297,
    0.34000006914288283,
    0.3400000422400311,
    0.34000007333340665,
    0.34,
    0.3400000468387366,
    0.3400000468387366,
    0.34000006914288283,
    0.3400000152307806,
    0.34000001820690234,
    0.34000002475001456,
    0.34000001820690234,
    0.3400000684444627,
    0.3400001056000359,
    0.3400000422400311,
    0.3400001056000359,
    0.34000007040003943,
    0.34000007040003943,
    0.34000004242858384,
    0.3400001164707047,
    0.34000001820690234,
    0.34000002475001456,
    0.34,
    0.34000002475001456,
    0.3400000264000065,
    0.34000007150005185,
    0.34000007150005185,
    0.3400000073333353,
    0.3400000360000144,
    0.3400000468387366,
    0.34000007040003943,
    0.34000003473687684,
    0.34000000573913286,
    0.34000001820690234,
    0.34,
    0.3400000360000144,
    0.34000002475001456,
    0.3400000152307806,
    0.34000007700011936,
    0.34000004242858384,
    0.34000007040003943,
    0.34,
    0.3400000360000144,
    0.34000001820690234,
    0.3400001257144114,
    0.3400000264000065,
    0.34000003126317285,
    0.34000000573913286,
    0.34000007040003943,
    0.34000004950000867,
    0.3400000046215253,
    0.3398654707502174,
    0.3398654704289663,
    0.3398654706766713,
    0.33000004538712296,
    0.330000002392858,
    0.33000001576471477,
    0.330000002392858,
    0.330000080958391,
    0.3300000211579163,
    0.33000004538712296,
    0.330000043896564,
    0.3300000375200129,
    0.33000007956259003,
    0.34,
    0.3300000804000707,
    0.350097743521848,
    0.3499625595350862,
    0.3499625595599427,
    0.35003982330111844,
    0.3500727403611076,
    0.3500171442871838,
    0.34975599315068495,
    0.35,
    0.35,
    0.35000004455108985,
    0.35,
    0.35,
    0.3500000112069002,
    0.35,
    0.3500000732642598,
    0.35,
    0.3500000601852019,
    0.35000003421056053,
    0.35000002031251204,
    0.35,
    0.35,
    0.35,
    0.35,
    0.36,
    0.35,
    0.35,
    0.36,
    0.36,
    0.36,
    0.36,
    0.36,
    0.35000003482143915,
    0.35,
    0.35,
    0.35,
    0.35,
    0.35000007724310106,
    0.35,
    0.35,
    0.35,
    0.35,
    0.35000002031251204,
    0.3500000382353031,
    0.35,
    0.35000003454509065,
    0.36,
    0.36,
    0.36,
    0.36,
    0.36,
    0.36,
    0.36,
    0.36,
    0.36,
    0.36,
    0.36,
    0.36,
    0.36,
    0.36,
    0.36,
    0.36,
    0.36999991176921787,
    0.36,
    0.36,
    0.36999991119997694,
    0.36,
    0.36,
    0.36999995917240425,
    0.36,
    0.36,
    0.3699999444999885,
    0.36999991152172185,
    0.36999983349993615,
    0.36999993627775335,
    0.3699999306249841,
    0.36999992723332337,
    0.36999993304759926,
    0.3699999559523757,
    0.3699999549062414,
    0.36999991176921787,
    0.36999995920512224,
    0.36999991152172185,
    0.3699999107646749,
    0.36999991176921787,
    0.3699999306249841,
    0.36999995137142105,
    0.3699999415161194,
    0.36999994839473044,
    0.36999987476917684,
    0.36999995917240425,
    0.3699999529090755,
    0.36999983349993615,
    0.3699999444999885,
    0.3699999390588156,
    0.36999987476917684,
    0.36999991119997694,
    0.36999984953329423,
    0.3699999529090755,
    0.3699999415161194,
    0.3699999390588156,
    0.3699999101428148,
    0.36999995137142105,
    0.36,
    0.3699999529090755,
    0.36999993627775335,
    0.36999993304759926,
    0.36999995137142105,
    0.36999987476917684,
    0.36999984953329423,
    0.3699999101428148,
    0.36999994839473044,
    0.36999993304759926,
    0.3699999529090755,
    0.36999991152172185,
    0.3699999529090755,
    0.36999993304759926,
    0.36999993304759926,
    0.36999991152172185,
    0.3699999390588156,
    0.3699999415161194,
    0.36999991176921787,
    0.3699999306249841,
    0.3699999549062414,
    0.36999997762998654,
    0.36,
    0.35,
    0.35,
    0.35,
    0.35,
    0.35,
    0.35,
    0.35,
    0.35,
    0.35,
    0.35,
    0.35,
    0.35,
    0.34318775,
    0.3200224186828061,
    0.3200223262648861,
    0.3200222980444038,
    0.32002230863342296,
    0.3198253248087833,
    0.3198253273637192,
    0.3198253272755798,
    0.32,
    0.31,
    0.32,
    0.32,
    0.32,
    0.32,
    0.31,
    0.31,
    0.32,
    0.31,
    0.32,
    0.32,
    0.32,
    0.32,
    0.27545830294189155,
    0.26,
    0.239652,
    0.23,
    0.26,
    0.22,
    0.268464,
    0.226694,
    0.22,
    0.27,
    0.2,
    0.2,
    0.2,
    0.2099072230192943,
    0.20976967989152995,
    0.20976967982560396,
    0.20974883710019035,
    0.20974883543039022,
    0.2,
    0.21001603688296014,
    0.2,
    0.2,
    0.2,
    0.2,
    0.21,
    0.21,
    0.20995046399695352,
    0.21987767506624456,
    0.21002422951318578,
    0.2100242283571779,
    0.2,
    0.2,
    0.20996819568096145,
    0.20996819616390522,
    0.21009389967544004,
    0.2194546850998464,
    0.2,
    0.2,
    0.2,
    0.2,
    0.2,
    0.21010144270367245,
    0.22988536749831423,
    0.21010147769911972,
    0.21998110527055925,
    0.21010146101641408,
    0.210095417986766,
    0.21998110527100778,
    0.21979411706492313,
    0.210095418628767,
    0.21979411684006514,
    0.2,
    0.2,
    0.23975049887674293,
    0.23975049850198898,
    0.21002874949255637,
    0.22005458880178108,
    0.21000283910369455,
    0.22003517232760206,
    0.22003519804432384,
    0.25992618053357053,
    0.2599261786637532,
    0.25997860878894546,
    0.25997860949580537,
    0.2599786095876886,
    0.2,
    0.26968575772934616,
    0.26,
    0.24006886485272652,
    0.2501417239707917,
    0.25014184477642426,
    0.2597906101475255,
    0.25014169960523586,
    0.25979061086537025,
    0.24006883531436332,
    0.2500181488247184,
    0.25006289168750206,
    0.2500628705574321,
    0.2400701207628786,
    0.2696935769004125,
    0.24007012561336483,
    0.24002638186349734,
    0.25993865024531926,
    0.2,
    0.21,
    0.2696573059998117,
    0.22007570664131962,
    0.26965730598612275,
    0.22007571781761218,
    0.2697791455467053,
    0.27,
    0.21,
    0.21,
    0.21,
    0.21,
    0.21,
    0.22,
    0.21,
    0.21999668023465319,
    0.21999668077513734,
    0.21989309109035957,
    0.22,
    0.22,
    0.22,
    0.2595792227855905,
    0.24978882388418763,
    0.25957922380106246,
    0.2698560095069746,
    0.25987581834306045,
    0.2698560110223675,
    0.24004569897849465,
    0.25987581898870715,
    0.2400457179184993,
    0.2598758187457579,
    0.2799260353707797,
    0.2799260353382896,
    0.22,
    0.22989824974839826,
    0.23,
    0.31990308899146713,
    0.3199030890050683,
    0.22,
    0.24,
    0.24,
    0.24004443315297005,
    0.24004442288252736,
    0.2400444271015996,
    0.25009758901347495,
    0.2998496502502815,
    0.2998496501768641,
    0.250097654188045,
    0.26001198391788805,
    0.26001196164711277,
    0.27010711419179356,
    0.2500976021404103,
    0.2999968183249906,
    0.27010710522248327,
    0.26002875436657336,
    0.26001205200947425,
    0.2999968183233952,
    0.26002876319574103,
    0.26002877488324916,
    0.240037680863398,
    0.25,
    0.3098930134883486,
    0.3098930142087156,
    0.26005464700648023,
    0.26006932116028764,
    0.2600808541096441,
    0.2700105250673756,
    0.309916949373071,
    0.2997029702970297,
    0.30991694915254236,
    0.3,
    0.2999631751227496,
    0.2998325033193768,
    0.28995879109601314,
    0.3,
    0.2801025737053135,
    0.2897268336159906,
    0.28972683386407344,
    0.28,
    0.28,
    0.2698314600288183,
    0.26983146060458196,
    0.2596951546571281,
    0.259695154192819,
    0.2698314606174053,
    0.2500646645441545,
    0.26,
    0.27002776716132487,
    0.27002789795445464,
    0.27002775978781096,
    0.28994298153489884,
    0.2500646875808595,
    0.28994298138745866,
    0.28994298155113696,
    0.29,
    0.23,
    0.29996234304119135,
    0.29990556504232047,
    0.29981995490695096,
    0.25007995957891466,
    0.29,
    0.2998199549660386,
    0.24,
    0.24,
    0.24004355339560904,
    0.24004359526524974,
    0.240043549416319,
    0.23,
    0.24,
    0.24,
    0.2998879602870445,
    0.2500673968100079,
    0.289860010363747,
    0.2601005114335899,
    0.27007724751557743,
    0.270026433082043,
    0.2797270615058664,
    0.2898600120769705,
    0.2700264672565037,
    0.27955525565605704,
    0.27002644820864846,
    0.27955525600670816,
    0.26010053345900014,
    0.2898600104215828,
    0.2601005079771924,
    0.23,
    0.21,
    0.21000001602515309,
    0.23000366988478016,
    0.23000365528755132,
    0.2300037123389379,
    0.23001719125231435,
    0.2300171311346669,
    0.23001712248131398,
    0.2200795497417387,
    0.22979462851104338,
    0.2,
    0.2200816755962136,
    0.23,
    0.22008167688256292,
    0.2100420130868728,
    0.21,
    0.2198899282389856,
    0.21004198905713084,
    0.21004198172963925,
    0.21988992836590873,
    0.21004203364167848,
    0.2,
    0.2,
    0.2,
    0.2,
    0.2,
    0.20983966201303988,
    0.2098396614660837,
    0.21983683017992317,
    0.21982630241992918,
    0.21982630208333334,
    0.2,
    0.21,
    0.22002750430173673,
    0.21988317746563069,
    0.22,
    0.22,
    0.2196940554586668,
    0.21969405561780336,
    0.2196940544047939,
    0.22,
    0.22,
    0.22,
    0.22000250509360839,
    0.22000250741238528,
    0.22,
    0.22,
    0.2200286037184834,
    0.22002778533246176,
    0.22002775024982213,
    0.21,
    0.22006733148628413,
    0.22,
    0.2200408049037101,
    0.2200532288744024,
    0.22004260340827267,
    0.22004258727629025,
    0.22014245731568993,
    0.21978439391095872,
    0.21978439323380744,
    0.22011032684673806,
    0.22011030016629163,
    0.2200425067457443,
    0.22004251057038576,
    0.22004252937292332,
    0.2400065108156058,
    0.24000652035802147,
    0.2798996959724134,
    0.2400339330299368,
    0.240033940374695,
    0.28,
    0.25,
    0.23,
    0.23,
    0.22000002051052753,
    0.26005128683504636,
    0.28995327027779577,
    0.2899532705707753,
    0.28989550885881943,
    0.2600513109346351,
    0.2898955107830915,
    0.29,
    0.2153547970281038,
    0.21,
    0.21,
    0.2,
    0.2,
    0.2,
    0.19,
    0.19,
    0.19,
    0.19,
    0.19,
    0.19,
    0.19,
    0.19,
    0.19,
    0.19000001592720087,
    0.2000801068358167,
    0.19,
    0.19992307692307693,
    0.2,
    0.20000372457488594,
    0.2000037141480797,
    0.20003590664917534,
    0.19,
    0.19,
    0.19975010959727074,
    0.1996244394618834,
    0.20007209330017123,
    0.20007208196661586,
    0.20004526860183436,
    0.20004531586102503,
    0.1900000579846412,
    0.21000436899658712,
    0.21002682872278436,
    0.20961198051595245,
    0.2096119800582886,
    0.2096119788943606,
    0.2,
    0.21000001525759457,
    0.21002777033852255,
    0.2100277606024797,
    0.22008636833316492,
    0.2200863466606614,
    0.2200863439050933,
    0.21002775589915484,
    0.2,
    0.22005786404480812,
    0.23007701241933695,
    0.24012583154426465,
    0.24008021054641868,
    0.23007697114154774,
    0.23000463872270466,
    0.2,
    0.21002605013025066,
    0.21002603340564152,
    0.21002601993156747,
    0.2200320651695601,
    0.2200320617679775,
    0.22003207534468044,
    0.2,
    0.20980187613976747,
    0.20980187663119787,
    0.2199854067705322,
    0.22969387755102041,
    0.23000558283889241,
    0.2300055798381847,
    0.25,
    0.25,
    0.25,
    0.2300056080853341,
    0.25997264012333215,
    0.2599726396254107,
    0.2599726401371379,
    0.2597521021744838,
    0.25975210220475853,
    0.21000354236393753,
    0.21000353383458648,
    0.31,
    0.31,
    0.2,
    0.2,
    0.21,
    0.31,
    0.31,
    0.29,
    0.31,
    0.3001656086846676,
    0.31007440171613215,
    0.300165596583481,
    0.300165601427085,
    0.3098457446808511,
    0.29002282919503514,
    0.30992526087249894,
    0.2900228135562188,
    0.2999807479194749,
    0.29998074805841707,
    0.3099252601386166,
    0.2997816377171216,
    0.3099252612065248,
    0.27,
    0.31,
    0.3097755096257823,
    0.3097755099525286,
    0.3,
    0.3097755090234408,
    0.30994395796847635,
    0.27,
    0.27,
    0.28982335158006695,
    0.27,
    0.27,
    0.27,
    0.27,
    0.27,
    0.28007202080820204,
    0.29,
    0.29,
    0.29,
    0.300101625884827,
    0.3,
    0.29,
    0.29014820150685333,
    0.29014819960722193,
    0.29971095551527205,
    0.2800720200935059,
    0.2900345239951017,
    0.29,
    0.29971095529743286,
    0.28,
    0.28003409060463086,
    0.2800340823369852,
    0.2901033036426887,
    0.3099917892730072,
    0.3099917894762014,
    0.3000648106713657,
    0.300064821016372,
    0.3099917889899051,
    0.3000119712847109,
    0.3096389891696751,
    0.2901033023579615,
    0.31,
    0.26,
    0.26,
    0.26,
    0.2898306034979509,
    0.26,
    0.26,
    0.29984932194876945,
    0.29,
    0.27005758464058705,
    0.27005757039672773,
    0.26,
    0.2600579621268896,
    0.2600579667889813,
    0.26974370020030575,
    0.279874791279215,
    0.2897912713472486,
    0.21990849673202614,
    0.21,
    0.21,
    0.2,
    0.21,
    0.22,
    0.22,
    0.22,
    0.28972206458249106,
    0.27982864117954664,
    0.27982864113293193,
    0.23,
    0.23003368916840286,
    0.23000000970852963,
    0.23003368393458642,
    0.23001759970932548,
    0.24001008388167935,
    0.2501116279277447,
    0.3,
    0.26012253811881475,
    0.2700638365497882,
    0.29975956284153005,
    0.2700638894454379,
    0.28016256231593734,
    0.28016256394293526,
    0.3,
    0.2998188652832759,
    0.27006382420389746,
    0.2400100692592106,
    0.3,
    0.32,
    0.28013699348111815,
    0.21000000335795949,
    0.3298832807570978,
    0.3299928069682264,
    0.31987162606978276,
    0.3299928080887479,
    0.2900030573874307,
    0.33,
    0.27,
    0.32969359327839065,
    0.3199770416374194,
    0.31997704162953555,
    0.27001764422436275,
    0.31997704082814327,
    0.3296935932797252,
    0.2700625884964746,
    0.32969359253219904,
    0.32,
    0.33,
    0.33,
    0.25,
    0.32,
    0.32,
    0.32,
    0.32,
    0.32,
    0.33,
    0.33,
    0.33,
    0.33,
    0.33,
    0.33,
    0.34,
    0.35,
    0.35,
    0.3597929393155073,
    0.35979294114346744,
    0.2200068668508694,
    0.35,
    0.35997607655502395,
    0.22000397778440742,
    0.33,
    0.22000997378547826,
    0.21000001368296659,
    0.21,
    0.22000974320655087,
    0.2200097482653822,
    0.2300368054362478,
    0.22994121449199242,
    0.22000973599934287,
    0.2300181418119011,
    0.23001818753789072,
    0.2200554929441239,
    0.22005548366662744,
    0.23004648142057132,
    0.23,
    0.23,
    0.23,
    0.23,
    0.3297257672765551,
    0.24010129836586058,
    0.3098576119402985,
    0.27682222222222225,
    0.23,
    0.23,
    0.25,
    0.23,
    0.3297209059455923,
    0.2798066949552098,
    0.25,
    0.270088458729257,
    0.2798057430510647,
    0.27980574250614754,
    0.2700884625554892,
    0.2899110162493843,
    0.28002461274196483,
    0.28002459570138916,
    0.28002459366348614,
    0.28,
    0.27007393901176735,
    0.28,
    0.27007395533459716,
    0.2899110161989425,
    0.2801183264462398,
    0.2801183285348187,
    0.2801183231189303,
    0.2900415214194,
    0.2900414970156893,
    0.3297209080387419,
    0.2900415060151108,
    0.3000543062634021,
    0.30005428968380476,
    0.30005431658583925,
    0.27007395183372335,
    0.28002755188583434,
    0.33980356046276855,
    0.339803559868468,
    0.27003663487339585,
    0.27003661328698003,
    0.2700366745038942,
    0.34,
    0.34,
    0.34,
    0.34,
    0.34,
    0.34,
    0.34,
    0.34,
    0.34,
    0.34,
    0.34,
    0.34,
    0.34,
    0.34,
    0.34,
    0.3398939922625644,
    0.3398939928238448,
    0.26,
    0.2600767118842236,
    0.33,
    0.3333333333333333,
    0.34,
    0.34,
    0.34,
    0.35,
    0.35,
    0.36,
    0.22,
    0.21000003950001597,
    0.35,
    0.35,
    0.35,
    0.35,
    0.36,
    0.28,
    0.21,
    0.3599468399291199,
    0.29005320933067125,
    0.2900532356040804,
    0.3597668993141366,
    0.35976689946227747,
    0.36,
    0.36,
    0.36,
    0.36,
    0.36,
    0.36,
    0.31,
    0.29001645952731664,
    0.3000809013992144,
    0.32,
    0.32,
    0.32,
    0.32,
    0.32,
    0.36,
    0.3100285168842869,
    0.32018732814195244,
    0.3100285204042113,
    0.3599630084726044,
    0.359963008541453,
    0.35996300835996564,
    0.34989945859955907,
    0.3498994584937523,
    0.349899458568433,
    0.36,
    0.36,
    0.2900224304983028,
    0.3000109275170468,
    0.30001091861842005,
    0.300011036060892,
    0.35987468671679196,
    0.3598956701821468,
    0.36,
    0.36,
    0.36,
    0.36,
    0.36,
    0.28000011184486,
    0.36,
    0.36,
    0.28,
    0.28,
    0.3599369542611845,
    0.3599369537303286,
    0.280000017322964,
    0.3900558365436572,
    0.36496350364963503,
    0.3298398489779383,
    0.3298398489413858,
    0.2900752774355435,
    0.3298398492170939,
    0.32987966305655836,
    0.28,
    0.35987885448294765,
    0.35987885428157845,
    0.28,
    0.28,
    0.34979520168684486,
    0.2900811538618388,
    0.3497952007873403,
    0.23,
    0.17,
    0.19000515954110433,
    0.19000514463227267,
    0.33991082035725756,
    0.33991081886420893,
    0.30004657814871066,
    0.3000465780353195,
    0.3598942003024021,
    0.3000466605545282,
    0.3599459459459459,
    0.35994594590471085,
    0.3497717962359352,
    0.3000466505685948,
    0.3497717954038542,
    0.34977179612543957,
    0.3000672060633805,
    0.3599169921875,
    0.31,
    0.3000672573958257,
    0.30006721383300244,
    0.22,
    0.21,
    0.2,
    0.39991441437552083,
    0.39991441439659253,
    0.16,
    0.2,
    0.2,
    0.3897538449655367,
    0.3897538461538462,
    0.3997067593969109,
    0.3997067592429344,
    0.3997067592702556,
    0.1900616764881432,
    0.2,
    0.2998386199220924,
    0.22008127185722712,
    0.21,
    0.2,
    0.3099573536277417,
    0.3099573556300924,
    0.23,
    0.24,
    0.23,
    0.27984836993187634,
    0.2500675750065674,
    0.2997972736626828,
    0.2997972735222824,
    0.2899297654446786,
    0.28992976574068724,
    0.4199998235998977,
    0.23000004491668277,
    0.24,
    0.19000000167051692,
    0.2,
    0.2,
    0.3900759837611352,
    0.41010493915158425,
    0.39,
    0.420133381712627,
    0.42013339378418135,
    0.4101049215844301,
    0.420022291548439,
    0.4300343111270423,
    0.42002230533150087,
    0.4301040341963512,
    0.43010405231645693,
    0.43010408900454333,
    0.410104919392471,
    0.4599174527617128,
    0.45991745256624667,
    0.40004292912043693,
    0.45991745259414313,
    0.45993530499075785,
    0.40003937471324974,
    0.45995037214002227,
    0.45981132029416694,
    0.4598113200357979,
    0.39,
    0.6022600006402553,
    0.4000632573275038,
    0.40006324325483156,
    0.40006324438564905,
    0.6199510043231021,
    0.6199510043487382,
    0.5700027170744961,
    0.5700027171376811,
    0.5700028285044652,
    0.6199952774498229,
    0.7099999701799893,
    0.4301720647806035,
    0.4301721411217419,
    0.4401251476211821,
    0.4401251374231408,
    0.4301721081782115,
    0.4301581356240732,
    0.9,
    0.14000005733336773,
    0.15,
    0.13000000870001732,
    0.13000000870001732
]
