[
    0.001,
    0.001,
    0.001,
    0.003,
    0.002,
    0.01,
    0.01,
    0.01,
    0.01,
    0.01,
    0.007,
    0.005,
    0.004,
    0.004,
    0.002,
    0.001,
    0.001,
    0.004,
    0.001,
    0.001,
    0.001,
    0.001,
    0.003,
    0.001,
    0.001,
    0.001,
    0.011,
    0.001,
    0.001,
    0.002,
    0.002,
    0.001,
    0.001,
    0.001,
    0.001,
    0.001,
    0.001,
    0.1,
    0.011,
    0.07,
    0.07,
    0.06999993629999426,
    0.07,
    0.07,
    0.04,
    0.07,
    0.06999998739999974,
    0.1,
    0.1,
    0.1,
    0.13999997871999897,
    0.1,
    0.1,
    0.06,
    0.06,
    0.11,
    0.11,
    0.11,
    0.11,
    0.11,
    0.02,
    0.11,
    0.11,
    0.11,
    0.2,
    0.11,
    0.007,
    0.02,
    0.002,
    0.013,
    0.021,
    0.071,
    0.071,
    0.2,
    0.071,
    0.101,
    0.101,
    0.22808091572901137,
    0.25,
    0.21,
    0.412554218185854,
    0.44491814335852686,
    0.4079601693720415,
    0.39,
    0.25,
    0.4,
    0.24000009120017146,
    0.23,
    0.23000000308000024,
    0.21,
    0.23,
    0.21,
    0.3499999994234507,
    0.21,
    0.3099999906999997,
    0.31,
    0.31,
    0.309999998016,
    0.3099998294999233,
    0.3499999842499991,
    0.2881,
    0.2541111249532827,
    0.22,
    0.259999998492,
    0.24,
    0.2399999855999994,
    0.2491103202846975,
    0.201,
    0.22999999516999994,
    0.22999998688999942,
    0.22999996917999796,
    0.229999998597,
    0.18,
    0.18,
    0.22663383745550816,
    0.2,
    0.17,
    0.22126021989902922,
    0.16,
    0.17,
    0.15,
    0.17879940564635957,
    0.1,
    0.1,
    0.11999998991999984,
    0.11348950036205648,
    0.089999998725,
    0.07,
    0.08,
    0.10726485256391699,
    0.09970874550654667,
    0.05,
    0.05,
    0.05,
    0.05,
    0.059999972399998894,
    0.05,
    0.07169820790329345,
    0.05,
    0.05,
    0.05,
    0.05,
    0.05,
    0.05,
    0.05,
    0.05,
    0.02,
    0.04,
    0.045454545454545456,
    0.011000000010823295,
    0.015,
    0.04,
    0.011000004450640175,
    0.03,
    0.030344827586206897,
    0.01,
    0.02,
    0.02,
    0.01,
    0.02,
    0.01,
    0.01,
    0.01,
    0.01,
    0.007000000022421261,
    0.01909508397063176,
    0.01844391595247674,
    0.008,
    0.001,
    0.001,
    0.00977055721327969,
    0.01,
    0.001,
    0.01,
    0.01,
    0.008945295238095239,
    0.009000000090000002,
    0.003,
    0.002,
    0.002,
    0.003,
    0.002,
    0.003,
    0.002,
    0.001,
    0.002,
    0.01,
    0.02,
    0.01,
    0.01,
    0.01,
    0.01,
    0.02,
    0.02,
    0.02,
    0.02,
    0.02,
    0.02,
    0.02,
    0.03977289102804277,
    0.03,
    0.04,
    0.04,
    0.04,
    0.04,
    0.05,
    0.04,
    0.04,
    0.04,
    0.04,
    0.04,
    0.05,
    0.04,
    0.05,
    0.04,
    0.04,
    0.04,
    0.08,
    0.06,
    0.05,
    0.04,
    0.05,
    0.09965422777855089,
    0.08,
    0.10122100122100122,
    0.10999990319998838,
    0.11,
    0.1,
    0.10731707230696014,
    0.06,
    0.07,
    0.07,
    0.07000000583438401,
    0.13,
    0.15,
    0.1799998703999637,
    0.18,
    0.209999998425,
    0.21999991639998998,
    0.2399998559999424,
    0.21,
    0.2539045793903802,
    0.2299999969131028,
    0.2299999964694231,
    0.22999999309999986,
    0.25,
    0.26,
    0.299999819999928,
    0.31,
    0.32,
    0.2900000028755063,
    0.3,
    0.28,
    0.28603621730382295,
    0.28,
    0.33,
    0.32,
    0.31,
    0.35999993759999,
    0.40999999969382794,
    0.4,
    0.4,
    0.4,
    0.4,
    0.36,
    0.37,
    0.37,
    0.32,
    0.32,
    0.35,
    0.35,
    0.35,
    0.35,
    0.35,
    0.35,
    0.35,
    0.35,
    0.35,
    0.35,
    0.36,
    0.36,
    0.34,
    0.4,
    0.35,
    0.33,
    0.32000000095304837,
    0.3499999842499991,
    0.3,
    0.3,
    0.3,
    0.3,
    0.3,
    0.28,
    0.29,
    0.29,
    0.28,
    0.29,
    0.32,
    0.32,
    0.32,
    0.29,
    0.28,
    0.32,
    0.3699999393279506,
    0.38,
    0.3800000021173089,
    0.389999999038,
    0.39,
    0.3899999911079998,
    0.39,
    0.39,
    0.4,
    0.4,
    0.350000003922752,
    0.28,
    0.27999999686399996,
    0.25,
    0.25,
    0.25,
    0.23,
    0.23,
    0.2332867121304318,
    0.27999999159999983,
    0.23000000059943806,
    0.2799999731199972,
    0.2394588214298368,
    0.33999999455999985,
    0.31,
    0.29,
    0.2899999907199998,
    0.31,
    0.31,
    0.31,
    0.32,
    0.32,
    0.32,
    0.32,
    0.32,
    0.29,
    0.28000003456001216,
    0.2784457913931689,
    0.25,
    0.24,
    0.27922805674091733,
    0.21,
    0.22,
    0.24,
    0.23524901703800785,
    0.20516901612405639,
    0.18,
    0.18000000790362009,
    0.2,
    0.2,
    0.18,
    0.17,
    0.17,
    0.16,
    0.1299999789399992,
    0.12,
    0.12,
    0.12,
    0.11000000014833333,
    0.1100000001644595,
    0.11,
    0.11,
    0.14999995330738936,
    0.14000000007780694,
    0.14,
    0.13,
    0.11,
    0.11,
    0.11,
    0.11,
    0.110000000741152,
    0.11000000142400009,
    0.11,
    0.11,
    0.11,
    0.11,
    0.11000000017762439,
    0.11000000048223195,
    0.12,
    0.12,
    0.12,
    0.12,
    0.12,
    0.13,
    0.14,
    0.13,
    0.1638080541954104,
    0.12000000009543951,
    0.14,
    0.2,
    0.2,
    0.17,
    0.17000000207500005,
    0.17,
    0.18,
    0.17000000126741757,
    0.2,
    0.16000000504000123,
    0.16,
    0.18,
    0.17,
    0.16,
    0.16000000039279869,
    0.16,
    0.18120131176197168,
    0.15,
    0.18,
    0.18,
    0.18,
    0.18,
    0.19811320625756496,
    0.18000000771765426,
    0.18000002376818414,
    0.16613911780382234,
    0.1,
    0.1,
    0.1,
    0.09972222222222223,
    0.09964467211256879,
    0.1,
    0.09,
    0.09,
    0.1,
    0.1,
    0.1,
    0.1,
    0.1,
    0.1,
    0.05,
    0.05,
    0.05,
    0.05,
    0.06,
    0.07,
    0.08,
    0.05,
    0.11,
    0.08,
    0.1,
    0.09,
    0.08,
    0.08,
    0.08000000113769891,
    0.11,
    0.1,
    0.12,
    0.1,
    0.11538461445266272,
    0.15,
    0.15,
    0.17,
    0.14000000144903138,
    0.14000000023193096,
    0.14000000086000025,
    0.14,
    0.15,
    0.11,
    0.14,
    0.12,
    0.15,
    0.16,
    0.15,
    0.21,
    0.25,
    0.25,
    0.25,
    0.25,
    0.25,
    0.25,
    0.25,
    0.24000000456000042,
    0.24,
    0.24000003040001094,
    0.25,
    0.25,
    0.25,
    0.25,
    0.3,
    0.25,
    0.34999999183333297,
    0.4,
    0.4,
    0.4,
    0.4,
    0.4,
    0.41,
    0.41,
    0.41,
    0.42,
    0.42,
    0.42,
    0.42,
    0.42,
    0.46,
    0.44,
    0.46,
    0.46999998376363544,
    0.489999999069,
    0.46000000194400004,
    0.46,
    0.45,
    0.46,
    0.46,
    0.46,
    0.46,
    0.46,
    0.46,
    0.46,
    0.46,
    0.46,
    0.4400000224000036,
    0.46,
    0.46,
    0.46,
    0.46,
    0.46,
    0.46,
    0.46,
    0.48,
    0.48,
    0.48,
    0.48,
    0.48,
    0.48,
    0.48,
    0.48,
    0.48,
    0.46,
    0.46,
    0.46,
    0.4400000336000148,
    0.47,
    0.44,
    0.45,
    0.4400000000291092,
    0.45000004400000526,
    0.47,
    0.44000000112000004,
    0.47999998079999695,
    0.48999999308235265,
    0.44000000933333394,
    0.43,
    0.4704960985563074,
    0.46,
    0.45,
    0.45,
    0.43,
    0.45,
    0.45000001925000127,
    0.46,
    0.45,
    0.45999995951999545,
    0.46,
    0.45,
    0.440000000672,
    0.44,
    0.45,
    0.44,
    0.45,
    0.45,
    0.45,
    0.45,
    0.46,
    0.46000001188000034,
    0.46,
    0.48,
    0.47999999808,
    0.48,
    0.48,
    0.48,
    0.48,
    0.48,
    0.48,
    0.47999999827199996,
    0.48,
    0.47,
    0.47,
    0.42,
    0.43,
    0.43,
    0.42,
    0.44,
    0.44,
    0.43,
    0.45,
    0.469999998496,
    0.47999999827199996,
    0.47913755067526487,
    0.43,
    0.44,
    0.44,
    0.44,
    0.45,
    0.45,
    0.47,
    0.47,
    0.47,
    0.47,
    0.45,
    0.46,
    0.47,
    0.45,
    0.47,
    0.47,
    0.46999999757166666,
    0.46000000151200005,
    0.4600000345600047,
    0.4899999784399923,
    0.45,
    0.45,
    0.45,
    0.46,
    0.4599999233333142,
    0.45,
    0.46,
    0.46,
    0.46,
    0.47,
    0.47000000006508597,
    0.49,
    0.47,
    0.4700000349800047,
    0.47,
    0.48,
    0.48,
    0.48,
    0.48,
    0.48,
    0.4799999827199989,
    0.51,
    0.39,
    0.36000000007119815,
    0.44,
    0.45,
    0.43,
    0.48,
    0.44,
    0.47,
    0.42,
    0.49,
    0.48000000173840374,
    0.5,
    0.51,
    0.5,
    0.48,
    0.5,
    0.48,
    0.5,
    0.5,
    0.5,
    0.5,
    0.49,
    0.48,
    0.48,
    0.5,
    0.51,
    0.5,
    0.51,
    0.49,
    0.49,
    0.5093378591466069,
    0.47000002453704726,
    0.47,
    0.49,
    0.49,
    0.51,
    0.5,
    0.4500000026201171,
    0.45,
    0.5,
    0.5,
    0.49,
    0.5,
    0.49,
    0.5,
    0.55,
    0.5499999431034346,
    0.6,
    0.55,
    0.54,
    0.54,
    0.52,
    0.5299999344727115,
    0.5399999654399953,
    0.54,
    0.5099999910749997,
    0.53,
    0.5399999654399953,
    0.53,
    0.5300001081000292,
    0.48,
    0.559999998992,
    0.5100000465500188,
    0.51,
    0.53,
    0.55,
    0.56,
    0.609999966595224,
    0.6099999755999961,
    0.6099999755999961,
    0.59,
    0.5999999939999998,
    0.6,
    0.6299999369999866,
    0.63,
    0.65,
    0.629999948339994,
    0.590000003420739,
    0.55,
    0.56,
    0.5599999462399944,
    0.6,
    0.6,
    0.65,
    0.66,
    0.65,
    0.65,
    0.65,
    0.64,
    0.68,
    0.73,
    0.7,
    0.71,
    0.73,
    0.7421874733276324,
    0.74,
    0.66,
    0.66,
    0.66,
    0.67,
    0.67,
    0.67,
    0.6700000029700001,
    0.68,
    0.68,
    0.7099999701799893,
    0.68,
    0.7099999815399987,
    0.69,
    0.69,
    0.7227722699999999,
    0.71,
    0.7100000054685714,
    0.6700000061285715,
    0.6999999929999994,
    0.68,
    0.7,
    0.7,
    0.7,
    0.68,
    0.68,
    0.7,
    0.7,
    0.69,
    0.71,
    0.69,
    0.72,
    0.7,
    0.7,
    0.71,
    0.7332727268837685,
    0.74,
    0.739999998816,
    0.74,
    0.75,
    0.74,
    0.74,
    0.74,
    0.75,
    0.75,
    0.75,
    0.74,
    0.74,
    0.7499998519736355,
    0.74,
    0.74,
    0.75,
    0.75,
    0.78,
    0.75,
    0.77,
    0.76,
    0.78,
    0.77,
    0.769999999846,
    0.77,
    0.77,
    0.7799999995319999,
    0.75,
    0.75,
    0.7600001305600335,
    0.75,
    0.78,
    0.75,
    0.7600001305600335,
    0.75,
    0.75,
    0.78,
    0.75,
    0.76,
    0.76,
    0.77,
    0.77,
    0.77,
    0.77,
    0.77,
    0.77,
    0.78,
    0.79,
    0.79,
    0.79,
    0.79,
    0.7900000016990218,
    0.79,
    0.79,
    0.8,
    0.7900000077700001,
    0.79,
    0.79,
    0.8,
    0.8,
    0.8,
    0.8,
    0.8,
    0.8,
    0.83,
    0.83,
    0.84,
    0.84,
    0.84,
    0.84,
    0.84,
    0.84,
    0.84,
    0.84,
    0.84,
    0.84,
    0.84,
    0.84,
    0.84,
    0.84,
    0.84,
    0.84,
    0.84,
    0.84,
    0.84,
    0.84,
    0.84,
    0.84,
    0.84,
    0.84,
    0.84,
    0.84,
    0.84,
    0.84,
    0.84,
    0.84,
    0.84,
    0.84,
    0.84,
    0.84,
    0.84,
    0.84,
    0.84,
    0.85,
    0.85,
    0.84,
    0.85,
    0.86,
    0.8699999995902026,
    0.88,
    0.88,
    0.89,
    0.89,
    0.8607466029565477,
    0.86,
    0.86,
    0.86,
    0.86,
    0.8500001125000282,
    0.86,
    0.86,
    0.86,
    0.8599999996559999,
    0.86,
    0.86,
    0.86,
    0.86,
    0.86,
    0.86,
    0.86,
    0.86,
    0.86,
    0.85,
    0.8500001125000282,
    0.8599999997936,
    0.86,
    0.86,
    0.86,
    0.8599999999426666,
    0.8598336356146725,
    0.8499999829999799,
    0.85,
    0.85,
    0.85,
    0.86,
    0.8599999553246003,
    0.86,
    0.85,
    0.85,
    0.85,
    0.85,
    0.8599999606856038,
    0.8599999999962704,
    0.85,
    0.86,
    0.86,
    0.86,
    0.86,
    0.86,
    0.8699999912999827,
    0.8699999912999827,
    0.87,
    0.87,
    0.8699999930399986,
    0.86,
    0.87,
    0.86,
    0.87,
    0.87,
    0.87,
    0.88,
    0.87,
    0.88,
    0.8799999999648,
    0.8700001014000223,
    0.88,
    0.8700000097500002,
    0.8799999998592,
    0.8799999988266666,
    0.88,
    0.87,
    0.87,
    0.87,
    0.88,
    0.8700000533000048,
    0.8799999964799989,
    0.8799999982399999,
    0.8799999803899508,
    0.8799999882666395,
    0.8700000210600008,
    0.87,
    0.87,
    0.8700004036627739,
    0.88,
    0.87,
    0.87,
    0.88,
    0.8799999859199946,
    0.88,
    0.8799999882666395,
    0.8700001014000223,
    0.88,
    0.87,
    0.8799999859199946,
    0.88,
    0.8799999859199946,
    0.8799999964799989,
    0.8700001014000223,
    0.8700000650000076,
    0.8700000033366667,
    0.87,
    0.87,
    0.87,
    0.87,
    0.87,
    0.8700001014000223,
    0.8700001014000223,
    0.8799999882666395,
    0.8700000071066668,
    0.88,
    0.8700000210600008,
    0.8799999859199946,
    0.8799999964799989,
    0.8700000533000048,
    0.87,
    0.8799999536840302,
    0.879999999387826,
    0.8799999859199946,
    0.8799999859199946,
    0.88,
    0.8799999859199946,
    0.8700001014000223,
    0.8799999859199946,
    0.8799999859199946,
    0.8799999982399999,
    0.88,
    0.8799999859199946,
    0.8799999991204397,
    0.8799999647998255,
    0.8799999859199946,
    0.8799999859199946,
    0.8799999859199946,
    0.8799999859199946,
    0.8799999964799989,
    0.8700000910000122,
    0.8799999859199946,
    0.87,
    0.8799999859199946,
    0.8700000049400001,
    0.87,
    0.8799999859199946,
    0.8700000205263165,
    0.8799999859199946,
    0.8699910594146599,
    0.88,
    0.879999999648,
    0.8799999859199946,
    0.8799999859199946,
    0.8799999859199946,
    0.8600000574000052,
    0.8600000273000015,
    0.8600000021850844,
    0.8799999859199946,
    0.88,
    0.8799999859199946,
    0.8799999647998255,
    0.87,
    0.87,
    0.8799999859199946,
    0.8799999948613086,
    0.8799999964799989,
    0.87,
    0.88,
    0.8799999859199946,
    0.8799999985919996,
    0.8799999859199946,
    0.88,
    0.87,
    0.87,
    0.87,
    0.88,
    0.8799999859199946,
    0.8799999982399999,
    0.8799999859199946,
    0.87,
    0.87,
    0.8799999859199946,
    0.879999999648,
    0.88,
    0.8799999859199946,
    0.8700001064762046,
    0.8799999859199946,
    0.87,
    0.87,
    0.88,
    0.88,
    0.8799999859199946,
    0.8700000037555556,
    0.8799999859199946,
    0.88,
    0.87,
    0.87,
    0.87,
    0.8799999859199946,
    0.88,
    0.8799999859199946,
    0.8799999859199946,
    0.8799999859199946,
    0.8799999859199946,
    0.88,
    0.8799999859199946,
    0.8799999995858824,
    0.8799999859199946,
    0.8799999859199946,
    0.8799999859199946,
    0.8799999859199946,
    0.8799999859199946,
    0.8799999997652785,
    0.8799999859199946,
    0.8799999859199946,
    0.8799999859199946,
    0.8799999859199946,
    0.8799999859199946,
    0.8799999859199946,
    0.8799999859199946,
    0.8799999859199946,
    0.8799999988266666,
    0.8799999966283515,
    0.8799999859199946,
    0.8799999859199946,
    0.88,
    0.8799999985919996,
    0.8799999964799989,
    0.8799999859199946,
    0.88,
    0.8799999859199946,
    0.8799999958343185,
    0.8799999988266666,
    0.8799999882666395,
    0.8799999859199946,
    0.88,
    0.8799999882666395,
    0.88,
    0.88,
    0.8799999859199946,
    0.8799999859199946,
    0.8799999859199946,
    0.88,
    0.8799999859199946,
    0.8799999859199946,
    0.8799999859199946,
    0.8799999859199946,
    0.8799999964534002,
    0.8799999859199946,
    0.8799999859199946,
    0.8799999859199946,
    0.8799999859199946,
    0.8799999859199946,
    0.8799999859199946,
    0.88,
    0.8799999859199946,
    0.8799999859199946,
    0.8799999859199946,
    0.8799999859199946,
    0.8799999859199946,
    0.8799999962927849,
    0.8799999859199946,
    0.88,
    0.88,
    0.8799999647998255,
    0.88,
    0.8774190535072073,
    0.8699999791199984,
    0.8699999931948547,
    0.8699998897999405,
    0.869999977758428,
    0.87,
    0.87,
    0.8699929042396386,
    0.8799996127997831,
    0.88,
    0.8799999943679999,
    0.8799999611440018,
    0.8799999974203004,
    0.8700000049206035,
    0.87,
    0.8799999995306667,
    0.8799995071992903,
    0.87,
    0.8700000653704434,
    0.87,
    0.8799995071992903,
    0.8799995071992903,
    0.8700000210600008,
    0.879999999296,
    0.88,
    0.8799997507960897,
    0.8799999890488885,
    0.8700000210600008,
    0.8799995071992903,
    0.88,
    0.87,
    0.8799995071992903,
    0.87,
    0.88,
    0.88,
    0.8799998871342378,
    0.8799999853103795,
    0.88,
    0.88,
    0.87,
    0.87,
    0.88,
    0.88,
    0.88,
    0.87,
    0.87,
    0.8700001014000223,
    0.8700001014000223,
    0.8700001014000223,
    0.8700001014000223,
    0.87,
    0.8700002891270042,
    0.87,
    0.87,
    0.8799999823735589,
    0.8799999859199997,
    0.8799999841599995,
    0.88,
    0.8799999518407927,
    0.8799998310399648,
    0.8799999976248312,
    0.8799999295999915,
    0.88,
    0.88,
    0.88,
    0.8799999295999915,
    0.88,
    0.8799999995478899,
    0.88,
    0.88,
    0.87,
    0.8799995071992903,
    0.88,
    0.88,
    0.87,
    0.87,
    0.8799995071992903,
    0.8799998310399648,
    0.8799999871575453,
    0.8799999864027029,
    0.8799996750765432,
    0.8799995071992903,
    0.8799999061332807,
    0.8799999893261453,
    0.88,
    0.88,
    0.87,
    0.87,
    0.8700001014000223,
    0.8799999983133684,
    0.8799996127997831,
    0.88,
    0.88,
    0.87,
    0.87,
    0.8799999989394396,
    0.8799998310399648,
    0.8799999893261453,
    0.8799999988266666,
    0.8799999907646174,
    0.87,
    0.8700007158404895,
    0.8799996127997831,
    0.8700000533000048,
    0.8799999538612754,
    0.8799995071992903,
    0.8799999950719999,
    0.88,
    0.88,
    0.87,
    0.87,
    0.8700001014000223,
    0.87999999234307,
    0.87,
    0.8799996127997831,
    0.87,
    0.8799999654337128,
    0.8799998310399648,
    0.8799996127997831,
    0.8700000250250014,
    0.88,
    0.8799996750765432,
    0.8799999530666588,
    0.8700001014000223,
    0.8799999877084234,
    0.87,
    0.8799996127997831,
    0.8799999788799984,
    0.8700000210600008,
    0.8799998310399648,
    0.8799996127997831,
    0.8799999670808252,
    0.87,
    0.8700000346666684,
    0.88,
    0.8799996939128838,
    0.8799999471999965,
    0.87,
    0.8799999788799984,
    0.88,
    0.88,
    0.8799998310399648,
    0.8799999754275727,
    0.87,
    0.8799995071992903,
    0.8799995071992903,
    0.8799999611440018,
    0.8700000093363638,
    0.8799999295999915,
    0.8799995071992903,
    0.8799996127997831,
    0.8700000097500002,
    0.88,
    0.88,
    0.87,
    0.87,
    0.8700000968627679,
    0.8799999604494351,
    0.88,
    0.88,
    0.87,
    0.87,
    0.8700000210600008,
    0.87,
    0.8799995071992903,
    0.870000019904851,
    0.87,
    0.87,
    0.8799999094856977,
    0.88,
    0.87,
    0.8799998310399648,
    0.8799999593324742,
    0.8799995071992903,
    0.8799999742439011,
    0.88,
    0.87,
    0.8799996127997831,
    0.8799996127997831,
    0.8799995071992903,
    0.8799999712945954,
    0.8799995071992903,
    0.8700000542211102,
    0.88,
    0.87,
    0.8799995071992903,
    0.8799999687111099,
    0.8700001014000223,
    0.8799995071992903,
    0.8799995071992903,
    0.8799995071992903,
    0.8799995071992903,
    0.8799999725306555,
    0.87,
    0.87,
    0.8799998310399648,
    0.88,
    0.8799996750765432,
    0.8799995071992903,
    0.8799993704059308,
    0.8799995071992903,
    0.8799994133327467,
    0.8799999997463794,
    0.8799995071992903,
    0.8799995071992903,
    0.8799999950719999,
    0.8799999938299736,
    0.88,
    0.88,
    0.8799999788799984,
    0.8799996127997831,
    0.8799999733837413,
    0.8799999808695552,
    0.8799995071992903,
    0.879999996128,
    0.8799999647998255,
    0.8799999882666395,
    0.8799999755554714,
    0.8799999964799989,
    0.8799999647998255,
    0.8799999984334663,
    0.8799999647998255,
    0.8799999647998255,
    0.8799999647998255,
    0.8799999647998255,
    0.8799999647998255,
    0.8799999654899606,
    0.8799999647998255,
    0.8799999964799989,
    0.8799999637112669,
    0.8799999948646458,
    0.87,
    0.8699999912999827,
    0.87,
    0.8787842948915501,
    0.8699999995359999,
    0.8699999912999827,
    0.8699999751428046,
    0.87,
    0.869999998259999,
    0.8699999929459383,
    0.86999996999997,
    0.8699999912999827,
    0.8699999604544574,
    0.869999998259999,
    0.8699999958571427,
    0.8699999912999827,
    0.8699999912999827,
    0.8699999801142635,
    0.8699999912999827,
    0.8699999935555508,
    0.8699999818749626,
    0.86999996999997,
    0.8699999912999827,
    0.8699999912999827,
    0.8699999994298818,
    0.87,
    0.8699999929459383,
    0.8699999912999827,
    0.87,
    0.869999998259999,
    0.8699999834285639,
    0.87,
    0.87,
    0.87,
    0.87,
    0.8699999419997332,
    0.8699999912999827,
    0.8699999912999827,
    0.8699999962305018,
    0.8699999587894539,
    0.869999998259999,
    0.87,
    0.87,
    0.87,
    0.8699999912999827,
    0.87,
    0.8699999912999827,
    0.8699999818749626,
    0.87,
    0.8699999935555508,
    0.8699999955446923,
    0.87,
    0.87,
    0.87,
    0.87,
    0.87,
    0.87,
    0.87,
    0.87,
    0.87,
    0.87,
    0.87,
    0.8699999912999827,
    0.8699999987729192,
    0.8699999940681792,
    0.8699999604544574,
    0.87,
    0.8699999801142635,
    0.8699999751428046,
    0.87,
    0.87,
    0.8699999912999827,
    0.87,
    0.87,
    0.8699999751428046,
    0.869999998259999,
    0.8699999825999771,
    0.8699999929459383,
    0.8699999756399812,
    0.8699999834285639,
    0.8699999967506995,
    0.8699999912999827,
    0.87,
    0.87,
    0.87,
    0.8699999912999827,
    0.8699999859677285,
    0.8699999940681792,
    0.8699999700936856,
    0.869999999913,
    0.8699999912999827,
    0.8699999801142635,
    0.8699999834285639,
    0.8699999859677285,
    0.8699999751428046,
    0.8699999930399986,
    0.8699999546086585,
    0.87,
    0.87,
    0.87,
    0.8699999912999827,
    0.869999998259999,
    0.87,
    0.87,
    0.87,
    0.87,
    0.87,
    0.87,
    0.87,
    0.8699999935555508,
    0.8699999912999827,
    0.8699999972035714,
    0.8699999912999827,
    0.8699999754615076,
    0.8699999891249933,
    0.869999998782,
    0.8699999872682773,
    0.8699999891249933,
    0.8699999546086585,
    0.8699999700936856,
    0.8699999754615076,
    0.8699999744116601,
    0.8699999999622287,
    0.87,
    0.8699999961333325,
    0.869999998259999,
    0.8699999940681792,
    0.87,
    0.87,
    0.8699999859677285,
    0.8699999758333273,
    0.8699999912999827,
    0.869999998259999,
    0.8699999929459383,
    0.8699999756399812,
    0.8699999931642853,
    0.869999999913,
    0.87,
    0.87,
    0.87,
    0.87,
    0.87,
    0.87,
    0.87,
    0.87,
    0.8699999912999827,
    0.87,
    0.8699999751428046,
    0.8699999818749626,
    0.87,
    0.86,
    0.8600000574000052,
    0.87,
    0.87,
    0.87,
    0.87,
    0.87,
    0.87,
    0.87,
    0.87,
    0.8699999846470274,
    0.8699999791956391,
    0.86,
    0.86,
    0.86,
    0.87,
    0.86,
    0.86,
    0.86,
    0.86,
    0.86,
    0.86,
    0.8699999912999827,
    0.869999998259999,
    0.8699999979767419,
    0.87,
    0.86,
    0.87,
    0.87,
    0.87,
    0.86,
    0.86,
    0.86,
    0.8600000574000052,
    0.8699999751428046,
    0.87,
    0.8600001176000188,
    0.8699999929459383,
    0.8699999859677285,
    0.86,
    0.86,
    0.8699999997385246,
    0.8699999998956,
    0.8699999846470274,
    0.8699999751428046,
    0.8699999825999771,
    0.8699999758333273,
    0.8699999700936856,
    0.8699999912999827,
    0.8699999818749626,
    0.8699999834285639,
    0.8699999885526287,
    0.8699999912999827,
    0.8699999997692308,
    0.87,
    0.87,
    0.87,
    0.86999999980425,
    0.87,
    0.86999996999997,
    0.8699999968099995,
    0.8699999859677285,
    0.8699999751428046,
    0.87,
    0.8699999801142635,
    0.8699999912999827,
    0.87,
    0.8699999979767419,
    0.8699999935555508,
    0.8699999604544574,
    0.87,
    0.87,
    0.87,
    0.87,
    0.87,
    0.87,
    0.87,
    0.87,
    0.87,
    0.87,
    0.87,
    0.8699999912999827,
    0.8699999751428046,
    0.8699999758333273,
    0.8699999912999827,
    0.87,
    0.869999998782,
    0.8699999347498417,
    0.8699999347498417,
    0.869999999913,
    0.87,
    0.8699999700936856,
    0.8699999912999827,
    0.86999999980425,
    0.8699999912999827,
    0.8699999999502858,
    0.8699999912999827,
    0.8699999997059155,
    0.8699999912999827,
    0.8699999998693694,
    0.86999999980425,
    0.8699999912999827,
    0.8699999996375,
    0.869999998259999,
    0.86,
    0.869999999768,
    0.869999998259999,
    0.869999999913,
    0.86,
    0.87,
    0.869999999913,
    0.86,
    0.86,
    0.8600001005825496,
    0.87,
    0.869999999913,
    0.8699999956208018,
    0.8699999909374977,
    0.8600000051800001,
    0.8699999912999827,
    0.87,
    0.8699999164796739,
    0.8699999912999827,
    0.8699999912999827,
    0.87,
    0.87,
    0.87,
    0.87,
    0.87,
    0.87,
    0.87,
    0.8700000041039174,
    0.87,
    0.88,
    0.87,
    0.8700000704722174,
    0.87,
    0.87,
    0.8702292085861895,
    0.8702292725525123,
    0.88,
    0.88,
    0.87,
    0.87,
    0.86,
    0.8699999912999827,
    0.8699999968099995,
    0.8699999801142635,
    0.87,
    0.87,
    0.8699999912999827,
    0.8699999912999827,
    0.87,
    0.8699999912999827,
    0.8600000835484046,
    0.87,
    0.87,
    0.869999999875701,
    0.86,
    0.869999998259999,
    0.869999999768,
    0.8699999912999827,
    0.8699999912999827,
    0.8699999912999827,
    0.86999999971,
    0.85,
    0.8606472221241485,
    0.8599922958363349,
    0.8599922600619195,
    0.8699999912999827,
    0.8699999801142635,
    0.85,
    0.860528273508584,
    0.8699999912999827,
    0.8699999912999827,
    0.8699999912999827,
    0.8699999912999827,
    0.85,
    0.85,
    0.859999535599322,
    0.86,
    0.85,
    0.85,
    0.85,
    0.8599582700696271,
    0.8599582403860873,
    0.8599784094998201,
    0.86,
    0.86,
    0.8599999139995786,
    0.86,
    0.8699999912999827,
    0.8602757794222043,
    0.8601926317559809,
    0.8699999912999827,
    0.8699999912999827,
    0.8699999912999827,
    0.8699999912999827,
    0.85,
    0.8699999912999827,
    0.8699999912999827,
    0.86,
    0.8699999912999827,
    0.86,
    0.8699999912999827,
    0.85,
    0.8602463631073968,
    0.8602460712500907,
    0.8699999912999827,
    0.8602459927207012,
    0.869999999913,
    0.8601176155072774,
    0.8699999912999827,
    0.85,
    0.8603768198454605,
    0.8601480444170254,
    0.8600204292142333,
    0.8599646776367282,
    0.8599646780458133,
    0.85,
    0.8600171696724305,
    0.8603136922412389,
    0.86,
    0.86,
    0.86,
    0.86,
    0.86,
    0.850000060000006,
    0.85,
    0.85,
    0.84,
    0.8300412474484928,
    0.8300408405172414,
    0.8300408764176168,
    0.82,
    0.84,
    0.83,
    0.83,
    0.82,
    0.82,
    0.82,
    0.82,
    0.82,
    0.82,
    0.82,
    0.82,
    0.815428,
    0.81,
    0.81,
    0.81,
    0.81,
    0.7999776984834969,
    0.8099999931149997,
    0.79011450597765,
    0.7901145544607329,
    0.809757019895355,
    0.790242805638057,
    0.7999722799670775,
    0.7999722799649057,
    0.7902427996406544,
    0.8002800039702056,
    0.8002799840288655,
    0.8002800001052632,
    0.8099449173760641,
    0.7949998000079996,
    0.7900171462554197,
    0.7900172683546761,
    0.7900171512269425,
    0.7899814471243043,
    0.7899999537238424,
    0.79,
    0.7901977652747145,
    0.7901978155965684,
    0.7901978783620031,
    0.7902906711426854,
    0.8000978694494397,
    0.8104300783607289,
    0.8000978378592778,
    0.810164574194442,
    0.8101645867280862,
    0.8101645447862453,
    0.8000978885047142,
    0.7905299455760705,
    0.800160894235736,
    0.8001609242739092,
    0.810352135492719,
    0.810352128334113,
    0.8103838581795948,
    0.81,
    0.8003539986722641,
    0.8099431815287846,
    0.8000526348139092,
    0.7900057000012127,
    0.8099833147942158,
    0.7900057548660525,
    0.7900861912208604,
    0.8001856562951883,
    0.8001855819918247,
    0.7900856083184965,
    0.7900856889492528,
    0.81,
    0.7699954520844613,
    0.769991436347306,
    0.7602641237588945,
    0.7602641173719739,
    0.7799999812799929,
    0.760157786855427,
    0.760157817383566,
    0.7601578369838079,
    0.77,
    0.75,
    0.7601130213312712,
    0.7600905470227463,
    0.77,
    0.7600907306475816,
    0.75,
    0.76,
    0.75,
    0.7599071609194855,
    0.7599071615864115,
    0.7603056952237426,
    0.7603057291148266,
    0.7603058143622662,
    0.77,
    0.7699613646336494,
    0.7699613646876385,
    0.7700442908689564,
    0.7700442532190067,
    0.769984740175947,
    0.769984737725801,
    0.7698878804057662,
    0.7699135737596189,
    0.7699135723899688,
    0.76,
    0.76,
    0.77,
    0.77,
    0.77,
    0.77,
    0.7603171261836664,
    0.7603172191764463,
    0.7704499189522025,
    0.7704498851376971,
    0.7779016823992108,
    0.75,
    0.75,
    0.7799709724238026,
    0.7603320782107699,
    0.7603320503637426,
    0.779940982066765,
    0.7601207746082983,
    0.7799409835098544,
    0.7699627696341674,
    0.7699627698156287,
    0.7799409834898277,
    0.7897893367873465,
    0.779906813121012,
    0.7799068131921615,
    0.7799068137794124,
    0.7699415541768566,
    0.7699415485746868,
    0.7501340217974007,
    0.7501340125671918,
    0.7604696799887313,
    0.7604697182685983,
    0.760206155501314,
    0.7500492629234707,
    0.7500492021334755,
    0.7699962413404277,
    0.73,
    0.769996240862193,
    0.73,
    0.74,
    0.76995274632455,
    0.740125733293362,
    0.7400000661979915,
    0.7503069667738478,
    0.7503070464505971,
    0.7698885618035113,
    0.769888562211974,
    0.7599756182302493,
    0.7401256306522898,
    0.7698885608659805,
    0.78,
    0.73,
    0.740278342968948,
    0.7402783884596504,
    0.73,
    0.779988738715079,
    0.76,
    0.7699734238919785,
    0.730148917401433,
    0.76,
    0.76,
    0.769973424219472,
    0.7699734239928465,
    0.7301578455683223,
    0.7301578380546015,
    0.7301578254882631,
    0.7799887387191715,
    0.7400332476999802,
    0.7400219608673492,
    0.7400220099611989,
    0.7400221077093136,
    0.7501583463738035,
    0.7501583701600523,
    0.76,
    0.76,
    0.76,
    0.7702414923723784,
    0.7799629625073264,
    0.7799629625573893,
    0.779962962394721,
    0.77,
    0.7503883140157557,
    0.7503883081984772,
    0.78,
    0.78,
    0.78,
    0.77,
    0.7799809330060972,
    0.7799809340544813,
    0.7799506847963967,
    0.7699828695376106,
    0.7699828706250007,
    0.769982870719861,
    0.78,
    0.7798786404084964,
    0.7402279476043245,
    0.779977966600514,
    0.7899736751932319,
    0.7899736752522752,
    0.71,
    0.730054754106558,
    0.7100001167591136,
    0.7300541293688996,
    0.7300541702703237,
    0.7899824021117466,
    0.71,
    0.71,
    0.809938329360982,
    0.7999438758573582,
    0.8099383300141415,
    0.809938329987035,
    0.8099573560767591,
    0.809950382851973,
    0.8099458703138331,
    0.8099399385254974,
    0.7601029046809693,
    0.7601029728227467,
    0.760102918462899,
    0.7500474296690789,
    0.7500473781458461,
    0.7603941512200801,
    0.7500617743240438,
    0.7999778393300215,
    0.7999778393351801,
    0.7999525691699605,
    0.7500674528386733,
    0.7501815845130445,
    0.7500675252441321,
    0.7999597315397187,
    0.7999597315404979,
    0.7999554294975689,
    0.799955429491155,
    0.7501815751620015,
    0.7999554294677814,
    0.7400670668754102,
    0.7999795835034708,
    0.7899795667330066,
    0.82,
    0.8,
    0.79,
    0.7698380835622001,
    0.69,
    0.7000047348774809,
    0.7599203764024611,
    0.7000047994843982,
    0.7499778073640138,
    0.7599304676851484,
    0.7599304677059925,
    0.7000884935294789,
    0.7000884776647628,
    0.700088441801605,
    0.77,
    0.6900000992000344,
    0.7799999937599991,
    0.7899999920999764,
    0.8,
    0.8299999086998274,
    0.05
]
