[
    0.999,
    0.999,
    0.999,
    0.999,
    0.999,
    0.999,
    0.999,
    0.999,
    0.999,
    0.999,
    0.999,
    0.999,
    0.999,
    0.999,
    0.999,
    0.999,
    0.999,
    0.999,
    0.999,
    0.999,
    0.999,
    0.999,
    0.999,
    0.999,
    0.999,
    0.999,
    0.999,
    0.999,
    0.995,
    0.99,
    0.99,
    0.99,
    0.99,
    0.99,
    0.99,
    0.99,
    0.99,
    0.99,
    0.99,
    0.94,
    0.99,
    0.99,
    0.99,
    0.99,
    0.99,
    0.99,
    0.99,
    0.99,
    0.99,
    0.99,
    0.99,
    0.99,
    0.7483045049780072,
    0.7796625736382465,
    0.97,
    0.5646120026379424,
    0.5792280820920868,
    0.7932571390409233,
    0.5599999938797812,
    0.56,
    0.56,
    0.6899999978729962,
    0.73,
    0.84,
    0.83,
    0.85,
    0.93,
    0.9285439118858798,
    0.93,
    0.93,
    0.9399999904809863,
    0.93,
    0.9299998158599628,
    0.9299997116995128,
    0.93,
    0.934502473886751,
    0.9399999996239999,
    0.95,
    0.95,
    0.95,
    0.946168955671766,
    0.92,
    0.92,
    0.91,
    0.89,
    0.9,
    0.9,
    0.8924310687615371,
    0.86,
    0.86,
    0.86,
    0.91,
    0.91,
    0.91,
    0.91,
    0.91,
    0.83,
    0.83,
    0.82,
    0.89,
    0.8900000968000116,
    0.9,
    0.9,
    0.91,
    0.9,
    0.9,
    0.89999999892,
    0.8476558287817342,
    0.79,
    0.79,
    0.79,
    0.84,
    0.84,
    0.84,
    0.84,
    0.78,
    0.68,
    0.7799999987371489,
    0.7,
    0.65,
    0.67,
    0.69,
    0.7399999979145138,
    0.71,
    0.74,
    0.78,
    0.73,
    0.78,
    0.72,
    0.77,
    0.6897897196261682,
    0.7,
    0.7,
    0.7,
    0.58,
    0.58,
    0.58,
    0.57,
    0.6499999934999994,
    0.65,
    0.65,
    0.65,
    0.6499999945833332,
    0.65,
    0.6400000019316759,
    0.65,
    0.65,
    0.65,
    0.66,
    0.67,
    0.65,
    0.73,
    0.7257649541943596,
    0.71,
    0.71,
    0.71,
    0.7100000359600027,
    0.587,
    0.62,
    0.63,
    0.6200000988000731,
    0.6200000012920001,
    0.5391330718465999,
    0.518549,
    0.53,
    0.53,
    0.53,
    0.53,
    0.55,
    0.54,
    0.47,
    0.53,
    0.58,
    0.62,
    0.62,
    0.5,
    0.44,
    0.47999998079999695,
    0.44,
    0.4851485146593471,
    0.43,
    0.44,
    0.44,
    0.43999999207999974,
    0.44,
    0.44,
    0.4671217352684136,
    0.45,
    0.52,
    0.61,
    0.61,
    0.61,
    0.61,
    0.61,
    0.57,
    0.6,
    0.650000070000021,
    0.63,
    0.63,
    0.63,
    0.6268144949379766,
    0.6112565219458187,
    0.62,
    0.6499999674999887,
    0.65,
    0.6300000325600037,
    0.66,
    0.7199999985230768,
    0.68,
    0.68,
    0.68,
    0.7099999994463728,
    0.68,
    0.71,
    0.71,
    0.71,
    0.71,
    0.7099999979270072,
    0.81,
    0.81,
    0.81,
    0.76,
    0.72,
    0.73,
    0.73,
    0.71,
    0.7,
    0.7,
    0.72,
    0.7299999087499658,
    0.720000003136,
    0.7200000145600007,
    0.73,
    0.76,
    0.76,
    0.7599993311992509,
    0.75,
    0.7600000144000005,
    0.760000032640002,
    0.76,
    0.76,
    0.7258823529411764,
    0.68,
    0.66,
    0.66,
    0.67,
    0.68,
    0.6799998911999086,
    0.6700000188100008,
    0.6799999985638859,
    0.66,
    0.66,
    0.71,
    0.7199998559995968,
    0.72,
    0.74,
    0.75,
    0.76,
    0.74,
    0.82,
    0.81,
    0.82,
    0.82,
    0.82,
    0.82,
    0.77,
    0.84,
    0.77,
    0.77,
    0.77,
    0.77,
    0.7699999998845,
    0.7599999087998286,
    0.75,
    0.7599999878399966,
    0.75,
    0.75,
    0.7699999638099945,
    0.76,
    0.7699998690999699,
    0.769999964461531,
    0.78,
    0.78,
    0.78,
    0.78,
    0.7799996957998144,
    0.78,
    0.77999999636,
    0.77,
    0.76,
    0.75,
    0.75,
    0.76,
    0.76,
    0.75,
    0.77,
    0.7608592940446652,
    0.75,
    0.78,
    0.73,
    0.7541156426739734,
    0.73,
    0.73,
    0.73,
    0.7,
    0.73,
    0.7121978,
    0.6700000262653094,
    0.7,
    0.6803048780487805,
    0.67,
    0.67,
    0.68,
    0.62,
    0.62,
    0.68,
    0.68,
    0.69,
    0.7,
    0.68,
    0.63,
    0.67,
    0.63,
    0.67,
    0.64,
    0.63,
    0.63,
    0.63,
    0.63,
    0.61,
    0.579999997912,
    0.58,
    0.61,
    0.6280769230769231,
    0.63,
    0.63,
    0.63,
    0.63,
    0.63,
    0.61,
    0.5986206896551725,
    0.5683333333333334,
    0.57,
    0.5699999826101642,
    0.57,
    0.57,
    0.59,
    0.58,
    0.5899999272332938,
    0.58,
    0.6,
    0.599999939999976,
    0.6,
    0.6,
    0.6,
    0.6,
    0.6,
    0.6,
    0.6,
    0.6,
    0.59,
    0.57,
    0.59,
    0.59,
    0.59,
    0.59,
    0.59,
    0.59,
    0.59,
    0.6,
    0.6,
    0.58,
    0.6,
    0.58,
    0.58,
    0.58,
    0.58,
    0.58,
    0.58,
    0.5799999953599991,
    0.58,
    0.5799998259997042,
    0.58,
    0.58,
    0.58,
    0.570000049450019,
    0.5799999982599999,
    0.58,
    0.58,
    0.58,
    0.58,
    0.58,
    0.58,
    0.6,
    0.6,
    0.6199998511998869,
    0.64,
    0.7,
    0.68,
    0.67,
    0.7,
    0.71,
    0.72,
    0.73,
    0.73,
    0.76,
    0.73,
    0.74,
    0.74,
    0.72,
    0.7199998559995968,
    0.74,
    0.72,
    0.74,
    0.740000072800016,
    0.74,
    0.74,
    0.7200000145600007,
    0.74,
    0.76,
    0.72,
    0.67,
    0.65,
    0.65,
    0.6499999918067221,
    0.65,
    0.65,
    0.6534653443995686,
    0.64,
    0.64,
    0.6,
    0.62,
    0.62,
    0.61,
    0.58,
    0.57,
    0.6,
    0.6,
    0.6,
    0.6,
    0.5800001764001023,
    0.6,
    0.6,
    0.6,
    0.6199998511998869,
    0.61,
    0.61,
    0.61,
    0.62,
    0.61,
    0.62,
    0.63,
    0.69,
    0.64,
    0.64,
    0.63,
    0.63,
    0.62,
    0.7,
    0.7199998559995968,
    0.72,
    0.71,
    0.7,
    0.7,
    0.73,
    0.73,
    0.7299998101998596,
    0.66,
    0.6400000230400031,
    0.64,
    0.6499999634831345,
    0.65,
    0.66,
    0.65,
    0.6699999949749997,
    0.6799998911999086,
    0.6699999195999292,
    0.67,
    0.66,
    0.6874382757334931,
    0.65,
    0.68,
    0.67,
    0.69,
    0.68,
    0.66,
    0.6899999925479998,
    0.7410100658718527,
    0.7,
    0.6999999611111025,
    0.7199998559995968,
    0.72,
    0.72,
    0.72,
    0.75,
    0.78,
    0.7300000837000159,
    0.73,
    0.68,
    0.6700000018895574,
    0.69,
    0.7175216949152542,
    0.72,
    0.73,
    0.72,
    0.73,
    0.75,
    0.74,
    0.74,
    0.74,
    0.74,
    0.74,
    0.74,
    0.74,
    0.7599999980999997,
    0.76,
    0.7485714285714286,
    0.75,
    0.75,
    0.75,
    0.75,
    0.75,
    0.75,
    0.75,
    0.75,
    0.7799999994325209,
    0.7703225806451612,
    0.76,
    0.76,
    0.77,
    0.77,
    0.77,
    0.7699999990329063,
    0.77,
    0.76,
    0.7599999927039999,
    0.76,
    0.75,
    0.73,
    0.7100000928000322,
    0.7100000725000182,
    0.73,
    0.7299999972100295,
    0.73,
    0.73,
    0.73,
    0.73,
    0.73,
    0.73,
    0.73,
    0.73,
    0.73,
    0.73,
    0.7299999941599996,
    0.73,
    0.73,
    0.73,
    0.73,
    0.73,
    0.73,
    0.73,
    0.73,
    0.73,
    0.73,
    0.710000008506667,
    0.73,
    0.6899999902968736,
    0.6999999929999994,
    0.69,
    0.69,
    0.6832019565724583,
    0.67,
    0.67,
    0.67,
    0.67,
    0.67,
    0.67,
    0.670000217800074,
    0.7,
    0.7,
    0.66,
    0.65,
    0.6500001225000797,
    0.65,
    0.679999999048,
    0.68,
    0.66,
    0.67,
    0.68,
    0.69,
    0.68,
    0.6999999990410959,
    0.7,
    0.7,
    0.7,
    0.7099999605555358,
    0.73,
    0.73,
    0.7,
    0.69,
    0.61,
    0.62,
    0.6599999841599988,
    0.61,
    0.6,
    0.61,
    0.6,
    0.66,
    0.6599999953799998,
    0.6,
    0.61,
    0.61,
    0.61,
    0.61,
    0.61,
    0.61,
    0.6199999992484848,
    0.6,
    0.62,
    0.62,
    0.62,
    0.6199999627999948,
    0.58,
    0.58,
    0.6,
    0.5999999606557274,
    0.6,
    0.61,
    0.6,
    0.6,
    0.61,
    0.6099999511999739,
    0.6,
    0.6,
    0.6599999841599988,
    0.6599999603999865,
    0.6,
    0.6,
    0.63,
    0.6299999476615267,
    0.63,
    0.68,
    0.68,
    0.63,
    0.63,
    0.63,
    0.63,
    0.63,
    0.6299999880299978,
    0.63,
    0.64,
    0.64,
    0.6400000449064487,
    0.65,
    0.62,
    0.6599999841599988,
    0.61,
    0.61,
    0.63,
    0.63,
    0.63,
    0.6,
    0.609999859699892,
    0.61,
    0.6099999599402892,
    0.67,
    0.67,
    0.69,
    0.69,
    0.660000057800019,
    0.68,
    0.68,
    0.68,
    0.6899999561518044,
    0.66,
    0.68,
    0.68,
    0.6799999727999957,
    0.68,
    0.68,
    0.68,
    0.68,
    0.68,
    0.68,
    0.68,
    0.68,
    0.68,
    0.68,
    0.68,
    0.68,
    0.68,
    0.68,
    0.68,
    0.68,
    0.68,
    0.68,
    0.679999998368,
    0.68,
    0.68,
    0.68,
    0.68,
    0.68,
    0.68,
    0.68,
    0.679999998368,
    0.68,
    0.68,
    0.68,
    0.6759443332255638,
    0.660000170000085,
    0.68,
    0.68,
    0.68,
    0.68,
    0.68,
    0.68,
    0.66,
    0.68,
    0.68,
    0.68,
    0.68,
    0.68,
    0.68,
    0.68,
    0.68,
    0.68,
    0.68,
    0.68,
    0.68,
    0.68,
    0.68,
    0.68,
    0.68,
    0.68,
    0.68,
    0.68,
    0.68,
    0.67,
    0.67,
    0.67,
    0.67,
    0.67,
    0.67,
    0.67,
    0.67,
    0.67,
    0.67,
    0.67,
    0.67,
    0.67,
    0.67,
    0.67,
    0.67,
    0.67,
    0.67,
    0.67,
    0.67,
    0.67,
    0.67,
    0.67,
    0.67,
    0.67,
    0.67,
    0.67,
    0.67,
    0.66,
    0.67,
    0.669999852205828,
    0.669999852205828,
    0.6600000142800009,
    0.68,
    0.68,
    0.68,
    0.68,
    0.68,
    0.68,
    0.68,
    0.68,
    0.68,
    0.68,
    0.66,
    0.68,
    0.68,
    0.68,
    0.68,
    0.68,
    0.6600000367200034,
    0.68,
    0.68,
    0.68,
    0.68,
    0.68,
    0.68,
    0.68,
    0.68,
    0.68,
    0.68,
    0.68,
    0.68,
    0.68,
    0.68,
    0.68,
    0.68,
    0.68,
    0.68,
    0.68,
    0.68,
    0.68,
    0.68,
    0.68,
    0.68,
    0.68,
    0.68,
    0.68,
    0.68,
    0.68,
    0.68,
    0.68,
    0.68,
    0.68,
    0.68,
    0.68,
    0.68,
    0.68,
    0.68,
    0.68,
    0.68,
    0.68,
    0.68,
    0.68,
    0.68,
    0.68,
    0.68,
    0.68,
    0.68,
    0.68,
    0.68,
    0.68,
    0.679999998368,
    0.68,
    0.68,
    0.68,
    0.68,
    0.68,
    0.6799999935575551,
    0.68,
    0.68,
    0.68,
    0.68,
    0.68,
    0.68,
    0.68,
    0.68,
    0.68,
    0.68,
    0.68,
    0.68,
    0.68,
    0.68,
    0.68,
    0.68,
    0.68,
    0.68,
    0.68,
    0.68,
    0.69,
    0.69,
    0.69,
    0.7099999958544799,
    0.7,
    0.7,
    0.69,
    0.71,
    0.72,
    0.72000000336,
    0.7,
    0.71,
    0.71,
    0.7,
    0.7,
    0.7,
    0.71,
    0.71,
    0.72,
    0.73,
    0.73,
    0.7300000046575,
    0.74,
    0.7300000096428575,
    0.74,
    0.73,
    0.73,
    0.75,
    0.75,
    0.75,
    0.78,
    0.77,
    0.77,
    0.74,
    0.74,
    0.72,
    0.720000002099672,
    0.72,
    0.73,
    0.77,
    0.77,
    0.79,
    0.79,
    0.789999999145946,
    0.79,
    0.79,
    0.79,
    0.79,
    0.79,
    0.778,
    0.7899999826199865,
    0.7899999996296875,
    0.77,
    0.79,
    0.76,
    0.79,
    0.78,
    0.76,
    0.75,
    0.78,
    0.75,
    0.77,
    0.77,
    0.8,
    0.8,
    0.8,
    0.8199999995522795,
    0.8,
    0.8,
    0.8,
    0.81,
    0.8,
    0.81,
    0.81,
    0.81,
    0.81,
    0.82,
    0.82,
    0.8199999998297343,
    0.82,
    0.85,
    0.85,
    0.85,
    0.84,
    0.84,
    0.84,
    0.84,
    0.84,
    0.84,
    0.84,
    0.84,
    0.84,
    0.84,
    0.8399999994475501,
    0.84,
    0.84,
    0.84,
    0.84,
    0.84,
    0.84,
    0.84,
    0.84,
    0.84,
    0.84,
    0.84,
    0.84,
    0.84,
    0.84,
    0.84,
    0.84,
    0.84,
    0.84,
    0.84,
    0.84,
    0.84,
    0.84,
    0.84,
    0.84,
    0.84,
    0.84,
    0.84,
    0.84,
    0.84,
    0.84,
    0.84,
    0.84,
    0.84,
    0.84,
    0.83,
    0.83,
    0.83,
    0.84,
    0.84,
    0.85,
    0.85,
    0.8,
    0.8,
    0.8,
    0.78,
    0.8,
    0.79,
    0.79,
    0.79,
    0.79,
    0.819999999016,
    0.79,
    0.8,
    0.8341277399261724,
    0.8,
    0.8,
    0.8199999901599953,
    0.82,
    0.82,
    0.82,
    0.82,
    0.83,
    0.84,
    0.8499999341084812,
    0.850000024000001,
    0.859999996354802,
    0.869999998259999,
    0.84,
    0.8601647896824404,
    0.85,
    0.86,
    0.86,
    0.89,
    0.89,
    0.9,
    0.89,
    0.9,
    0.9,
    0.87,
    0.88,
    0.9,
    0.88,
    0.88,
    0.9,
    0.86,
    0.8699999531615038,
    0.8835413906458764,
    0.87,
    0.869999997128711,
    0.87,
    0.84,
    0.83,
    0.8,
    0.8,
    0.81,
    0.81,
    0.82,
    0.78,
    0.78,
    0.78,
    0.78,
    0.78,
    0.76,
    0.76,
    0.72,
    0.7,
    0.7,
    0.72,
    0.72,
    0.72,
    0.72,
    0.72,
    0.72,
    0.72,
    0.72,
    0.72,
    0.72,
    0.72,
    0.7000000750000187,
    0.72,
    0.72,
    0.72,
    0.72,
    0.72,
    0.72,
    0.72,
    0.7000000075000001,
    0.69,
    0.7,
    0.7,
    0.7,
    0.7,
    0.729999999588964,
    0.75,
    0.7399999802666567,
    0.74,
    0.7499998519736355,
    0.7664234840681671,
    0.76,
    0.75,
    0.8199999863332994,
    0.82,
    0.7700000242777797,
    0.82,
    0.819999999344,
    0.81,
    0.81,
    0.81,
    0.81,
    0.81,
    0.8100000070517512,
    0.8247193688986165,
    0.83,
    0.83,
    0.82,
    0.8,
    0.770000030820002,
    0.7599999867364726,
    0.73,
    0.72,
    0.75,
    0.7776362524011825,
    0.74,
    0.74,
    0.75,
    0.75,
    0.740000042833615,
    0.7200000952000152,
    0.75,
    0.7600001107692649,
    0.76,
    0.73,
    0.73,
    0.73,
    0.73,
    0.73,
    0.7299999998415885,
    0.7,
    0.7,
    0.71,
    0.73,
    0.73,
    0.73,
    0.7000000180000007,
    0.7300000026811847,
    0.71,
    0.69,
    0.69,
    0.7,
    0.69,
    0.72,
    0.71,
    0.7358283867539788,
    0.71,
    0.71,
    0.72,
    0.72,
    0.72,
    0.72,
    0.7,
    0.7,
    0.7,
    0.7,
    0.7,
    0.7,
    0.69,
    0.69,
    0.69,
    0.69,
    0.69,
    0.68,
    0.68,
    0.68,
    0.68,
    0.69,
    0.68,
    0.69,
    0.670000217800074,
    0.68,
    0.67,
    0.67,
    0.6799999945599995,
    0.6700001072500188,
    0.68,
    0.68,
    0.68,
    0.6700000188100008,
    0.6700000149568349,
    0.670000010570313,
    0.6700000090444449,
    0.6700000127741941,
    0.67,
    0.6700000114400003,
    0.6700000000790367,
    0.6799999799754582,
    0.67,
    0.67,
    0.67,
    0.67,
    0.67,
    0.67,
    0.67,
    0.67,
    0.6629012735773636,
    0.66,
    0.66,
    0.6699999990147059,
    0.6699999935753417,
    0.6699999973199998,
    0.6699999901147534,
    0.6699999869140607,
    0.6699999948062012,
    0.6699999989105689,
    0.67,
    0.6699999847727253,
    0.6699999915629619,
    0.6600000122051288,
    0.6600000147547177,
    0.6600000178947378,
    0.6600000100937505,
    0.660000021857144,
    0.6699999195999292,
    0.67,
    0.6699999979290909,
    0.6699999963070861,
    0.6652142820463773,
    0.6599999906456687,
    0.6599999961739125,
    0.6599999836279048,
    0.6599999836279048,
    0.659999993454545,
    0.6599999931044772,
    0.6599999928163262,
    0.6599999906456687,
    0.65,
    0.6500000536286458,
    0.66,
    0.65,
    0.65,
    0.6599998943999641,
    0.659999991199999,
    0.6500000385000034,
    0.66,
    0.6599999463414241,
    0.66,
    0.66,
    0.66,
    0.6500000385000034,
    0.6599999603999865,
    0.65,
    0.65,
    0.65,
    0.65,
    0.66,
    0.66,
    0.6599999955999996,
    0.65,
    0.66,
    0.6599999504999914,
    0.6599999295999606,
    0.6599999295999606,
    0.66,
    0.6599998943999641,
    0.66,
    0.65,
    0.65,
    0.65,
    0.65,
    0.65,
    0.65,
    0.66,
    0.66,
    0.66,
    0.6599999295999606,
    0.66,
    0.66,
    0.6599999295999606,
    0.66,
    0.66,
    0.66,
    0.66,
    0.66,
    0.66,
    0.66,
    0.66,
    0.66,
    0.66,
    0.66,
    0.66,
    0.66,
    0.66,
    0.67,
    0.67,
    0.67,
    0.67,
    0.67,
    0.67,
    0.67,
    0.67,
    0.67,
    0.67,
    0.67,
    0.67,
    0.67,
    0.67,
    0.67,
    0.67,
    0.67,
    0.67,
    0.67,
    0.67,
    0.67,
    0.67,
    0.67,
    0.67,
    0.67,
    0.67,
    0.68,
    0.68,
    0.68,
    0.68,
    0.68,
    0.68,
    0.68,
    0.68,
    0.68,
    0.68,
    0.68,
    0.68,
    0.68,
    0.68,
    0.68,
    0.68,
    0.68,
    0.68,
    0.68,
    0.68,
    0.68,
    0.68,
    0.68,
    0.68,
    0.68,
    0.68,
    0.68,
    0.68,
    0.68,
    0.68,
    0.68,
    0.68,
    0.68,
    0.68,
    0.68,
    0.68,
    0.69,
    0.68999999954,
    0.6899999914191656,
    0.6899999707340815,
    0.68,
    0.68,
    0.6899999585999611,
    0.68,
    0.69,
    0.68,
    0.6899999951699998,
    0.68,
    0.68,
    0.69,
    0.6899999585999611,
    0.6899999868899976,
    0.69,
    0.69,
    0.68,
    0.6899999585999611,
    0.68,
    0.68,
    0.6899999668268928,
    0.68,
    0.6899995443390639,
    0.6899995447913347,
    0.689999932072528,
    0.689999996826,
    0.68,
    0.68,
    0.6899660873846436,
    0.6899659630395292,
    0.6999999836666659,
    0.68,
    0.6999999929999994,
    0.7,
    0.68,
    0.7,
    0.7,
    0.68,
    0.7,
    0.6999999824999917,
    0.7,
    0.6999999929999994,
    0.7,
    0.68,
    0.6999999766666597,
    0.6899571243250368,
    0.689957122640404,
    0.68,
    0.68,
    0.6999999719999955,
    0.6899227008589884,
    0.6899226814543576,
    0.68,
    0.6902106583627031,
    0.6800000148201658,
    0.699999945098022,
    0.6902106003844174,
    0.6902107746039495,
    0.690210600567418,
    0.68,
    0.7,
    0.7,
    0.6999999766666597,
    0.68,
    0.7,
    0.6949318619309377,
    0.68,
    0.6923633512273896,
    0.6899240241373203,
    0.6899238390789213,
    0.68,
    0.6899091514510995,
    0.6899091739504704,
    0.7,
    0.6999999369368858,
    0.69,
    0.68,
    0.6999999852631551,
    0.7,
    0.6900000358028229,
    0.6999999936363626,
    0.690000016365483,
    0.6900000669163145,
    0.6900001705000767,
    0.7,
    0.7,
    0.69,
    0.69,
    0.69,
    0.7,
    0.69,
    0.69,
    0.6999999695652055,
    0.69,
    0.69,
    0.69,
    0.69,
    0.69,
    0.69,
    0.7,
    0.69,
    0.6999994716975151,
    0.6900001474758012,
    0.6999999515384574,
    0.7,
    0.6999999515384574,
    0.6999999950999999,
    0.6999999761092077,
    0.6999999399141553,
    0.6999999848156152,
    0.69,
    0.690000055853726,
    0.6900000532013285,
    0.7,
    0.7,
    0.69,
    0.69,
    0.6999999719999955,
    0.6900000449868128,
    0.7,
    0.699999859999958,
    0.7,
    0.6900000221089815,
    0.69,
    0.6900001474758012,
    0.690000037820003,
    0.6999999883333325,
    0.7,
    0.6999999719999955,
    0.69,
    0.6900001705000767,
    0.6999999719999955,
    0.7,
    0.7,
    0.7,
    0.6900001705000767,
    0.6999999964999999,
    0.6999999719999955,
    0.7,
    0.6999999932497577,
    0.7,
    0.6999999632545855,
    0.7,
    0.6900000395184197,
    0.6999998727270644,
    0.6999999894894865,
    0.7,
    0.69,
    0.7,
    0.6900000625688139,
    0.69,
    0.6999999971999998,
    0.69,
    0.69,
    0.7,
    0.6999999929999994,
    0.6999999854771757,
    0.6999999939341417,
    0.7,
    0.6999999732313483,
    0.7,
    0.6999998727270644,
    0.6999999870370325,
    0.7,
    0.7,
    0.6999999686098528,
    0.7,
    0.6999999883333325,
    0.6999999996644134,
    0.7,
    0.7,
    0.6999999929999994,
    0.6999999971999998,
    0.6999999986223184,
    0.7,
    0.6999999971999998,
    0.69999999986,
    0.6999999936363626,
    0.6999999971999998,
    0.7,
    0.7,
    0.7,
    0.6999999929999994,
    0.6999999920724784,
    0.6999999879310326,
    0.6999999925847451,
    0.6999999719999955,
    0.7,
    0.7,
    0.6999999929999994,
    0.7,
    0.69,
    0.6999999785932696,
    0.6999999929999994,
    0.7,
    0.6999999986968258,
    0.7,
    0.69,
    0.6900000076477121,
    0.6999999926315786,
    0.6999999929999994,
    0.6999999817708291,
    0.7,
    0.7,
    0.6900000323478297,
    0.690000028983743,
    0.7,
    0.7,
    0.6900000167917288,
    0.6999999719999955,
    0.7,
    0.6999999837019756,
    0.6999999578313152,
    0.6999999848812033,
    0.6999999929999994,
    0.7,
    0.7,
    0.6999999066666169,
    0.6999999983848638,
    0.7,
    0.7,
    0.6999999971999998,
    0.7,
    0.6999999974174507,
    0.6999999970833333,
    0.7,
    0.6999999766666597,
    0.7,
    0.7,
    0.7,
    0.7,
    0.6999999937974682,
    0.6999999964999999,
    0.6999999719999955,
    0.6999999766666597,
    0.68,
    0.68,
    0.6900000117386728,
    0.7,
    0.7,
    0.7,
    0.7,
    0.7,
    0.7,
    0.6999999876760522,
    0.7,
    0.6999999918604642,
    0.6999999549839112,
    0.68,
    0.68,
    0.6800000357872588,
    0.6999999793205263,
    0.7,
    0.7,
    0.69,
    0.69,
    0.69,
    0.69,
    0.6900000004343949,
    0.7,
    0.7,
    0.7,
    0.6999999713114649,
    0.7,
    0.7,
    0.69999999965,
    0.7,
    0.6999999883333325,
    0.6999999719999955,
    0.7,
    0.6999999766666597,
    0.6999999929999994,
    0.7,
    0.7,
    0.7,
    0.7,
    0.7,
    0.6999999929999994,
    0.7,
    0.6999999719999955,
    0.7,
    0.6999999761092077,
    0.7,
    0.6999999755244678,
    0.7,
    0.6999999719999955,
    0.7,
    0.7,
    0.7,
    0.7,
    0.7,
    0.7,
    0.6900000395184197,
    0.6999999766666597,
    0.690000037820003,
    0.7,
    0.6900000474687575,
    0.69,
    0.6900000159024124,
    0.690000010015385,
    0.6900000144666671,
    0.6900000051925,
    0.6900000146815962,
    0.69,
    0.69,
    0.6900000200924533,
    0.6900000131898686,
    0.7,
    0.6999999892307678,
    0.6999999883333325,
    0.6999999936363626,
    0.6999999929999994,
    0.7,
    0.7,
    0.6999999892307678,
    0.6999999883333325,
    0.7,
    0.6999999964999999,
    0.7,
    0.6999999929999994,
    0.69,
    0.7,
    0.69000000341,
    0.6900001705000767,
    0.6999999929999994,
    0.69999994776112,
    0.6900000599333417,
    0.6999999929999994,
    0.6999999929999994,
    0.6900001860000575,
    0.6900000599333417,
    0.6999999929999994,
    0.6999999929999994,
    0.7,
    0.7,
    0.6900001328572124,
    0.6999999439999597,
    0.6900001187851122,
    0.6900000599333417,
    0.6999999222221445,
    0.7,
    0.7,
    0.6999999929999994,
    0.6900000023396227,
    0.7,
    0.7,
    0.6900001705000767,
    0.7,
    0.6999998613860288,
    0.6999999719999955,
    0.69,
    0.6900000160476667,
    0.6999999857867995,
    0.7,
    0.6999999882550298,
    0.7,
    0.7,
    0.7,
    0.7,
    0.6999999883333325,
    0.7,
    0.6999999936363626,
    0.6999999892307678,
    0.6999999936363626,
    0.6999999883333325,
    0.6999999883333325,
    0.6999999892307678,
    0.6999999936363626,
    0.69,
    0.6900000109909097,
    0.690000010015385,
    0.6900001716072011,
    0.7,
    0.6900000216357697,
    0.6999999824120563,
    0.7,
    0.69,
    0.7,
    0.6999999719999955,
    0.7,
    0.6999999567900728,
    0.6999999788838555,
    0.6999999893455084,
    0.6900000109909097,
    0.6900000415853704,
    0.69,
    0.7,
    0.7,
    0.6900000502024414,
    0.6999999929999994,
    0.6900000109909097,
    0.7,
    0.6999999936363626,
    0.6999999892307678,
    0.6999999883333325,
    0.6999999892307678,
    0.6999999892307678,
    0.690000013064286,
    0.69,
    0.7,
    0.69,
    0.7,
    0.6999999326922495,
    0.7,
    0.6999999948491531,
    0.7,
    0.6999998870966103,
    0.69,
    0.7,
    0.7,
    0.6900000367247408,
    0.7,
    0.6900001705000767,
    0.7,
    0.6999998703702743,
    0.6999999920544827,
    0.6900000377517607,
    0.6999999448818073,
    0.69,
    0.69,
    0.6900001693440178,
    0.6901995990656153,
    0.6901995950997976,
    0.7,
    0.7,
    0.7,
    0.6901012855473315,
    0.7,
    0.68,
    0.7,
    0.7,
    0.69,
    0.6999999719999955,
    0.68,
    0.6999998703702743,
    0.68,
    0.6901220944504239,
    0.6999999929999994,
    0.6901220937395708,
    0.6901220930854802,
    0.68,
    0.6900795459065109,
    0.7,
    0.68,
    0.68,
    0.68,
    0.68,
    0.68,
    0.68,
    0.68,
    0.68,
    0.6898769329182473,
    0.68,
    0.68,
    0.68,
    0.68,
    0.7,
    0.68,
    0.68,
    0.69,
    0.69,
    0.69,
    0.68,
    0.68,
    0.68,
    0.68,
    0.68,
    0.68,
    0.68,
    0.68,
    0.68,
    0.68,
    0.6999999626417582,
    0.68,
    0.68,
    0.68,
    0.68,
    0.68,
    0.68,
    0.68,
    0.68,
    0.7,
    0.689915527780241,
    0.6899155174163424,
    0.68,
    0.68,
    0.68,
    0.68,
    0.68,
    0.68,
    0.68,
    0.68,
    0.68,
    0.68,
    0.68,
    0.696186646934827,
    0.68,
    0.68,
    0.68,
    0.68,
    0.68,
    0.68,
    0.68,
    0.68,
    0.68,
    0.68,
    0.68,
    0.68,
    0.69,
    0.69,
    0.69,
    0.6999995504581794,
    0.6999999810810765,
    0.7,
    0.6999999695652055,
    0.6999997549998408,
    0.6999999562499754,
    0.6999999929999994,
    0.69,
    0.6902304336453576,
    0.6902304334601197,
    0.68,
    0.68,
    0.69,
    0.69,
    0.69,
    0.69,
    0.69,
    0.69,
    0.69,
    0.69,
    0.69,
    0.69,
    0.69,
    0.69,
    0.69,
    0.68,
    0.6900000635500187,
    0.68,
    0.68,
    0.6899666126059336,
    0.699999968829514,
    0.68,
    0.6928704623254142,
    0.68,
    0.68,
    0.69,
    0.6899999585999611,
    0.68,
    0.68,
    0.68,
    0.68,
    0.68,
    0.68,
    0.68,
    0.68,
    0.68,
    0.68,
    0.68,
    0.68,
    0.68,
    0.69,
    0.68,
    0.68,
    0.68,
    0.68,
    0.6899999585999611,
    0.6899999844067712,
    0.6899606102373386,
    0.6899604878814405,
    0.6999999766666597,
    0.6902260329965364,
    0.6999996016255953,
    0.6902258859035436,
    0.6999997030300691,
    0.7,
    0.7,
    0.7,
    0.69,
    0.6899331144745189,
    0.690050920485703,
    0.7,
    0.69,
    0.69,
    0.7,
    0.7,
    0.7,
    0.7,
    0.6900300223955279,
    0.6999998231046102,
    0.6900301507973827,
    0.6999996499997861,
    0.690030088564212,
    0.7,
    0.6999999627659397,
    0.6900301070328598,
    0.7,
    0.6900300740918354,
    0.7,
    0.7,
    0.6999999406779208,
    0.68,
    0.6800012876286479,
    0.6900550613080842,
    0.7,
    0.6900548951731024,
    0.6900548950241101,
    0.6999997789472832,
    0.7,
    0.6999997723576126,
    0.7,
    0.7,
    0.6999998782607849,
    0.68,
    0.6999993883488613,
    0.7,
    0.6999996230765462,
    0.6974195468166274,
    0.68999948999949,
    0.6899999361986142,
    0.6899998041289614,
    0.6899997113263568,
    0.6899999585999611,
    0.6899997780903006,
    0.6899996755966833,
    0.6899994877268769,
    0.68,
    0.68,
    0.69,
    0.68,
    0.69,
    0.69,
    0.68,
    0.6899999585999611,
    0.6899999885635297,
    0.6899997732166991,
    0.6899998080240921,
    0.6899997943707861,
    0.6899999150245154,
    0.6899999978899076,
    0.6899999424999856,
    0.689999959316021,
    0.6899999428965171,
    0.6899999361986142,
    0.689999925888842,
    0.6899999520463168,
    0.6899999689189064,
    0.6899999839160805,
    0.6899999917199968,
    0.6899997958748902,
    0.6899999221804014,
    0.6899998656933914,
    0.6899999912380925,
    0.6899999857437961,
    0.69,
    0.68,
    0.68,
    0.6901390194591486,
    0.6901390177317821,
    0.68,
    0.68,
    0.7,
    0.7,
    0.7,
    0.699999987214611,
    0.6999999565554653,
    0.6999999951890031,
    0.6900269833246844,
    0.6999999949201738,
    0.6999999941471567,
    0.7,
    0.6999999951956067,
    0.6999999950946038,
    0.7,
    0.699999952054765,
    0.6999999496402551,
    0.699999954248339,
    0.7,
    0.6999999715446935,
    0.7,
    0.6999999222221445,
    0.7,
    0.7,
    0.7,
    0.6999999945694328,
    0.7,
    0.6999999651741224,
    0.7,
    0.7,
    0.6999997914892464,
    0.6999999213482793,
    0.6999997461138187,
    0.6999999066666169,
    0.6899649623706228,
    0.689965012360111,
    0.6899650055894927,
    0.6999999564616415,
    0.6999999512760979,
    0.7,
    0.699999995142262,
    0.6999999947049921,
    0.6999999684999982,
    0.6999997069765943,
    0.7,
    0.6999999781931403,
    0.7,
    0.7,
    0.6999996387093977,
    0.7,
    0.6999999066666169,
    0.6999997846152852,
    0.6999999603399344,
    0.6999999946564878,
    0.6999999936651579,
    0.699999987214611,
    0.6999999929999994,
    0.7,
    0.7,
    0.699999994322789,
    0.6999999903581262,
    0.7,
    0.7,
    0.6999999020978473,
    0.7,
    0.6999999585798351,
    0.6999999949531356,
    0.7,
    0.7,
    0.7,
    0.691477801571779,
    0.6999999342722758,
    0.6999999423867886,
    0.689999996696306,
    0.69,
    0.68,
    0.68,
    0.68,
    0.68,
    0.68,
    0.6999998870966103,
    0.6999999892307678,
    0.6927832765718672,
    0.6899999944880166,
    0.6899999839160805,
    0.6899999851878331,
    0.68,
    0.69,
    0.6899999892796604,
    0.6899999858263295,
    0.6899999856150087,
    0.6899999904608278,
    0.6899999987078649,
    0.69,
    0.68,
    0.6899999965326629,
    0.68999992569223,
    0.6899999993646408,
    0.6899999980355869,
    0.6899999839919991,
    0.6899999886197908,
    0.68,
    0.69,
    0.6899999822012012,
    0.6899999958181812,
    0.6899999839919991,
    0.6899999971105523,
    0.6899999924521409,
    0.6899999903532003,
    0.69,
    0.68,
    0.6899999707272563,
    0.68,
    0.6899999868899976,
    0.69,
    0.6899999917199968,
    0.69,
    0.68,
    0.6899999363829394,
    0.68,
    0.68,
    0.69,
    0.6899999424999856,
    0.69,
    0.68,
    0.69,
    0.6899999002409182,
    0.69,
    0.68,
    0.6899999098491221,
    0.69,
    0.69,
    0.69,
    0.69,
    0.69,
    0.7,
    0.6900001705000767,
    0.69,
    0.69,
    0.68,
    0.68,
    0.68,
    0.6900971662993213,
    0.6900971666026661,
    0.6962006519119509,
    0.6899900319373599,
    0.6899901567455788,
    0.6999999935956073,
    0.7,
    0.6999999222221445,
    0.6999999695652055,
    0.7,
    0.6999999363636132,
    0.7,
    0.7,
    0.6999999363636132,
    0.6999999517241247,
    0.7,
    0.7,
    0.6999999946195231,
    0.7,
    0.6999999897134453,
    0.6999999827160456,
    0.7,
    0.7,
    0.6999999890368043,
    0.6999999868790993,
    0.7,
    0.7,
    0.7,
    0.6999999939341417,
    0.6999999896065324,
    0.7,
    0.68,
    0.7,
    0.68,
    0.68,
    0.6999999066666169,
    0.6999999869646173,
    0.6999999881255293,
    0.7,
    0.6999999971999998,
    0.68,
    0.68,
    0.68,
    0.68,
    0.68,
    0.68,
    0.68,
    0.68,
    0.68,
    0.68,
    0.6999999929999994,
    0.6999999562499754,
    0.7,
    0.7,
    0.6999999787878666,
    0.6999999766666597,
    0.6999999730769034,
    0.6999999695652055,
    0.7,
    0.6999999222221445,
    0.6999999416665743,
    0.6999999416665743,
    0.6999999222221445,
    0.7,
    0.6999999562499754,
    0.6999999439999597,
    0.7,
    0.6999999695652055,
    0.7,
    0.7,
    0.7,
    0.69,
    0.6900000474687575,
    0.6900000806000113,
    0.6900000697500134,
    0.6900000536538575,
    0.6900000861111351,
    0.6900000697500134,
    0.6900000536538575,
    0.6900000697500134,
    0.6900000642963068,
    0.7,
    0.7,
    0.6900000599333417,
    0.6900001143125293,
    0.6900000451714349,
    0.6900000767619223,
    0.6900001824007588,
    0.6900000767619223,
    0.6900000536538575,
    0.6900000635500187,
    0.6900000451714349,
    0.6999999815303337,
    0.6999999571865207,
    0.6999999735848967,
    0.6999999700214017,
    0.6999999670588096,
    0.699999897058763,
    0.7,
    0.7,
    0.7,
    0.7,
    0.6999999517241247,
    0.6999999695652055,
    0.6999999363636132,
    0.6999999810810765,
    0.7,
    0.6999999517241247,
    0.6999999078946277,
    0.7,
    0.6999999602272298,
    0.7,
    0.7,
    0.6999999562499754,
    0.6999999517241247,
    0.6999999631578578,
    0.6999999730769034,
    0.6999999787878666,
    0.6999999766666597,
    0.7,
    0.7,
    0.7,
    0.7,
    0.7,
    0.6999999787878666,
    0.6999999730769034,
    0.7,
    0.6999999222221445,
    0.6999999439999597,
    0.6999999517241247,
    0.7,
    0.6999999562499754,
    0.7,
    0.689999925888842,
    0.6899999424999856,
    0.6899999260714101,
    0.6899999585999611,
    0.6899999585999611,
    0.6899999428965171,
    0.6899999428965171,
    0.6899999917199968,
    0.6899999424999856,
    0.6899999066470165,
    0.6899999295160983,
    0.6899999450199028,
    0.6899999577096527,
    0.6899999428965171,
    0.6899999780454353,
    0.6899999942499953,
    0.6899999942499953,
    0.6899999577096527,
    0.6899999424999856,
    0.6899999808333286,
    0.6899999822571332,
    0.6899999585999611,
    0.6899999780454353,
    0.6899999568749893,
    0.6899999051248944,
    0.68,
    0.6899999942499953,
    0.6899999424999856,
    0.6899999759999904,
    0.6899999568749893,
    0.6899999428965171,
    0.6899999780454353,
    0.6899999346315507,
    0.6899999707272563,
    0.6899999260714101,
    0.68999992569223,
    0.6899999428965171,
    0.6899999577096527,
    0.6899999925405366,
    0.68999992569223,
    0.6899999759999904,
    0.6899999260714101,
    0.689999866928407,
    0.6899999780454353,
    0.6899999428965171,
    0.6899999942499953,
    0.6899998711999382,
    0.6899999759999904,
    0.68999992569223,
    0.6899999051248944,
    0.6899999707272563,
    0.6899999822571332,
    0.6899999759999904,
    0.6899999428965171,
    0.6899999909210504,
    0.6899999942499953,
    0.6899999346315507,
    0.68999992569223,
    0.6899999428965171,
    0.6899999066470165,
    0.6899999051248944,
    0.6899999260714101,
    0.689999925888842,
    0.6899999695588159,
    0.6899999424999856,
    0.6899999707272563,
    0.6899999585999611,
    0.68999992569223,
    0.6899999346315507,
    0.6899999780454353,
    0.6899999051248944,
    0.6899999428965171,
    0.6899999707272563,
    0.6899999780454353,
    0.6899999759999904,
    0.6899999260714101,
    0.6899999051248944,
    0.6899999822571332,
    0.6899999942499953,
    0.6899999469230402,
    0.6899999572856966,
    0.6899999568749893,
    0.6899999428965171,
    0.6899999066470165,
    0.689999866928407,
    0.69,
    0.6899999260714101,
    0.689999934833267,
    0.6899999346315507,
    0.6899999577096527,
    0.6899999707272563,
    0.6899999585999611,
    0.6899999808333286,
    0.6899999585999611,
    0.6899999346315507,
    0.6899999585999611,
    0.6899998428711673,
    0.6899999695588159,
    0.6899999917199968,
    0.6899999577096527,
    0.6899999051248944,
    0.6899999572856966,
    0.6899998711999382,
    0.6899999759999904,
    0.6899999424999856,
    0.68999992569223,
    0.689999934833267,
    0.6899999695588159,
    0.689999934833267,
    0.6899998041289614,
    0.6899999759999904,
    0.6899996075622327,
    0.6899998248460636,
    0.6899999424999856,
    0.6899999572856966,
    0.6899998711999382,
    0.6899999917199968,
    0.68,
    0.689999996826,
    0.6901515152310944,
    0.6901515156060655,
    0.68,
    0.68,
    0.68,
    0.68,
    0.68,
    0.6800000940910631,
    0.69,
    0.6901652417476105,
    0.6900000958825959,
    0.6901651378960265,
    0.7,
    0.6999999562499754,
    0.7,
    0.7,
    0.6999999695652055,
    0.6999999787878666,
    0.6999999730769034,
    0.6999999222221445,
    0.6999999766666597,
    0.6999999416665743,
    0.7,
    0.7,
    0.7,
    0.7,
    0.6999999562499754,
    0.6999999222221445,
    0.7,
    0.6999999695652055,
    0.6999999439999597,
    0.7,
    0.6999999416665743,
    0.690165255488022,
    0.6901651377344308,
    0.68,
    0.6999999631578578,
    0.6999999766666597,
    0.7,
    0.6999999363636132,
    0.7,
    0.6999999363636132,
    0.6999999766666597,
    0.6999999631578578,
    0.6999999517241247,
    0.7,
    0.69,
    0.7,
    0.6999999730769034,
    0.7,
    0.7,
    0.6999999810810765,
    0.6999999416665743,
    0.7,
    0.6999999695652055,
    0.6999999439999597,
    0.7,
    0.6902071077604282,
    0.6902070571284021,
    0.68,
    0.6902070906897159,
    0.680000337386573,
    0.68,
    0.68,
    0.68,
    0.68,
    0.68,
    0.68,
    0.6902169846614291,
    0.68,
    0.68,
    0.68,
    0.68,
    0.68,
    0.68,
    0.68,
    0.68,
    0.68,
    0.68,
    0.68,
    0.68,
    0.68,
    0.68,
    0.68,
    0.68,
    0.68,
    0.68,
    0.68,
    0.68,
    0.68,
    0.68,
    0.68,
    0.68,
    0.6899999585999611,
    0.68,
    0.68,
    0.68,
    0.68,
    0.68,
    0.68,
    0.68,
    0.68,
    0.68,
    0.68,
    0.68,
    0.68,
    0.68,
    0.68,
    0.68,
    0.68,
    0.68,
    0.68,
    0.68,
    0.68,
    0.68,
    0.68,
    0.69,
    0.6899999668268928,
    0.69,
    0.68,
    0.6999999695652055,
    0.6999999517241247,
    0.6999999363636132,
    0.6999999416665743,
    0.6999999766666597,
    0.6999999631578578,
    0.6999999562499754,
    0.6999999730769034,
    0.6999999787878666,
    0.7,
    0.68,
    0.69,
    0.68,
    0.6999999517241247,
    0.6999999730769034,
    0.6999999066666169,
    0.7,
    0.6999999695652055,
    0.6961858936744514,
    0.6999999562499754,
    0.6999999787878666,
    0.6899079604521431,
    0.6899079871916971,
    0.6899080151250128,
    0.689908030931279,
    0.6899080067294258,
    0.6999999730769034,
    0.6999999517241247,
    0.6999999363636132,
    0.69371777462136,
    0.6899381480716432,
    0.6899380905444212,
    0.6899380725133322,
    0.6899381322178668,
    0.6899380710968095,
    0.6899381094711228,
    0.68,
    0.6999999719999955,
    0.6977906872637307,
    0.6899999822571332,
    0.6899999568749893,
    0.689999866928407,
    0.6899999469230402,
    0.6899999066470165,
    0.6899999572856966,
    0.6899999428965171,
    0.6899999942499953,
    0.69,
    0.68,
    0.6899999759999904,
    0.6899999917199968,
    0.6899999577096527,
    0.6899999424999856,
    0.6899996703331246,
    0.6899999572856966,
    0.6899998711999382,
    0.6899999695588159,
    0.6899998248460636,
    0.6899996075622327,
    0.6899999346315507,
    0.6899997205498337,
    0.6899999346315507,
    0.6899997205498337,
    0.6899999260714101,
    0.6899998041289614,
    0.6899999585999611,
    0.6899999808333286,
    0.6899998264544839,
    0.6899996703331246,
    0.69,
    0.6899998711999382,
    0.6899999841874938,
    0.6899999942499953,
    0.68999992569223,
    0.6899999695588159,
    0.6899999566744113,
    0.6899999572856966,
    0.6899999780454353,
    0.6899999424999856,
    0.68,
    0.6899999925479998,
    0.6899999585999611,
    0.68,
    0.68,
    0.68,
    0.6899999585999611,
    0.689999998735,
    0.6899999585999611,
    0.6801585864806089,
    0.69,
    0.6801585868597655,
    0.680158587185338,
    0.6800151699029127,
    0.6802430689593529,
    0.6802430688521812,
    0.6802430693069307,
    0.67,
    0.6889681544484078,
    0.6799329841092551,
    0.6799432259944739,
    0.68,
    0.68,
    0.68,
    0.6702167344038747,
    0.670216735093016,
    0.6702167352814382,
    0.66,
    0.6699827521665986,
    0.66,
    0.66,
    0.66,
    0.669982863694514,
    0.6699828675958811,
    0.6699652251780959,
    0.6699277324173019,
    0.6699277264787431,
    0.6699277324621343,
    0.6700182432925494,
    0.6700182429300817,
    0.66,
    0.66,
    0.6801858736935497,
    0.680185875098115,
    0.6801858743066668,
    0.6702457474811151,
    0.66,
    0.6700956585724798,
    0.6899576323024719,
    0.6801854493580599,
    0.68,
    0.68,
    0.6701231116092745,
    0.6701231128545537,
    0.68,
    0.67,
    0.67,
    0.67,
    0.67,
    0.6598846768787219,
    0.6598846752073255,
    0.65,
    0.61,
    0.6099526434840233,
    0.5999088693799057,
    0.6799881254957477,
    0.6799881260061886,
    0.6001937208043552,
    0.6202373540856031,
    0.6001937208171141,
    0.6101774871555348,
    0.6499600070940221,
    0.6499600090444292,
    0.6499600241964089,
    0.6500554785020805,
    0.6500082941664362,
    0.6500082941720983,
    0.6500082948065923,
    0.6500703298123585,
    0.6500703297278742,
    0.6500703296703296,
    0.6570431086026662,
    0.65,
    0.6498876778790856,
    0.6498876942754647,
    0.6401595039804128,
    0.63,
    0.63,
    0.620133583379426,
    0.6499289782299905,
    0.6,
    0.6401915043449724,
    0.6600774713813942,
    0.6600774713813942,
    0.6600774713490106,
    0.6201095461658842,
    0.6302834740651387,
    0.64,
    0.61,
    0.6201606293648875,
    0.6499323621042878,
    0.6201606293169265,
    0.6201606301347289,
    0.62,
    0.6,
    0.6498954454410351,
    0.6200495575847981,
    0.63,
    0.61,
    0.6201092725569778,
    0.6498526527727728,
    0.6201500638569604,
    0.6301352794588821,
    0.620045208042069,
    0.58,
    0.5897716492573154,
    0.589953393001147,
    0.6000512820593964,
    0.600051282051282,
    0.6000512820742301,
    0.66,
    0.65,
    0.67,
    0.72,
    0.75,
    0.62,
    0.7199998559995968,
    0.6699999645127063,
    0.4600000012962729,
    0.5,
    0.49,
    0.47,
    0.7599999087998286
]
