[
    0.001,
    0.001,
    0.001,
    0.001,
    0.002,
    0.001,
    0.002,
    0.002,
    0.001,
    0.002,
    0.002,
    0.001,
    0.002,
    0.01,
    0.012,
    0.01,
    0.01,
    0.012000003952245023,
    0.011,
    0.01,
    0.01,
    0.01,
    0.011000000989013055,
    0.012,
    0.011000000035829752,
    0.011,
    0.02,
    0.021,
    0.021000000391601097,
    0.05,
    0.05,
    0.1,
    0.17999997551999844,
    0.17999997551999844,
    0.11999989919998387,
    0.12,
    0.12,
    0.19,
    0.153,
    0.153,
    0.21,
    0.21,
    0.21000000790002363,
    0.21,
    0.1700000016863064,
    0.1900000068850003,
    0.1900000043200001,
    0.41,
    0.42999995054998097,
    0.41,
    0.44,
    0.5,
    0.48,
    0.5099998316998873,
    0.48,
    0.47,
    0.48,
    0.4199999943999999,
    0.45000004400000526,
    0.58,
    0.5600000035200001,
    0.6,
    0.56,
    0.5699577788994843,
    0.57,
    0.55,
    0.57,
    0.5799999939679998,
    0.57,
    0.5799999667466641,
    0.5903583412162743,
    0.56,
    0.56,
    0.56,
    0.560000070400024,
    0.56,
    0.6199999938774323,
    0.55,
    0.55,
    0.5227738,
    0.42,
    0.4,
    0.4,
    0.4,
    0.4,
    0.45,
    0.49,
    0.49,
    0.49,
    0.42,
    0.43,
    0.48,
    0.48,
    0.56,
    0.57,
    0.54,
    0.64,
    0.64,
    0.59,
    0.5600000105600008,
    0.46,
    0.47999998079999695,
    0.47,
    0.4500000388692621,
    0.45000000018333336,
    0.5,
    0.43,
    0.4871503974454566,
    0.41,
    0.4,
    0.37,
    0.37,
    0.37,
    0.37,
    0.36999996818691266,
    0.37,
    0.3799998834666247,
    0.43,
    0.43,
    0.390000003904,
    0.4399999847466662,
    0.44,
    0.44,
    0.44,
    0.44,
    0.44,
    0.44,
    0.4400000224000036,
    0.44000000285974833,
    0.48,
    0.43,
    0.39992839427578614,
    0.33899988593644187,
    0.33899996752379663,
    0.2,
    0.19749302355894277,
    0.161,
    0.19,
    0.18999993729998935,
    0.19,
    0.19,
    0.19,
    0.19,
    0.2,
    0.17,
    0.1700000207500306,
    0.170000049800163,
    0.17,
    0.13889247212752234,
    0.12000004693345599,
    0.12,
    0.12,
    0.08,
    0.07,
    0.07,
    0.04,
    0.06,
    0.024000003123221227,
    0.05,
    0.04,
    0.04,
    0.024000007808054592,
    0.030000004850053327,
    0.03,
    0.023000000097700014,
    0.029,
    0.025,
    0.021,
    0.024,
    0.023,
    0.02,
    0.022,
    0.023000005373604755,
    0.0289999723629987,
    0.03,
    0.03,
    0.02,
    0.03,
    0.04,
    0.04,
    0.04,
    0.04,
    0.02,
    0.02,
    0.02,
    0.03,
    0.03,
    0.04,
    0.06,
    0.04,
    0.03,
    0.03,
    0.05,
    0.05,
    0.05,
    0.06,
    0.07,
    0.07,
    0.07,
    0.08,
    0.08,
    0.08,
    0.08,
    0.08000001840000884,
    0.08,
    0.08,
    0.08,
    0.14,
    0.14,
    0.14,
    0.16,
    0.14,
    0.14,
    0.14,
    0.14,
    0.1400000860004214,
    0.14,
    0.14,
    0.14,
    0.1,
    0.09,
    0.1,
    0.1,
    0.1,
    0.09,
    0.09,
    0.1,
    0.1,
    0.09,
    0.09,
    0.09,
    0.09,
    0.09000000075833346,
    0.09000000006431551,
    0.09,
    0.09000000044273625,
    0.1,
    0.1,
    0.1,
    0.1,
    0.09,
    0.07,
    0.08,
    0.09,
    0.09,
    0.09,
    0.09,
    0.09,
    0.09,
    0.09,
    0.09,
    0.09,
    0.09,
    0.1,
    0.09,
    0.09,
    0.1,
    0.09,
    0.09000004512411387,
    0.1,
    0.1,
    0.1,
    0.1,
    0.12,
    0.11,
    0.11,
    0.11,
    0.13,
    0.12000000134865936,
    0.13,
    0.13,
    0.13,
    0.13,
    0.13,
    0.11,
    0.11,
    0.12,
    0.11,
    0.12,
    0.12,
    0.12,
    0.12,
    0.13,
    0.13,
    0.13,
    0.13,
    0.13,
    0.13,
    0.15586945932781296,
    0.14,
    0.13000000033838974,
    0.13,
    0.13,
    0.13,
    0.14,
    0.177896,
    0.14,
    0.14,
    0.14,
    0.14,
    0.14,
    0.14,
    0.15,
    0.15,
    0.16999987407405076,
    0.1500000051235687,
    0.17,
    0.19,
    0.19,
    0.18,
    0.19,
    0.16,
    0.17,
    0.17,
    0.17,
    0.15000000195762347,
    0.17,
    0.15,
    0.17,
    0.17,
    0.17,
    0.15,
    0.1500000005235925,
    0.17,
    0.17,
    0.17,
    0.15,
    0.16,
    0.17,
    0.17,
    0.16,
    0.17,
    0.17,
    0.17,
    0.17,
    0.16,
    0.15,
    0.13000000174000104,
    0.14999997599999904,
    0.15,
    0.15,
    0.17,
    0.17,
    0.17,
    0.17,
    0.15,
    0.13,
    0.14,
    0.14,
    0.13,
    0.13000000319000052,
    0.13999999215999992,
    0.14,
    0.14,
    0.14000000086000025,
    0.14,
    0.14,
    0.13000000870001732,
    0.14,
    0.14,
    0.14,
    0.14,
    0.15,
    0.15,
    0.16,
    0.16,
    0.16,
    0.15,
    0.16,
    0.15,
    0.16,
    0.16,
    0.16,
    0.16,
    0.16,
    0.16,
    0.15,
    0.16,
    0.16,
    0.16,
    0.15,
    0.15,
    0.15,
    0.16,
    0.15,
    0.15000001700002005,
    0.15,
    0.16,
    0.15,
    0.15,
    0.15,
    0.14,
    0.139999997648,
    0.07,
    0.07,
    0.07,
    0.06000000042952482,
    0.07,
    0.06,
    0.08,
    0.06,
    0.06000000061437925,
    0.07,
    0.08,
    0.09,
    0.08,
    0.09,
    0.09,
    0.11,
    0.1,
    0.11,
    0.11,
    0.11,
    0.14,
    0.13,
    0.14000000067450993,
    0.17,
    0.17,
    0.18,
    0.16,
    0.18,
    0.16,
    0.18,
    0.18,
    0.17999999453836144,
    0.16000000186978308,
    0.15,
    0.15000000283333426,
    0.19149751053236308,
    0.16,
    0.14,
    0.15,
    0.18999999686499996,
    0.17,
    0.1899999994015,
    0.17,
    0.17,
    0.19,
    0.2,
    0.2,
    0.22,
    0.22,
    0.23,
    0.23,
    0.22999996917999796,
    0.2,
    0.1985,
    0.19502518891687656,
    0.19,
    0.190000000729,
    0.19000000387083638,
    0.2,
    0.19,
    0.2,
    0.19000000030027953,
    0.2,
    0.2,
    0.2,
    0.1900000015510639,
    0.19,
    0.2,
    0.1900000145800012,
    0.21,
    0.20999999344799994,
    0.2,
    0.2099999901999998,
    0.2,
    0.2,
    0.2099999488999954,
    0.21,
    0.20999984547166603,
    0.2,
    0.2,
    0.2,
    0.2,
    0.2,
    0.20999993138612708,
    0.2,
    0.2,
    0.2,
    0.2,
    0.2,
    0.19,
    0.19000001193684318,
    0.19,
    0.19,
    0.19,
    0.19,
    0.19,
    0.19,
    0.19000000303750006,
    0.2,
    0.19,
    0.18,
    0.18000000392269466,
    0.19,
    0.18000006560008222,
    0.18,
    0.18,
    0.19,
    0.18999998802999957,
    0.17,
    0.17000000018863637,
    0.18999993729998935,
    0.1700000033200013,
    0.18000675383050938,
    0.18000676235003324,
    0.17999997551999844,
    0.18999999695085254,
    0.1700000033200013,
    0.19,
    0.18999999935348277,
    0.1700000033200013,
    0.18,
    0.18,
    0.18,
    0.18,
    0.18,
    0.17,
    0.17,
    0.18,
    0.1700000033200013,
    0.1700000033200013,
    0.17000000207500005,
    0.1700000207500306,
    0.17999999953714285,
    0.1700000207500306,
    0.17999997986841998,
    0.1700000207500306,
    0.17000000010114022,
    0.1700000033200013,
    0.17,
    0.17,
    0.1700000207500306,
    0.1700000207500306,
    0.1700000071142882,
    0.17000000012303385,
    0.17003168046069692,
    0.170000002462965,
    0.17003166226210173,
    0.17003167294040716,
    0.17000615763546797,
    0.16000006627662872,
    0.1799999279999928,
    0.16000000192000022,
    0.17815843772922427,
    0.16000000290531802,
    0.16,
    0.17,
    0.16000000058051145,
    0.17,
    0.17,
    0.17,
    0.17,
    0.17,
    0.17,
    0.17,
    0.17999993394494807,
    0.18,
    0.18,
    0.18,
    0.1700000000196329,
    0.18,
    0.17000000581323135,
    0.17000000446503366,
    0.17,
    0.16000001984252313,
    0.16999998862332663,
    0.16,
    0.16000000327485506,
    0.16000000560000088,
    0.17,
    0.16999988609996242,
    0.1799999579999958,
    0.16000000008727727,
    0.17999999977546,
    0.16999997959999905,
    0.16,
    0.16,
    0.1600000026799103,
    0.16000000373333498,
    0.16,
    0.16000001530057403,
    0.16,
    0.17999994697673927,
    0.17346754841175974,
    0.1699999758599986,
    0.17,
    0.16,
    0.16,
    0.16,
    0.16,
    0.16,
    0.16,
    0.16,
    0.16999999413499992,
    0.16,
    0.16999987786404683,
    0.16,
    0.16,
    0.16,
    0.160000001221454,
    0.16,
    0.16999999810874333,
    0.16000000310249335,
    0.16,
    0.16999996089999597,
    0.16,
    0.16,
    0.16,
    0.16,
    0.16,
    0.16,
    0.16999997024999777,
    0.16,
    0.17,
    0.16999988609996242,
    0.16,
    0.16,
    0.1699999990818679,
    0.16,
    0.16000000504000123,
    0.16000000003575857,
    0.16,
    0.16,
    0.16,
    0.16,
    0.16000000560000088,
    0.16999988609996242,
    0.16,
    0.16,
    0.16,
    0.16,
    0.16999988609996242,
    0.17,
    0.17,
    0.17,
    0.17,
    0.17,
    0.17,
    0.17,
    0.17000009130017255,
    0.17000009130017255,
    0.17000009130017255,
    0.1799998703999637,
    0.17000000249000036,
    0.17000009130017255,
    0.17000009130017255,
    0.18,
    0.17,
    0.17,
    0.17000009130017255,
    0.17,
    0.17,
    0.17000009130017255,
    0.17000009130017255,
    0.17000009130017255,
    0.17000000480324237,
    0.1700000207500306,
    0.17,
    0.17000000074700003,
    0.17976304945054944,
    0.1700000033200013,
    0.18,
    0.18,
    0.18,
    0.18,
    0.18,
    0.18,
    0.18,
    0.19,
    0.18999987839995622,
    0.18000001442816493,
    0.18000001640001606,
    0.18,
    0.19,
    0.1800000065600016,
    0.1899999939199999,
    0.18999993666665763,
    0.18000001640001606,
    0.18000001640001606,
    0.18999995693332875,
    0.18,
    0.18999995693332875,
    0.18000000093714297,
    0.18999998802999957,
    0.18000000124054463,
    0.18000000041000003,
    0.18999999613274332,
    0.1800000061423237,
    0.18999995693332875,
    0.18,
    0.19,
    0.18,
    0.17999998882978693,
    0.17000000265600052,
    0.17000009130017255,
    0.18,
    0.18,
    0.18,
    0.18999987839995622,
    0.18000001640001606,
    0.18,
    0.18,
    0.18,
    0.18,
    0.18,
    0.1800000001312,
    0.18,
    0.19,
    0.1800000060421065,
    0.18000004592005253,
    0.19,
    0.18,
    0.18000001640001606,
    0.18999987839995622,
    0.18000001885058048,
    0.18000000765333582,
    0.18,
    0.18000001640001606,
    0.18000000765333582,
    0.19,
    0.18000001640001606,
    0.18,
    0.18,
    0.1700000207500306,
    0.19,
    0.18,
    0.18,
    0.18,
    0.18,
    0.18,
    0.18,
    0.18000001640001606,
    0.18,
    0.18999997263999846,
    0.18999998708374344,
    0.18000000765333582,
    0.19,
    0.18000001640001606,
    0.18000001640001606,
    0.1800000098400048,
    0.19,
    0.19,
    0.18999998920951627,
    0.18999993729998935,
    0.19,
    0.18000002779665633,
    0.18000001640001606,
    0.18000000482352996,
    0.18999999855340907,
    0.18000001640001606,
    0.18,
    0.19,
    0.2,
    0.19,
    0.19,
    0.1899998645544179,
    0.18,
    0.19,
    0.18999999075333315,
    0.1899999983375,
    0.18000000294831486,
    0.18,
    0.180000000609895,
    0.18000001640001606,
    0.18,
    0.17000000484166744,
    0.18,
    0.18,
    0.17000000083872444,
    0.1899999892892154,
    0.19,
    0.18,
    0.18,
    0.18000000036431274,
    0.18,
    0.18,
    0.19,
    0.18,
    0.18000000630769372,
    0.1800000036283191,
    0.18,
    0.18,
    0.180000000656,
    0.18000001640001606,
    0.18000001640001606,
    0.1800000005218182,
    0.18999986735845803,
    0.1899999994015,
    0.1800000981198141,
    0.19,
    0.18,
    0.18000001640001606,
    0.18999988813080243,
    0.18000001640001606,
    0.19,
    0.18,
    0.1899999939199999,
    0.18000000702857338,
    0.18000001640001606,
    0.19,
    0.18,
    0.18000001640001606,
    0.18999998646829233,
    0.18000000098400004,
    0.18000001640001606,
    0.18999987839995622,
    0.19,
    0.18,
    0.1899998805713899,
    0.18999997263999846,
    0.18000001640001606,
    0.18000000546666753,
    0.18000001640001606,
    0.1899999939199999,
    0.18000001640001606,
    0.18000001640001606,
    0.19,
    0.18,
    0.18,
    0.18000001640001606,
    0.19,
    0.18,
    0.18999997263999846,
    0.19,
    0.18,
    0.18000001640001606,
    0.18999985932689198,
    0.19,
    0.19,
    0.18,
    0.18000001640001606,
    0.18,
    0.18000002779665633,
    0.18000001640001606,
    0.18,
    0.18000000035854832,
    0.18000001766154353,
    0.18,
    0.1899998727184083,
    0.18000001640001606,
    0.18,
    0.1800000031846106,
    0.18,
    0.18999999745399998,
    0.18000001640001606,
    0.1800000981198141,
    0.18,
    0.18,
    0.18,
    0.1800000098400048,
    0.18000001640001606,
    0.18000001640001606,
    0.18000006560008222,
    0.18000001640001606,
    0.1899999809999991,
    0.19,
    0.18000000546666753,
    0.18,
    0.18999987839995622,
    0.1800000762792992,
    0.18000001261542323,
    0.18,
    0.18000008379585652,
    0.18999988892305641,
    0.18000000310606104,
    0.18000000410000025,
    0.19,
    0.18,
    0.19,
    0.18,
    0.18000000447272765,
    0.18,
    0.19,
    0.18000001640001606,
    0.18000000765333582,
    0.18000001640001606,
    0.18000001640001606,
    0.18000001640001606,
    0.18999986735845803,
    0.18000009048299825,
    0.18000001640001606,
    0.19,
    0.18,
    0.18999999863199998,
    0.1800000136667006,
    0.18000001640001606,
    0.18000001640001606,
    0.18999999863199998,
    0.19,
    0.18,
    0.18000006368950094,
    0.18000001640001606,
    0.18999987839995622,
    0.18000000869450014,
    0.1899999818085096,
    0.18999987839995622,
    0.1899998897321084,
    0.18000000447272765,
    0.18000001640001606,
    0.18000001640001606,
    0.19,
    0.18,
    0.18000001640001606,
    0.18000001640001606,
    0.18000000678153227,
    0.18000001640001606,
    0.18000001640001606,
    0.18999987839995622,
    0.1800000060421065,
    0.1800001049601545,
    0.18000001640001606,
    0.18000001426583384,
    0.18,
    0.18999997263999846,
    0.18000001640001606,
    0.18999997624999884,
    0.18000000098400004,
    0.18999999676595744,
    0.18000006560008222,
    0.18000000031205404,
    0.18000000083887477,
    0.18000000076865397,
    0.18000001640001606,
    0.18000001640001606,
    0.18000000546666753,
    0.18000001640001606,
    0.18,
    0.18,
    0.18000006212125447,
    0.18000000076279074,
    0.18000001640001606,
    0.18000000546666753,
    0.18,
    0.18000003228352685,
    0.18000001640001606,
    0.18000001640001606,
    0.18000001640001606,
    0.18000001640001606,
    0.18000009039390436,
    0.18000001640001606,
    0.18000001640001606,
    0.1800000098400048,
    0.18000001640001606,
    0.18000000256250012,
    0.18000001640001606,
    0.1800001049601545,
    0.18999998802999957,
    0.18000001640001606,
    0.18,
    0.1800000098400048,
    0.18999993729998935,
    0.18000001640001606,
    0.18000000617702472,
    0.18000001640001606,
    0.18999987839995622,
    0.18999995693332875,
    0.18999997263999846,
    0.18000001640001606,
    0.1800000065600016,
    0.18000001640001606,
    0.18000001640001606,
    0.18999998802999957,
    0.18000000532467653,
    0.18999993729998935,
    0.18000001640001606,
    0.18000001640001606,
    0.18999995693332875,
    0.18000001640001606,
    0.18000001640001606,
    0.18,
    0.17000004882373168,
    0.1799999279999928,
    0.1799999279999928,
    0.17000000425096057,
    0.1700000207500306,
    0.1799999279999928,
    0.1799999579999958,
    0.1700000033200013,
    0.17000009130017255,
    0.179999997552,
    0.17000000207500005,
    0.1700000050275333,
    0.17000009130017255,
    0.17000009130017255,
    0.17000009130017255,
    0.17999997551999844,
    0.1700000033200013,
    0.17000009130017255,
    0.17000000003444127,
    0.17000009130017255,
    0.17000009130017255,
    0.17000009130017255,
    0.17000000647173652,
    0.17000009130017255,
    0.17,
    0.17,
    0.17,
    0.17,
    0.17,
    0.17,
    0.17,
    0.1700000033200013,
    0.17000000232400023,
    0.17000009130017255,
    0.179999997552,
    0.17000009130017255,
    0.17000000519678016,
    0.17,
    0.17000009130017255,
    0.1799998703999637,
    0.17000009130017255,
    0.17000009130017255,
    0.1799999579999958,
    0.17000000988096403,
    0.17000009130017255,
    0.17000009130017255,
    0.17000009130017255,
    0.1700000442667381,
    0.17999996489999806,
    0.17000000265600052,
    0.1700000033200013,
    0.17000009130017255,
    0.17000001798334494,
    0.17000009130017255,
    0.17000009130017255,
    0.1700000071142882,
    0.17000009130017255,
    0.17000001660000383,
    0.17000009130017255,
    0.17000000249000036,
    0.17000009130017255,
    0.1700000053601592,
    0.17000000469811408,
    0.17000009130017255,
    0.17,
    0.17000000439411866,
    0.17000009130017255,
    0.17000009130017255,
    0.17,
    0.17,
    0.1799998703999637,
    0.17000009130017255,
    0.18,
    0.18999997263999846,
    0.18,
    0.17999995064515492,
    0.18,
    0.18,
    0.18,
    0.18,
    0.18,
    0.18,
    0.18,
    0.17000009130017255,
    0.18,
    0.18,
    0.18,
    0.18,
    0.18,
    0.18,
    0.18,
    0.18,
    0.18,
    0.18,
    0.18,
    0.17000009130017255,
    0.18,
    0.18,
    0.18999995693332875,
    0.17,
    0.18,
    0.17000000128430845,
    0.18999999715056987,
    0.18,
    0.18000001640001606,
    0.18999987839995622,
    0.18000001640001606,
    0.18,
    0.18,
    0.18,
    0.18,
    0.18,
    0.18,
    0.18,
    0.18,
    0.18,
    0.18,
    0.17,
    0.17000009130017255,
    0.18999999075333315,
    0.18999998802999957,
    0.18005306565344736,
    0.1800530066066985,
    0.1800530261002786,
    0.1800530601011629,
    0.17000009130017255,
    0.18999999745399998,
    0.18999993729998935,
    0.17000009130017255,
    0.18,
    0.18,
    0.18,
    0.17000000540276755,
    0.18,
    0.17000000093697148,
    0.18000001640001606,
    0.18000001640001606,
    0.18000001640001606,
    0.18000001640001606,
    0.18,
    0.18,
    0.18,
    0.18,
    0.18,
    0.18,
    0.17000009130017255,
    0.18,
    0.1700000019168593,
    0.1700000207500306,
    0.17000009130017255,
    0.1799998703999637,
    0.17000001301961273,
    0.17000000612372437,
    0.1800000098400048,
    0.18,
    0.18,
    0.18,
    0.18,
    0.18,
    0.18,
    0.17000010375008678,
    0.17000009130017255,
    0.17,
    0.17000009130017255,
    0.17985622897463863,
    0.18,
    0.18,
    0.18,
    0.18,
    0.18,
    0.18,
    0.18,
    0.18,
    0.18,
    0.18,
    0.18,
    0.18,
    0.18,
    0.18,
    0.18,
    0.18,
    0.18,
    0.18,
    0.18,
    0.18,
    0.18,
    0.18,
    0.18,
    0.18,
    0.18,
    0.18,
    0.18,
    0.18999997263999846,
    0.18999999441659457,
    0.18999987839995622,
    0.18999987839995622,
    0.1899998875199766,
    0.18999987839995622,
    0.18000875672746314,
    0.18000875193952534,
    0.17,
    0.18,
    0.18,
    0.18,
    0.18,
    0.18,
    0.18,
    0.18,
    0.18,
    0.18,
    0.18000001640001606,
    0.18,
    0.18,
    0.18,
    0.18,
    0.18,
    0.18,
    0.18,
    0.18,
    0.18,
    0.18,
    0.18,
    0.18,
    0.18,
    0.18,
    0.18,
    0.18,
    0.18,
    0.18,
    0.18,
    0.18,
    0.18,
    0.18,
    0.18,
    0.18,
    0.1700000026457197,
    0.18,
    0.18,
    0.18,
    0.18,
    0.18,
    0.18,
    0.18,
    0.18,
    0.18,
    0.18,
    0.18,
    0.17000000071142857,
    0.18,
    0.18,
    0.18,
    0.18,
    0.18,
    0.18,
    0.18,
    0.18,
    0.17000006343956642,
    0.17,
    0.18,
    0.179999998704,
    0.17,
    0.17,
    0.17000009130017255,
    0.18,
    0.17,
    0.17000009130017255,
    0.17999999257499985,
    0.17000009130017255,
    0.1799998703999637,
    0.17000000397129233,
    0.1700000434762503,
    0.18,
    0.17000000088204056,
    0.1700000207500306,
    0.17999999524799992,
    0.17,
    0.1700000207500306,
    0.17,
    0.17,
    0.17999999279999992,
    0.17999987551398844,
    0.17000002845716627,
    0.17999998919999982,
    0.17999986909088528,
    0.1799999279999928,
    0.17000000830000583,
    0.1700000442667381,
    0.17,
    0.1700000442667381,
    0.17999999524799992,
    0.17000002862073801,
    0.17,
    0.17,
    0.17,
    0.1700000062190212,
    0.17000009130017255,
    0.17,
    0.17,
    0.17,
    0.17,
    0.17,
    0.18,
    0.18,
    0.18,
    0.18,
    0.17000000684066116,
    0.17000009130017255,
    0.1700000284804191,
    0.17,
    0.17000000130177334,
    0.17,
    0.17,
    0.17,
    0.17000000205806512,
    0.17,
    0.17,
    0.17000000111893784,
    0.17,
    0.17000002321683128,
    0.17000000245978006,
    0.17,
    0.17,
    0.17,
    0.17,
    0.17,
    0.18,
    0.18,
    0.18,
    0.18,
    0.17000009130017255,
    0.17999999087999985,
    0.17,
    0.17,
    0.17,
    0.17,
    0.17,
    0.18,
    0.18,
    0.18,
    0.18,
    0.18,
    0.17000009130017255,
    0.17000000018863637,
    0.1700000017609622,
    0.17,
    0.17,
    0.1700000003274815,
    0.17000000634393184,
    0.17,
    0.17000000249000036,
    0.1700000074774909,
    0.17000009130017255,
    0.17,
    0.17000000712446753,
    0.17,
    0.17000000055333334,
    0.17,
    0.17,
    0.17,
    0.17,
    0.17,
    0.17,
    0.18,
    0.18,
    0.18,
    0.18,
    0.17000009130017255,
    0.1700000033200013,
    0.17,
    0.17,
    0.1700000015043319,
    0.1700000033200013,
    0.1700000023462904,
    0.17,
    0.17,
    0.17,
    0.17,
    0.17,
    0.17,
    0.18,
    0.18,
    0.18,
    0.18,
    0.17000009130017255,
    0.17,
    0.17,
    0.17000009130017255,
    0.17000009130017255,
    0.1700000007969913,
    0.17000009130017255,
    0.17000009130017255,
    0.17000000052986777,
    0.1700000033200013,
    0.17000009130017255,
    0.17000000082351485,
    0.17000009130017255,
    0.17000009130017255,
    0.18,
    0.1700000207500306,
    0.17000009130017255,
    0.17000009130017255,
    0.17000009130017255,
    0.17000009130017255,
    0.17,
    0.17,
    0.17,
    0.18,
    0.18,
    0.18,
    0.17,
    0.1700000098090917,
    0.17000000536637974,
    0.17000000249000036,
    0.1799998703999637,
    0.17000000249000036,
    0.17,
    0.17,
    0.17,
    0.18,
    0.18,
    0.18,
    0.17000009130017255,
    0.17000000140439964,
    0.17999998956930285,
    0.17,
    0.17,
    0.18,
    0.18,
    0.17000000074328367,
    0.17,
    0.17,
    0.17999985742571434,
    0.17,
    0.17,
    0.17,
    0.17,
    0.18,
    0.18,
    0.18,
    0.18,
    0.18,
    0.17000009130017255,
    0.17,
    0.17000000249000036,
    0.18,
    0.17,
    0.17,
    0.17,
    0.17,
    0.18,
    0.18,
    0.18,
    0.1700000207500306,
    0.1700000618085718,
    0.1700000033200013,
    0.16000004307705892,
    0.17999997551999844,
    0.16000004480005733,
    0.1600000025266772,
    0.17,
    0.16,
    0.17000000286489222,
    0.17000001053300148,
    0.18,
    0.17999987551398844,
    0.17999998753709162,
    0.18,
    0.17,
    0.17,
    0.17,
    0.17,
    0.17,
    0.17,
    0.1799998703999637,
    0.1700000033200013,
    0.1799999106766689,
    0.17,
    0.17,
    0.17,
    0.18,
    0.18,
    0.18,
    0.17,
    0.18004422359348307,
    0.1800442247825212,
    0.18,
    0.18,
    0.17,
    0.17,
    0.18999998939166637,
    0.19,
    0.19,
    0.19,
    0.18879110313042105,
    0.17987622107525242,
    0.17999999257499985,
    0.18999997263999846,
    0.17,
    0.17,
    0.18999999109374985,
    0.18,
    0.19,
    0.19,
    0.19,
    0.19,
    0.18,
    0.19,
    0.19,
    0.19,
    0.18999999036428553,
    0.1888630395535499,
    0.18,
    0.18,
    0.18999999745399998,
    0.18,
    0.18,
    0.18,
    0.19,
    0.19,
    0.19,
    0.18,
    0.18,
    0.18,
    0.19,
    0.19,
    0.19,
    0.18,
    0.18,
    0.18,
    0.18,
    0.19,
    0.19,
    0.19,
    0.18999993729998935,
    0.18,
    0.18,
    0.18,
    0.19,
    0.19,
    0.19,
    0.18,
    0.17999993178946364,
    0.17999993178946364,
    0.17999993178946364,
    0.18,
    0.18,
    0.18000000164000013,
    0.17,
    0.17,
    0.16,
    0.17,
    0.16,
    0.17,
    0.17,
    0.18,
    0.18,
    0.18,
    0.19,
    0.17,
    0.17,
    0.17,
    0.1700000117763979,
    0.19,
    0.17,
    0.19,
    0.19,
    0.19,
    0.19,
    0.19,
    0.19,
    0.2,
    0.2,
    0.2,
    0.19,
    0.19,
    0.2,
    0.19,
    0.2,
    0.2,
    0.2,
    0.2,
    0.18993933431479185,
    0.18991636358716915,
    0.189916362159043,
    0.19,
    0.19000942722828842,
    0.19,
    0.19,
    0.18,
    0.18,
    0.2,
    0.20926749955870694,
    0.2,
    0.2,
    0.18,
    0.18,
    0.17977632925851897,
    0.17977645775989812,
    0.18970753193267084,
    0.1700000418432802,
    0.17986784112962556,
    0.17986784005303838,
    0.17000009130017255,
    0.18,
    0.18,
    0.18,
    0.18,
    0.18,
    0.17,
    0.18009509354758807,
    0.17,
    0.18999997263999846,
    0.1698814229249012,
    0.17,
    0.17,
    0.17,
    0.17,
    0.1898580696973534,
    0.17,
    0.17000000105063295,
    0.18,
    0.18,
    0.17,
    0.18,
    0.18,
    0.180000002634539,
    0.19,
    0.19,
    0.19,
    0.19,
    0.2,
    0.2,
    0.2,
    0.21994930851681116,
    0.21994930833874085,
    0.2,
    0.2,
    0.21001801333177472,
    0.22002562340427484,
    0.2299953669724011,
    0.21,
    0.21,
    0.2,
    0.2,
    0.2,
    0.21004247128612333,
    0.21004261047203301,
    0.21997037519811585,
    0.22003184431545883,
    0.22003186503717195,
    0.22003197878480618,
    0.21006548800156138,
    0.21006547754778845,
    0.21006547186202243,
    0.22711313063804778,
    0.2,
    0.2,
    0.2,
    0.2100697734075187,
    0.2200426732069165,
    0.22004268146251413,
    0.21006985677255136,
    0.21995257452574526,
    0.2100155305245763,
    0.21001553602485765,
    0.2,
    0.20012740110047125,
    0.2295018865169199,
    0.22986058293997158,
    0.18,
    0.2198680349487444,
    0.22971525707305668,
    0.23,
    0.22,
    0.21,
    0.20999763397610316,
    0.19007286063958517,
    0.19007290780809347,
    0.19007291197915288,
    0.18,
    0.1999384615276354,
    0.17,
    0.16,
    0.18981045332152796,
    0.18003079600403296,
    0.17,
    0.16,
    0.16,
    0.16,
    0.16,
    0.16,
    0.21963829787234043,
    0.16,
    0.16,
    0.21994696868555222,
    0.2098474945533769,
    0.21994696882532233,
    0.17001302874311996,
    0.17001302888478395,
    0.17001306591002194,
    0.18004169253802071,
    0.21971515075003856,
    0.18004168634785708,
    0.18000414510968474,
    0.21971515044679707,
    0.17001541832080827,
    0.17001541144426635,
    0.16,
    0.16,
    0.19968874693868566,
    0.16,
    0.19968874698110062,
    0.17011420635899574,
    0.16,
    0.1701141936714745,
    0.20974083672713809,
    0.1701141826434382,
    0.16,
    0.1500570269776666,
    0.15,
    0.1600118679301264,
    0.16001191671631965,
    0.16001187163766437,
    0.16001663739575722,
    0.14,
    0.14,
    0.1498058247586012,
    0.14980582474884885,
    0.14000000689172276,
    0.14985397171025913,
    0.1498539715770009,
    0.14,
    0.2100380619902107,
    0.22001571392345073,
    0.22001570691009217,
    0.2100380674955816,
    0.21003806912711642,
    0.20970575122603655,
    0.21004728757993646,
    0.16,
    0.16,
    0.1899466093818973,
    0.15,
    0.18994660917230255,
    0.15,
    0.16001012753395205,
    0.17982092828785018,
    0.20960376000143147,
    0.14,
    0.14,
    0.15,
    0.14000008017413823,
    0.17,
    0.18005693698013917,
    0.1899691238903898,
    0.18,
    0.18,
    0.19,
    0.19,
    0.19,
    0.19,
    0.22993579345795223,
    0.21978882833787466,
    0.18007161112473202,
    0.19,
    0.19,
    0.18005236309623585,
    0.18005236466515312,
    0.18005245542470635,
    0.17,
    0.18987421325777298,
    0.1800552161323118,
    0.18005522981972627,
    0.20999986769995105,
    0.17,
    0.22005035468504336,
    0.22005035225249295,
    0.20004884619142016,
    0.2200148552393672,
    0.22006855681234336,
    0.2200685412551073,
    0.18002589540132607,
    0.20001007049598954,
    0.1800259048235829,
    0.1800179473748615,
    0.18,
    0.20002670227860556,
    0.17,
    0.17,
    0.17,
    0.17,
    0.17981859368494027,
    0.16953894992570245,
    0.16953882680370844,
    0.17998704662791318,
    0.17998704661545206,
    0.13000008506077593,
    0.26662302707860447,
    0.15,
    0.16009317411009064,
    0.16009317423995828,
    0.1600932017689781,
    0.16968425396970677,
    0.1600082664726346,
    0.16000825866151938,
    0.160008276212152,
    0.17000002601883243,
    0.17,
    0.18988459831335996,
    0.1600527101287384,
    0.1899160072011855,
    0.18991600713034085,
    0.15,
    0.18985519521245256,
    0.17966463388135887,
    0.1998201618543311,
    0.16,
    0.16,
    0.17000009130017255,
    0.18001439411703274,
    0.18001436884634028,
    0.17000009130017255,
    0.21975366170588265,
    0.1800335663779077,
    0.20999998613999954,
    0.19000002430009647,
    0.2197536611917102,
    0.19000002430009647,
    0.1800335588048677,
    0.2000572337158287,
    0.2000572404325169,
    0.19,
    0.18003356082447086,
    0.200053592864065,
    0.20005359085335447,
    0.25,
    0.15,
    0.15,
    0.15,
    0.18001033182194653,
    0.22992857054548704,
    0.180010366852404,
    0.19,
    0.1600571762230968,
    0.22990975935828878,
    0.17,
    0.17,
    0.17,
    0.19991780819066077,
    0.15,
    0.15,
    0.15,
    0.19991780820312416,
    0.1798112409368339,
    0.18960384063586275,
    0.2198491447853401,
    0.16,
    0.18007008210564723,
    0.19002909586662392,
    0.19002909918648406,
    0.23964378238341968,
    0.19,
    0.1800165327655308,
    0.20004910989843766,
    0.19,
    0.23979268239836773,
    0.15,
    0.21967687930648117,
    0.21967687968068647,
    0.21998005974971133,
    0.2199800591430322,
    0.21998005965972384,
    0.13000000174000104,
    0.17,
    0.2299999455666614,
    0.14004658296655484,
    0.1500657531655871,
    0.13003654718292643,
    0.13003653785028185,
    0.13003655354253574,
    0.13002543632650143,
    0.13002543714717105,
    0.1998138867913015,
    0.19961953727506426,
    0.15789473684210525,
    0.13,
    0.13,
    0.13,
    0.19986437970561458,
    0.19986437973403096,
    0.21,
    0.21,
    0.15,
    0.13000000870001732,
    0.12,
    0.13000000174000104,
    0.12,
    0.11000003461126359,
    0.1400000860004214,
    0.13,
    0.1300000212195738,
    0.14,
    0.1100000890004361
]
