[
    0.999,
    0.999,
    0.999,
    0.999,
    0.999,
    0.999,
    0.999,
    0.999,
    0.999,
    0.999,
    0.999,
    0.999,
    0.999,
    0.999,
    0.999,
    0.999,
    0.999,
    0.999,
    0.999,
    0.999,
    0.999,
    0.999,
    0.999,
    0.999,
    0.999,
    0.999,
    0.999,
    0.999,
    0.999,
    0.999,
    0.999,
    0.999,
    0.999,
    0.999,
    0.999,
    0.999,
    0.999,
    0.999,
    0.999000000999,
    0.998,
    0.995,
    0.99,
    0.999,
    0.999,
    0.999,
    0.999,
    0.999,
    0.999,
    0.999,
    0.999,
    0.999,
    0.999,
    0.999,
    0.999,
    0.999,
    0.999,
    0.999,
    0.997,
    0.998,
    0.999,
    0.99,
    0.999,
    0.99,
    0.99,
    0.981,
    0.9892312897711084,
    0.97,
    0.98,
    0.98,
    0.99,
    0.99,
    0.99,
    0.98,
    0.99,
    0.98,
    0.99,
    0.99,
    0.99,
    0.99,
    0.99,
    0.98,
    0.99,
    0.99,
    0.99,
    0.99,
    0.99,
    0.99,
    0.98,
    0.99,
    0.99,
    0.97,
    0.98,
    0.98,
    0.97,
    0.98,
    0.97,
    0.98,
    0.96,
    0.95,
    0.98,
    0.98,
    0.97,
    0.97,
    0.94,
    0.9637240610437677,
    0.9473684210526315,
    0.92103062837813,
    0.9099999975019607,
    0.85,
    0.88,
    0.87,
    0.84,
    0.8799999964799989,
    0.8987662644104362,
    0.89,
    0.88,
    0.8799999792941157,
    0.88,
    0.879999996128,
    0.88,
    0.889999999555,
    0.89,
    0.8700000210600008,
    0.89,
    0.87,
    0.89,
    0.89,
    0.9,
    0.9,
    0.9,
    0.89,
    0.82,
    0.82,
    0.7900000077700001,
    0.79,
    0.79,
    0.79,
    0.79,
    0.8,
    0.8,
    0.8,
    0.8,
    0.7899999865699948,
    0.79,
    0.7899999999887186,
    0.78,
    0.79,
    0.7504570499394005,
    0.67,
    0.669999982658822,
    0.67,
    0.6699999750310517,
    0.6699999949749997,
    0.69,
    0.71,
    0.71,
    0.7100000359600027,
    0.6799999945599995,
    0.66,
    0.66,
    0.66,
    0.68,
    0.7,
    0.68,
    0.63,
    0.629999901719976,
    0.5800000024301887,
    0.65,
    0.65,
    0.64,
    0.72,
    0.72,
    0.7199999998372881,
    0.72,
    0.72,
    0.76,
    0.77,
    0.75,
    0.78,
    0.78,
    0.83,
    0.8,
    0.85,
    0.85,
    0.85,
    0.85,
    0.85,
    0.85,
    0.86,
    0.85,
    0.85,
    0.850000006,
    0.85,
    0.85,
    0.8499999829999799,
    0.84,
    0.8100000273600015,
    0.8310622477161674,
    0.8,
    0.83,
    0.75,
    0.7757649133492447,
    0.72,
    0.72,
    0.72,
    0.8,
    0.78,
    0.75,
    0.76,
    0.75,
    0.75,
    0.8,
    0.829999999336,
    0.83,
    0.8,
    0.82,
    0.82,
    0.82,
    0.83,
    0.82,
    0.83,
    0.8200000244800015,
    0.82,
    0.82,
    0.8399999949599988,
    0.8399999551999426,
    0.84,
    0.83,
    0.8200000070179136,
    0.82,
    0.829999970119998,
    0.82,
    0.85,
    0.82,
    0.82,
    0.81,
    0.8224561403508772,
    0.8100000119700005,
    0.7931665,
    0.8,
    0.7799999937599991,
    0.76,
    0.76,
    0.76,
    0.76,
    0.76,
    0.75,
    0.7314634146341463,
    0.7000000040531412,
    0.7,
    0.733006993006993,
    0.67,
    0.6997122399482071,
    0.640600504423716,
    0.64,
    0.64,
    0.64,
    0.65,
    0.65,
    0.64,
    0.65,
    0.6058462848479395,
    0.5800000025103449,
    0.5899999828985479,
    0.5100000024500002,
    0.56,
    0.56,
    0.6,
    0.56,
    0.65,
    0.66,
    0.7,
    0.69,
    0.6600000230784618,
    0.7,
    0.7,
    0.68,
    0.68,
    0.7090073867232966,
    0.6999999684999982,
    0.6999999684999982,
    0.6999999970833333,
    0.6999999719999955,
    0.68,
    0.7,
    0.7,
    0.70000000075,
    0.7,
    0.7,
    0.7,
    0.7,
    0.7,
    0.7,
    0.7,
    0.7,
    0.7,
    0.7,
    0.7,
    0.7,
    0.6971428571428572,
    0.72,
    0.67,
    0.68,
    0.67,
    0.67,
    0.67,
    0.68,
    0.74,
    0.79,
    0.79,
    0.79,
    0.79,
    0.8,
    0.81,
    0.8,
    0.8299999979249999,
    0.83,
    0.8299999975099996,
    0.8299999975099996,
    0.8299999999336,
    0.8299999976759997,
    0.83,
    0.8299999966799987,
    0.81,
    0.83,
    0.83,
    0.8799999990916129,
    0.8799999859199946,
    0.85,
    0.850000024000001,
    0.82,
    0.81,
    0.8,
    0.81,
    0.7761194028692359,
    0.7300000210292085,
    0.7460362523154245,
    0.7,
    0.7,
    0.75,
    0.76,
    0.760000032640002,
    0.75,
    0.73,
    0.75,
    0.76,
    0.8,
    0.8,
    0.73281362545018,
    0.77,
    0.73,
    0.73,
    0.73,
    0.7,
    0.7,
    0.7,
    0.7,
    0.7,
    0.7,
    0.7,
    0.7,
    0.7,
    0.7,
    0.6999999808219078,
    0.73,
    0.73,
    0.73,
    0.73,
    0.73,
    0.719999810630083,
    0.7,
    0.7,
    0.7,
    0.7,
    0.66,
    0.68,
    0.69,
    0.73,
    0.7300000317647088,
    0.74,
    0.74,
    0.73,
    0.74,
    0.74,
    0.73,
    0.73,
    0.73,
    0.73,
    0.73,
    0.73,
    0.71,
    0.7,
    0.69,
    0.6900001097515821,
    0.6599999993517496,
    0.6896245375556581,
    0.67,
    0.67,
    0.67,
    0.66,
    0.66,
    0.66,
    0.64,
    0.66,
    0.66,
    0.66,
    0.67,
    0.66999999933,
    0.67,
    0.68,
    0.67,
    0.63,
    0.65,
    0.64,
    0.63,
    0.66,
    0.65,
    0.66,
    0.68,
    0.67,
    0.67,
    0.67,
    0.66,
    0.66,
    0.64,
    0.64,
    0.65,
    0.6299999369999866,
    0.6299999369999866,
    0.62,
    0.62,
    0.66,
    0.6,
    0.5699999258094863,
    0.6299999369999866,
    0.64,
    0.63,
    0.63,
    0.62,
    0.61,
    0.6,
    0.6,
    0.6,
    0.6,
    0.57,
    0.6,
    0.6,
    0.6,
    0.6,
    0.58,
    0.59,
    0.58,
    0.58,
    0.5899999288253828,
    0.58,
    0.6,
    0.61,
    0.6,
    0.62,
    0.6299999476615267,
    0.6200000258400035,
    0.66,
    0.64,
    0.61,
    0.61,
    0.61,
    0.6099999748253899,
    0.63,
    0.6299999476615267,
    0.63,
    0.66,
    0.6400000019784401,
    0.66,
    0.66,
    0.64,
    0.66,
    0.64,
    0.6299999369999866,
    0.64,
    0.6299999369999866,
    0.63,
    0.63,
    0.63,
    0.63,
    0.63,
    0.63,
    0.63,
    0.63,
    0.63,
    0.63,
    0.63,
    0.6,
    0.6,
    0.63,
    0.629999981099993,
    0.6199998511998869,
    0.62,
    0.62,
    0.62,
    0.62,
    0.62,
    0.62,
    0.62,
    0.62,
    0.62,
    0.62,
    0.62,
    0.62,
    0.62,
    0.62,
    0.62,
    0.62,
    0.6,
    0.62,
    0.62,
    0.62,
    0.62,
    0.62,
    0.61,
    0.61,
    0.61,
    0.61,
    0.61,
    0.61,
    0.61,
    0.61,
    0.61,
    0.61,
    0.61,
    0.61,
    0.61,
    0.61,
    0.61,
    0.61,
    0.61,
    0.61,
    0.61,
    0.61,
    0.61,
    0.61,
    0.61,
    0.61,
    0.61,
    0.61,
    0.61,
    0.6299999982967449,
    0.62,
    0.62,
    0.61,
    0.61,
    0.61,
    0.6,
    0.61,
    0.63,
    0.61,
    0.62,
    0.6299999476615267,
    0.63,
    0.62,
    0.65,
    0.65,
    0.67,
    0.68,
    0.67,
    0.6699999883756597,
    0.67,
    0.67,
    0.63,
    0.63,
    0.63,
    0.63,
    0.63,
    0.63,
    0.63,
    0.63,
    0.61,
    0.58,
    0.66,
    0.63,
    0.61,
    0.61,
    0.61,
    0.65,
    0.61,
    0.62,
    0.63,
    0.62,
    0.63,
    0.63,
    0.63,
    0.63,
    0.63,
    0.64,
    0.63,
    0.63,
    0.63,
    0.63,
    0.63,
    0.63,
    0.63,
    0.63,
    0.63,
    0.63,
    0.65,
    0.63,
    0.63,
    0.63,
    0.63,
    0.63,
    0.62,
    0.62000000055773,
    0.62,
    0.6699999195999292,
    0.66,
    0.6599999534117543,
    0.69,
    0.7,
    0.69,
    0.71,
    0.7199999526575114,
    0.72,
    0.73,
    0.73,
    0.73,
    0.6900000164291925,
    0.7299999994081081,
    0.719999810630083,
    0.75,
    0.75,
    0.75,
    0.73,
    0.73,
    0.72,
    0.73,
    0.73,
    0.71,
    0.71,
    0.71,
    0.7099998205277235,
    0.69,
    0.7099999918349997,
    0.7099998205277235,
    0.690000037820003,
    0.69,
    0.69,
    0.69,
    0.68,
    0.68,
    0.68,
    0.67,
    0.67,
    0.67,
    0.67,
    0.69,
    0.72,
    0.7,
    0.69,
    0.7199999526575114,
    0.7199999526575114,
    0.72,
    0.72,
    0.690000012866796,
    0.71,
    0.69,
    0.71,
    0.71,
    0.690000012866796,
    0.71,
    0.6900000009145,
    0.71,
    0.690000012866796,
    0.7,
    0.7,
    0.7,
    0.7,
    0.7,
    0.690000012866796,
    0.7,
    0.7,
    0.690000012866796,
    0.69,
    0.6999999611111025,
    0.7,
    0.7,
    0.7,
    0.7199999526575114,
    0.72,
    0.72,
    0.72,
    0.719999810630083,
    0.73,
    0.7299999996599027,
    0.73,
    0.72,
    0.73,
    0.73,
    0.72,
    0.73,
    0.7299999684324253,
    0.72,
    0.74,
    0.74,
    0.72,
    0.74,
    0.7399999911199997,
    0.74,
    0.7200000145600007,
    0.74,
    0.72,
    0.74,
    0.72,
    0.7399997557279988,
    0.74,
    0.72,
    0.74,
    0.72,
    0.74,
    0.72,
    0.74,
    0.74,
    0.74,
    0.74,
    0.72,
    0.74,
    0.72,
    0.720000003136,
    0.72,
    0.72,
    0.76,
    0.76,
    0.76,
    0.73,
    0.7200000116768033,
    0.73,
    0.71,
    0.7000000130321465,
    0.71,
    0.71,
    0.71,
    0.7000000130321465,
    0.71,
    0.71,
    0.71,
    0.700000030000003,
    0.71,
    0.6900000164291925,
    0.69,
    0.69,
    0.69,
    0.69,
    0.69,
    0.69,
    0.7,
    0.71,
    0.74,
    0.7200000116768033,
    0.69,
    0.69,
    0.69,
    0.69,
    0.69,
    0.69,
    0.6999999719999955,
    0.7000000180000007,
    0.73,
    0.73,
    0.73,
    0.75,
    0.73,
    0.7674418590968091,
    0.720000012245585,
    0.72,
    0.72,
    0.7287185452918,
    0.7499999971875,
    0.7406215069859217,
    0.7,
    0.7091724,
    0.7099999992526316,
    0.6700000157024174,
    0.68,
    0.68,
    0.68,
    0.7099999945784972,
    0.68,
    0.68,
    0.69,
    0.6900000149655177,
    0.6900001705000767,
    0.69,
    0.6700000150558666,
    0.66,
    0.66,
    0.66,
    0.66,
    0.66,
    0.66,
    0.66,
    0.66,
    0.66,
    0.66,
    0.66,
    0.669999998861,
    0.66,
    0.669999962479987,
    0.66,
    0.660000170000085,
    0.6600000206731823,
    0.6300000029019207,
    0.65,
    0.6699999986599999,
    0.67,
    0.65,
    0.65,
    0.65,
    0.65,
    0.69,
    0.68,
    0.7,
    0.71,
    0.71,
    0.71,
    0.7100000160586327,
    0.71,
    0.71,
    0.7100000160586327,
    0.7199998559995968,
    0.73,
    0.71,
    0.71,
    0.77,
    0.75,
    0.77,
    0.76,
    0.7599999995606778,
    0.76,
    0.76,
    0.75999999848,
    0.77,
    0.76999976863835,
    0.77,
    0.78,
    0.78,
    0.75,
    0.75,
    0.75,
    0.7700000200727279,
    0.77,
    0.75,
    0.75,
    0.7800000189569166,
    0.81,
    0.81,
    0.79,
    0.81,
    0.81,
    0.81,
    0.8199999376799798,
    0.8,
    0.8,
    0.8,
    0.8,
    0.8,
    0.8,
    0.8,
    0.780000088644707,
    0.8,
    0.8,
    0.8,
    0.8,
    0.8,
    0.7800000189569166,
    0.78,
    0.7800000189569166,
    0.7800000174689834,
    0.78,
    0.78,
    0.780000020694319,
    0.78,
    0.78,
    0.7800000174689834,
    0.78,
    0.78,
    0.7800000174689834,
    0.81,
    0.8,
    0.8,
    0.7700000202605466,
    0.78,
    0.78,
    0.7700000202605466,
    0.76,
    0.76,
    0.7600000202481397,
    0.76,
    0.76,
    0.7600000202481397,
    0.76,
    0.806047809880637,
    0.8,
    0.77,
    0.8,
    0.7700000268878368,
    0.8,
    0.77,
    0.76,
    0.82,
    0.81,
    0.81,
    0.82,
    0.8200000199052142,
    0.82,
    0.82,
    0.82,
    0.8299999999130526,
    0.82,
    0.82,
    0.830000018174707,
    0.8499999983,
    0.83,
    0.83,
    0.83,
    0.8300001259259493,
    0.83,
    0.83,
    0.8300000031986344,
    0.83,
    0.83,
    0.83,
    0.83,
    0.8399999943999991,
    0.8399999848648583,
    0.83,
    0.83,
    0.83,
    0.84,
    0.83,
    0.84,
    0.8255145031432668,
    0.81,
    0.8199999835999839,
    0.82,
    0.81,
    0.79,
    0.81000011942861,
    0.79,
    0.8,
    0.79,
    0.8,
    0.77,
    0.770000003327772,
    0.78,
    0.770000000575,
    0.78,
    0.7800000134119965,
    0.78,
    0.78,
    0.7738584488708603,
    0.7800001302400271,
    0.75,
    0.75,
    0.75,
    0.75,
    0.75,
    0.75,
    0.75,
    0.75,
    0.75,
    0.75,
    0.75,
    0.75,
    0.75,
    0.77,
    0.7699998690999699,
    0.7781945788775848,
    0.75,
    0.76,
    0.75,
    0.75,
    0.75,
    0.75,
    0.75,
    0.75,
    0.75,
    0.75,
    0.75,
    0.75,
    0.75,
    0.76,
    0.75,
    0.7600000127208485,
    0.76,
    0.78,
    0.76,
    0.76,
    0.76,
    0.76,
    0.7600001107692649,
    0.75,
    0.75,
    0.75,
    0.75,
    0.73,
    0.73,
    0.73,
    0.73,
    0.73,
    0.69,
    0.69,
    0.69,
    0.6899999992171265,
    0.6988756279364274,
    0.6994367149214217,
    0.6999999605633603,
    0.7,
    0.72,
    0.7199999725714035,
    0.7100000455852924,
    0.72,
    0.71,
    0.71,
    0.68,
    0.69,
    0.71,
    0.71,
    0.7,
    0.71,
    0.7000000146579809,
    0.71,
    0.71,
    0.71,
    0.7099999431998909,
    0.7099999605555358,
    0.71,
    0.71,
    0.64,
    0.64,
    0.6300000002311812,
    0.67,
    0.67,
    0.6700000713877688,
    0.6999999993785512,
    0.6999999824999917,
    0.67,
    0.65,
    0.6400000097885201,
    0.65,
    0.65,
    0.65,
    0.6400000097885201,
    0.64,
    0.64,
    0.630000009501511,
    0.630000009501511,
    0.6300001436184598,
    0.6200000149244719,
    0.64,
    0.64,
    0.6200000149244719,
    0.6499999990249999,
    0.6200000149244719,
    0.6200000149244719,
    0.6200000149244719,
    0.6699999954057142,
    0.6699998726999733,
    0.620000098653868,
    0.64,
    0.6500000132175232,
    0.6500000132175232,
    0.6500000132175232,
    0.65,
    0.65,
    0.6500000132175232,
    0.6500000132175232,
    0.6699997940369478,
    0.6500000132175232,
    0.66,
    0.66,
    0.6599999939657142,
    0.6599999953799998,
    0.65,
    0.66,
    0.66,
    0.6500000132175232,
    0.6500000132175232,
    0.6500000132175232,
    0.6500000132175232,
    0.66,
    0.66,
    0.6500000124407589,
    0.6500000124407589,
    0.6500000132175232,
    0.66,
    0.65,
    0.6500000132175232,
    0.6500000132175232,
    0.6500000132175232,
    0.6500000132175232,
    0.6500000132175232,
    0.65,
    0.66,
    0.6500000179671467,
    0.6599999504999914,
    0.6599999971165548,
    0.65,
    0.65,
    0.66,
    0.6500000046666667,
    0.6500000028305702,
    0.6599999966097964,
    0.65,
    0.6599999841599988,
    0.6599999998283038,
    0.66,
    0.66,
    0.66,
    0.66,
    0.66,
    0.66,
    0.66,
    0.66,
    0.66,
    0.66,
    0.66,
    0.66,
    0.66,
    0.66,
    0.66,
    0.66,
    0.66,
    0.66,
    0.66,
    0.66,
    0.66,
    0.66,
    0.66,
    0.6699999907353855,
    0.67,
    0.6700000252873592,
    0.67,
    0.6699999986599999,
    0.6600000405614129,
    0.6699999195999292,
    0.6699999839199988,
    0.6600001073684679,
    0.669999918787827,
    0.68,
    0.6786626298208677,
    0.6699999397752412,
    0.67,
    0.67,
    0.6699999610464988,
    0.660000170000085,
    0.67,
    0.67,
    0.67,
    0.6700000008502607,
    0.67,
    0.670000000404528,
    0.67,
    0.66,
    0.66,
    0.66,
    0.67,
    0.6699998767198254,
    0.6699999965239946,
    0.6699999999760095,
    0.6699998709172192,
    0.6699999998477508,
    0.6600000004814159,
    0.660000001054,
    0.6600000367200034,
    0.6699999973199998,
    0.66,
    0.6699999195999292,
    0.6600000367200034,
    0.6699999193517869,
    0.67,
    0.6699998790975844,
    0.669999969819794,
    0.6600001360000503,
    0.6699999952918917,
    0.6699999949749997,
    0.660000170000085,
    0.66,
    0.66,
    0.66,
    0.6699999915133323,
    0.6699999985706666,
    0.6699999993076666,
    0.6699998817646494,
    0.6699999384451918,
    0.6600000367200034,
    0.6699998095096713,
    0.660000170000085,
    0.6600000487892416,
    0.67,
    0.6699998436665989,
    0.6699999534924009,
    0.6699999450049985,
    0.6699999794134056,
    0.6699999171909982,
    0.669999998861,
    0.67,
    0.669999996811087,
    0.6699999949749997,
    0.66999999933,
    0.6699999195999292,
    0.6699999878181815,
    0.6699999419333255,
    0.6699996951498338,
    0.6699998726445471,
    0.6699999750310517,
    0.6699998726999733,
    0.669999459082013,
    0.6699998726999733,
    0.67,
    0.6699998577150075,
    0.6699998240781602,
    0.6699999251343578,
    0.6699999173666493,
    0.67,
    0.6699999558869054,
    0.6699999615866638,
    0.6699999195999292,
    0.6699999419333255,
    0.6699998726999733,
    0.6699998436665989,
    0.6699999882079998,
    0.6699999419333255,
    0.669999974524713,
    0.6699999875279219,
    0.6699999971859999,
    0.6699998095096713,
    0.6699999195999292,
    0.6699999195999292,
    0.6699999195999292,
    0.6699999195999292,
    0.669999962479987,
    0.66,
    0.66,
    0.6500000012146423,
    0.6699999839199988,
    0.6699999867278046,
    0.669999962479987,
    0.67,
    0.650000011491558,
    0.6699999195999292,
    0.6699998095096713,
    0.66,
    0.6599999826523282,
    0.66,
    0.6599999295999606,
    0.6599999833559639,
    0.6599999603999865,
    0.6599999992348319,
    0.6500000181603781,
    0.6599999840963832,
    0.66,
    0.6599999855999977,
    0.6599999295999606,
    0.6599999603999865,
    0.6599999917671514,
    0.65,
    0.65,
    0.65,
    0.6599331735426948,
    0.659933280755736,
    0.6599332901028673,
    0.65,
    0.65,
    0.6500001514423878,
    0.6500000157500009,
    0.65,
    0.6598288984895057,
    0.6598288783904395,
    0.6598288534208531,
    0.65,
    0.6699999662184607,
    0.6602615375503422,
    0.6699999510233667,
    0.6699999991042781,
    0.669999817272611,
    0.6699999949749997,
    0.66,
    0.66,
    0.660000170000085,
    0.6699999673893677,
    0.6500001372549827,
    0.67,
    0.65000001167445,
    0.66,
    0.66,
    0.6699999195999292,
    0.6600002052830886,
    0.6699999567006536,
    0.660000170000085,
    0.6699999699439153,
    0.669999918642809,
    0.6699998695574321,
    0.6699999985292682,
    0.6699999749532252,
    0.67,
    0.6699999175793425,
    0.660000170000085,
    0.6600000341422632,
    0.6699999710096096,
    0.67,
    0.6600001813334093,
    0.6699999412748587,
    0.6699999742828189,
    0.6600000896363808,
    0.660000114750033,
    0.67,
    0.6699999813173064,
    0.6699999988744,
    0.6600001005217968,
    0.669999936968625,
    0.66,
    0.66,
    0.66,
    0.65,
    0.6600001073684679,
    0.6699999567006536,
    0.6699999931896246,
    0.6699999992502598,
    0.66,
    0.66,
    0.66,
    0.6500001129032622,
    0.650000015867877,
    0.6699999998663209,
    0.6699999973862152,
    0.6699999886919785,
    0.6699998695574321,
    0.6500000276523743,
    0.6699999412748587,
    0.669999962479987,
    0.665903032168487,
    0.6500000875000179,
    0.6599999093561967,
    0.6599999875684912,
    0.650000145833394,
    0.65,
    0.6599999633333062,
    0.6599999206014835,
    0.6599999545806288,
    0.65,
    0.6500000373333393,
    0.650000015097053,
    0.6599999171013796,
    0.6500000595744833,
    0.65999996498673,
    0.66,
    0.6599999693670836,
    0.6599999903438181,
    0.6599999985967709,
    0.66,
    0.6599999603999865,
    0.66,
    0.66,
    0.6500000053561492,
    0.66,
    0.6599999809333297,
    0.66,
    0.659999999935167,
    0.6599999994868092,
    0.6599999992940098,
    0.6500000157500009,
    0.6599999809333297,
    0.6599999953799998,
    0.6599998378156288,
    0.6599997315253054,
    0.6599998077668596,
    0.6599999924786321,
    0.66,
    0.6599997908909483,
    0.6599999928776966,
    0.66,
    0.66,
    0.6599999969158872,
    0.6599999855999977,
    0.6599999973279347,
    0.6599999889153249,
    0.6599999910865557,
    0.6599999603999865,
    0.6599999930117639,
    0.6599999867024843,
    0.6599999953799998,
    0.6599999955304736,
    0.6599999947894735,
    0.66,
    0.6599999993037057,
    0.659999999560176,
    0.6599999576922833,
    0.659999883185758,
    0.6599999778770932,
    0.6599999841599988,
    0.66,
    0.66,
    0.6599999969122804,
    0.659999991199999,
    0.650000008166667,
    0.65,
    0.640000070588256,
    0.65,
    0.6499999677579317,
    0.6400000129600009,
    0.6499999606537459,
    0.65,
    0.65,
    0.6400000079200002,
    0.6400000651256491,
    0.6400001023696876,
    0.6400000386948209,
    0.6499999593749923,
    0.6499999644808665,
    0.6499999958199352,
    0.6400000195918384,
    0.6400000054,
    0.6400000792000222,
    0.6499998211008026,
    0.6499999904411761,
    0.65,
    0.6400001928572118,
    0.64,
    0.6499999744597209,
    0.6499999947874896,
    0.6499999934999994,
    0.6400000763250991,
    0.65,
    0.64,
    0.6400000792000222,
    0.6400000040436818,
    0.64,
    0.65,
    0.6499999934999994,
    0.65,
    0.6400000219390599,
    0.6499999934999994,
    0.6599999942608671,
    0.6599999829457325,
    0.6599999944421048,
    0.6400000448249146,
    0.6400001568317701,
    0.640000075789494,
    0.65,
    0.64,
    0.6599999686956413,
    0.66,
    0.6500000285547829,
    0.6599998703569369,
    0.6500000330188725,
    0.6599999756457529,
    0.6599999928776966,
    0.6500001225000797,
    0.65,
    0.65,
    0.6499999986999999,
    0.65,
    0.65,
    0.6400000079200002,
    0.640000002304,
    0.6499998907562291,
    0.6499999730848817,
    0.6400001098305681,
    0.64,
    0.6499999744597209,
    0.6400000448249146,
    0.6499999731404748,
    0.6400000046285715,
    0.649999992745535,
    0.65,
    0.6400000792000222,
    0.6400002097088193,
    0.6400000274940378,
    0.65,
    0.65,
    0.65,
    0.65,
    0.6400000462857248,
    0.6499999822404312,
    0.6499999820110689,
    0.6400000542608771,
    0.6499999834183622,
    0.6400000146772378,
    0.64,
    0.640000027404847,
    0.6400000129600009,
    0.6499999935643561,
    0.6499999964545453,
    0.649999877358398,
    0.6400001296000829,
    0.65,
    0.6499999934999994,
    0.6499999015150918,
    0.6499999024999659,
    0.65,
    0.6499999674999887,
    0.64,
    0.6400001785124557,
    0.6499999749034662,
    0.6400000803187392,
    0.6499999121620949,
    0.6400000874494068,
    0.6499999384857909,
    0.6499999920147401,
    0.6499999868100641,
    0.6499999878124987,
    0.6400062400998416,
    0.65,
    0.65,
    0.6501070547031916,
    0.66,
    0.6501070547288214,
    0.6501070546983639,
    0.66,
    0.66,
    0.64,
    0.64,
    0.65,
    0.6500304461395376,
    0.6599998943999641,
    0.6498556119073269,
    0.6498555582164544,
    0.6599245785386906,
    0.6499999981792716,
    0.65,
    0.6530287453450078,
    0.6499999991875,
    0.6499994681812864,
    0.6499998829999742,
    0.63,
    0.65,
    0.6499999811290316,
    0.630000010939006,
    0.6401763793505304,
    0.6401763555494314,
    0.63,
    0.65,
    0.6300000249263193,
    0.6499999587737783,
    0.6420080077236137,
    0.6399343366665778,
    0.6399343583416605,
    0.6499999052823108,
    0.6499998642060808,
    0.6300000570251012,
    0.6398881473281417,
    0.6300000639506326,
    0.63,
    0.63,
    0.6398881730310542,
    0.6398882364548348,
    0.65,
    0.64,
    0.64,
    0.64,
    0.64,
    0.6399417578860793,
    0.6299000765243455,
    0.64,
    0.629950137639625,
    0.6299501016424692,
    0.63,
    0.63,
    0.63,
    0.63,
    0.63,
    0.63,
    0.63,
    0.63,
    0.63,
    0.63,
    0.64,
    0.63,
    0.64,
    0.64,
    0.63,
    0.6300000245146401,
    0.63,
    0.63,
    0.64,
    0.64,
    0.64,
    0.6300000274364445,
    0.64,
    0.64,
    0.63,
    0.63,
    0.63,
    0.63,
    0.63,
    0.63,
    0.63,
    0.63,
    0.63,
    0.63,
    0.63,
    0.6300001577049801,
    0.63,
    0.64,
    0.64,
    0.63,
    0.64,
    0.63,
    0.63,
    0.63,
    0.63,
    0.63,
    0.63,
    0.64,
    0.64,
    0.64,
    0.64,
    0.64,
    0.64,
    0.64,
    0.64,
    0.64,
    0.64,
    0.64,
    0.64,
    0.6400000960000384,
    0.6499999349999631,
    0.6499999349999631,
    0.6499999824324313,
    0.65,
    0.6499999731404748,
    0.6400002097088193,
    0.65,
    0.6499999945833332,
    0.6499999882246372,
    0.65,
    0.6400001502609375,
    0.6499999778534893,
    0.64,
    0.64,
    0.64,
    0.64,
    0.6400000328767168,
    0.6499999425794901,
    0.65,
    0.65,
    0.6499999780898785,
    0.6499999868154134,
    0.6499999879107241,
    0.6400000424778837,
    0.64,
    0.65,
    0.6400001170732278,
    0.6400000096000004,
    0.6400000370815492,
    0.6400000323595567,
    0.64,
    0.6499999888698613,
    0.64,
    0.6400000036000001,
    0.649999998375,
    0.649999974509785,
    0.64,
    0.65,
    0.6400000036000001,
    0.6499999920537889,
    0.649999998375,
    0.6499999629840484,
    0.64,
    0.6400000086230989,
    0.64,
    0.6499999975624999,
    0.6499999763349494,
    0.6499999527616038,
    0.6499998907562291,
    0.6499999924154017,
    0.66,
    0.6599999650793484,
    0.6599999971714285,
    0.6599999924234685,
    0.6599999492307581,
    0.66,
    0.66,
    0.6536475118103448,
    0.6499999349999631,
    0.6499999844124685,
    0.6499998347455246,
    0.65,
    0.649999986333051,
    0.6499999674999887,
    0.65,
    0.6499999846698045,
    0.65,
    0.6499999595435542,
    0.65,
    0.6499999368931487,
    0.649999985260768,
    0.65,
    0.6499999949961506,
    0.65,
    0.65,
    0.65,
    0.6499999580644917,
    0.6499999520294885,
    0.65,
    0.6499999349999631,
    0.65,
    0.6499999998892045,
    0.6499999609218382,
    0.6499999986999999,
    0.6499999368931487,
    0.65,
    0.6499999937779193,
    0.65,
    0.65,
    0.65,
    0.65,
    0.6499999987434757,
    0.6499999800204883,
    0.6499999887930997,
    0.6499999856828166,
    0.65,
    0.6499999983160621,
    0.6499999651785608,
    0.6499999990249999,
    0.65,
    0.65,
    0.6499999945833332,
    0.65,
    0.6599999841599988,
    0.65,
    0.65,
    0.65,
    0.65,
    0.65,
    0.6599999315555373,
    0.6500000656250082,
    0.6500000829384083,
    0.65999994448596,
    0.6599999820582494,
    0.6599998691890973,
    0.6599999698418239,
    0.6500000802752478,
    0.65,
    0.6599999892024497,
    0.6599999841599988,
    0.6599999991198533,
    0.6599999942608671,
    0.6599999935833325,
    0.6599999841599988,
    0.659999991199999,
    0.6599999220252928,
    0.6500000548302929,
    0.6599999808695578,
    0.6599999841599988,
    0.6500000234235593,
    0.66,
    0.6599999841599988,
    0.6599999295999606,
    0.659999997624,
    0.6599998256600945,
    0.6599999898721203,
    0.65,
    0.65,
    0.65,
    0.6500000534722289,
    0.65,
    0.6500000524523225,
    0.6599999794209315,
    0.6599999913537081,
    0.6500000984375338,
    0.6599999856261294,
    0.6599999538709461,
    0.659999997199434,
    0.6500000093440127,
    0.66,
    0.6599999577599689,
    0.6500001225000797,
    0.6599998943999641,
    0.6500000160416672,
    0.65999999912,
    0.6599998559997696,
    0.65999999912,
    0.650000008166667,
    0.6500001905941444,
    0.6500000200381687,
    0.6500001225000797,
    0.66,
    0.6599999953799998,
    0.6599993907686216,
    0.6599998691890973,
    0.65,
    0.66,
    0.6599999715157877,
    0.6599999456688437,
    0.65,
    0.659999979935999,
    0.66,
    0.6699999615866638,
    0.660000014506667,
    0.66,
    0.66,
    0.66,
    0.66,
    0.6600000012890483,
    0.6603444433410895,
    0.6603444255886377,
    0.6500792224336779,
    0.6673496356079588,
    0.66,
    0.66,
    0.66,
    0.64,
    0.6499247558435499,
    0.6499245761020955,
    0.6499247169798096,
    0.65,
    0.65,
    0.65,
    0.6599999785767744,
    0.65,
    0.650000008166667,
    0.65999999912,
    0.6500000385000034,
    0.6599999576470389,
    0.6599999973599998,
    0.66,
    0.65,
    0.65,
    0.66,
    0.65,
    0.6500356294824209,
    0.66,
    0.650035629504664,
    0.6500356913701877,
    0.6599999953799998,
    0.66,
    0.66,
    0.64,
    0.66,
    0.66,
    0.64,
    0.64,
    0.66,
    0.64,
    0.6572974289090558,
    0.6498892112312786,
    0.6400001296000829,
    0.64,
    0.64,
    0.66,
    0.66,
    0.6599999841599988,
    0.64,
    0.64,
    0.66,
    0.6499469324835141,
    0.6400000166153851,
    0.64,
    0.66,
    0.65,
    0.6400000203330012,
    0.6500000147634841,
    0.65,
    0.66,
    0.66,
    0.65,
    0.66,
    0.6599999229998806,
    0.66,
    0.65,
    0.65,
    0.65,
    0.65,
    0.65,
    0.66,
    0.66,
    0.65,
    0.65,
    0.66,
    0.65,
    0.66,
    0.65,
    0.65,
    0.65,
    0.66,
    0.65,
    0.65,
    0.65,
    0.65,
    0.66,
    0.66,
    0.65,
    0.65999999912,
    0.6400005883593111,
    0.6500847923024767,
    0.6500847458218798,
    0.6400000108999164,
    0.64,
    0.67,
    0.6400000079200002,
    0.67,
    0.64,
    0.6400000230400031,
    0.669999962479987,
    0.6699999481767853,
    0.6400001192931484,
    0.64,
    0.6400001630189479,
    0.6699999974827799,
    0.6678606641047947,
    0.66,
    0.66,
    0.6599999229998806,
    0.6599999973599998,
    0.6599998559997696,
    0.6599999603999865,
    0.66,
    0.66,
    0.66,
    0.6699999195999292,
    0.6699999708695158,
    0.669999918642809,
    0.6699999195999292,
    0.6400001835294982,
    0.64,
    0.64,
    0.67,
    0.6699999195999292,
    0.64,
    0.64,
    0.67,
    0.6699999195999292,
    0.6699999195999292,
    0.6699999955333275,
    0.669999817272611,
    0.669999969819794,
    0.6699999932999956,
    0.6699999195999292,
    0.6699999556291126,
    0.64,
    0.64,
    0.64,
    0.67,
    0.6699998659998991,
    0.67,
    0.64,
    0.64,
    0.6400002097088193,
    0.6400001884112925,
    0.6699998166978175,
    0.6400001371429355,
    0.67,
    0.64,
    0.64,
    0.6400000539730307,
    0.64,
    0.64,
    0.66090984445447,
    0.6499999629840484,
    0.649999992261903,
    0.6499998829999742,
    0.6400000854794707,
    0.6599999295999606,
    0.6599999644987621,
    0.65,
    0.63,
    0.66,
    0.65,
    0.6599999974529664,
    0.65999999912,
    0.6599999664406726,
    0.65,
    0.65,
    0.65,
    0.6599998943999641,
    0.65,
    0.65,
    0.6599999794666582,
    0.63,
    0.64,
    0.63,
    0.6400000096271702,
    0.6530712244773209,
    0.6498860864383644,
    0.6498860376377529,
    0.6599999888016945,
    0.64,
    0.6599999953799998,
    0.659999986426732,
    0.6599999906603753,
    0.6599998943999641,
    0.66,
    0.6599999656647317,
    0.6599999295999606,
    0.64,
    0.6599999946341453,
    0.6599999919348237,
    0.66,
    0.66,
    0.66,
    0.66,
    0.6799999637333111,
    0.6799998911999086,
    0.65,
    0.6799998911999086,
    0.6400001440000733,
    0.6704191735293366,
    0.664975181264255,
    0.6400091701054562,
    0.6599998943999641,
    0.6599999295999606,
    0.66,
    0.6599876764017251,
    0.6599830120202826,
    0.6599829997189378,
    0.6599830120202826,
    0.6699999195999292,
    0.66,
    0.650000070000021,
    0.65,
    0.65,
    0.65,
    0.65,
    0.6599675222882364,
    0.6699518716782075,
    0.6599137854978891,
    0.6599137713464489,
    0.6500000754902094,
    0.65,
    0.6699196227119497,
    0.6699196055293808,
    0.6699196166581799,
    0.66,
    0.6600001081025851,
    0.6854740431863089,
    0.66,
    0.66,
    0.6699925137550059,
    0.66,
    0.66999248515763,
    0.6726230545192446,
    0.669999962479987,
    0.669999954612877,
    0.679999998096,
    0.6600000983648133,
    0.6799998911999086,
    0.6763107232829424,
    0.67,
    0.6698657100438676,
    0.6698657252810927,
    0.6698656920730391,
    0.6699999953255803,
    0.6747632949834365,
    0.660000114750033,
    0.6600000817721839,
    0.6699999707787992,
    0.6699999760210484,
    0.6699999704100866,
    0.6600000531687379,
    0.6600000367200034,
    0.660000089292951,
    0.66,
    0.66,
    0.66,
    0.6699999746212003,
    0.66,
    0.6599999542725099,
    0.640000060000015,
    0.65,
    0.65,
    0.6501095733841915,
    0.650109573253663,
    0.6501095733134978,
    0.6500132890453748,
    0.6599999751464393,
    0.6400001023696876,
    0.6400000602281497,
    0.6599999469346643,
    0.650119462419114,
    0.64,
    0.64,
    0.6500651658767772,
    0.6600369610615217,
    0.6801129707270112,
    0.6801129712033638,
    0.68,
    0.68,
    0.6899999562809704,
    0.68,
    0.6899999727407351,
    0.670000058629461,
    0.68,
    0.7,
    0.7,
    0.7199998559995968,
    0.7199998559995968,
    0.7099235061856651,
    0.7099234722277087,
    0.7099235350095155,
    0.7,
    0.7198916501268479,
    0.7198916942924413,
    0.7100415063499206,
    0.7198916925543252,
    0.7100415062485602,
    0.7100415066024824,
    0.7299999974449999,
    0.7399999592999819,
    0.7399999705179119,
    0.7499998874999719,
    0.7499998874999719,
    0.7500938526593406,
    0.750093852665476,
    0.7499714873347668,
    0.7499714818337682,
    0.7499714284917868,
    0.7599999087998286,
    0.7500597907443529,
    0.7599999358649573,
    0.7599961924188856,
    0.7399503247376994,
    0.7398782150431803,
    0.7398782124623289,
    0.7299629763929618,
    0.7100394978418959,
    0.7100394973489815,
    0.7499044869345819,
    0.7499045204433101,
    0.749904533629292,
    0.7501688693708346,
    0.7501688693550826,
    0.7501088534107402,
    0.7500667556742323,
    0.7498799404388624,
    0.7498799599680029,
    0.7503207185073765,
    0.7503207186491243,
    0.75,
    0.75,
    0.76,
    0.7499761904716553,
    0.7599999685517037,
    0.71,
    0.7101872934962623,
    0.7101872939079131,
    0.7101872950810462,
    0.7199095946930968,
    0.7199096124987854,
    0.7101667345079846,
    0.7199297029253916,
    0.7101667344641245,
    0.710166736790191,
    0.720176169209502,
    0.7201761703230102,
    0.7199187807079114,
    0.710268691588785,
    0.75,
    0.75986665000473,
    0.7598666647387369,
    0.75,
    0.75,
    0.7498967981550861,
    0.7499386059860753,
    0.7599999878399966,
    0.7200910364145658,
    0.78,
    0.7202649773614316,
    0.7,
    0.7,
    0.71,
    0.71,
    0.7902722184626177,
    0.7902722186774822,
    0.7902879395654989,
    0.7902879384735003,
    0.7899808743512672,
    0.7899741630072876,
    0.7899741287632087,
    0.7900095927615132,
    0.7900095924918658,
    0.7901742743072481,
    0.7901742741189423,
    0.8,
    0.8,
    0.8,
    0.7899952964539333,
    0.7899952891629907,
    0.7402338740098077,
    0.789934798271297,
    0.789934807540963,
    0.7899348113177342,
    0.8,
    0.8,
    0.79,
    0.73,
    0.7300967750628212,
    0.7300967750806459,
    0.7303168426903835,
    0.7799886492078679,
    0.72,
    0.740037037037037,
    0.7302112678533118,
    0.730211267953495,
    0.7799191460129222,
    0.7899999920999764,
    0.7300738011239974,
    0.7300738011067168,
    0.72,
    0.74,
    0.72,
    0.8,
    0.8101076492825003,
    0.8101076494002192,
    0.8199752575070284,
    0.8102032810271041,
    0.820456274371478,
    0.8201689021361153,
    0.8,
    0.8302242651615436,
    0.8201912212937105,
    0.8201912219018722,
    0.8201912228046415,
    0.82,
    0.8,
    0.8299792411316965,
    0.8299792563035278,
    0.8370208344363849,
    0.8299999498139449,
    0.8199337783343191,
    0.8100702693208581,
    0.819933806694542,
    0.8100702679900454,
    0.8199338021008089,
    0.8199940615989745,
    0.8199940546518651,
    0.8199939869856552,
    0.8,
    0.8101252950386276,
    0.8,
    0.8199753457761673,
    0.8,
    0.8199753417392582,
    0.8101043338683788,
    0.82,
    0.8099350605704726,
    0.8099350339843233,
    0.8,
    0.8,
    0.7799445670969636,
    0.7602379865423187,
    0.7799445613986973,
    0.7799815188435918,
    0.7400001016583813,
    0.8099203655299412,
    0.8099204072713806,
    0.7601509288280158,
    0.7601978746852068,
    0.809952798097367,
    0.74,
    0.7602745328073223,
    0.7999293538509962,
    0.7602745328904403,
    0.7602745334521036,
    0.8099834815575613,
    0.7999437148129636,
    0.71,
    0.8202338317765335,
    0.8202338315910201,
    0.8201060904480537,
    0.8201060909591729,
    0.82010609078009,
    0.7499856763773755,
    0.7399518491501683,
    0.7399519764257327,
    0.72,
    0.7499856829760944,
    0.7200771208226221,
    0.7302886599325263,
    0.730288660244013,
    0.8499999149996685,
    0.69,
    0.79,
    0.79,
    0.7899415187818319,
    0.7799828517771374,
    0.7799828410782822,
    0.789941511026112,
    0.7899630632417044,
    0.8841059581831204,
    0.89,
    0.77,
    0.7000001467232301,
    0.79,
    0.71,
    0.9,
    0.8102338957055215,
    0.8699810832234762,
    0.889999934343998,
    0.8899999788094739,
    0.8102123896804772,
    0.8799999859199946
]
