[
    0.001,
    0.001,
    0.001,
    0.001,
    0.001,
    0.001,
    0.003191306408951218,
    0.003,
    0.003,
    0.01,
    0.01,
    0.01,
    0.01,
    0.006000000079520229,
    0.013,
    0.013,
    0.006,
    0.00935483870967742,
    0.006,
    0.006000000198800577,
    0.003,
    0.001,
    0.006,
    0.003000000003,
    0.007,
    0.001,
    0.007,
    0.001,
    0.007000000042,
    0.001,
    0.002,
    0.001,
    0.007000000091000001,
    0.001,
    0.001,
    0.014,
    0.002,
    0.006,
    0.004,
    0.005,
    0.001,
    0.004,
    0.008,
    0.003,
    0.012,
    0.01,
    0.008,
    0.02,
    0.02,
    0.012,
    0.01,
    0.01,
    0.01,
    0.01,
    0.008,
    0.03,
    0.02,
    0.02,
    0.02,
    0.013,
    0.011,
    0.01,
    0.012,
    0.05,
    0.013,
    0.07,
    0.09,
    0.06,
    0.1,
    0.07000000062000002,
    0.08999998451999956,
    0.11410528142170503,
    0.099,
    0.099,
    0.09900000051657333,
    0.0900000000188978,
    0.09,
    0.09,
    0.09899998315019949,
    0.09,
    0.08000001840000884,
    0.12,
    0.11913156374973403,
    0.10646902728475258,
    0.08,
    0.07,
    0.06,
    0.059,
    0.05899998939179978,
    0.05900000007788,
    0.04,
    0.022000002347209384,
    0.04,
    0.022,
    0.023,
    0.04,
    0.05,
    0.041,
    0.09,
    0.12,
    0.12,
    0.1,
    0.07000000000637037,
    0.09000000068250016,
    0.129,
    0.10929101414254071,
    0.06,
    0.05,
    0.06999998739999974,
    0.060000003760011265,
    0.058,
    0.03,
    0.03,
    0.029999985749999642,
    0.022,
    0.022000000139714475,
    0.02,
    0.022,
    0.022,
    0.02,
    0.03,
    0.03,
    0.031,
    0.03100001485819788,
    0.03100000067830095,
    0.031000002907013362,
    0.04,
    0.03100000071070431,
    0.05699997360899902,
    0.04,
    0.04,
    0.04,
    0.04,
    0.04,
    0.04,
    0.04,
    0.04,
    0.04,
    0.04,
    0.04,
    0.056867427651421144,
    0.04,
    0.04,
    0.04,
    0.05566037635345318,
    0.04,
    0.039,
    0.04,
    0.03100000008721001,
    0.03,
    0.01,
    0.01,
    0.03,
    0.011,
    0.01,
    0.012,
    0.02,
    0.01,
    0.02,
    0.019674250123784952,
    0.01,
    0.004,
    0.005,
    0.02,
    0.004,
    0.02,
    0.01,
    0.003,
    0.004,
    0.004,
    0.01,
    0.003,
    0.004,
    0.01,
    0.01,
    0.003,
    0.003,
    0.003,
    0.003,
    0.025073246109647097,
    0.003,
    0.003,
    0.002,
    0.002,
    0.002,
    0.002,
    0.003,
    0.003,
    0.004,
    0.002,
    0.004,
    0.01,
    0.01,
    0.01,
    0.01,
    0.011,
    0.01,
    0.01,
    0.01,
    0.011,
    0.011,
    0.02,
    0.02,
    0.02,
    0.02,
    0.02,
    0.02,
    0.02,
    0.02,
    0.03,
    0.03,
    0.04,
    0.04,
    0.03,
    0.02,
    0.02,
    0.02,
    0.030000004850053327,
    0.03,
    0.030000000388000193,
    0.03,
    0.02,
    0.03,
    0.03,
    0.03,
    0.030000000049515176,
    0.03,
    0.03,
    0.03,
    0.04,
    0.04,
    0.04,
    0.04,
    0.04,
    0.04,
    0.04,
    0.04,
    0.05,
    0.05,
    0.05,
    0.06,
    0.08,
    0.08000000020444446,
    0.1,
    0.1,
    0.12,
    0.12,
    0.12,
    0.11,
    0.12,
    0.13,
    0.13,
    0.15,
    0.14,
    0.14,
    0.14000001876365642,
    0.15,
    0.15,
    0.16,
    0.17,
    0.17,
    0.15,
    0.17,
    0.16,
    0.17,
    0.17,
    0.17,
    0.17,
    0.17,
    0.17,
    0.17,
    0.17,
    0.2,
    0.21,
    0.21,
    0.21000000217250012,
    0.24,
    0.24,
    0.23,
    0.28,
    0.3,
    0.28,
    0.28,
    0.29,
    0.28,
    0.28,
    0.22,
    0.22,
    0.22,
    0.2,
    0.17,
    0.17,
    0.17,
    0.18,
    0.18,
    0.18,
    0.18,
    0.18,
    0.18,
    0.18,
    0.18,
    0.18,
    0.18,
    0.18,
    0.18,
    0.1899999986560738,
    0.18,
    0.18,
    0.18,
    0.18,
    0.18,
    0.18,
    0.18,
    0.18,
    0.18,
    0.18,
    0.18,
    0.18,
    0.18,
    0.18,
    0.18,
    0.18,
    0.18000001640001606,
    0.18,
    0.18,
    0.18,
    0.18,
    0.18,
    0.18,
    0.18,
    0.18,
    0.18,
    0.18,
    0.18,
    0.19,
    0.19,
    0.19000002430009647,
    0.2,
    0.19000000226800004,
    0.2,
    0.19000002430009647,
    0.19,
    0.20999996201550092,
    0.18000000164000013,
    0.18,
    0.18,
    0.21,
    0.24875621890547264,
    0.26,
    0.259999927199984,
    0.25,
    0.24,
    0.23,
    0.24,
    0.2,
    0.21999997768115845,
    0.25,
    0.22,
    0.24,
    0.28,
    0.25,
    0.27,
    0.23,
    0.22999991604998868,
    0.23000002534177774,
    0.24,
    0.24,
    0.24,
    0.24,
    0.24,
    0.24,
    0.24,
    0.25,
    0.24,
    0.25,
    0.24,
    0.25,
    0.25,
    0.24,
    0.25,
    0.2699999681399974,
    0.25,
    0.25,
    0.25,
    0.25,
    0.25,
    0.25,
    0.25,
    0.27,
    0.24,
    0.24,
    0.25,
    0.28927679784454063,
    0.23,
    0.23,
    0.23,
    0.2899999274999819,
    0.29,
    0.28,
    0.28,
    0.28,
    0.27,
    0.2875,
    0.22,
    0.24798333258658542,
    0.22,
    0.21,
    0.22,
    0.21000001975000446,
    0.22,
    0.22,
    0.2,
    0.22000000607792283,
    0.24,
    0.2793239353301557,
    0.24,
    0.24,
    0.26999985419993294,
    0.25,
    0.25,
    0.25,
    0.25,
    0.25,
    0.25,
    0.25,
    0.2799999514666589,
    0.25,
    0.25,
    0.25,
    0.24983870967741936,
    0.23,
    0.21,
    0.21,
    0.17,
    0.17,
    0.1600000237176743,
    0.15,
    0.14,
    0.11,
    0.1,
    0.1,
    0.11,
    0.11,
    0.13,
    0.11,
    0.11,
    0.109999998174,
    0.1,
    0.1,
    0.1,
    0.09,
    0.09,
    0.07,
    0.07,
    0.07000001409091741,
    0.09759793414477701,
    0.09,
    0.09,
    0.09,
    0.09,
    0.09,
    0.09,
    0.08000001674560124,
    0.09,
    0.09,
    0.1,
    0.14,
    0.14,
    0.1300000004434251,
    0.11,
    0.12,
    0.1,
    0.11,
    0.1366020937786059,
    0.12,
    0.14,
    0.12,
    0.1,
    0.13,
    0.11,
    0.12,
    0.16,
    0.15000001139410785,
    0.2,
    0.17,
    0.1700000033200013,
    0.17,
    0.18999998802999957,
    0.17,
    0.19,
    0.19,
    0.2,
    0.2,
    0.2,
    0.2,
    0.2,
    0.2,
    0.2,
    0.2,
    0.22,
    0.2,
    0.2,
    0.2,
    0.2,
    0.2,
    0.2,
    0.2,
    0.2,
    0.2,
    0.2,
    0.2,
    0.2,
    0.2,
    0.22,
    0.22,
    0.21,
    0.21,
    0.21,
    0.22,
    0.21,
    0.21,
    0.21,
    0.21,
    0.21,
    0.21,
    0.21,
    0.21,
    0.21,
    0.21,
    0.21,
    0.21,
    0.21,
    0.21,
    0.21,
    0.21,
    0.21,
    0.21,
    0.21,
    0.21000005231794663,
    0.21,
    0.22,
    0.21,
    0.21,
    0.21,
    0.2,
    0.22,
    0.22000001872000705,
    0.23,
    0.2299999768575839,
    0.23,
    0.24,
    0.21,
    0.21,
    0.21,
    0.21,
    0.21,
    0.21,
    0.21999999772666665,
    0.21,
    0.21,
    0.21,
    0.21,
    0.22,
    0.21,
    0.21,
    0.21,
    0.21,
    0.21,
    0.21,
    0.22,
    0.21,
    0.2,
    0.2,
    0.2,
    0.2,
    0.2,
    0.2,
    0.18,
    0.18,
    0.18,
    0.18,
    0.18,
    0.18000000790362009,
    0.16,
    0.16,
    0.16,
    0.16,
    0.15,
    0.15,
    0.14,
    0.14,
    0.15,
    0.15,
    0.15,
    0.15,
    0.15,
    0.17,
    0.16,
    0.17,
    0.17,
    0.17,
    0.17,
    0.17000000988096403,
    0.16,
    0.16000000112000015,
    0.16,
    0.16,
    0.16,
    0.16,
    0.16,
    0.16,
    0.16,
    0.16,
    0.16,
    0.16,
    0.16,
    0.16,
    0.16,
    0.160000000336,
    0.16,
    0.16000000100800002,
    0.16,
    0.16,
    0.16,
    0.16,
    0.16,
    0.16,
    0.18999997979364974,
    0.16,
    0.17999997551999844,
    0.14,
    0.14,
    0.15,
    0.14,
    0.1727272666033057,
    0.14,
    0.13000000101162804,
    0.14,
    0.14,
    0.14,
    0.14000000725740228,
    0.14,
    0.14,
    0.14,
    0.14,
    0.14,
    0.14,
    0.16999996089999597,
    0.14,
    0.14,
    0.1400000860004214,
    0.14,
    0.15,
    0.15,
    0.15,
    0.15,
    0.15,
    0.17,
    0.17000000850479713,
    0.19,
    0.19,
    0.19,
    0.19,
    0.2,
    0.2,
    0.2,
    0.2,
    0.2,
    0.21,
    0.21,
    0.21,
    0.21,
    0.21,
    0.2100000002208143,
    0.21,
    0.21,
    0.21,
    0.21,
    0.21,
    0.2,
    0.2,
    0.2,
    0.2,
    0.2,
    0.2,
    0.2,
    0.21,
    0.23,
    0.23,
    0.25,
    0.25,
    0.25,
    0.25,
    0.25,
    0.25,
    0.25,
    0.25,
    0.25,
    0.25,
    0.25,
    0.25,
    0.25,
    0.25,
    0.26,
    0.26,
    0.25,
    0.27,
    0.27,
    0.27,
    0.27,
    0.27,
    0.2700000034225044,
    0.27,
    0.27,
    0.27,
    0.27,
    0.27999997492537165,
    0.27,
    0.27,
    0.27,
    0.27,
    0.27,
    0.27,
    0.29999992499998124,
    0.3,
    0.33426443376484466,
    0.29,
    0.2900000063582092,
    0.34,
    0.33999999514285706,
    0.34,
    0.31,
    0.31,
    0.31,
    0.33,
    0.33,
    0.33,
    0.33,
    0.33,
    0.33,
    0.35000000657218466,
    0.35,
    0.35,
    0.35999999459999993,
    0.35,
    0.34000003960001346,
    0.33,
    0.27,
    0.26,
    0.26,
    0.3,
    0.27,
    0.30999997638095095,
    0.31000000811764744,
    0.31,
    0.27,
    0.27,
    0.27,
    0.27,
    0.27,
    0.27,
    0.27,
    0.29,
    0.29,
    0.29,
    0.29,
    0.29,
    0.29,
    0.29,
    0.29,
    0.29,
    0.29,
    0.27,
    0.27,
    0.27,
    0.27000001241000104,
    0.27,
    0.27,
    0.27,
    0.27,
    0.2700000174270576,
    0.27,
    0.26000000888000036,
    0.26,
    0.26,
    0.2600000325600181,
    0.26,
    0.26,
    0.26,
    0.26,
    0.26,
    0.26,
    0.26,
    0.26,
    0.26,
    0.26,
    0.26,
    0.26,
    0.2600000325600181,
    0.26,
    0.26,
    0.26,
    0.26,
    0.26,
    0.26,
    0.2799999683018844,
    0.29,
    0.29,
    0.29,
    0.28701492537313433,
    0.27,
    0.3,
    0.3,
    0.31,
    0.33,
    0.33,
    0.33,
    0.33,
    0.33,
    0.33,
    0.33,
    0.32,
    0.35,
    0.33,
    0.33000000067,
    0.31,
    0.31000000112062603,
    0.31,
    0.31,
    0.31,
    0.31,
    0.31,
    0.31000000828000324,
    0.31,
    0.3100000003555113,
    0.32,
    0.29073170731707315,
    0.31,
    0.26,
    0.3,
    0.3000000067632856,
    0.31000001934579613,
    0.3,
    0.2900000005324055,
    0.3,
    0.31,
    0.3,
    0.3,
    0.3,
    0.3,
    0.35,
    0.37,
    0.37,
    0.37,
    0.37,
    0.4,
    0.4,
    0.4,
    0.38,
    0.38,
    0.3596408948899343,
    0.31,
    0.33,
    0.34,
    0.35,
    0.36,
    0.38,
    0.37,
    0.38,
    0.4,
    0.4,
    0.4,
    0.4,
    0.40000003934427264,
    0.3800000136400011,
    0.4,
    0.4,
    0.40999999783663993,
    0.4,
    0.39,
    0.38,
    0.38,
    0.39,
    0.39,
    0.4,
    0.3900000007546392,
    0.4,
    0.41,
    0.42,
    0.43,
    0.43,
    0.44,
    0.44,
    0.46,
    0.45999999769999994,
    0.4599999943902433,
    0.4661381233889483,
    0.4600000274909177,
    0.46,
    0.46,
    0.46,
    0.46,
    0.46,
    0.5,
    0.49,
    0.53,
    0.5299999899299992,
    0.5699998251999371,
    0.56,
    0.53,
    0.5,
    0.52,
    0.51,
    0.5099999982999994,
    0.51,
    0.51,
    0.51,
    0.5,
    0.49,
    0.49,
    0.4900000066969703,
    0.5,
    0.5094464480027998,
    0.5,
    0.5,
    0.49,
    0.4600000056700001,
    0.5,
    0.5,
    0.5,
    0.5100000008176401,
    0.51,
    0.51,
    0.5,
    0.51,
    0.5499999999513678,
    0.5721465968586388,
    0.5799999998394046,
    0.5400000438095357,
    0.58,
    0.5500000087209307,
    0.56,
    0.54,
    0.54,
    0.52,
    0.5,
    0.4900000005984862,
    0.5,
    0.5,
    0.5100000017025713,
    0.52,
    0.53,
    0.5,
    0.5,
    0.5,
    0.5,
    0.4900000069993763,
    0.5,
    0.5,
    0.5,
    0.49,
    0.49,
    0.5,
    0.49,
    0.49,
    0.48,
    0.49,
    0.47,
    0.47,
    0.4651973006460893,
    0.4499999879999995,
    0.45,
    0.45,
    0.45,
    0.44999996249999064,
    0.44,
    0.43,
    0.42999996559999415,
    0.420000019939334,
    0.44,
    0.43,
    0.43,
    0.43999999207999974,
    0.43999996479999576,
    0.43000000833076946,
    0.43,
    0.43,
    0.42000009860008186,
    0.43,
    0.43,
    0.43,
    0.43,
    0.4399999996190032,
    0.43,
    0.43,
    0.43,
    0.44,
    0.42987621160484596,
    0.44,
    0.42000000116,
    0.45,
    0.43000004446001433,
    0.43000004446001433,
    0.43,
    0.44,
    0.43,
    0.4300001767002986,
    0.4300001767002986,
    0.44,
    0.43000000288688817,
    0.44,
    0.44,
    0.44,
    0.44,
    0.4399999858852556,
    0.44,
    0.4300000123182733,
    0.43,
    0.44,
    0.4399999891692302,
    0.44,
    0.4399999994506009,
    0.4399999985648274,
    0.42000000008703053,
    0.43999999207999974,
    0.43,
    0.43,
    0.43,
    0.43,
    0.43,
    0.43,
    0.4399999894399992,
    0.43,
    0.4300000001046924,
    0.4499998726414253,
    0.44,
    0.43,
    0.44,
    0.43,
    0.43,
    0.44,
    0.43999999207999974,
    0.42,
    0.42000011706430396,
    0.42999999873203093,
    0.4299998372972123,
    0.429999946620684,
    0.44,
    0.44,
    0.43,
    0.43,
    0.42,
    0.43,
    0.43,
    0.42000000036569607,
    0.44,
    0.43000004063366853,
    0.439999999009009,
    0.4399999517808052,
    0.4300000153707896,
    0.43000000559689944,
    0.43999999823999997,
    0.4399999891692302,
    0.4300000027971648,
    0.44,
    0.4399999975555555,
    0.43999999823999997,
    0.43999999823999997,
    0.43,
    0.43000001158095363,
    0.43999999295999986,
    0.44,
    0.4399999720634901,
    0.43999996479999576,
    0.43999996479999576,
    0.4399999922535206,
    0.4200000567111308,
    0.43999980639989156,
    0.43999999988821,
    0.42,
    0.42,
    0.42,
    0.43,
    0.43,
    0.43,
    0.4300000074100003,
    0.43000004446001433,
    0.4399999883597879,
    0.43,
    0.43,
    0.43,
    0.4399999865191482,
    0.43,
    0.43999999753599994,
    0.42,
    0.42000000603200016,
    0.43,
    0.43,
    0.43,
    0.43,
    0.4399999964799999,
    0.42,
    0.42,
    0.42,
    0.4399999894399992,
    0.42000000603200016,
    0.43,
    0.43,
    0.43,
    0.43,
    0.43,
    0.43,
    0.42999990343218414,
    0.42000018810821654,
    0.4399999633333255,
    0.4399999894399992,
    0.4399999097435504,
    0.43,
    0.4200000383259971,
    0.42999999008073786,
    0.44,
    0.42000000836682155,
    0.4399999948235291,
    0.4200001641510518,
    0.4399999417218427,
    0.43999999823999997,
    0.42000000603200016,
    0.4200000693227285,
    0.42000000116,
    0.43999997996204643,
    0.43999996647618506,
    0.4200000530892643,
    0.44,
    0.4300000271299413,
    0.43,
    0.4300000387657502,
    0.42,
    0.42,
    0.42,
    0.43,
    0.42,
    0.42,
    0.42,
    0.42,
    0.43,
    0.43,
    0.43,
    0.43,
    0.43,
    0.43,
    0.43,
    0.43,
    0.4299998279998968,
    0.43,
    0.43,
    0.43,
    0.43,
    0.43,
    0.41000003245001443,
    0.42,
    0.42,
    0.42,
    0.42,
    0.42,
    0.42,
    0.42,
    0.42,
    0.42,
    0.42,
    0.42,
    0.42,
    0.42,
    0.42,
    0.42,
    0.42,
    0.42,
    0.42,
    0.42,
    0.42,
    0.42,
    0.42,
    0.42,
    0.42,
    0.42,
    0.43,
    0.43,
    0.43,
    0.43,
    0.43,
    0.43,
    0.44,
    0.43,
    0.43,
    0.43,
    0.43,
    0.44,
    0.44,
    0.44,
    0.44,
    0.44,
    0.44,
    0.44,
    0.45,
    0.45,
    0.45,
    0.45,
    0.45,
    0.45,
    0.4500000067901238,
    0.46,
    0.46,
    0.46,
    0.46,
    0.46,
    0.46,
    0.46,
    0.46,
    0.46,
    0.46,
    0.46,
    0.46,
    0.46,
    0.46,
    0.46,
    0.46,
    0.46,
    0.46,
    0.46,
    0.47,
    0.47,
    0.47,
    0.4600000007974541,
    0.4700000702409969,
    0.4799999852307674,
    0.48,
    0.4700812187242447,
    0.47999994315788275,
    0.47008143775791755,
    0.47,
    0.47,
    0.47,
    0.47,
    0.479999949176461,
    0.47,
    0.47,
    0.47999991028030675,
    0.47,
    0.4600000062551502,
    0.47,
    0.47,
    0.46,
    0.47,
    0.47999992319995083,
    0.47,
    0.47,
    0.4799999684095027,
    0.4700000092974117,
    0.49,
    0.49,
    0.49,
    0.49,
    0.5,
    0.4900000006954546,
    0.49000021722233084,
    0.5,
    0.49000003796116837,
    0.49,
    0.490000043350018,
    0.4900000329425895,
    0.4999995862147438,
    0.49,
    0.5099999506451501,
    0.5099999495483812,
    0.5,
    0.5,
    0.5,
    0.5,
    0.5,
    0.5,
    0.500107296145014,
    0.5099999910749997,
    0.49000001275000366,
    0.49,
    0.49,
    0.49,
    0.49,
    0.49,
    0.50999999847,
    0.4900000017000006,
    0.51,
    0.5,
    0.5,
    0.5,
    0.5,
    0.5,
    0.5,
    0.5100000597187614,
    0.51,
    0.5,
    0.52,
    0.52,
    0.5199999758139476,
    0.5100000465500188,
    0.51,
    0.5099999966618182,
    0.5,
    0.5,
    0.5,
    0.5,
    0.5100000025161961,
    0.52,
    0.52,
    0.52,
    0.52,
    0.52,
    0.5200001728001106,
    0.5299999945674999,
    0.53,
    0.5299999858666633,
    0.5299998780999061,
    0.5200000006857143,
    0.52,
    0.52,
    0.52,
    0.52,
    0.5200000923077633,
    0.5299999586117079,
    0.53,
    0.5299999384053959,
    0.54,
    0.5200000186407796,
    0.5200000396694346,
    0.5299999655381111,
    0.53,
    0.53,
    0.53,
    0.5300000775258403,
    0.539999998056,
    0.53,
    0.53,
    0.53,
    0.53,
    0.5200000048000002,
    0.52,
    0.52,
    0.52,
    0.52,
    0.53,
    0.53,
    0.53,
    0.53,
    0.53,
    0.53,
    0.53,
    0.53,
    0.53,
    0.53,
    0.54,
    0.53,
    0.53,
    0.53,
    0.53,
    0.53,
    0.54,
    0.54,
    0.55,
    0.5499999809027718,
    0.5599999775999964,
    0.5599999726161315,
    0.55,
    0.54,
    0.5300000285635421,
    0.5300000783333971,
    0.54,
    0.54,
    0.54,
    0.54,
    0.54,
    0.54,
    0.5400000694340172,
    0.5499999740565805,
    0.54,
    0.5300000214400725,
    0.55,
    0.55,
    0.55,
    0.55,
    0.55,
    0.54,
    0.5200000199768801,
    0.53,
    0.5299999999237952,
    0.53,
    0.52,
    0.52,
    0.52,
    0.52,
    0.52,
    0.52,
    0.52,
    0.52,
    0.52,
    0.52,
    0.52,
    0.52,
    0.52,
    0.52,
    0.52,
    0.52,
    0.52,
    0.52,
    0.52,
    0.52,
    0.52,
    0.52,
    0.52,
    0.52,
    0.52,
    0.5200000172800011,
    0.53,
    0.53,
    0.53,
    0.53,
    0.53,
    0.53,
    0.53,
    0.53,
    0.53,
    0.53,
    0.53,
    0.53,
    0.53,
    0.53,
    0.53,
    0.53,
    0.53,
    0.53,
    0.53,
    0.53,
    0.53,
    0.53,
    0.53,
    0.53,
    0.53,
    0.53,
    0.53,
    0.53,
    0.53,
    0.53,
    0.53,
    0.53,
    0.53,
    0.54,
    0.54,
    0.54,
    0.54,
    0.54,
    0.54,
    0.54,
    0.55,
    0.55,
    0.55,
    0.55,
    0.55,
    0.55,
    0.55,
    0.55,
    0.55,
    0.55,
    0.55,
    0.56,
    0.56,
    0.56,
    0.56,
    0.56,
    0.56,
    0.5699999925899997,
    0.5500000011385084,
    0.55,
    0.55,
    0.55,
    0.55,
    0.55,
    0.559999843199887,
    0.5500002025001114,
    0.56,
    0.5599999992541068,
    0.56,
    0.5599999595180671,
    0.5599999833250584,
    0.5599999253332935,
    0.56,
    0.56,
    0.5699999224799486,
    0.56999999960096,
    0.5600000352000042,
    0.5600000321298216,
    0.56,
    0.5699999975873016,
    0.5600000070400001,
    0.56,
    0.56,
    0.56,
    0.5699999413714011,
    0.5699999776470378,
    0.5600000178077594,
    0.57,
    0.56,
    0.56,
    0.56,
    0.56,
    0.56,
    0.5699999543446528,
    0.5699999812499883,
    0.56,
    0.56,
    0.56,
    0.56,
    0.56,
    0.56,
    0.56,
    0.56,
    0.56,
    0.56,
    0.5500000205792737,
    0.569999986795362,
    0.56,
    0.56,
    0.56,
    0.56,
    0.5400001326126939,
    0.56,
    0.56,
    0.56,
    0.56,
    0.56,
    0.56,
    0.56,
    0.56,
    0.5599999782524069,
    0.55,
    0.55,
    0.55,
    0.55,
    0.5500001991151323,
    0.55,
    0.5500000216346165,
    0.559999843199887,
    0.5500001559406944,
    0.5599999968639999,
    0.559999843199887,
    0.5599999608977486,
    0.5500000367847482,
    0.5599999945931033,
    0.559999843199887,
    0.5599999594202781,
    0.5500000779220982,
    0.5500000447761261,
    0.5599999618398533,
    0.5599999935595167,
    0.5500000335320442,
    0.5500000231164451,
    0.56,
    0.56,
    0.56,
    0.55,
    0.56,
    0.5599999609074935,
    0.5500000076064913,
    0.5599999649391265,
    0.55999999888,
    0.5500002025001114,
    0.56,
    0.5500000217741995,
    0.56,
    0.56,
    0.56,
    0.5599999416666424,
    0.5500000393968913,
    0.55,
    0.5500000044064728,
    0.55,
    0.56,
    0.5599999554545363,
    0.5500000079449157,
    0.559999980235289,
    0.56,
    0.56,
    0.550000049180336,
    0.56,
    0.5599999966060605,
    0.56,
    0.5500001431819028,
    0.5599999766179502,
    0.55,
    0.5500000130275352,
    0.5599999947294105,
    0.5599999961774738,
    0.5500000623077028,
    0.55,
    0.5500000635393897,
    0.55,
    0.55,
    0.5500000087804885,
    0.5500000300572556,
    0.5599999775999964,
    0.5599999824083729,
    0.5599999985165562,
    0.55,
    0.5599999270357926,
    0.5500000372670854,
    0.5599999985501617,
    0.5500000378605828,
    0.56,
    0.5599999688888819,
    0.559999968598118,
    0.5500001559406944,
    0.5500000380639137,
    0.56,
    0.550000002025,
    0.56,
    0.55,
    0.55,
    0.5500000450000045,
    0.5500000326087028,
    0.56,
    0.56,
    0.5599999872081213,
    0.5500000865384924,
    0.5500000294759935,
    0.559999843199887,
    0.56,
    0.559999986951454,
    0.56,
    0.5500002025001114,
    0.56,
    0.5400000206715783,
    0.55,
    0.559999843199887,
    0.55,
    0.55,
    0.5500000151912985,
    0.5599999341175902,
    0.5400002095050626,
    0.54,
    0.53,
    0.5400000156996593,
    0.54,
    0.54,
    0.5499999559999947,
    0.55,
    0.530000023788346,
    0.549999855263069,
    0.5499999559999947,
    0.5300000478318747,
    0.5499999699453486,
    0.5300000329824731,
    0.54,
    0.54,
    0.5300000181421507,
    0.55,
    0.54,
    0.54,
    0.5499999889999995,
    0.549999977911643,
    0.5499999968208089,
    0.5499999807499988,
    0.5400000167272752,
    0.5499999915471304,
    0.5400000404800045,
    0.5499999889999995,
    0.54,
    0.55,
    0.55,
    0.5400001326126939,
    0.5400002392001149,
    0.5499999628378319,
    0.5400000687013108,
    0.5499999774127273,
    0.540000034936715,
    0.54000001677812,
    0.5499999399563122,
    0.54,
    0.5400000006538224,
    0.5400000081128761,
    0.55,
    0.54,
    0.540000028822057,
    0.55,
    0.5499999943934756,
    0.54,
    0.54,
    0.54,
    0.5400000123716393,
    0.540000004232,
    0.5400000563265381,
    0.5499999383753398,
    0.5499999633333236,
    0.5400000211494291,
    0.5400000127384631,
    0.5400022891152569,
    0.54,
    0.5499999669471094,
    0.540000000414,
    0.540000000184,
    0.54,
    0.549999977911643,
    0.540000000184,
    0.55,
    0.5499999860287883,
    0.5400000032200002,
    0.55,
    0.54,
    0.54,
    0.55,
    0.55,
    0.5499999384328197,
    0.5499999541264224,
    0.5400000404929614,
    0.54,
    0.55,
    0.55,
    0.5499999369265838,
    0.5400000380315004,
    0.5491697321428571,
    0.5300000071347261,
    0.54,
    0.5399999867281089,
    0.5399999345454426,
    0.53,
    0.53,
    0.53,
    0.53000000042543,
    0.54,
    0.54,
    0.5300000584689062,
    0.5399995211315965,
    0.5300000809016917,
    0.5300001222000904,
    0.5399999978528823,
    0.5300000208072961,
    0.5399998423601966,
    0.5300001358381895,
    0.5399998990653451,
    0.5399999951677842,
    0.5300000361538781,
    0.53,
    0.53,
    0.54,
    0.54,
    0.54,
    0.54,
    0.54,
    0.54,
    0.54,
    0.54,
    0.5499999881465494,
    0.55,
    0.5499999807499988,
    0.5499999588014858,
    0.55,
    0.5400000237002385,
    0.5400000073600004,
    0.55,
    0.5400000734042827,
    0.5400001150000288,
    0.5400002392001149,
    0.5400002392001149,
    0.5400002392001149,
    0.5400002392001149,
    0.54,
    0.55,
    0.5499999952006978,
    0.5499999399563122,
    0.549999986408566,
    0.5499998921567781,
    0.5499999809027718,
    0.5499998405795253,
    0.54,
    0.5400000229186434,
    0.5400000380286197,
    0.54,
    0.54,
    0.54,
    0.5499999955065352,
    0.5400000149657542,
    0.54,
    0.540000045161571,
    0.55,
    0.540000165128287,
    0.54,
    0.55,
    0.5400000704838885,
    0.5499998921567781,
    0.5400002392001149,
    0.5400000225766888,
    0.5400000008531685,
    0.55,
    0.55,
    0.54,
    0.55,
    0.55,
    0.5400000023,
    0.5400000153014564,
    0.55,
    0.5499998854166308,
    0.5499999468231949,
    0.55,
    0.5499999587241979,
    0.5400000164285733,
    0.5499999701086907,
    0.5400000885355849,
    0.55,
    0.5499998398057163,
    0.5499999911003224,
    0.55,
    0.5400000236503905,
    0.54,
    0.540000013593016,
    0.5499999525861993,
    0.5400000736000128,
    0.5499999942080874,
    0.54,
    0.5400000376363691,
    0.5400000112653082,
    0.5400001150000288,
    0.54,
    0.54,
    0.5499999783889946,
    0.5499999954192113,
    0.5400002392001149,
    0.5499999807499988,
    0.5499999943647539,
    0.5499999150578626,
    0.5499998976743424,
    0.5400000599498819,
    0.5499999955999999,
    0.54,
    0.5400000162176214,
    0.54,
    0.55,
    0.55,
    0.55,
    0.5499999889999995,
    0.5400000505494728,
    0.54,
    0.54,
    0.54,
    0.55,
    0.5499999263392626,
    0.5400000213953524,
    0.5499998523488348,
    0.5499999421052387,
    0.5499999658385009,
    0.5499999268060656,
    0.55,
    0.55,
    0.5499999791033411,
    0.55,
    0.5499999839337867,
    0.55,
    0.5499999815745369,
    0.55,
    0.55,
    0.55,
    0.55,
    0.5599999925083587,
    0.5599999899099055,
    0.55,
    0.5500000350649414,
    0.5500000875486551,
    0.5500000130057818,
    0.5599998833839216,
    0.5500000419254749,
    0.56,
    0.5599999897404566,
    0.5599999516049275,
    0.5567049455251061,
    0.5498736338825394,
    0.54987360143571,
    0.55,
    0.5500000978261083,
    0.5599999859119412,
    0.56,
    0.5599999655384531,
    0.559999843199887,
    0.5500000721925404,
    0.559999843199887,
    0.55999999888,
    0.55,
    0.5599999960995025,
    0.559999843199887,
    0.5500000036818182,
    0.56,
    0.56,
    0.56,
    0.5500000316406277,
    0.5599999572518953,
    0.55999999776,
    0.55,
    0.5499999993125,
    0.5499999943991842,
    0.55,
    0.54,
    0.5499999807499988,
    0.54,
    0.5499999972718251,
    0.54,
    0.5400000736000128,
    0.5499999562395271,
    0.5499999807499988,
    0.5499999807499988,
    0.5400000103707192,
    0.55,
    0.55,
    0.55,
    0.54,
    0.5499999677985892,
    0.5400000279190775,
    0.55,
    0.55,
    0.5499999807499988,
    0.5400000092000001,
    0.5400000694340172,
    0.55,
    0.5400000255555643,
    0.5499999865415969,
    0.5499999895499997,
    0.5400000536965127,
    0.55,
    0.55,
    0.5400000404800045,
    0.5499999926991145,
    0.5400002129630616,
    0.5400000790625482,
    0.55,
    0.55,
    0.5400000348484875,
    0.549999588582337,
    0.5400000440091174,
    0.5499999950628358,
    0.54,
    0.5400000237002385,
    0.540000060173993,
    0.54,
    0.55,
    0.54,
    0.5400000699974976,
    0.5499999889261732,
    0.5499999559999947,
    0.55,
    0.5499999724999877,
    0.5499999763610257,
    0.55,
    0.54,
    0.5400000914514256,
    0.5400000281222813,
    0.55,
    0.5499999587241979,
    0.55,
    0.5400000085428576,
    0.5400000302514545,
    0.56,
    0.5599998215928194,
    0.559999843199887,
    0.559999843199887,
    0.5400002392001149,
    0.5400000308247481,
    0.540000071743141,
    0.5400000596296403,
    0.5400000250495098,
    0.5599999966214173,
    0.5400001150000288,
    0.5599999883737007,
    0.5594405594405595,
    0.55,
    0.54,
    0.54,
    0.55,
    0.55,
    0.55,
    0.54,
    0.54,
    0.54,
    0.55,
    0.54,
    0.55,
    0.55,
    0.55,
    0.54,
    0.54,
    0.55,
    0.55,
    0.54,
    0.54,
    0.55,
    0.54,
    0.55,
    0.55,
    0.54,
    0.54,
    0.54,
    0.54,
    0.54,
    0.54,
    0.55,
    0.559999843199887,
    0.55,
    0.5599999895466662,
    0.5500002025001114,
    0.56,
    0.5599999882311716,
    0.55,
    0.5500000395728708,
    0.559999975111103,
    0.56,
    0.5500001278409454,
    0.55999999888,
    0.5500000016875001,
    0.5599999775999964,
    0.55,
    0.5599999971999999,
    0.5599999962666661,
    0.550000082991822,
    0.5599999793864975,
    0.56,
    0.5599999950222221,
    0.56,
    0.5500000450000045,
    0.56,
    0.55999999888,
    0.5500000380639137,
    0.5599999950222221,
    0.55,
    0.5500000035891369,
    0.5599999950551866,
    0.5599999876243074,
    0.56,
    0.5500000191326555,
    0.559999843199887,
    0.55,
    0.559999843199887,
    0.56,
    0.56,
    0.559999843199887,
    0.55,
    0.55,
    0.55,
    0.559999843199887,
    0.5599999985013381,
    0.5599999989661538,
    0.5500002025001114,
    0.559999843199887,
    0.5599998287897522,
    0.550000044407905,
    0.5599999663999852,
    0.5599999720996406,
    0.5500001159794113,
    0.55,
    0.5599999968639999,
    0.5599999985284672,
    0.55,
    0.55,
    0.5500000053317536,
    0.55,
    0.55999999776,
    0.559999843199887,
    0.56,
    0.55999999664,
    0.56,
    0.5599999981487603,
    0.55,
    0.55,
    0.56,
    0.5599999970957584,
    0.559999843199887,
    0.5599999420689216,
    0.5599999984444444,
    0.5599999969463798,
    0.56,
    0.5500000267963515,
    0.55,
    0.550000087209353,
    0.5599999462399944,
    0.5500000631579081,
    0.56,
    0.5599999968639999,
    0.5599999626666622,
    0.5500001396552254,
    0.559999843199887,
    0.5500000054950088,
    0.55,
    0.5599999989661538,
    0.5599999996402569,
    0.5599999880213842,
    0.5500000185567041,
    0.55,
    0.55,
    0.5500000118086995,
    0.55,
    0.5599999513043403,
    0.5599999995927273,
    0.550000120000048,
    0.55,
    0.559999843199887,
    0.5500000723214428,
    0.5500000290590441,
    0.5599999851327405,
    0.5500001173913758,
    0.5599999694822821,
    0.5500000217741995,
    0.5500000344036776,
    0.5599999968639999,
    0.56,
    0.57,
    0.57,
    0.5699999561538399,
    0.5699999801547357,
    0.5699999966939999,
    0.5699998948543373,
    0.5699998232997013,
    0.5699998232997013,
    0.5600001257143621,
    0.56,
    0.56,
    0.56,
    0.56,
    0.560000035638632,
    0.5600001936001084,
    0.5600000305184717,
    0.56,
    0.56,
    0.5699999385501696,
    0.5699999693838831,
    0.5699998318030526,
    0.5699999966939999,
    0.56999998563025,
    0.5600000131588806,
    0.5600000450232617,
    0.57,
    0.57,
    0.5699999929192536,
    0.57,
    0.57,
    0.569999999951583,
    0.5600000036325277,
    0.56,
    0.56,
    0.56,
    0.56,
    0.5699999741301032,
    0.5699998167856543,
    0.5600001936001084,
    0.5600000265660412,
    0.569999995364404,
    0.5699997834882865,
    0.5699996617997497,
    0.5600000542180157,
    0.5600001173334138,
    0.5699999939199997,
    0.56,
    0.56,
    0.56,
    0.56,
    0.57,
    0.57,
    0.57,
    0.57,
    0.57,
    0.57,
    0.58,
    0.58,
    0.58,
    0.58,
    0.58,
    0.58,
    0.58,
    0.58,
    0.5800000095414389,
    0.5800000186926304,
    0.5899999780840651,
    0.5899999952799998,
    0.5899999946899995,
    0.5800000053816339,
    0.5899999866266652,
    0.5899999675499855,
    0.5899998465998865,
    0.5899999373124675,
    0.58999997795604,
    0.5899999990183027,
    0.5899999458544182,
    0.5899999675499855,
    0.5899998465998865,
    0.5799999732454664,
    0.5799999818466332,
    0.5799999274999443,
    0.57,
    0.58,
    0.57,
    0.58,
    0.57,
    0.5700000156770855,
    0.5700000430000053,
    0.58,
    0.57,
    0.5699999429999539,
    0.57,
    0.5699999413714011,
    0.5699999899869872,
    0.56,
    0.56,
    0.56,
    0.56,
    0.57,
    0.57999999884,
    0.58,
    0.58,
    0.5799999419999574,
    0.5799999607130011,
    0.5799999941999997,
    0.5799999833946801,
    0.5799999993800729,
    0.5799998259997042,
    0.57,
    0.5700000076421808,
    0.5799999982599999,
    0.5700000038700002,
    0.5799999439613446,
    0.5799999836740733,
    0.570000132307756,
    0.5799999802342903,
    0.5799999663767973,
    0.5799999553845959,
    0.57,
    0.57999998033898,
    0.5799999107691587,
    0.5700001042424441,
    0.5799999678373341,
    0.5799999737358403,
    0.5700000344000058,
    0.5799999656126367,
    0.5700000876699701,
    0.5700000413461763,
    0.5799999987111111,
    0.5700000018633333,
    0.5799998259997042,
    0.58,
    0.579999997912,
    0.579999974635566,
    0.5700000168483839,
    0.5799999737448518,
    0.5799999900571416,
    0.5700000464460042,
    0.5700000702333453,
    0.5700000093301894,
    0.5700001720001032,
    0.5700001720001032,
    0.5700001433333851,
    0.5700000608735037,
    0.57,
    0.57999999913,
    0.5699999622397441,
    0.5699999987175,
    0.5600001936001084,
    0.5600001936001084,
    0.57,
    0.56,
    0.5600002221360258,
    0.560000114471608,
    0.5600001936001084,
    0.5600000862745774,
    0.5600000376068505,
    0.5799999922666654,
    0.5799999428405522,
    0.56,
    0.56,
    0.57,
    0.57,
    0.56,
    0.560000000994291,
    0.56,
    0.5799999999653731,
    0.5799999953599991,
    0.579999960137446,
    0.58,
    0.5799998259997042,
    0.5799999419999574,
    0.5799999705084635,
    0.5799999860799989,
    0.5799999956143659,
    0.5799999744117583,
    0.579999904271814,
    0.5600000968808015,
    0.576984821555708,
    0.5699999385293882,
    0.5600000318552085,
    0.5600000152533339,
    0.5600000452571511,
    0.5600001936001084,
    0.5600000352000042,
    0.5600000051096775,
    0.56,
    0.56,
    0.57,
    0.5600001936001084,
    0.56,
    0.56,
    0.57,
    0.5600001936001084,
    0.5600001936001084,
    0.5600001936001084,
    0.5600000205333358,
    0.5600001936001084,
    0.56,
    0.5600001936001084,
    0.5600001936001084,
    0.57,
    0.56,
    0.5699999965799997,
    0.5600000880000557,
    0.5600001936001084,
    0.56,
    0.5600000396682348,
    0.5600001936001084,
    0.5699998232997013,
    0.56,
    0.56,
    0.56,
    0.56,
    0.5600001692308668,
    0.5699999576432973,
    0.5600001936001084,
    0.5600001936001084,
    0.5600000566081964,
    0.5699999861283158,
    0.5600000730566193,
    0.5699999841017206,
    0.5600000240842118,
    0.569999999145,
    0.5600001936001084,
    0.5699998384999112,
    0.5699999892857105,
    0.5600000131670836,
    0.5600000352000042,
    0.5699999647142711,
    0.5600000108307698,
    0.56,
    0.56,
    0.56,
    0.57,
    0.56,
    0.57,
    0.56,
    0.57,
    0.57,
    0.5699998232997013,
    0.5699998232997013,
    0.5699998232997013,
    0.5699998232997013,
    0.5699999925899997,
    0.5699999978436315,
    0.57,
    0.5744576324217644,
    0.5699998232997013,
    0.5779037853397611,
    0.56,
    0.56,
    0.56,
    0.56,
    0.56,
    0.56,
    0.56,
    0.5600000454193648,
    0.5699998660499646,
    0.57,
    0.56,
    0.5600000788965648,
    0.5699994983994382,
    0.5699998384999112,
    0.5600000105600008,
    0.5699998021486655,
    0.560000070400024,
    0.5600001586885974,
    0.5600000043022223,
    0.560000070400024,
    0.5699999989415935,
    0.57,
    0.56,
    0.5600001936001084,
    0.56,
    0.5699999830899993,
    0.5699999830899993,
    0.5600000013638124,
    0.5699999953658499,
    0.56,
    0.5699999965799997,
    0.56,
    0.5699999830899993,
    0.57,
    0.56,
    0.57,
    0.56,
    0.56,
    0.57,
    0.5600000205333358,
    0.5699999755714232,
    0.56,
    0.57,
    0.57,
    0.57,
    0.57,
    0.57,
    0.57,
    0.56,
    0.56,
    0.56,
    0.56,
    0.56,
    0.56,
    0.56,
    0.57,
    0.56,
    0.5600001466667536,
    0.57,
    0.5600000500948829,
    0.5699999878031378,
    0.5699999987175,
    0.57,
    0.57,
    0.57,
    0.57,
    0.57,
    0.5699999965799997,
    0.5699998232997013,
    0.5699998232997013,
    0.5799995580948734,
    0.5698613477685873,
    0.5698613212431568,
    0.58,
    0.58,
    0.58,
    0.58,
    0.58,
    0.5698954731442479,
    0.5799998621781142,
    0.5799998259997042,
    0.58,
    0.5799999860799989,
    0.58,
    0.58,
    0.58,
    0.58,
    0.58,
    0.5799999883999988,
    0.5799998259997042,
    0.5799998259997042,
    0.5799998259997042,
    0.5799999939679998,
    0.58,
    0.58,
    0.58,
    0.58,
    0.58,
    0.5799999921285712,
    0.56,
    0.56,
    0.56,
    0.56,
    0.56,
    0.56,
    0.5799999845333325,
    0.5799999988243243,
    0.56,
    0.5600001830400703,
    0.5799999994087666,
    0.57,
    0.57,
    0.5699999975205,
    0.57,
    0.56,
    0.57,
    0.56,
    0.56,
    0.57,
    0.5600000902564496,
    0.57,
    0.57,
    0.56,
    0.57,
    0.57,
    0.57,
    0.57,
    0.56,
    0.56,
    0.56,
    0.56,
    0.56,
    0.56,
    0.56,
    0.56,
    0.5699999555399857,
    0.5600000352000042,
    0.56,
    0.57,
    0.5699998783998638,
    0.5699999413714011,
    0.56,
    0.5699999974852941,
    0.5600000198198217,
    0.56,
    0.56,
    0.57,
    0.56,
    0.56,
    0.560000074366237,
    0.5699999914499998,
    0.57,
    0.5600001530435581,
    0.5699998232997013,
    0.5600000293333411,
    0.56,
    0.56,
    0.57,
    0.5600000352000042,
    0.57,
    0.56,
    0.57,
    0.57,
    0.57,
    0.57,
    0.57,
    0.57,
    0.5699998905599772,
    0.57,
    0.57,
    0.57,
    0.5699999413714011,
    0.57,
    0.5699999925899997,
    0.5699999939199997,
    0.57,
    0.57,
    0.57,
    0.57,
    0.57,
    0.57,
    0.5699999874563102,
    0.56,
    0.57,
    0.5600001936001084,
    0.56,
    0.57,
    0.56,
    0.5699999964582524,
    0.5600000031589745,
    0.57,
    0.56,
    0.57,
    0.5699999958545451,
    0.56,
    0.5600001936001084,
    0.57,
    0.56,
    0.57,
    0.56,
    0.5600000352000042,
    0.5600001586885974,
    0.56,
    0.57,
    0.5699998232997013,
    0.56,
    0.56,
    0.5600000032533036,
    0.5699999965799997,
    0.57,
    0.56,
    0.56,
    0.57,
    0.5699998232997013,
    0.56,
    0.5699999870085455,
    0.56,
    0.57,
    0.5600001936001084,
    0.56,
    0.56,
    0.57,
    0.5600000708763058,
    0.56,
    0.560000070400024,
    0.560000070400024,
    0.56,
    0.57,
    0.57,
    0.56,
    0.56,
    0.56,
    0.56,
    0.56,
    0.56,
    0.56,
    0.56,
    0.56,
    0.57,
    0.56,
    0.56,
    0.57,
    0.56,
    0.5600000240273106,
    0.5600000293333411,
    0.5699999541038759,
    0.56,
    0.5699998232997013,
    0.56,
    0.56,
    0.5699998234512259,
    0.57,
    0.57,
    0.56,
    0.5600001936001084,
    0.56,
    0.5600000844800176,
    0.56,
    0.5600000152533339,
    0.5600001936001084,
    0.5699999335921763,
    0.5600001744145024,
    0.5600001936001084,
    0.5761679529511424,
    0.5600000024065634,
    0.5600000660000176,
    0.56,
    0.56,
    0.5699999258094863,
    0.56,
    0.5600000070400001,
    0.5699999643749926,
    0.5789867700042512,
    0.5600000674564591,
    0.5699999915555554,
    0.5600001936001084,
    0.5699999429999539,
    0.560000001936,
    0.5699999990905867,
    0.5600001936001084,
    0.5600001973832734,
    0.5600001936001084,
    0.56,
    0.5700088613203367,
    0.5799999384357263,
    0.56,
    0.56,
    0.5600001936001084,
    0.57,
    0.5699998905599772,
    0.5500000238515973,
    0.5500000294759935,
    0.5600000745762902,
    0.5600001173334138,
    0.5500000030241936,
    0.56,
    0.57,
    0.5699999724193473,
    0.55,
    0.56,
    0.56,
    0.56,
    0.5699664791317491,
    0.5699664316593313,
    0.5699664380526197,
    0.5698944446496897,
    0.5698944621751553,
    0.5698944544277469,
    0.5699999555399857,
    0.57,
    0.57,
    0.57,
    0.57,
    0.57,
    0.57,
    0.57,
    0.57,
    0.57,
    0.57,
    0.57,
    0.57,
    0.57,
    0.57,
    0.57,
    0.58,
    0.58,
    0.58,
    0.5899998616049024,
    0.5899996499330743,
    0.5899999761133564,
    0.5899999968783061,
    0.59,
    0.59,
    0.59,
    0.59,
    0.59,
    0.5900000065600003,
    0.6,
    0.6,
    0.6,
    0.5900000457006465,
    0.59,
    0.5899333157894737,
    0.5900806451612903,
    0.6,
    0.5995514395949526,
    0.589821098324111,
    0.5898212546092089,
    0.589821098324111,
    0.5898212546092089,
    0.5999999759999961,
    0.6,
    0.5700000038700002,
    0.59,
    0.57,
    0.57,
    0.57,
    0.6,
    0.58,
    0.59,
    0.59,
    0.58,
    0.58,
    0.57,
    0.57,
    0.5899998465998865,
    0.5700072780380351,
    0.5699999495822893,
    0.5500000545454644,
    0.5599999564578774,
    0.5699999610499896,
    0.5607917575243142,
    0.5600404762873938,
    0.5600404507630485,
    0.5600588928728827,
    0.5699999925899997,
    0.5600929614873837,
    0.5720148372692111,
    0.5699999355045747,
    0.560000055215701,
    0.5600000605000106,
    0.5699999413714011,
    0.5824272501440289,
    0.5699999457142779,
    0.5500000398936277,
    0.5600000050023687,
    0.5699998942267801,
    0.55000000965541,
    0.56,
    0.5600000139944171,
    0.56,
    0.5600000605291082,
    0.5600001936001084,
    0.56,
    0.5699999760927109,
    0.569999947519173,
    0.5699998796666386,
    0.5699999355045747,
    0.5699999962084249,
    0.57,
    0.57,
    0.57,
    0.5799999590588167,
    0.5799999429507942,
    0.5799999943825653,
    0.5799999891079789,
    0.57999999884,
    0.5699446760433512,
    0.56,
    0.5699446719151965,
    0.5699445934060456,
    0.5699024566146655,
    0.56,
    0.53,
    0.469988,
    0.53,
    0.474146,
    0.53,
    0.520362,
    0.501956,
    0.4301206700307388,
    0.4301206699614047,
    0.45994551815650836,
    0.4301278541231644,
    0.4301278563256086,
    0.4699999716163377,
    0.4300891219227092,
    0.43008912244522796,
    0.46844772930774964,
    0.4499700418517125,
    0.4298408555925383,
    0.42984079336943365,
    0.42984082530727474,
    0.4300871832433752,
    0.43008717781458905,
    0.430087179365877,
    0.4300758504598404,
    0.4300758504398339,
    0.4299152077169296,
    0.43005547048891357,
    0.43005547040858166,
    0.4599999564210338,
    0.45007872016251904,
    0.44987635768166384,
    0.44987633229591195,
    0.43988064484116934,
    0.4398806447911756,
    0.4298800697753646,
    0.43988067606953907,
    0.44011506106198567,
    0.45999995951999545,
    0.4401150593871332,
    0.4401150948580775,
    0.4301594979970799,
    0.45531025197564906,
    0.43011070110701105,
    0.439885991452976,
    0.4398859764018183,
    0.44999996229049544,
    0.42,
    0.450044516424667,
    0.4500445164357202,
    0.4500445164598285,
    0.4599079447337268,
    0.4499965494654636,
    0.43981419061348137,
    0.4398142491424716,
    0.43978277539548705,
    0.43978277756038825,
    0.43999999531603434,
    0.42014347202295554,
    0.420141988292476,
    0.43,
    0.4201419892716227,
    0.42014198822300175,
    0.4201330233249085,
    0.42013302307053974,
    0.4198981709316815,
    0.41989817767766413,
    0.46988779158778793,
    0.46988780437947975,
    0.46993397538556186,
    0.4699339579900603,
    0.45980706743720773,
    0.4598070882214171,
    0.42004141739530604,
    0.46994345552414196,
    0.4699434794861401,
    0.45993084594167083,
    0.46994333417609924,
    0.4660161648310231,
    0.42009059039132,
    0.42009059080110145,
    0.4200997506234414,
    0.41999494528032005,
    0.4199949183934654,
    0.42007598806254204,
    0.4200759878884241,
    0.42991012162433323,
    0.4399852251890337,
    0.43998514780886705,
    0.4399852325085945,
    0.4201002936868871,
    0.42010029408726585,
    0.41,
    0.42001935050487277,
    0.4200193508510605,
    0.3900000272321514,
    0.4467441241163474,
    0.36,
    0.36999999378399984,
    0.34985726388443755,
    0.36,
    0.31000000426549157,
    0.3601369864689169,
    0.35973082661777617,
    0.34,
    0.34,
    0.34986375636017303,
    0.34986370415280216,
    0.3300528750826173,
    0.35999997695999686,
    0.35005584516444166,
    0.3600734024281072,
    0.349943081297728,
    0.31,
    0.3298919520800331,
    0.3499400269767973,
    0.33,
    0.34974902399706526,
    0.3600054466230937,
    0.36006100043571737,
    0.3600610004272578,
    0.3601425030978934,
    0.36,
    0.3601810981622781,
    0.3598380953939344,
    0.36,
    0.3,
    0.32,
    0.34,
    0.34,
    0.3597800089424097,
    0.35,
    0.3300982204043117,
    0.3400659090773046,
    0.34006590793672514,
    0.34006590849711865,
    0.3300982205611081,
    0.32,
    0.3399999421999809,
    0.3298688240586726,
    0.32979530919556355,
    0.31008249337761495,
    0.31007775216291533,
    0.32,
    0.29,
    0.32977244406087225,
    0.3298034751391714,
    0.32980353438113896,
    0.34,
    0.3399999421999809,
    0.3,
    0.33,
    0.3300220124946386,
    0.33,
    0.35014120034412544,
    0.3400000025087109,
    0.34,
    0.3500368757206649,
    0.36,
    0.35003687564603136,
    0.35003687578612097,
    0.3300220106266354,
    0.34,
    0.34,
    0.32009947403892547,
    0.3498218676663479,
    0.30003221354450693,
    0.3498125108679284,
    0.3,
    0.359771273093423,
    0.29,
    0.3396632236769464,
    0.35977124415064765,
    0.34,
    0.33003995093152955,
    0.3100895358377977,
    0.32,
    0.3101587309851992,
    0.3101587333891721,
    0.3,
    0.3100912025312743,
    0.29,
    0.31009120329508677,
    0.3100912029645177,
    0.329843068338457,
    0.34979908744977184,
    0.3100669554942891,
    0.3,
    0.3496522545880263,
    0.29,
    0.36999302583268656,
    0.3701558330271948,
    0.359947711721263,
    0.32,
    0.31005393143797055,
    0.36,
    0.3300753682768071,
    0.3,
    0.32,
    0.31012082252862727,
    0.32,
    0.32,
    0.31012703323044105,
    0.3,
    0.29,
    0.35997236848578806,
    0.35986498912512277,
    0.32,
    0.29,
    0.3,
    0.35989380188119746,
    0.3398588316893411,
    0.32,
    0.3498154735158974,
    0.3498154342224346,
    0.34981543906448587,
    0.29,
    0.3398900989788436,
    0.3397514373084545,
    0.3,
    0.3399471546519629,
    0.3579018925672054,
    0.3,
    0.3399883506585222,
    0.3100272067714631,
    0.3597746005484821,
    0.32,
    0.3301469098277609,
    0.3100951561435816,
    0.33,
    0.3598054622789719,
    0.3399063622546894,
    0.28,
    0.29,
    0.32998527872431177,
    0.3498961102638888,
    0.3001231423028205,
    0.29,
    0.3499102655184609,
    0.3598863983680648,
    0.29,
    0.32974043546999027,
    0.29000005680010904,
    0.29,
    0.34992901438894924,
    0.31,
    0.30007471980574857,
    0.28,
    0.30004077793145,
    0.3000407779307572,
    0.3498977262241617,
    0.34989769299094187,
    0.34989773116717815,
    0.3497641686249146,
    0.34976413108659116,
    0.2900375298532924,
    0.28000002894823117,
    0.35969098004044336,
    0.3596910721185213,
    0.3596911012533242,
    0.359977411291599,
    0.3599774086809187,
    0.35997739071350376,
    0.36985801512668426,
    0.36985801350159936,
    0.3596532810607128,
    0.35965340430394516,
    0.35965343609145795,
    0.36981070707800495,
    0.35999992079997784,
    0.26,
    0.25,
    0.25,
    0.3,
    0.3100156128719962,
    0.31001561389838866,
    0.2901185795585743,
    0.37,
    0.22,
    0.21000001345125813,
    0.2700193745191829,
    0.27001937483601035,
    0.33994773250676735,
    0.339947547489391,
    0.33994769520947987,
    0.25,
    0.3749999859374991,
    0.18000005788248505,
    0.18000009718538965,
    0.1800000374857554,
    0.1,
    0.07000000398571997,
    0.08000001840000884,
    0.08000000525714883,
    0.08
]
