[
    0.001,
    0.001,
    0.001,
    0.001,
    0.001,
    0.002,
    0.001,
    0.001,
    0.001,
    0.001,
    0.001,
    0.001,
    0.001,
    0.001,
    0.001,
    0.01,
    0.01,
    0.01,
    0.01,
    0.029999994299999944,
    0.04,
    0.02,
    0.02,
    0.02,
    0.03,
    0.03826506208506323,
    0.02,
    0.03,
    0.02,
    0.02,
    0.01,
    0.01,
    0.01,
    0.01,
    0.01,
    0.01,
    0.02,
    0.02,
    0.02,
    0.01,
    0.01,
    0.01,
    0.01,
    0.01,
    0.01,
    0.01,
    0.01,
    0.01,
    0.03,
    0.03,
    0.02,
    0.02,
    0.02,
    0.03,
    0.03,
    0.02,
    0.02,
    0.03,
    0.02,
    0.02,
    0.03,
    0.03,
    0.04,
    0.04,
    0.05,
    0.05,
    0.05,
    0.09250713317546293,
    0.05,
    0.09,
    0.05,
    0.07,
    0.06,
    0.04,
    0.04,
    0.06000000011750001,
    0.1,
    0.0938018198937092,
    0.08999999457446803,
    0.07,
    0.08999999189999992,
    0.0600000000376,
    0.06,
    0.05,
    0.05,
    0.05,
    0.05,
    0.05,
    0.05,
    0.05,
    0.06,
    0.06,
    0.04,
    0.04,
    0.04,
    0.05,
    0.05,
    0.06,
    0.08345454396991735,
    0.05,
    0.06,
    0.11,
    0.0973466,
    0.09,
    0.09,
    0.11,
    0.09,
    0.09,
    0.09,
    0.09,
    0.09,
    0.09,
    0.09,
    0.09,
    0.09,
    0.09,
    0.09,
    0.05,
    0.05,
    0.05,
    0.06,
    0.06,
    0.05,
    0.1,
    0.09,
    0.05,
    0.10999993635713422,
    0.11,
    0.11,
    0.1,
    0.11,
    0.11000000006430637,
    0.11000000187803338,
    0.11,
    0.12,
    0.12,
    0.12,
    0.12,
    0.11000000023544974,
    0.12,
    0.12,
    0.12,
    0.13,
    0.13,
    0.13,
    0.14,
    0.15,
    0.15,
    0.15,
    0.15000002044009153,
    0.15,
    0.15,
    0.15,
    0.15,
    0.16999996089999597,
    0.15,
    0.15,
    0.15,
    0.15,
    0.15,
    0.15,
    0.15,
    0.15,
    0.15,
    0.15,
    0.13000000007712761,
    0.14,
    0.14000000137600016,
    0.16504372993070812,
    0.14000000005733335,
    0.16,
    0.15,
    0.15,
    0.15,
    0.15,
    0.16,
    0.15,
    0.15,
    0.15,
    0.16,
    0.15,
    0.15,
    0.17,
    0.15,
    0.15000001700002005,
    0.16695993794926992,
    0.1611444873490046,
    0.16,
    0.17,
    0.16,
    0.16,
    0.16,
    0.16000000336000167,
    0.17,
    0.16999994219999076,
    0.14,
    0.17,
    0.14000000059826087,
    0.15,
    0.14000000018729922,
    0.16456505515624384,
    0.15,
    0.15,
    0.15,
    0.15,
    0.15,
    0.15,
    0.14,
    0.14000000315982872,
    0.14999988749997187,
    0.140000000188225,
    0.14,
    0.15,
    0.14,
    0.15,
    0.16,
    0.16,
    0.16,
    0.15,
    0.16999987407405076,
    0.17,
    0.18,
    0.17,
    0.18,
    0.18,
    0.18,
    0.19,
    0.18,
    0.2,
    0.2,
    0.20999985872723934,
    0.2,
    0.2,
    0.18,
    0.19966919939432795,
    0.17,
    0.17,
    0.18,
    0.18,
    0.19,
    0.14,
    0.14,
    0.15739883173565053,
    0.14000000659004205,
    0.14999998874999973,
    0.15,
    0.15,
    0.15,
    0.15000000009444445,
    0.15,
    0.16,
    0.16,
    0.16,
    0.16000000185874994,
    0.17334690648883455,
    0.16000000044327178,
    0.16,
    0.17,
    0.16,
    0.16,
    0.17,
    0.17,
    0.17,
    0.16999988609996242,
    0.16,
    0.19,
    0.16,
    0.2,
    0.19000000113493065,
    0.2,
    0.2,
    0.2,
    0.2,
    0.20999986769995105,
    0.2,
    0.2,
    0.21,
    0.21,
    0.21,
    0.21,
    0.22,
    0.2,
    0.21999998613821084,
    0.22,
    0.2199999948666666,
    0.22,
    0.259999996568,
    0.26,
    0.25,
    0.25,
    0.25,
    0.29999990322577524,
    0.3,
    0.3,
    0.33,
    0.3,
    0.33,
    0.33,
    0.33,
    0.33,
    0.37,
    0.36,
    0.37,
    0.34,
    0.35,
    0.35,
    0.36,
    0.38,
    0.38,
    0.37,
    0.380000000124,
    0.38,
    0.38000003100001395,
    0.38,
    0.4,
    0.39,
    0.41,
    0.41,
    0.42,
    0.439999998064,
    0.42,
    0.42441858388310283,
    0.42,
    0.4,
    0.41999999418461503,
    0.41,
    0.43,
    0.43,
    0.3800000372000052,
    0.38,
    0.36,
    0.36,
    0.36,
    0.36,
    0.36,
    0.36,
    0.38,
    0.38,
    0.39,
    0.39,
    0.39,
    0.4,
    0.4,
    0.4,
    0.4,
    0.41999996219999397,
    0.42,
    0.4,
    0.38,
    0.4,
    0.41999999327999976,
    0.4,
    0.4,
    0.4,
    0.4099999835999974,
    0.40999998261845244,
    0.3800000018600001,
    0.40999999972910717,
    0.41999998991999926,
    0.44,
    0.4799999951999998,
    0.4799999567999931,
    0.43,
    0.43,
    0.43,
    0.39,
    0.3900000508334138,
    0.4299998279998968,
    0.3900000610000346,
    0.34,
    0.33,
    0.34,
    0.33999994106665726,
    0.34,
    0.34,
    0.34,
    0.34,
    0.34,
    0.3399999919239902,
    0.34,
    0.34,
    0.34,
    0.339999997443253,
    0.34,
    0.34,
    0.34,
    0.3300000000845746,
    0.34,
    0.34,
    0.35,
    0.34,
    0.34999998468749877,
    0.35,
    0.35,
    0.35,
    0.35,
    0.35,
    0.35,
    0.36,
    0.35999993759999,
    0.36,
    0.36,
    0.3599999983788348,
    0.36,
    0.36,
    0.36,
    0.35999999759999995,
    0.33,
    0.35,
    0.37,
    0.35,
    0.389999998245,
    0.37000000002009764,
    0.37,
    0.39,
    0.39,
    0.37,
    0.38999999024999976,
    0.38999999024999976,
    0.4,
    0.4,
    0.41,
    0.41000005900000885,
    0.4,
    0.4,
    0.4,
    0.389999998245,
    0.3899999989115421,
    0.41,
    0.44,
    0.45999995951999545,
    0.45999995951999545,
    0.50999999847,
    0.5099456484927472,
    0.51,
    0.51,
    0.51,
    0.51,
    0.5489043791679894,
    0.51,
    0.51,
    0.51,
    0.5148514832624252,
    0.48,
    0.5,
    0.5,
    0.51,
    0.51,
    0.51,
    0.51,
    0.51,
    0.51,
    0.51,
    0.51,
    0.5100000196000032,
    0.51,
    0.51,
    0.51,
    0.51,
    0.54,
    0.53,
    0.51,
    0.53,
    0.51,
    0.53,
    0.53,
    0.53,
    0.54,
    0.53,
    0.53,
    0.53,
    0.53,
    0.53,
    0.53,
    0.53,
    0.53,
    0.53,
    0.53,
    0.51,
    0.5299999883399997,
    0.53,
    0.56,
    0.56,
    0.56,
    0.5527483592768972,
    0.54,
    0.53,
    0.52,
    0.5099999795999968,
    0.5099999785799988,
    0.48873013165311197,
    0.45,
    0.49,
    0.47,
    0.48,
    0.52,
    0.5160835509138382,
    0.48,
    0.49,
    0.48,
    0.48,
    0.45,
    0.4851485146593471,
    0.45,
    0.45,
    0.45,
    0.45,
    0.45,
    0.44,
    0.42,
    0.41,
    0.40999997248917336,
    0.42,
    0.42,
    0.41000000531000047,
    0.41,
    0.41,
    0.41,
    0.42,
    0.41,
    0.42,
    0.42,
    0.4,
    0.39,
    0.39,
    0.39,
    0.3899999773799968,
    0.39,
    0.38999990297558657,
    0.39,
    0.38,
    0.4,
    0.404766359783335,
    0.39,
    0.38,
    0.39,
    0.36,
    0.36,
    0.36,
    0.36,
    0.36,
    0.36,
    0.36,
    0.36,
    0.4,
    0.4104234175641034,
    0.4,
    0.4202736663135419,
    0.42,
    0.42,
    0.42,
    0.43999999207999974,
    0.42,
    0.42,
    0.43999994279999316,
    0.42,
    0.42,
    0.42,
    0.42,
    0.42,
    0.42,
    0.42,
    0.42,
    0.42,
    0.42,
    0.42,
    0.42,
    0.42,
    0.42,
    0.42,
    0.42,
    0.4399999993965714,
    0.42,
    0.42,
    0.42,
    0.42,
    0.42,
    0.42,
    0.42,
    0.42,
    0.42,
    0.4399999924091186,
    0.42,
    0.42,
    0.42,
    0.42,
    0.42,
    0.42,
    0.42,
    0.42,
    0.43,
    0.42000371212472737,
    0.42,
    0.43999997359999826,
    0.42,
    0.42,
    0.42,
    0.42,
    0.44,
    0.41,
    0.44,
    0.41,
    0.41,
    0.42,
    0.42,
    0.41999999895,
    0.4,
    0.4,
    0.41999999327999976,
    0.39,
    0.39000002517461013,
    0.39,
    0.38,
    0.37,
    0.37,
    0.37,
    0.35000390005460075,
    0.36,
    0.37567380989624066,
    0.36999999803899997,
    0.32,
    0.32,
    0.32,
    0.32,
    0.32,
    0.32,
    0.28,
    0.29875,
    0.29999998946629175,
    0.299999819999928,
    0.299999819999928,
    0.3,
    0.3,
    0.3,
    0.31,
    0.31,
    0.31,
    0.31,
    0.31,
    0.31,
    0.31,
    0.31,
    0.31,
    0.31,
    0.31000001774286684,
    0.3,
    0.3,
    0.3,
    0.3,
    0.3,
    0.31,
    0.3,
    0.31,
    0.3,
    0.3,
    0.3,
    0.3,
    0.3,
    0.3,
    0.3,
    0.3,
    0.3,
    0.3,
    0.29,
    0.31,
    0.31,
    0.31,
    0.31,
    0.31,
    0.31,
    0.3,
    0.309875,
    0.32,
    0.32,
    0.32,
    0.32,
    0.32,
    0.31,
    0.32,
    0.31,
    0.31,
    0.30999996217999704,
    0.31000001774286684,
    0.31,
    0.31,
    0.31,
    0.31,
    0.31,
    0.32,
    0.31,
    0.31,
    0.30999996217999704,
    0.31,
    0.30999998888515384,
    0.32,
    0.3,
    0.3,
    0.3,
    0.31,
    0.3,
    0.31,
    0.31,
    0.32,
    0.31,
    0.31,
    0.31,
    0.31000001774286684,
    0.3,
    0.3,
    0.3,
    0.30999998945999985,
    0.3,
    0.3,
    0.3,
    0.30999998356999925,
    0.3,
    0.3,
    0.3,
    0.3,
    0.32,
    0.3,
    0.3,
    0.3,
    0.32,
    0.3,
    0.3,
    0.32,
    0.3,
    0.3000000070000006,
    0.3000028001008036,
    0.31,
    0.3,
    0.3,
    0.3,
    0.3,
    0.3,
    0.3,
    0.32,
    0.329999997822,
    0.32,
    0.3299999922449998,
    0.3,
    0.3,
    0.3,
    0.35,
    0.35,
    0.35000001533019554,
    0.35,
    0.35,
    0.35,
    0.359999998704,
    0.389999998245,
    0.43999999706666665,
    0.41,
    0.439999998064,
    0.46999998531249865,
    0.46,
    0.47,
    0.46,
    0.46,
    0.44,
    0.44,
    0.42,
    0.45,
    0.45,
    0.4599997607998852,
    0.45,
    0.45999999800666663,
    0.5,
    0.493286,
    0.489999999069,
    0.51,
    0.5,
    0.52,
    0.519999989599995,
    0.55,
    0.4900000003723987,
    0.52,
    0.5099998316998873,
    0.47,
    0.46,
    0.46,
    0.5,
    0.5,
    0.5299999883399997,
    0.5299999650199954,
    0.49,
    0.5,
    0.5,
    0.49,
    0.5,
    0.52,
    0.52,
    0.53,
    0.53,
    0.5399999788695614,
    0.54,
    0.55,
    0.5599999968639999,
    0.57,
    0.5700000009331597,
    0.59,
    0.5999999939999998,
    0.5853174571818309,
    0.55999999888,
    0.58,
    0.59,
    0.61,
    0.62,
    0.61,
    0.63,
    0.64,
    0.63,
    0.6599999953799998,
    0.66,
    0.64,
    0.66,
    0.65,
    0.65,
    0.6700000409200031,
    0.67,
    0.67,
    0.67,
    0.6899999822571332,
    0.68,
    0.67,
    0.7,
    0.7,
    0.7,
    0.7,
    0.7,
    0.7,
    0.68,
    0.68,
    0.69,
    0.71,
    0.71,
    0.71,
    0.73,
    0.73,
    0.72,
    0.72,
    0.72,
    0.73,
    0.73,
    0.729999967879995,
    0.73,
    0.73,
    0.73,
    0.73,
    0.729999985835819,
    0.73,
    0.73,
    0.73,
    0.73,
    0.73,
    0.73,
    0.73,
    0.7399998342399488,
    0.7399998342399488,
    0.74,
    0.73,
    0.75,
    0.74,
    0.75,
    0.76,
    0.76,
    0.769999964461531,
    0.77,
    0.77,
    0.78,
    0.78,
    0.78,
    0.78,
    0.770000030820002,
    0.78,
    0.7799999527649356,
    0.78,
    0.78,
    0.78,
    0.78,
    0.78,
    0.78,
    0.78,
    0.76,
    0.78,
    0.78,
    0.78,
    0.78,
    0.78,
    0.78,
    0.78,
    0.78,
    0.78,
    0.78,
    0.78,
    0.78,
    0.78,
    0.78,
    0.770000001403,
    0.78,
    0.77,
    0.77,
    0.7799999984399996,
    0.78,
    0.78,
    0.78,
    0.77,
    0.78,
    0.7799999955428567,
    0.78,
    0.79,
    0.79,
    0.75,
    0.76,
    0.76,
    0.7599999763116767,
    0.76,
    0.7699998848596151,
    0.7699999956879999,
    0.77,
    0.76,
    0.77,
    0.76,
    0.77,
    0.77,
    0.77,
    0.75,
    0.73,
    0.7399999959299999,
    0.7308417620163673,
    0.73,
    0.73,
    0.73,
    0.73,
    0.73,
    0.73,
    0.72,
    0.72,
    0.72,
    0.73,
    0.73,
    0.7299998101998596,
    0.73,
    0.7299999087499658,
    0.75,
    0.73,
    0.75,
    0.76,
    0.76,
    0.73,
    0.76,
    0.73,
    0.76,
    0.76,
    0.76,
    0.76,
    0.76,
    0.76,
    0.76,
    0.76,
    0.76,
    0.73,
    0.75,
    0.75,
    0.73,
    0.74,
    0.75,
    0.75,
    0.74,
    0.77,
    0.75,
    0.75,
    0.75,
    0.75,
    0.75,
    0.75,
    0.75,
    0.75,
    0.75,
    0.74,
    0.74,
    0.74,
    0.74,
    0.77,
    0.7699999746582222,
    0.77,
    0.7699999996406667,
    0.74,
    0.74,
    0.74,
    0.74,
    0.74,
    0.74,
    0.74,
    0.74,
    0.7399999802666567,
    0.73,
    0.74,
    0.75,
    0.74,
    0.75,
    0.74,
    0.76,
    0.75,
    0.7699999746582222,
    0.77,
    0.76,
    0.7600000011657143,
    0.76,
    0.76,
    0.77,
    0.7699999746582222,
    0.79,
    0.77,
    0.78,
    0.78,
    0.78,
    0.78,
    0.79,
    0.79,
    0.8,
    0.8,
    0.8,
    0.7997632700720587,
    0.79,
    0.79,
    0.79,
    0.79,
    0.77,
    0.77,
    0.77,
    0.8199999835999839,
    0.79,
    0.78,
    0.79,
    0.80999996376315,
    0.8199999835999839,
    0.8,
    0.8,
    0.8,
    0.81,
    0.8,
    0.8,
    0.8,
    0.81,
    0.8,
    0.81,
    0.81,
    0.82,
    0.82,
    0.82,
    0.81,
    0.81,
    0.8099999854199988,
    0.8099999931149997,
    0.8099999954639995,
    0.7900000036225,
    0.81,
    0.8205251139887582,
    0.8,
    0.77000002493976,
    0.76,
    0.76,
    0.77,
    0.74,
    0.76,
    0.75,
    0.75,
    0.748,
    0.7099999712162018,
    0.71,
    0.71,
    0.72,
    0.72,
    0.72,
    0.72,
    0.72,
    0.75,
    0.75,
    0.74,
    0.74,
    0.75,
    0.74,
    0.73,
    0.73,
    0.7792354740061163,
    0.75,
    0.75,
    0.76,
    0.7899995338993427,
    0.7899999739299982,
    0.75,
    0.788819946305533,
    0.78,
    0.76,
    0.76,
    0.7592432383345189,
    0.75,
    0.7599999695999891,
    0.75,
    0.75,
    0.76,
    0.75,
    0.75,
    0.75,
    0.75,
    0.75,
    0.75,
    0.76,
    0.76,
    0.7600001305600335,
    0.76,
    0.7599999087998286,
    0.76,
    0.75,
    0.75,
    0.7200000102036443,
    0.7499999887499997,
    0.75,
    0.74,
    0.72,
    0.7099998205277235,
    0.7099998205277235,
    0.7000000180000007,
    0.71,
    0.71,
    0.7,
    0.68,
    0.68,
    0.68,
    0.68,
    0.6700000033,
    0.68,
    0.68,
    0.68,
    0.67,
    0.68,
    0.69,
    0.69,
    0.68,
    0.6899999822571332,
    0.69,
    0.6899999822571332,
    0.7099999605555358,
    0.72,
    0.72,
    0.7199999799069726,
    0.7399999997178086,
    0.75,
    0.7,
    0.725435148753998,
    0.7,
    0.7,
    0.7,
    0.7,
    0.679999998096,
    0.68,
    0.67,
    0.67,
    0.67,
    0.67,
    0.67,
    0.66,
    0.66,
    0.66,
    0.66,
    0.6699999195999292,
    0.6699999969171776,
    0.67,
    0.6699999915133323,
    0.6699999918111094,
    0.66,
    0.6500000080615445,
    0.6699999862765172,
    0.66,
    0.6600000098325728,
    0.66,
    0.6600000085000003,
    0.66,
    0.66,
    0.66,
    0.66,
    0.66,
    0.66,
    0.66,
    0.65,
    0.66,
    0.65,
    0.65,
    0.65,
    0.65,
    0.65,
    0.65,
    0.64,
    0.66,
    0.65,
    0.6599999504999914,
    0.65,
    0.66,
    0.66,
    0.6599999735999935,
    0.65,
    0.6400000059053707,
    0.6500000014,
    0.66,
    0.66,
    0.65999999835,
    0.6599999968434781,
    0.6599999925543911,
    0.6500000239726047,
    0.65,
    0.6599999999321133,
    0.66,
    0.6599999603999865,
    0.66,
    0.659999997624,
    0.6599999925749996,
    0.66,
    0.6599998943999641,
    0.66,
    0.6599999723270336,
    0.66,
    0.6599999841599988,
    0.659999998944,
    0.6599999953799998,
    0.6599998256600945,
    0.65,
    0.6599998943999641,
    0.66,
    0.65,
    0.65,
    0.6599999973228772,
    0.65,
    0.65,
    0.6599999953799998,
    0.65,
    0.65,
    0.6500000070000002,
    0.66,
    0.6599999284999482,
    0.6599999603999865,
    0.6599999603999865,
    0.6599999997946666,
    0.6599999013792117,
    0.66,
    0.65,
    0.6599999908514844,
    0.650000070000021,
    0.66,
    0.650000070000021,
    0.6500000822649731,
    0.6599999841599988,
    0.6599999953799998,
    0.65,
    0.650000070000021,
    0.6599999809333297,
    0.65,
    0.6599999838036615,
    0.66,
    0.6599999603999865,
    0.66,
    0.66,
    0.6599999841599988,
    0.65,
    0.65,
    0.65,
    0.6599999878999993,
    0.65,
    0.64,
    0.65,
    0.64,
    0.64,
    0.6499999934999994,
    0.65,
    0.65,
    0.64,
    0.6499999934999994,
    0.65,
    0.65,
    0.6400000315616498,
    0.6499999024999659,
    0.65,
    0.65,
    0.64,
    0.64,
    0.64,
    0.64,
    0.64,
    0.64,
    0.64,
    0.64,
    0.64,
    0.64,
    0.64,
    0.6499999934999994,
    0.66,
    0.65,
    0.65,
    0.66,
    0.65,
    0.6599999735999935,
    0.65,
    0.6599999841599988,
    0.65999994448596,
    0.6599999963535902,
    0.64,
    0.659999990571428,
    0.6599999426086383,
    0.6400000073954514,
    0.659999997624,
    0.6599999932994891,
    0.6400000246454781,
    0.659999991199999,
    0.6592436272741609,
    0.65,
    0.6400000136199491,
    0.6499999953571427,
    0.6400001296000829,
    0.64,
    0.6499999934999994,
    0.6400001296000829,
    0.64,
    0.649999997111111,
    0.65,
    0.6499999899845903,
    0.6499999934999994,
    0.6499999934999994,
    0.6499999966552313,
    0.6499999934999994,
    0.649999998375,
    0.6499999934999994,
    0.6499999674999887,
    0.6499999808259564,
    0.65,
    0.6499999422222145,
    0.65,
    0.6499999945833332,
    0.6499999395661088,
    0.6499999368931487,
    0.65,
    0.6499999982451403,
    0.6499999926608956,
    0.65,
    0.6499999937619955,
    0.65,
    0.65,
    0.64,
    0.64,
    0.6499999783333305,
    0.6400001296000829,
    0.6499999903675159,
    0.65,
    0.6400001785124557,
    0.6400000386794349,
    0.6499999937977088,
    0.6499999763349494,
    0.6499999986999999,
    0.65,
    0.65,
    0.65,
    0.65,
    0.65,
    0.65,
    0.65,
    0.65,
    0.65,
    0.65,
    0.6300001369000863,
    0.65,
    0.6499999998916667,
    0.65,
    0.65,
    0.65,
    0.65,
    0.65,
    0.65,
    0.63,
    0.65,
    0.6499999946633823,
    0.63,
    0.65,
    0.6499999912162151,
    0.6499999921906282,
    0.65,
    0.65,
    0.64,
    0.6300000056985995,
    0.6499999901215777,
    0.6400000094402423,
    0.65,
    0.65,
    0.6400000433082818,
    0.65,
    0.64,
    0.64,
    0.65,
    0.6499998829999742,
    0.6499994119041738,
    0.65,
    0.65,
    0.65,
    0.6499999934999994,
    0.65,
    0.65,
    0.65,
    0.65,
    0.65,
    0.6499999368931487,
    0.65,
    0.6499999986999999,
    0.65,
    0.65,
    0.65,
    0.65,
    0.65,
    0.65,
    0.65,
    0.6499999349999631,
    0.6499998869563448,
    0.65,
    0.6499999970982142,
    0.65,
    0.65,
    0.6499999419641873,
    0.65,
    0.65,
    0.65,
    0.65,
    0.6499999991852594,
    0.64,
    0.64,
    0.64,
    0.64,
    0.64,
    0.6300000023082255,
    0.6300000036380548,
    0.64,
    0.64,
    0.64,
    0.6300000130829889,
    0.64,
    0.64,
    0.64,
    0.64,
    0.64,
    0.64,
    0.64,
    0.64,
    0.64,
    0.64,
    0.64,
    0.64,
    0.64,
    0.64,
    0.64,
    0.64,
    0.64,
    0.64,
    0.64,
    0.64,
    0.64,
    0.64,
    0.64,
    0.64,
    0.63,
    0.63,
    0.64,
    0.64,
    0.64,
    0.64,
    0.6300000246091028,
    0.64,
    0.64,
    0.64,
    0.64,
    0.64,
    0.64,
    0.64,
    0.64,
    0.64,
    0.6300000549602186,
    0.6300000475933647,
    0.6300000601083152,
    0.64,
    0.64,
    0.63,
    0.63,
    0.63,
    0.63,
    0.63,
    0.63,
    0.63,
    0.64,
    0.63,
    0.6300002740742615,
    0.63,
    0.63,
    0.63,
    0.64,
    0.64,
    0.64,
    0.64,
    0.630000114060201,
    0.64,
    0.64,
    0.64,
    0.64,
    0.64,
    0.64,
    0.64,
    0.63,
    0.64,
    0.62,
    0.63,
    0.6200000007527452,
    0.63,
    0.62,
    0.63,
    0.62,
    0.63,
    0.62,
    0.63,
    0.63,
    0.63,
    0.63,
    0.62,
    0.64,
    0.64,
    0.64,
    0.63,
    0.63,
    0.63,
    0.63,
    0.63,
    0.63,
    0.63,
    0.63,
    0.63,
    0.63,
    0.63,
    0.63,
    0.63,
    0.63,
    0.629999976311999,
    0.6299999716499984,
    0.6299998214172329,
    0.63,
    0.6200004560009728,
    0.64,
    0.64,
    0.63,
    0.63,
    0.63,
    0.63,
    0.63,
    0.62,
    0.64,
    0.64,
    0.64,
    0.64,
    0.64,
    0.64,
    0.64,
    0.64,
    0.6200001564706772,
    0.6299999770689619,
    0.63,
    0.63,
    0.6200000448818933,
    0.63,
    0.63,
    0.64,
    0.6200000194472887,
    0.64,
    0.6390935825505188,
    0.629999998236,
    0.63,
    0.6299999858502646,
    0.62,
    0.64,
    0.64,
    0.64,
    0.64,
    0.64,
    0.63,
    0.63,
    0.64,
    0.63,
    0.64,
    0.62,
    0.64,
    0.64,
    0.64,
    0.6200000105002385,
    0.64,
    0.620000003185042,
    0.6358848575635573,
    0.6299730119291809,
    0.629972984635996,
    0.6299730724202215,
    0.64,
    0.6299999880299978,
    0.63,
    0.63,
    0.6299999921879995,
    0.63,
    0.6299999838719953,
    0.63,
    0.629999981099993,
    0.6200000054720002,
    0.629999998236,
    0.6299999914949993,
    0.63,
    0.63,
    0.64,
    0.6300000727666766,
    0.64,
    0.63,
    0.6200000338605508,
    0.6300631458094145,
    0.64,
    0.64,
    0.6346785377236842,
    0.6200000224572338,
    0.6299999795744646,
    0.62,
    0.6200001300901627,
    0.629999991249999,
    0.629999981099993,
    0.6299999921879995,
    0.6200000420192362,
    0.63,
    0.62999938247463,
    0.6200000167200009,
    0.63,
    0.6200001310345505,
    0.629999988685714,
    0.6299998647877011,
    0.6299999615492801,
    0.63,
    0.6200000183985128,
    0.6200000086857146,
    0.629999998236,
    0.6299999385189357,
    0.629999948339994,
    0.6299999770689619,
    0.6200000600930416,
    0.6299999794199993,
    0.6299994633327967,
    0.63,
    0.63,
    0.62999999965,
    0.629999982149999,
    0.62,
    0.62,
    0.6200000011209036,
    0.6299999942669999,
    0.63,
    0.6299999992730769,
    0.629999998985,
    0.63,
    0.63,
    0.629999999488125,
    0.629999999488125,
    0.6299999729999973,
    0.6200002119231625,
    0.6299999991234783,
    0.6299998079996928,
    0.6299999990549999,
    0.6299999976036036,
    0.6299999907718306,
    0.6299999990549999,
    0.6299999909497194,
    0.6299999992647994,
    0.6200000078215302,
    0.62,
    0.629999998236,
    0.6299999180999697,
    0.6299999990549999,
    0.63,
    0.63,
    0.6299999976899999,
    0.6299999976899999,
    0.63,
    0.63,
    0.64,
    0.64,
    0.64,
    0.63,
    0.63,
    0.629999998236,
    0.6299999984629309,
    0.6299999990549999,
    0.63,
    0.63,
    0.63,
    0.63,
    0.63,
    0.63,
    0.63,
    0.64,
    0.64,
    0.64,
    0.64,
    0.64,
    0.64,
    0.64,
    0.64,
    0.64,
    0.64,
    0.64,
    0.64,
    0.64,
    0.64,
    0.64,
    0.64,
    0.64,
    0.64,
    0.64,
    0.64,
    0.64,
    0.64,
    0.64,
    0.64,
    0.64,
    0.64,
    0.64,
    0.64,
    0.64,
    0.64,
    0.64,
    0.64,
    0.64,
    0.64,
    0.64,
    0.64,
    0.64,
    0.64,
    0.64,
    0.64,
    0.64,
    0.6391320555659897,
    0.63,
    0.6299999948254615,
    0.63,
    0.63,
    0.63,
    0.629999998180693,
    0.63,
    0.6299999923170714,
    0.6299999646728827,
    0.6299999995836947,
    0.63,
    0.63,
    0.63,
    0.6299999914949993,
    0.6299999903399989,
    0.63,
    0.6299999817546823,
    0.629999998236,
    0.63,
    0.6299999180999697,
    0.62,
    0.6299999166940882,
    0.629999910749864,
    0.63,
    0.6299999453999683,
    0.6299998157544232,
    0.6299999993938145,
    0.6299999413043351,
    0.6200000364683337,
    0.6299999665030556,
    0.63,
    0.6299999453999683,
    0.6299999914949993,
    0.6200000037840672,
    0.6299999844444409,
    0.63,
    0.63,
    0.6299999951999998,
    0.63,
    0.63,
    0.6299999914949993,
    0.62,
    0.63,
    0.63,
    0.629999981099993,
    0.6299999388349277,
    0.6200001279208757,
    0.6200000988000731,
    0.6299999403408921,
    0.6200000729600151,
    0.63,
    0.63,
    0.63,
    0.64,
    0.6200000126666669,
    0.64,
    0.64,
    0.63,
    0.64,
    0.64,
    0.63,
    0.63,
    0.63,
    0.63,
    0.63,
    0.63,
    0.6300000028130541,
    0.63,
    0.63,
    0.63,
    0.63,
    0.63,
    0.63,
    0.63,
    0.64,
    0.63,
    0.6300000112850003,
    0.63,
    0.63,
    0.64,
    0.63,
    0.63,
    0.63,
    0.63,
    0.63,
    0.64,
    0.64,
    0.64,
    0.6300000032578618,
    0.64,
    0.64,
    0.6499999723749984,
    0.64,
    0.64,
    0.64,
    0.64,
    0.64,
    0.64,
    0.64,
    0.64,
    0.6300000084571433,
    0.6300000081885251,
    0.64,
    0.64,
    0.6300000081885251,
    0.6300000081885251,
    0.64,
    0.6300000081885251,
    0.63,
    0.6300000081885251,
    0.64,
    0.63,
    0.64,
    0.6300000295724938,
    0.63,
    0.64,
    0.6300000425155363,
    0.64,
    0.64,
    0.64,
    0.64,
    0.64,
    0.64,
    0.64,
    0.6300000589560669,
    0.64,
    0.64,
    0.64,
    0.6300000125565621,
    0.64,
    0.64,
    0.64,
    0.6300001031515489,
    0.64,
    0.64,
    0.64,
    0.6300001369000863,
    0.64,
    0.64,
    0.64,
    0.64,
    0.6300000325151585,
    0.64,
    0.64,
    0.64,
    0.6300000325600037,
    0.64,
    0.64,
    0.64,
    0.6300000219657008,
    0.6300000242413819,
    0.6300000054575,
    0.64,
    0.6300001577049801,
    0.6300000418199266,
    0.6499999302259805,
    0.6499999886208906,
    0.6300000374539955,
    0.6499999957846947,
    0.6499999934519808,
    0.6499999203675199,
    0.6300000054575,
    0.64,
    0.64,
    0.64,
    0.64,
    0.64,
    0.64,
    0.6499999968649516,
    0.65,
    0.6499999934999994,
    0.65,
    0.6499998829999742,
    0.6499999902499998,
    0.6402679662154331,
    0.6402679659787973,
    0.6499999823369551,
    0.6300001318812717,
    0.64,
    0.64,
    0.64,
    0.64,
    0.6300000293413994,
    0.6499999723749984,
    0.6499998308218692,
    0.64,
    0.65,
    0.6499999428240685,
    0.6499999556818131,
    0.6499999824324313,
    0.6499999942477872,
    0.64,
    0.64,
    0.640000013310925,
    0.6400000347714138,
    0.64,
    0.6400000144000008,
    0.6400000156000006,
    0.65,
    0.6400000166153851,
    0.6400000129600009,
    0.6400000265771837,
    0.649999877358398,
    0.6499999869999994,
    0.65,
    0.6499999972916665,
    0.64,
    0.64,
    0.65,
    0.64,
    0.649999994090908,
    0.6499999934999994,
    0.65,
    0.63,
    0.6402780169216267,
    0.64,
    0.6419626136306151,
    0.64,
    0.64,
    0.64,
    0.64,
    0.64,
    0.64,
    0.64,
    0.64,
    0.64,
    0.64,
    0.64,
    0.64,
    0.64,
    0.64,
    0.64,
    0.64,
    0.64,
    0.64,
    0.64,
    0.64,
    0.64,
    0.64,
    0.64,
    0.64,
    0.64,
    0.64,
    0.64,
    0.64,
    0.64,
    0.64,
    0.64,
    0.64,
    0.63,
    0.64,
    0.64,
    0.6499999955187865,
    0.64,
    0.64,
    0.6300001369000863,
    0.64,
    0.64,
    0.6400001440000733,
    0.64,
    0.64,
    0.6300000727666766,
    0.64,
    0.64,
    0.6300000004747204,
    0.64,
    0.6499999184100179,
    0.6499999951274356,
    0.6499995243898186,
    0.6499997941665946,
    0.6499999917929283,
    0.6400000322147694,
    0.6499994119041738,
    0.6400000079200002,
    0.64,
    0.64,
    0.64,
    0.64,
    0.64,
    0.64,
    0.64,
    0.64,
    0.64,
    0.6300001037383857,
    0.64,
    0.64,
    0.64,
    0.64,
    0.6300000727666766,
    0.64,
    0.6499999796874879,
    0.6499999847130751,
    0.6499999934999994,
    0.6499999349999631,
    0.64,
    0.64,
    0.64,
    0.65,
    0.649999994090908,
    0.6499999972916665,
    0.65,
    0.6499999899845903,
    0.6499999972916665,
    0.6499999934999994,
    0.649999994090908,
    0.65,
    0.6300000121090916,
    0.6300000144916673,
    0.6300000121090916,
    0.6300000144916673,
    0.6300000121090916,
    0.6300000470263842,
    0.6499999869999994,
    0.6300000204813491,
    0.6499999349999631,
    0.6400391261819367,
    0.649999994090908,
    0.6499999187498747,
    0.6499999859611173,
    0.6400391261819367,
    0.6400391270922372,
    0.6499999121620949,
    0.64,
    0.64,
    0.6499999934999994,
    0.64,
    0.64,
    0.64,
    0.64,
    0.64,
    0.64,
    0.64,
    0.64,
    0.64,
    0.6499999973034639,
    0.64,
    0.64,
    0.64,
    0.64,
    0.64,
    0.64,
    0.64,
    0.64,
    0.64,
    0.64,
    0.64,
    0.64,
    0.64,
    0.64,
    0.64,
    0.64,
    0.64,
    0.6499999674999887,
    0.6399084994470128,
    0.6499999024999659,
    0.64,
    0.64,
    0.6483809569886533,
    0.639910668292043,
    0.6399107599405066,
    0.6499999349999631,
    0.64,
    0.64,
    0.6499999967548676,
    0.64,
    0.64,
    0.6459006792464009,
    0.64,
    0.64,
    0.6399899873196517,
    0.6499999992696629,
    0.64,
    0.6398868420396288,
    0.6499999968863766,
    0.63,
    0.63,
    0.64,
    0.64,
    0.64,
    0.64,
    0.64,
    0.64,
    0.64,
    0.64,
    0.64,
    0.65,
    0.64,
    0.65,
    0.64,
    0.64,
    0.65,
    0.64,
    0.65,
    0.65,
    0.6400001884112925,
    0.6400001296000829,
    0.6400000482681635,
    0.64,
    0.65,
    0.65,
    0.65,
    0.64,
    0.659999946049036,
    0.64,
    0.6599999485713992,
    0.64,
    0.6505714609071239,
    0.65,
    0.6499999667235399,
    0.6499999585987156,
    0.65,
    0.64,
    0.64,
    0.6499999693396183,
    0.64,
    0.65,
    0.64,
    0.6573222477115,
    0.64,
    0.65,
    0.6499999782850738,
    0.65,
    0.66,
    0.64,
    0.64,
    0.6599999953799998,
    0.6599999914838697,
    0.659999997624,
    0.640000028173917,
    0.64,
    0.64,
    0.65,
    0.64,
    0.66,
    0.6501806767346696,
    0.66,
    0.6599999939657142,
    0.6400001884112925,
    0.6599999735999935,
    0.66,
    0.66,
    0.6569604472846572,
    0.6499999349999631,
    0.6499999991461973,
    0.6499999024999659,
    0.6545849025708204,
    0.65,
    0.6499999121620949,
    0.65,
    0.64,
    0.64,
    0.64,
    0.64,
    0.6499999999113636,
    0.65,
    0.64,
    0.64,
    0.64,
    0.64,
    0.649999999872549,
    0.6499999971365636,
    0.6499999707207155,
    0.65,
    0.65,
    0.6499999755639077,
    0.64,
    0.64,
    0.64,
    0.64,
    0.64,
    0.64,
    0.64,
    0.64,
    0.64,
    0.64,
    0.6400001630189479,
    0.6499999989940157,
    0.65,
    0.6499998839285093,
    0.64,
    0.64,
    0.64,
    0.65,
    0.6499999024999659,
    0.65,
    0.65,
    0.64,
    0.64,
    0.6400000116459633,
    0.6400000129600009,
    0.65,
    0.65,
    0.65,
    0.64,
    0.64,
    0.6499998401638427,
    0.65,
    0.65,
    0.6499999024999659,
    0.65,
    0.6499999967204844,
    0.6499999723749984,
    0.6499998829999742,
    0.649999993005738,
    0.65,
    0.6499999986999999,
    0.6499999988279841,
    0.65,
    0.64,
    0.65,
    0.6499999934999994,
    0.6400000079200002,
    0.6499999737196706,
    0.65,
    0.65,
    0.6499999349999631,
    0.65,
    0.65,
    0.6499999934999994,
    0.64,
    0.65,
    0.6499999940036897,
    0.6499999368931487,
    0.65,
    0.65,
    0.6499999934999994,
    0.65,
    0.64,
    0.64,
    0.64,
    0.64,
    0.6499999674999887,
    0.6499999593749923,
    0.64,
    0.65,
    0.6400000085657638,
    0.64,
    0.6499999990249999,
    0.64,
    0.6499999934999994,
    0.64,
    0.6499999975195573,
    0.65,
    0.65,
    0.6499998645831735,
    0.6499999935387669,
    0.6400000026553192,
    0.6499999977586206,
    0.65,
    0.65,
    0.6499999976785714,
    0.65,
    0.64,
    0.65,
    0.65,
    0.6499999976785714,
    0.65,
    0.6499999024999659,
    0.65,
    0.64,
    0.6400000407953083,
    0.6499999674999887,
    0.65,
    0.65,
    0.65,
    0.65,
    0.65,
    0.66,
    0.6501353687585577,
    0.65013536872073,
    0.6501354276165979,
    0.66,
    0.6599999930117639,
    0.66,
    0.66,
    0.66,
    0.66,
    0.66,
    0.66,
    0.6573115871829999,
    0.65,
    0.65,
    0.65,
    0.65,
    0.65,
    0.65,
    0.65,
    0.6499999723749984,
    0.6499998829999742,
    0.6499999966104294,
    0.65,
    0.65,
    0.64,
    0.64,
    0.64,
    0.65,
    0.6499999674999887,
    0.64,
    0.64,
    0.64,
    0.6499999121620949,
    0.64,
    0.65,
    0.6499999135637493,
    0.64,
    0.6499999674999887,
    0.65,
    0.64,
    0.65,
    0.65,
    0.65,
    0.65,
    0.65,
    0.65,
    0.65,
    0.6499999349999631,
    0.66,
    0.64,
    0.6599999985857142,
    0.6599999841599988,
    0.6599999976740087,
    0.6599999973599998,
    0.65,
    0.64,
    0.64,
    0.64,
    0.64,
    0.64,
    0.6599999953799998,
    0.66,
    0.66,
    0.66,
    0.66,
    0.66,
    0.64,
    0.64,
    0.64,
    0.64,
    0.64,
    0.659999987815381,
    0.659999987815381,
    0.659999987815381,
    0.659999987815381,
    0.6543224852017397,
    0.6499997941665946,
    0.6499998720471686,
    0.64,
    0.64,
    0.64,
    0.65,
    0.64,
    0.64,
    0.64,
    0.65,
    0.65,
    0.6499999649700575,
    0.64,
    0.64,
    0.6400002097088193,
    0.6499998401638427,
    0.6499999934999994,
    0.64,
    0.64,
    0.64,
    0.65,
    0.64,
    0.64,
    0.65,
    0.65,
    0.65,
    0.65,
    0.65,
    0.6599999841599988,
    0.65,
    0.65,
    0.66,
    0.65,
    0.65,
    0.66,
    0.6500000074191842,
    0.65,
    0.65,
    0.65,
    0.659999997025352,
    0.66,
    0.64,
    0.64,
    0.64,
    0.64,
    0.64,
    0.66,
    0.66,
    0.66,
    0.66,
    0.66,
    0.66,
    0.66,
    0.64,
    0.6599999888307677,
    0.6599998396260573,
    0.6599999105083351,
    0.6599999855999977,
    0.66,
    0.66,
    0.66,
    0.66,
    0.66,
    0.6599998943999641,
    0.66,
    0.66,
    0.6599998396260573,
    0.6599999953799998,
    0.6599999975055831,
    0.6599999603999865,
    0.66,
    0.6599998943999641,
    0.66,
    0.649999998375,
    0.66,
    0.64,
    0.64,
    0.64,
    0.64,
    0.64,
    0.66,
    0.6599999295999606,
    0.66,
    0.66,
    0.66,
    0.66,
    0.66,
    0.6400000079200002,
    0.656259321138438,
    0.6599999971847007,
    0.6599999989173672,
    0.64,
    0.66,
    0.6599998943999641,
    0.6599999223528851,
    0.66,
    0.66,
    0.6599965390490738,
    0.65,
    0.65,
    0.6499999947999999,
    0.65,
    0.64,
    0.64,
    0.64,
    0.65,
    0.64,
    0.6499999934999994,
    0.64,
    0.64,
    0.65,
    0.64,
    0.6499999902499998,
    0.65,
    0.65,
    0.65,
    0.65,
    0.65,
    0.65,
    0.65,
    0.65,
    0.65,
    0.65,
    0.65,
    0.65,
    0.6499999986999999,
    0.6499999934999994,
    0.63,
    0.63,
    0.65,
    0.63,
    0.63,
    0.65,
    0.63,
    0.65,
    0.63,
    0.63,
    0.64,
    0.66,
    0.66,
    0.66,
    0.659999909743525,
    0.63,
    0.63,
    0.63,
    0.63,
    0.659999987815381,
    0.6598071068555909,
    0.659999987815381,
    0.649999510000294,
    0.6300001369000863,
    0.6499599564370374,
    0.6499598206324275,
    0.6300001369000863,
    0.6499599237407491,
    0.6300001405400765,
    0.659999999296,
    0.656560280182505,
    0.6498472838556122,
    0.64,
    0.64,
    0.64,
    0.64,
    0.64,
    0.64,
    0.64,
    0.64,
    0.64,
    0.64,
    0.64,
    0.6399941755410072,
    0.6399384392061575,
    0.6399384299045722,
    0.6399383354803286,
    0.65,
    0.65,
    0.65,
    0.65,
    0.65,
    0.6401240460086963,
    0.640123967060419,
    0.65,
    0.65,
    0.6499999995175179,
    0.6440400493994185,
    0.64,
    0.63,
    0.64,
    0.64,
    0.64,
    0.63,
    0.63,
    0.64,
    0.64,
    0.64,
    0.64,
    0.64,
    0.63,
    0.65,
    0.6300000229400009,
    0.6300001082076176,
    0.6499999934999994,
    0.6499999024999659,
    0.63,
    0.63,
    0.63,
    0.65,
    0.65,
    0.65,
    0.65,
    0.65,
    0.6499999934999994,
    0.6499999976785714,
    0.6499999349999631,
    0.63,
    0.6480913684418802,
    0.6499999902499998,
    0.65,
    0.65,
    0.64,
    0.64,
    0.64,
    0.64,
    0.63,
    0.64,
    0.6300000194654906,
    0.6499999994298246,
    0.65,
    0.65,
    0.65,
    0.65,
    0.65,
    0.65,
    0.65,
    0.65,
    0.65,
    0.65,
    0.64,
    0.64,
    0.64,
    0.65,
    0.65,
    0.65,
    0.64,
    0.65,
    0.65,
    0.64,
    0.64,
    0.64,
    0.64,
    0.64,
    0.64,
    0.63,
    0.64,
    0.63,
    0.64,
    0.6300074889948882,
    0.6300000056568082,
    0.6300074461017231,
    0.64,
    0.6300074467067939,
    0.64,
    0.62,
    0.6200000285637601,
    0.65,
    0.62,
    0.63,
    0.62,
    0.62,
    0.62,
    0.62,
    0.6479447707135633,
    0.64,
    0.6302245149933687,
    0.630224514602409,
    0.64,
    0.62,
    0.62,
    0.62,
    0.6299666983750004,
    0.6299666983750004,
    0.6299666983750004,
    0.620000004935065,
    0.64,
    0.64,
    0.64,
    0.62,
    0.6200000258400035,
    0.64,
    0.64,
    0.64,
    0.62,
    0.64,
    0.62,
    0.62,
    0.62,
    0.629999998236,
    0.63,
    0.63,
    0.63,
    0.63,
    0.63,
    0.63,
    0.63,
    0.63,
    0.63,
    0.63,
    0.63,
    0.63,
    0.63,
    0.63,
    0.63,
    0.63,
    0.63,
    0.63,
    0.63,
    0.63,
    0.62,
    0.63,
    0.63,
    0.63,
    0.62,
    0.63,
    0.6299999747387586,
    0.62,
    0.62,
    0.6199998511998869,
    0.62,
    0.6199999297332944,
    0.619993782048435,
    0.6199671789047276,
    0.61,
    0.61,
    0.61,
    0.619967351714035,
    0.619967351714035,
    0.619967351714035,
    0.63,
    0.61,
    0.61,
    0.61,
    0.63,
    0.6299999324137745,
    0.629999981099993,
    0.6201284080388836,
    0.63,
    0.61,
    0.6299999811072626,
    0.63,
    0.63,
    0.61,
    0.6299999350763178,
    0.6299999583962096,
    0.6299999354633897,
    0.6299999216417618,
    0.6299999552132521,
    0.6299999615492801,
    0.6299998661944819,
    0.6299999519999808,
    0.6299998051806267,
    0.6299999339515133,
    0.6299999880299978,
    0.6215094493420364,
    0.619999994213333,
    0.61,
    0.6199532229539473,
    0.619953106653226,
    0.6299999991382061,
    0.629999998236,
    0.629999999475,
    0.6299999880299978,
    0.6199999944199999,
    0.629999981099993,
    0.6299999921879995,
    0.6100000226200032,
    0.629999981099993,
    0.6271667711474296,
    0.63,
    0.629999998236,
    0.6299997754451799,
    0.6202434975096845,
    0.629999998236,
    0.629999901719976,
    0.629999901719976,
    0.6299999990549999,
    0.629999998236,
    0.6299999716499984,
    0.63,
    0.629999999748,
    0.6299999914949993,
    0.629999981099993,
    0.6100001521000927,
    0.64,
    0.6340132033604912,
    0.6100000226200032,
    0.629999981099993,
    0.6100000525000131,
    0.61,
    0.6101034654758946,
    0.629999981099993,
    0.629999998236,
    0.63,
    0.6,
    0.6,
    0.6,
    0.6100727082901221,
    0.6100727079897628,
    0.6100728711787542,
    0.6,
    0.6299999942669999,
    0.6299999992949077,
    0.6299999982343049,
    0.6,
    0.6,
    0.61,
    0.6,
    0.6,
    0.6,
    0.6,
    0.6,
    0.61,
    0.6,
    0.6,
    0.6,
    0.6,
    0.6343331686653105,
    0.61,
    0.61,
    0.62,
    0.6100001262857937,
    0.61,
    0.62,
    0.6199998511998869,
    0.6199999046153076,
    0.62,
    0.62,
    0.62,
    0.6199998914999512,
    0.6142130925805496,
    0.6099999997715356,
    0.6099999755999961,
    0.6,
    0.6,
    0.6,
    0.6,
    0.6,
    0.6,
    0.5999999939999998,
    0.59,
    0.5899999993223184,
    0.5899999994942857,
    0.58,
    0.5899999704999955,
    0.58,
    0.5899999634199974,
    0.5899999704999955,
    0.59,
    0.589988086955783,
    0.5800240964361203,
    0.59,
    0.580024096441583,
    0.5700000038438618,
    0.59,
    0.58,
    0.58,
    0.5799143510880911,
    0.579914315731284,
    0.5799143358241975,
    0.5899999979003558,
    0.5899999867758601,
    0.5799560131047927,
    0.5799559581225192,
    0.5799560044935036,
    0.5899998465998865,
    0.5899998465998865,
    0.5899998465998865,
    0.5899998465998865,
    0.5899998465998865,
    0.5899998465998865,
    0.5899998465998865,
    0.5799860339083713,
    0.57,
    0.5799860339083713,
    0.5799862017182078,
    0.5799860339083713,
    0.5899998465998865,
    0.5899998465998865,
    0.5899999954274999,
    0.5899998465998865,
    0.5899998465998865,
    0.5899998465998865,
    0.5899998465998865,
    0.5899998465998865,
    0.5899999704999955,
    0.5802136078800602,
    0.5899998465998865,
    0.5802136080752024,
    0.5899998465998865,
    0.5899998465998865,
    0.5899998465998865,
    0.5899998465998865,
    0.5899998465998865,
    0.5899998465998865,
    0.5899998111999345,
    0.59,
    0.5899998465998865,
    0.5899998465998865,
    0.5899999946899995,
    0.5899998465998865,
    0.5899998465998865,
    0.5899998465998865,
    0.5899999946899995,
    0.5899998465998865,
    0.5899998465998865,
    0.6,
    0.5900554545225278,
    0.6,
    0.6,
    0.6,
    0.5900554530366493,
    0.6,
    0.6,
    0.6,
    0.6,
    0.598183,
    0.5899998465998865,
    0.5800000078400004,
    0.5899998465998865,
    0.5899998465998865,
    0.5800000302400099,
    0.5899999310389392,
    0.5800000302400099,
    0.589999932295062,
    0.5899998176362874,
    0.58,
    0.58,
    0.59,
    0.6,
    0.5900290774995192,
    0.590029077607322,
    0.58,
    0.5800000036504118,
    0.5901687560280514,
    0.6,
    0.5901687027786998,
    0.5901687028456174,
    0.5901687055923829,
    0.580000007528302,
    0.5999999993171342,
    0.5908810006272658,
    0.59,
    0.59,
    0.5899999941293503,
    0.5899999896035198,
    0.5899999648809405,
    0.5899999124218538,
    0.5899999818150629,
    0.5899999739705798,
    0.5800000794594713,
    0.5800000610380746,
    0.5800006428594388,
    0.5800000450574837,
    0.5899999859523729,
    0.5899998465998865,
    0.5899999704999955,
    0.5899998465998865,
    0.5899999349109929,
    0.5899999639208525,
    0.5899999176125499,
    0.5899999304366287,
    0.5899999542635517,
    0.5899999542241218,
    0.5899999237262166,
    0.5899999446874667,
    0.59,
    0.5899999289814243,
    0.5899999296330036,
    0.5899999176125499,
    0.5899998465998865,
    0.5899999974433333,
    0.5899998465998865,
    0.5800041155712782,
    0.5800041180725308,
    0.5800041165568262,
    0.58,
    0.58,
    0.5800060864272671,
    0.5899998465998865,
    0.5801448576446074,
    0.5801448589166398,
    0.5801448577451698,
    0.57,
    0.5999167907983507,
    0.6000627982997737,
    0.6299999914949993,
    0.7403549066727543,
    0.7403549064470426,
    0.6899426816169606,
    0.59,
    0.6899426589929278,
    0.59,
    0.689968356303653,
    0.6001383684258242,
    0.6101501274461503,
    0.6899683844703668,
    0.6101501277203165,
    0.6799961475214978,
    0.669935796895028,
    0.6699357939336222,
    0.6598315215421793,
    0.6598315126982829,
    0.6799365727552167,
    0.6799440042449426,
    0.679943954802668,
    0.6999719983190592,
    0.6101115075825156,
    0.6875507469780997,
    0.6000927152421183,
    0.6199241814448457,
    0.6098556722529775,
    0.6000927152576243,
    0.6000927152865492,
    0.59,
    0.59,
    0.610287731347491,
    0.6102877322414877,
    0.6102877310868648,
    0.6001768488798697,
    0.6,
    0.6001656250379368,
    0.600165625,
    0.6001656250047835,
    0.61,
    0.600165625096488,
    0.61,
    0.61,
    0.6198947473584664,
    0.6198947481731899,
    0.59,
    0.6099349143881037,
    0.6,
    0.61,
    0.6200582528692286,
    0.6200582524806905,
    0.6798873960673364,
    0.6,
    0.6798539988442446,
    0.6,
    0.6799518216049893,
    0.6,
    0.6,
    0.5900000528740043,
    0.67,
    0.6099999993899999,
    0.6,
    0.6699999195999292,
    0.65,
    0.65,
    0.669999962479987,
    0.65,
    0.65,
    0.65,
    0.65,
    0.6599459893399664,
    0.65,
    0.6599460243829302,
    0.65,
    0.6599220934797844,
    0.6699999195999292,
    0.6500762893643743,
    0.6500762893399811,
    0.6598920503655921,
    0.649970602589857,
    0.6499705198416145,
    0.6499705701052931,
    0.66,
    0.6599215338495961,
    0.6699999971859999,
    0.6599812720433018,
    0.6599812712705728,
    0.6699999195999292,
    0.6502005731987004,
    0.6502005731413968,
    0.66,
    0.6700272944387581,
    0.6702187909807973,
    0.6702187909682645,
    0.67,
    0.74,
    0.74,
    0.75,
    0.75,
    0.75,
    0.75,
    0.75,
    0.7400001352000649,
    0.74,
    0.75,
    0.74,
    0.75,
    0.75,
    0.67,
    0.66,
    0.68,
    0.7399504882280779,
    0.7399505059729838,
    0.7399505272577356,
    0.7599999493332734,
    0.6701200939332614,
    0.6701200946357072,
    0.7633739114954886,
    0.7599999087998286,
    0.78,
    0.77,
    0.77,
    0.77,
    0.84,
    0.6
]
