[
    0.4900000047600001,
    0.4900000204000033,
    0.49000000333818183,
    0.5,
    0.4900000204000033,
    0.4900001683001128,
    0.49,
    0.49,
    0.4900001683001128,
    0.5,
    0.49000002146040045,
    0.49,
    0.4900000123085005,
    0.4900000246011165,
    0.5,
    0.5,
    0.5,
    0.5,
    0.5,
    0.5,
    0.49000002245871666,
    0.5,
    0.5,
    0.490000003760369,
    0.49000000047887327,
    0.4900000189073182,
    0.4900000078840586,
    0.5,
    0.5,
    0.5,
    0.5,
    0.5,
    0.49000004590000734,
    0.5,
    0.5,
    0.49,
    0.5,
    0.49,
    0.49000001437233215,
    0.49,
    0.4900001683001128,
    0.49000000754672945,
    0.4900000076024853,
    0.5,
    0.49000000394584176,
    0.49,
    0.49000001784656977,
    0.4900001683001128,
    0.49,
    0.5,
    0.49000001162866613,
    0.5,
    0.5,
    0.4900000245609123,
    0.4900000401008114,
    0.5,
    0.4900001683001128,
    0.4900001683001128,
    0.5,
    0.5,
    0.4900001683001128,
    0.4900001683001128,
    0.5,
    0.5,
    0.4900001683001128,
    0.4900001683001128,
    0.5,
    0.4900000157916966,
    0.5,
    0.4900000100990107,
    0.4900000048710606,
    0.49000000733226884,
    0.49000007472529117,
    0.4900000128571447,
    0.5,
    0.4900001683001128,
    0.5,
    0.490000029708765,
    0.4900001683001128,
    0.5,
    0.4900000204000033,
    0.49000000266318605,
    0.49000001829114054,
    0.49000002576842516,
    0.490000043350018,
    0.5,
    0.5,
    0.5,
    0.4900001683001128,
    0.5,
    0.5,
    0.5,
    0.5,
    0.5,
    0.49,
    0.4900000118146727,
    0.49,
    0.49000010021836465,
    0.49,
    0.49,
    0.49000003424028643,
    0.5,
    0.49000000340000055,
    0.5,
    0.49000008934308265,
    0.5,
    0.5,
    0.49000000442000025,
    0.49,
    0.4900006307903535,
    0.5,
    0.49,
    0.49,
    0.49,
    0.49,
    0.49,
    0.49,
    0.49,
    0.5,
    0.5,
    0.49,
    0.49,
    0.49,
    0.49,
    0.49,
    0.490000043350018,
    0.49,
    0.49,
    0.5,
    0.49,
    0.49,
    0.49,
    0.49000002142000126,
    0.5,
    0.49000001394531484,
    0.4900001683001128,
    0.4900001683001128,
    0.49,
    0.4900001683001128,
    0.49,
    0.5,
    0.49,
    0.4900001683001128,
    0.490000043350018,
    0.49,
    0.4900001683001128,
    0.49,
    0.49,
    0.49,
    0.4800000451084407,
    0.48,
    0.49,
    0.4800000138666709,
    0.49,
    0.49008767011458215,
    0.4900876701716531,
    0.49008767031115386,
    0.48994629111817767,
    0.48994635430958833,
    0.48994636953695964,
    0.49,
    0.48,
    0.48,
    0.5,
    0.5,
    0.5,
    0.48,
    0.48000002108108736,
    0.48,
    0.48,
    0.4901740895494589,
    0.48,
    0.49017409047522315,
    0.5,
    0.5,
    0.48,
    0.48000000512958485,
    0.48,
    0.48,
    0.48000000049354596,
    0.47,
    0.46,
    0.47,
    0.4737143197792863,
    0.47012410038075897,
    0.4701240997425455,
    0.4701240998588946,
    0.46,
    0.4700532394496,
    0.4700532389705244,
    0.4700532397863684,
    0.46,
    0.4600000149716461,
    0.46,
    0.45,
    0.47009304991524287,
    0.4800703549875586,
    0.4800703550199856,
    0.47009304634307975,
    0.47009304621056747,
    0.47,
    0.4601469119807529,
    0.4500199362442935,
    0.44,
    0.45,
    0.4500000275000124,
    0.47,
    0.4799121951875309,
    0.45,
    0.45007489794315164,
    0.4300853397422518,
    0.4799495913105538,
    0.45,
    0.45,
    0.45,
    0.4899112246484743,
    0.48991120749517264,
    0.4401,
    0.4900001683001128,
    0.49,
    0.4900000004187193,
    0.5,
    0.5,
    0.49,
    0.4900000204000033,
    0.4900000113839334,
    0.4900000651542054,
    0.49,
    0.49,
    0.49,
    0.49000000554096895,
    0.49,
    0.49,
    0.49,
    0.49,
    0.49,
    0.5,
    0.49,
    0.5,
    0.49,
    0.49,
    0.49000009904960845,
    0.49,
    0.49,
    0.5,
    0.4900000089250003,
    0.4900000580487975,
    0.5,
    0.49,
    0.5,
    0.49,
    0.4900000420792183,
    0.49,
    0.49000008276318074,
    0.4900000198936198,
    0.4900000113839334,
    0.49,
    0.5,
    0.5,
    0.5,
    0.4899999637470107,
    0.49,
    0.48,
    0.48,
    0.5,
    0.48000005698632114,
    0.48,
    0.48,
    0.4800000063012945,
    0.49,
    0.48,
    0.49,
    0.49,
    0.49,
    0.49,
    0.49,
    0.49,
    0.49,
    0.488970495,
    0.49,
    0.49,
    0.49,
    0.49,
    0.48999991322913683,
    0.49,
    0.49,
    0.49,
    0.47000003229139303,
    0.47,
    0.4700000481818576,
    0.4700000217213284,
    0.48999996719665034,
    0.49,
    0.4899999858653714,
    0.4899999611727386,
    0.48,
    0.48,
    0.48,
    0.48,
    0.48,
    0.48000002773333594,
    0.4800000019900879,
    0.48,
    0.48,
    0.48,
    0.48000008739501676,
    0.48,
    0.4800000056216217,
    0.4800000062400002,
    0.48,
    0.48000004394367374,
    0.48999994938016006,
    0.4800000755115651,
    0.4899999885431637,
    0.48000001912644047,
    0.4899999466532101,
    0.48000003525426477,
    0.48,
    0.4800000259022794,
    0.4899999087254177,
    0.49,
    0.48999998137999884,
    0.48,
    0.4800001857143852,
    0.48000001990431496,
    0.48,
    0.4800000981132816,
    0.48999999703628977,
    0.48000000976526264,
    0.4899999858653714,
    0.4899998742477086,
    0.48000001890909194,
    0.4800000062400002,
    0.4800001483173398,
    0.48,
    0.4800000438554312,
    0.4800000270129973,
    0.48999987177561466,
    0.48,
    0.49,
    0.4800000346666788,
    0.489999914703687,
    0.48,
    0.48,
    0.48,
    0.4800000187200012,
    0.48,
    0.48999999411999995,
    0.48999998815384577,
    0.4899999951485137,
    0.48999995344998115,
    0.4800000742857368,
    0.4800000650000122,
    0.480000010400005,
    0.4899999898387076,
    0.48,
    0.4800000047926278,
    0.48,
    0.4800000187200012,
    0.4800000187200012,
    0.4800000187200012,
    0.4800000187200012,
    0.48,
    0.4800000187200012,
    0.48,
    0.4800000187200012,
    0.4800000345515042,
    0.4899999709132371,
    0.4899999459842367,
    0.4800000096744207,
    0.4800000256790174,
    0.4800000776119577,
    0.48000007886258467,
    0.48999999075471423,
    0.4899999402812386,
    0.49,
    0.48,
    0.49,
    0.48,
    0.48,
    0.48,
    0.4899999952334626,
    0.4800002118519617,
    0.48999996885980923,
    0.4800000315151564,
    0.480000010400005,
    0.48,
    0.4800001139726558,
    0.48999988349644974,
    0.48999989579183023,
    0.4800000190389031,
    0.48000002043222323,
    0.48999995099999427,
    0.4899999751343222,
    0.48000001851632257,
    0.48000002893913385,
    0.4899999637470107,
    0.4899999554545345,
    0.48000001407783616,
    0.4800000350758889,
    0.48000000784905944,
    0.480000028299323,
    0.4899999145348655,
    0.4800000070989772,
    0.4899999964428306,
    0.48999996801565954,
    0.48,
    0.4899999677631494,
    0.4800000065615162,
    0.4800001817476858,
    0.48,
    0.48999999202325534,
    0.49,
    0.49,
    0.48999999387499976,
    0.48,
    0.48,
    0.4899999913955631,
    0.4800000035254243,
    0.4899999834698761,
    0.4800000187200012,
    0.4899999425517111,
    0.48000004594378026,
    0.48000003668430724,
    0.49,
    0.4899999995663717,
    0.4800000034666667,
    0.48,
    0.48,
    0.48,
    0.48,
    0.48,
    0.4899998742477086,
    0.48,
    0.49,
    0.48,
    0.48,
    0.49,
    0.48,
    0.48,
    0.48,
    0.48,
    0.48,
    0.48,
    0.48000011497490674,
    0.5,
    0.4800002118519617,
    0.480000048474582,
    0.49551868151169487,
    0.48,
    0.4800000013379074,
    0.4800000001659685,
    0.48,
    0.48,
    0.48,
    0.48000003468054236,
    0.48999998039999687,
    0.4899999660605937,
    0.48,
    0.48000000752714195,
    0.4899999982033333,
    0.489999993168567,
    0.48999999387499976,
    0.48,
    0.4800000167741998,
    0.48,
    0.48,
    0.48,
    0.48,
    0.4800000007563637,
    0.4899999554545345,
    0.4800000688235456,
    0.48999999387499976,
    0.48,
    0.4800000166400028,
    0.48,
    0.49,
    0.49,
    0.48,
    0.48,
    0.4801484632934793,
    0.48014846243902476,
    0.48014846969944674,
    0.48995105989051785,
    0.47,
    0.47,
    0.48,
    0.47000002171322475,
    0.5,
    0.46000001188000034,
    0.46,
    0.4500000578947612,
    0.46994536801115894,
    0.45,
    0.46,
    0.46005389903626265,
    0.4799999835585147,
    0.4600538987836284,
    0.45,
    0.44,
    0.44,
    0.44,
    0.44000000670056894,
    0.45,
    0.44,
    0.4799999049504198,
    0.46005158479208813,
    0.4601700223713647,
    0.45000000250494926,
    0.46595623152758403,
    0.48999982849988855,
    0.44,
    0.44,
    0.44,
    0.44000000336000006,
    0.44000000112000004,
    0.42,
    0.42,
    0.4100000009138927,
    0.47000000417505483,
    0.47,
    0.49,
    0.47,
    0.49,
    0.4906576980568012,
    0.3900000139791693,
    0.39,
    0.39000002518349675,
    0.39,
    0.46,
    0.3700000181337059,
    0.4900000002745514,
    0.49000000035403124,
    0.49,
    0.49,
    0.5,
    0.49,
    0.49,
    0.5,
    0.5,
    0.5,
    0.5,
    0.5,
    0.5,
    0.5,
    0.5,
    0.5,
    0.5,
    0.5,
    0.5,
    0.5,
    0.5,
    0.5,
    0.49,
    0.49,
    0.49,
    0.5,
    0.5,
    0.5,
    0.49,
    0.49,
    0.38,
    0.38,
    0.37000003330397035,
    0.38,
    0.37,
    0.37,
    0.3700523560209424,
    0.3899999859599991,
    0.36,
    0.35,
    0.38,
    0.35,
    0.35,
    0.35,
    0.35,
    0.35,
    0.35,
    0.35,
    0.36,
    0.36,
    0.35,
    0.35,
    0.3539890785539272,
    0.35,
    0.38,
    0.38,
    0.38,
    0.38,
    0.38,
    0.38,
    0.38,
    0.38,
    0.3689444475133508,
    0.38,
    0.38,
    0.33986193312126733,
    0.330000008908328,
    0.3300000621649854,
    0.3300000804000707,
    0.35,
    0.3533646081469341,
    0.32,
    0.34,
    0.35,
    0.35000001756756866,
    0.35,
    0.35,
    0.35,
    0.35,
    0.35,
    0.35,
    0.35,
    0.35,
    0.35,
    0.35,
    0.35,
    0.35,
    0.35,
    0.34,
    0.34,
    0.34,
    0.339999922416073,
    0.32,
    0.32,
    0.33,
    0.32000003849057296,
    0.3200000188888916,
    0.3200001088000914,
    0.32,
    0.32,
    0.32,
    0.32,
    0.32000000883067764,
    0.32999991506327714,
    0.32,
    0.3390506466688403,
    0.32999988463409285,
    0.32,
    0.32999993663998684,
    0.3200000276610252,
    0.36352654616229935,
    0.3449530058802086,
    0.33674049275638585,
    0.33,
    0.3299999488371974,
    0.35,
    0.35,
    0.35,
    0.35,
    0.35,
    0.35,
    0.35,
    0.35,
    0.35,
    0.35,
    0.35,
    0.35,
    0.35,
    0.35,
    0.35,
    0.35,
    0.35,
    0.35,
    0.35,
    0.35,
    0.35,
    0.336396077844674,
    0.35,
    0.32773402826564035,
    0.3,
    0.3,
    0.3,
    0.3,
    0.3,
    0.3,
    0.30000002333334036,
    0.3,
    0.3,
    0.32,
    0.3,
    0.32,
    0.32,
    0.30000002800000447,
    0.3,
    0.3,
    0.3,
    0.3000000250896138,
    0.3127927927927928,
    0.32,
    0.3000000023677206,
    0.32,
    0.32,
    0.32,
    0.32,
    0.32,
    0.32,
    0.32,
    0.32,
    0.30000002333334036,
    0.3000000035696077,
    0.3199991613201992,
    0.3,
    0.3,
    0.31999183489451266,
    0.3199918657681726,
    0.3,
    0.3,
    0.31999184238797923,
    0.31,
    0.31,
    0.32246504940831316,
    0.31,
    0.3100000414000389,
    0.3,
    0.31,
    0.3,
    0.31,
    0.31,
    0.33,
    0.31000000103500003,
    0.31000001311000236,
    0.3100000107516048,
    0.3100000414000389,
    0.326749543141307,
    0.3,
    0.31,
    0.31,
    0.31,
    0.31,
    0.31,
    0.3,
    0.3000000001481121,
    0.3,
    0.31,
    0.31,
    0.31,
    0.31,
    0.31,
    0.31,
    0.31,
    0.31994839615276055,
    0.3100000044124707,
    0.3299998364864202,
    0.3100000446007745,
    0.3299999991698113,
    0.32,
    0.31000000172415365,
    0.3299999395981984,
    0.3200000404962956,
    0.32999984522117454,
    0.3200000291845544,
    0.32999992705260933,
    0.3200000054400005,
    0.3299999811899992,
    0.33,
    0.33,
    0.32,
    0.32000011147557433,
    0.3200001383051738,
    0.3200000411231254,
    0.320000008643885,
    0.3299999458593627,
    0.32999988098355193,
    0.32,
    0.32,
    0.32,
    0.32,
    0.32,
    0.32092041067052546,
    0.32,
    0.31,
    0.31,
    0.31,
    0.32,
    0.32,
    0.32,
    0.32,
    0.33,
    0.32000000306990883,
    0.32,
    0.33000000067,
    0.33000000067,
    0.33000000139794194,
    0.3399999687567512,
    0.33999996980972147,
    0.33999995059827665,
    0.3399999948413792,
    0.33999999206666653,
    0.3399999721551687,
    0.3399999948413792,
    0.339999829999915,
    0.33999988173908585,
    0.3399999931999999,
    0.33999995030768043,
    0.33999980475239405,
    0.34,
    0.3400642005502904,
    0.3401593865389213,
    0.34,
    0.34,
    0.34,
    0.34,
    0.34000000671755887,
    0.3499999570552068,
    0.3400000423529611,
    0.34,
    0.34999990540538833,
    0.34,
    0.34,
    0.34,
    0.33999999984586665,
    0.33,
    0.33,
    0.3300000804000707,
    0.3400962567646115,
    0.34009625704295393,
    0.33,
    0.3300000804000707,
    0.3300000804000707,
    0.33,
    0.33,
    0.34999980909083966,
    0.3300000028140001,
    0.3300000804000707,
    0.33000032017797154,
    0.33,
    0.3499998627450173,
    0.34,
    0.34,
    0.34,
    0.33999994956043317,
    0.3300000804000707,
    0.34,
    0.34,
    0.34,
    0.34,
    0.34,
    0.3300000804000707,
    0.3300000804000707,
    0.33000000114950984,
    0.33999988403095743,
    0.33,
    0.3399999665573712,
    0.3300000337815393,
    0.3300000182791219,
    0.3300000133888435,
    0.3300000137860108,
    0.339999865123909,
    0.33999996439790325,
    0.3300000244270888,
    0.33,
    0.33999997043477875,
    0.3300000040119776,
    0.3300000176981261,
    0.33000001608000123,
    0.33000000387111117,
    0.3300000050250002,
    0.3399999421999809,
    0.33000001608000123,
    0.33000000134,
    0.33999999455999985,
    0.3300000655657629,
    0.33999997859258996,
    0.3300000134538258,
    0.33000000138144386,
    0.3300000804000707,
    0.3399998958063995,
    0.3300000281877102,
    0.3399998630215394,
    0.3300000028140001,
    0.33999999455999985,
    0.3300000028140001,
    0.33000001608000123,
    0.33000001608000123,
    0.33000001608000123,
    0.3300000017495549,
    0.33000001608000123,
    0.3300000086541673,
    0.3399999857199992,
    0.3300000050250002,
    0.339999985493333,
    0.3300000244270888,
    0.33,
    0.33000000837500126,
    0.3399999876363632,
    0.33000000640765126,
    0.33000012013799235,
    0.3399999591091272,
    0.33999987487994593,
    0.33,
    0.3300002124394752,
    0.33,
    0.33000002958991337,
    0.3399998539258805,
    0.3300000145301272,
    0.3399999637333275,
    0.339999885249967,
    0.3399998210525688,
    0.3300000159904569,
    0.33000000592692325,
    0.3399999547976808,
    0.33,
    0.33000000300720855,
    0.3300000472699643,
    0.33000007956259003,
    0.33999999455999985,
    0.34,
    0.3399999814545448,
    0.3300000045890442,
    0.330000054416253,
    0.3399999307636253,
    0.33000000015581393,
    0.330000182727389,
    0.33,
    0.3300000040606064,
    0.34,
    0.3499998094058557,
    0.34000000008949155,
    0.3400001455883102,
    0.34,
    0.34,
    0.34000000758257565,
    0.3400000190666704,
    0.3400000004125,
    0.3499998774999204,
    0.34,
    0.34000019038492657,
    0.34,
    0.34,
    0.34,
    0.34,
    0.34,
    0.34,
    0.34,
    0.34,
    0.3400000046200002,
    0.34000000880000103,
    0.3400000006404658,
    0.34,
    0.34,
    0.34,
    0.34,
    0.34000000177451156,
    0.34,
    0.3400000308000037,
    0.34000000227129346,
    0.34,
    0.34,
    0.34,
    0.34,
    0.34,
    0.34000000150096377,
    0.34,
    0.34,
    0.3400000028734225,
    0.34,
    0.34,
    0.3500232326584799,
    0.3599999870399992,
    0.34000000328498314,
    0.3400000158400012,
    0.35,
    0.35,
    0.35,
    0.35,
    0.35,
    0.35,
    0.35,
    0.34,
    0.34,
    0.34,
    0.3400000158400012,
    0.34,
    0.34,
    0.3499999614999965,
    0.34,
    0.35001635792438524,
    0.35001634656169217,
    0.3508087932618324,
    0.35,
    0.35,
    0.340000030966349,
    0.35,
    0.35,
    0.3599999870399992,
    0.3599999818075793,
    0.3599999211678717,
    0.3599999134763785,
    0.35,
    0.35,
    0.350000000975,
    0.3500000054166668,
    0.35000000650000057,
    0.35000000650000057,
    0.35000000650000057,
    0.3500000151869191,
    0.35000000650000057,
    0.35000000650000057,
    0.3599999870399992,
    0.35,
    0.35,
    0.36,
    0.35,
    0.3599999937599999,
    0.35000000130000003,
    0.36,
    0.36,
    0.35000000175675683,
    0.35,
    0.35000000154028443,
    0.35999999459999993,
    0.350000009154932,
    0.35,
    0.36,
    0.36,
    0.35,
    0.3500000325000114,
    0.35,
    0.35000000740881565,
    0.36,
    0.3599999459999946,
    0.35999987039991704,
    0.36,
    0.35999999039999964,
    0.36,
    0.3500000325000114,
    0.35,
    0.3500000130000006,
    0.3599998369810521,
    0.35,
    0.35000000650000057,
    0.35000000113372093,
    0.359999998704,
    0.350000000975,
    0.36,
    0.36,
    0.36,
    0.36,
    0.36,
    0.36,
    0.36,
    0.36,
    0.36,
    0.36,
    0.35000014772750776,
    0.35000009750003414,
    0.35000000130000003,
    0.36,
    0.36,
    0.36,
    0.36,
    0.36,
    0.36,
    0.36,
    0.36,
    0.36,
    0.36,
    0.35,
    0.35,
    0.35,
    0.35,
    0.36,
    0.36,
    0.36,
    0.36,
    0.36,
    0.37,
    0.36,
    0.36,
    0.37,
    0.37,
    0.37,
    0.36,
    0.37,
    0.36,
    0.36,
    0.36,
    0.36,
    0.36,
    0.36,
    0.36,
    0.36,
    0.36,
    0.36,
    0.36,
    0.36,
    0.36,
    0.36,
    0.36,
    0.36,
    0.36,
    0.36,
    0.36,
    0.36,
    0.36,
    0.36,
    0.36,
    0.36,
    0.37,
    0.36,
    0.36,
    0.3699999753333301,
    0.36,
    0.36,
    0.37,
    0.36,
    0.369999941043933,
    0.3699998730391348,
    0.36,
    0.37,
    0.36,
    0.36,
    0.36999991119997694,
    0.36,
    0.37,
    0.36,
    0.36,
    0.36,
    0.3599998976649518,
    0.35999999843999997,
    0.36,
    0.36,
    0.34,
    0.3599478697015114,
    0.35982106663105806,
    0.3598209557133335,
    0.34,
    0.3699998917923824,
    0.3699999660833308,
    0.34000001330812996,
    0.34000003960001346,
    0.34000007040003943,
    0.34000000368988237,
    0.3699998872380222,
    0.36914743802583794,
    0.35,
    0.3599749928509869,
    0.3679856109013948,
    0.35987337676000647,
    0.350000000975,
    0.35000006500003683,
    0.35,
    0.3600282782359978,
    0.35,
    0.35995548510479186,
    0.3500000325000114,
    0.3400000842553442,
    0.35,
    0.35,
    0.3400000135384682,
    0.3400000144000023,
    0.36993093944026856,
    0.36,
    0.36,
    0.36,
    0.34,
    0.34,
    0.34,
    0.34000000088000004,
    0.3599999499130287,
    0.3498758528227496,
    0.36,
    0.34000004248276566,
    0.34,
    0.34000002057906853,
    0.3400001603739427,
    0.3508771929824561,
    0.34000007040003943,
    0.35,
    0.34000006491813284,
    0.34,
    0.34,
    0.35,
    0.3400000158400012,
    0.3400000089491585,
    0.35999997695999686,
    0.3,
    0.23000000292405098,
    0.3000000038888893,
    0.31004692430186814,
    0.3520810804750776,
    0.3100469278713911,
    0.31010317734524573,
    0.31010317494596273,
    0.3398847957635847,
    0.3101031756241647,
    0.30000002333334036,
    0.30000002800000447,
    0.3,
    0.36999996743999636,
    0.30000000342425553,
    0.36,
    0.36,
    0.36,
    0.35,
    0.35,
    0.35,
    0.3500000325000114,
    0.35000006500003683,
    0.350000009154932,
    0.35,
    0.35000014254395345,
    0.35,
    0.35,
    0.24000009120017146,
    0.34999999754999994,
    0.3,
    0.33,
    0.3,
    0.29,
    0.31,
    0.31,
    0.33,
    0.32,
    0.3,
    0.3,
    0.25,
    0.29,
    0.31,
    0.29,
    0.32,
    0.3,
    0.32,
    0.29,
    0.31,
    0.31,
    0.33,
    0.33,
    0.25,
    0.3,
    0.31,
    0.31,
    0.28,
    0.3,
    0.32,
    0.3,
    0.24,
    0.33,
    0.29,
    0.29,
    0.32,
    0.29,
    0.33,
    0.32,
    0.23000000022880565,
    0.29,
    0.34,
    0.29,
    0.32,
    0.32,
    0.33,
    0.33,
    0.33,
    0.29,
    0.31,
    0.3597011782976158,
    0.3597011901423497,
    0.3498526375100823,
    0.3400001056000359,
    0.33,
    0.35006351453187906,
    0.3500635144803754,
    0.359999935346924,
    0.3400000394029995,
    0.3400000302578956,
    0.36694929297200285,
    0.3300000021736399,
    0.33,
    0.33,
    0.33,
    0.33,
    0.33997573606634557,
    0.33,
    0.33000000547684216,
    0.33,
    0.33,
    0.3597309825496943,
    0.35,
    0.3400335986591569,
    0.3300000044873081,
    0.33,
    0.33,
    0.33,
    0.33,
    0.3597310777352531,
    0.35,
    0.34,
    0.36,
    0.35,
    0.32,
    0.32,
    0.3200000151697706,
    0.3500594916170903,
    0.33,
    0.34000002905662075,
    0.36999995240663525,
    0.36686954829561086,
    0.3501073213766054,
    0.3501073210657372,
    0.35010732082259255,
    0.3600124416873576,
    0.36001251816766283,
    0.3500725900116144,
    0.37,
    0.37,
    0.37,
    0.36725461018471056,
    0.37,
    0.37,
    0.37,
    0.33,
    0.37,
    0.37,
    0.37,
    0.34,
    0.33,
    0.32,
    0.32,
    0.33,
    0.32,
    0.3,
    0.34,
    0.33,
    0.31,
    0.3601355792933443,
    0.33,
    0.34,
    0.31,
    0.3000000716479677,
    0.32,
    0.34,
    0.31,
    0.32,
    0.31,
    0.31,
    0.32,
    0.33,
    0.32,
    0.31,
    0.31,
    0.33,
    0.33,
    0.34,
    0.31,
    0.32,
    0.33,
    0.35,
    0.35,
    0.35,
    0.35,
    0.3699999107646749,
    0.35989259162218445,
    0.35,
    0.36985216714579405,
    0.3698520348128686,
    0.3698521240699421,
    0.35989124685301843,
    0.35989125822682116,
    0.37,
    0.370000018900007,
    0.3899999045569451,
    0.3700000252631632,
    0.37,
    0.36700644656861,
    0.36,
    0.36,
    0.37,
    0.38,
    0.37,
    0.38,
    0.38,
    0.39,
    0.39,
    0.39,
    0.39,
    0.39,
    0.39,
    0.39,
    0.39,
    0.38,
    0.38,
    0.39,
    0.3900000502557062,
    0.4,
    0.4,
    0.39000003140922096,
    0.39,
    0.3900001794118878,
    0.4,
    0.3900000610000346,
    0.4,
    0.4,
    0.4,
    0.4,
    0.4,
    0.39000002695349345,
    0.39000018769297184,
    0.41,
    0.41,
    0.41,
    0.41,
    0.4199999336841992,
    0.4100000172148582,
    0.41,
    0.41,
    0.41,
    0.41,
    0.41,
    0.4,
    0.4199999721033126,
    0.4,
    0.39,
    0.39,
    0.39,
    0.39,
    0.39,
    0.39,
    0.39,
    0.39,
    0.4,
    0.4,
    0.4,
    0.39,
    0.39,
    0.39,
    0.39,
    0.39,
    0.39,
    0.38,
    0.3800002968881177,
    0.38,
    0.38,
    0.37,
    0.37,
    0.38,
    0.38,
    0.38,
    0.37,
    0.37,
    0.35,
    0.36,
    0.35,
    0.35,
    0.35,
    0.361088,
    0.35412,
    0.32648,
    0.35,
    0.30072,
    0.3,
    0.29000003413462466,
    0.29000005680010904,
    0.3,
    0.29,
    0.29,
    0.29,
    0.2900000108752781,
    0.3,
    0.31,
    0.3,
    0.3,
    0.3,
    0.3,
    0.3,
    0.3,
    0.3,
    0.31,
    0.31,
    0.31,
    0.3,
    0.3,
    0.31,
    0.3,
    0.3,
    0.29,
    0.28,
    0.28,
    0.28,
    0.28,
    0.25,
    0.259999835247466,
    0.25,
    0.25,
    0.25,
    0.26,
    0.26,
    0.26,
    0.26,
    0.26,
    0.25,
    0.25,
    0.32,
    0.33,
    0.25,
    0.3,
    0.32,
    0.26,
    0.3300000337815393,
    0.3300000268000056,
    0.33,
    0.32,
    0.32,
    0.33,
    0.3300000804000707,
    0.34,
    0.34000003960001346,
    0.34,
    0.34,
    0.34,
    0.34,
    0.3400001056000359,
    0.35,
    0.35,
    0.34000007040003943,
    0.36,
    0.36,
    0.36,
    0.36,
    0.36,
    0.36,
    0.36,
    0.36,
    0.36,
    0.36,
    0.35,
    0.35,
    0.35,
    0.34,
    0.35,
    0.35,
    0.35,
    0.35,
    0.35,
    0.34,
    0.35999992079997784,
    0.35,
    0.35,
    0.35,
    0.35,
    0.35,
    0.35,
    0.35,
    0.35,
    0.35,
    0.35,
    0.35,
    0.35,
    0.35,
    0.35,
    0.35,
    0.35,
    0.35,
    0.35,
    0.35,
    0.35,
    0.35,
    0.35,
    0.35999993759999,
    0.35,
    0.35,
    0.35,
    0.35,
    0.35,
    0.34,
    0.34,
    0.35,
    0.34,
    0.34,
    0.34,
    0.34,
    0.34,
    0.33,
    0.34,
    0.33,
    0.34001988076511125,
    0.3399844840961986,
    0.31,
    0.31,
    0.31,
    0.31992578125,
    0.31,
    0.31,
    0.3200385803160973,
    0.3200385804914467,
    0.3300174418604651,
    0.3200385805660424,
    0.32002807058373295,
    0.34963380070901423,
    0.3200280702052723,
    0.3100000414000389,
    0.34963381617706785,
    0.31,
    0.32,
    0.32008537066877246,
    0.3300593295850034,
    0.33005933000506477,
    0.32003826537025126,
    0.32003826555609993,
    0.3200436181334251,
    0.3200436173472045,
    0.31,
    0.3100000011863988,
    0.32,
    0.3301305057096248,
    0.32,
    0.3299096755786786,
    0.32903510745091097,
    0.3100000024000001,
    0.31,
    0.33,
    0.3201039571169761,
    0.31000000828000324,
    0.32,
    0.3100000414000389,
    0.3000001104102514,
    0.38,
    0.3601667461215448,
    0.3601667463839165,
    0.37999653107942816,
    0.3600294861193212,
    0.36002948611030255,
    0.37999649999734847,
    0.3799965136487416,
    0.3698888704766245,
    0.36001343485464987,
    0.360013435358405,
    0.360013435000753,
    0.37975984272520474,
    0.37,
    0.3797597544627925,
    0.37994025461021463,
    0.3799402643419884,
    0.3799400974879238,
    0.3600060386576132,
    0.36000603971402045,
    0.379959542968609,
    0.31,
    0.3,
    0.39,
    0.39,
    0.3,
    0.3,
    0.38,
    0.38,
    0.39002447231569287,
    0.39,
    0.3,
    0.31,
    0.38,
    0.32,
    0.32,
    0.32,
    0.38,
    0.38,
    0.3,
    0.38,
    0.38,
    0.39,
    0.29,
    0.36,
    0.36,
    0.38,
    0.38,
    0.31,
    0.29,
    0.38,
    0.38,
    0.38,
    0.31,
    0.31,
    0.36,
    0.38,
    0.38,
    0.38,
    0.37,
    0.36,
    0.36,
    0.36,
    0.38,
    0.38,
    0.38,
    0.31,
    0.31,
    0.36,
    0.37,
    0.37,
    0.3,
    0.36,
    0.36,
    0.36,
    0.37,
    0.32,
    0.310083360075375,
    0.3100833595069735,
    0.3200521609711924,
    0.32005216106447965,
    0.29007473948805246,
    0.28,
    0.28003808721761236,
    0.270000032120005,
    0.31995914618284477,
    0.31995913444090374,
    0.2701529061234804,
    0.27015290614769877,
    0.31966089881159754,
    0.31994939459944305,
    0.26,
    0.3198554424104439,
    0.3099317473096091,
    0.30993174647577504,
    0.31985540977739524,
    0.2700194742189512,
    0.27001947451124475,
    0.2800001440004032,
    0.26,
    0.28,
    0.28,
    0.2700650940243089,
    0.2700650938633994,
    0.3199647037916151,
    0.31996477031803794,
    0.31996471955805267,
    0.2700506695620702,
    0.27010152302301127,
    0.28,
    0.31988849441478373,
    0.30983453851699505,
    0.30983456420623073,
    0.3098344625009734,
    0.31999053846006315,
    0.31999056140200344,
    0.31994976769974404,
    0.31994983458066334,
    0.26000000350785774,
    0.32999997363196015,
    0.3199041049899903,
    0.3199040284351747,
    0.31990414754363916,
    0.31007529738909595,
    0.32011363688016764,
    0.32011364194694203,
    0.32011363672440923,
    0.2900851800263485,
    0.3199346533044123,
    0.26,
    0.2700280030052006,
    0.27002799900761765,
    0.2700279984063895,
    0.31990753396775784,
    0.31990753050932524,
    0.32,
    0.25,
    0.3200001088000914,
    0.320000018147046,
    0.2800928383501962,
    0.3198699740399484,
    0.31987002928595,
    0.25,
    0.32012961764525727,
    0.32012961803117396,
    0.25013460459899045,
    0.30977441080007584,
    0.25006636501670376,
    0.309774265520799,
    0.25006636501396057,
    0.3097744139929851,
    0.2500094339634508,
    0.30995912039981893,
    0.31969418264805216,
    0.31969416849046295,
    0.260073193552133,
    0.2600731932310371,
    0.3198569918659078,
    0.2600155424549929,
    0.3198421211351649,
    0.3198420757994391,
    0.319842044170248,
    0.31999613405209043,
    0.24,
    0.2999765845386062,
    0.2999766337397577,
    0.3098793220010551,
    0.32,
    0.30992825225642096,
    0.30992819806411953,
    0.30987730878915587,
    0.25004791744050114,
    0.2500479174461272,
    0.30992426283658875,
    0.25,
    0.24000000521142942,
    0.25,
    0.34,
    0.21902527075812275,
    0.08,
    0.62,
    0.61,
    0.05,
    0.04,
    0.75,
    0.75,
    0.15,
    0.14,
    0.14,
    0.14,
    0.05,
    0.15,
    0.14
]
