[
    0.001,
    0.001,
    0.002,
    0.002,
    0.01,
    0.012,
    0.01,
    0.01,
    0.012,
    0.01,
    0.011,
    0.01,
    0.01,
    0.01,
    0.02,
    0.02,
    0.02,
    0.02,
    0.025,
    0.02,
    0.02,
    0.02,
    0.03,
    0.03,
    0.03,
    0.03,
    0.03,
    0.030000001940002324,
    0.04,
    0.04,
    0.04,
    0.05,
    0.04,
    0.07,
    0.05,
    0.0700000010342912,
    0.07000000930010221,
    0.13,
    0.11,
    0.07,
    0.07,
    0.06,
    0.060000003760011265,
    0.06,
    0.06,
    0.06,
    0.06,
    0.06,
    0.07,
    0.07,
    0.06,
    0.1299999627333316,
    0.12,
    0.1263963963963964,
    0.14985193942464672,
    0.12,
    0.1,
    0.1,
    0.08,
    0.09,
    0.06,
    0.06999993629999426,
    0.06000000094000056,
    0.06,
    0.07,
    0.06,
    0.06,
    0.07,
    0.074788,
    0.08,
    0.07981327109036346,
    0.06,
    0.06,
    0.06000000335715064,
    0.08,
    0.03,
    0.03,
    0.04,
    0.04,
    0.05,
    0.04,
    0.06,
    0.06,
    0.05,
    0.06,
    0.08,
    0.06,
    0.08,
    0.06,
    0.06,
    0.08,
    0.08,
    0.08,
    0.08,
    0.07,
    0.07000000037825407,
    0.07,
    0.08,
    0.08999998451999956,
    0.08,
    0.08,
    0.07,
    0.08,
    0.07,
    0.08,
    0.11,
    0.08,
    0.08,
    0.08,
    0.08,
    0.0899999599499978,
    0.0899999599499978,
    0.10999995214999689,
    0.10879681878887779,
    0.07,
    0.09,
    0.08,
    0.08,
    0.1,
    0.1,
    0.11,
    0.12,
    0.1135064935064935,
    0.11,
    0.11267379679144385,
    0.1,
    0.1,
    0.1,
    0.1,
    0.1,
    0.1,
    0.11000000123938175,
    0.14,
    0.18999987839995622,
    0.18,
    0.2,
    0.2,
    0.23,
    0.2,
    0.18815599191254584,
    0.14,
    0.17,
    0.16,
    0.16,
    0.15,
    0.15,
    0.18,
    0.18,
    0.18,
    0.18,
    0.18,
    0.18,
    0.18,
    0.18,
    0.18,
    0.18,
    0.18,
    0.18,
    0.16,
    0.18,
    0.19918918285566986,
    0.17,
    0.17,
    0.17,
    0.17,
    0.17,
    0.17,
    0.17,
    0.17,
    0.18,
    0.18,
    0.18,
    0.18,
    0.18,
    0.18,
    0.18,
    0.18,
    0.19,
    0.18,
    0.18,
    0.18,
    0.18,
    0.18,
    0.18,
    0.18,
    0.18,
    0.18,
    0.18,
    0.18,
    0.18,
    0.18,
    0.18,
    0.18,
    0.18,
    0.18,
    0.18,
    0.18,
    0.18,
    0.18,
    0.18,
    0.18,
    0.18,
    0.18,
    0.18,
    0.18,
    0.18,
    0.18,
    0.17,
    0.17,
    0.17,
    0.17,
    0.17,
    0.16,
    0.17,
    0.17,
    0.17,
    0.17,
    0.17,
    0.17,
    0.17,
    0.17,
    0.17,
    0.17,
    0.16,
    0.17,
    0.17,
    0.16,
    0.16,
    0.16999999413499992,
    0.13,
    0.13,
    0.14,
    0.12,
    0.14,
    0.13,
    0.1200000000352,
    0.13,
    0.12000000046933335,
    0.11168690958164643,
    0.11,
    0.11,
    0.08,
    0.08000000368000108,
    0.1,
    0.1,
    0.1,
    0.09750025,
    0.07000000930010221,
    0.07000000697500693,
    0.06999999390999992,
    0.060000003760011265,
    0.09523809523809523,
    0.06,
    0.06,
    0.06,
    0.07,
    0.08,
    0.1,
    0.06,
    0.06,
    0.09,
    0.1,
    0.109999999032,
    0.11,
    0.12,
    0.11,
    0.10999998151999942,
    0.10999999559999996,
    0.1,
    0.1,
    0.13,
    0.1,
    0.12,
    0.11,
    0.13,
    0.12,
    0.16,
    0.19,
    0.16,
    0.16,
    0.16,
    0.19,
    0.2,
    0.21,
    0.2,
    0.2,
    0.22999982749995687,
    0.22,
    0.22,
    0.22,
    0.22,
    0.21,
    0.22,
    0.22,
    0.22,
    0.22,
    0.22,
    0.2,
    0.2,
    0.2,
    0.19,
    0.2,
    0.2,
    0.19,
    0.19,
    0.19,
    0.18,
    0.18,
    0.18,
    0.18,
    0.19,
    0.19,
    0.19,
    0.19,
    0.18,
    0.18000000151291526,
    0.19,
    0.19,
    0.19,
    0.19,
    0.19,
    0.19,
    0.19,
    0.19,
    0.19,
    0.19,
    0.19,
    0.16,
    0.19,
    0.16,
    0.16,
    0.16999994219999076,
    0.16137069985268793,
    0.16,
    0.17,
    0.16999994219999076,
    0.12,
    0.13,
    0.15,
    0.15,
    0.15,
    0.13,
    0.1300000149142876,
    0.15,
    0.15,
    0.15640273704789834,
    0.15,
    0.15,
    0.15,
    0.15,
    0.14,
    0.16,
    0.16,
    0.16,
    0.16,
    0.16,
    0.16,
    0.16,
    0.16,
    0.16,
    0.16,
    0.16,
    0.16,
    0.149999899553549,
    0.16,
    0.16,
    0.16,
    0.16,
    0.16,
    0.17,
    0.1799998703999637,
    0.16999987407405076,
    0.18,
    0.18,
    0.19,
    0.1899999939199999,
    0.19,
    0.18999999863199998,
    0.19,
    0.1944107727932743,
    0.18,
    0.21,
    0.22,
    0.22,
    0.219999998548,
    0.22,
    0.22,
    0.22,
    0.22,
    0.22,
    0.22,
    0.22,
    0.22,
    0.22,
    0.22,
    0.22,
    0.21999988139126517,
    0.23,
    0.22999998688999942,
    0.23,
    0.23,
    0.22356997781838533,
    0.22,
    0.22,
    0.22,
    0.22,
    0.22,
    0.2,
    0.21,
    0.22,
    0.21,
    0.21,
    0.21,
    0.21,
    0.2,
    0.2,
    0.2,
    0.2,
    0.2,
    0.2,
    0.2,
    0.18,
    0.18,
    0.17,
    0.16,
    0.15,
    0.15,
    0.16,
    0.14,
    0.15,
    0.14,
    0.15,
    0.15,
    0.14,
    0.15,
    0.12,
    0.12,
    0.12,
    0.14,
    0.15,
    0.15,
    0.15,
    0.14,
    0.12,
    0.13,
    0.14,
    0.1299999966633333,
    0.1299999789399992,
    0.12,
    0.11,
    0.12,
    0.11,
    0.13,
    0.13999999481999995,
    0.16,
    0.13,
    0.179999998335,
    0.18,
    0.18095237483446702,
    0.1700000033200013,
    0.18,
    0.15,
    0.15,
    0.14,
    0.14,
    0.17999999928,
    0.17,
    0.17,
    0.17,
    0.17,
    0.2,
    0.2,
    0.2,
    0.17978516624040922,
    0.17,
    0.18999998802999957,
    0.18,
    0.18999999588333327,
    0.18,
    0.1700000442667381,
    0.17000000072902946,
    0.2,
    0.17,
    0.16000000336000167,
    0.16,
    0.24,
    0.2,
    0.2,
    0.1900000004212,
    0.19,
    0.190000000729,
    0.19000000216000013,
    0.19,
    0.1800000065600016,
    0.2,
    0.17,
    0.17,
    0.16,
    0.17,
    0.17,
    0.19,
    0.19,
    0.2,
    0.19,
    0.19,
    0.17,
    0.19,
    0.17,
    0.18,
    0.18,
    0.18,
    0.18000001435449023,
    0.18999997263999846,
    0.1899999959121212,
    0.18000001744681557,
    0.18,
    0.18,
    0.17000001660000383,
    0.17,
    0.1700000285450103,
    0.17,
    0.17000000009744384,
    0.17999999669546432,
    0.17999998949999974,
    0.1799998703999637,
    0.16,
    0.17,
    0.17,
    0.17,
    0.17,
    0.1700000033200013,
    0.17999999964972974,
    0.17993170613823103,
    0.17990650968968436,
    0.17990663858063813,
    0.17,
    0.17000000018863637,
    0.17,
    0.17,
    0.17,
    0.1700000009180505,
    0.17,
    0.18999995969696468,
    0.18,
    0.18,
    0.17000000026025855,
    0.18,
    0.18,
    0.18,
    0.18999999863199998,
    0.1800708167132101,
    0.17,
    0.1700000098090917,
    0.18999995174602485,
    0.17000000221333347,
    0.1896854113614738,
    0.1700000047564473,
    0.18,
    0.19,
    0.18,
    0.18,
    0.16,
    0.17000001927032105,
    0.1700000000723172,
    0.18,
    0.18,
    0.18,
    0.1899999939199999,
    0.18000000191775498,
    0.18999999745399998,
    0.18999998785305305,
    0.18999998802999957,
    0.18,
    0.18,
    0.17000000104401536,
    0.18999999863199998,
    0.18000001637271726,
    0.18,
    0.18,
    0.18,
    0.17999993394494807,
    0.17000001055980704,
    0.18,
    0.17,
    0.17,
    0.17,
    0.17,
    0.1700000000303118,
    0.18,
    0.19,
    0.18,
    0.17000000061157897,
    0.18,
    0.18,
    0.18,
    0.18,
    0.18,
    0.1799999279999928,
    0.17999998703999964,
    0.18,
    0.18,
    0.1800000049961923,
    0.1800000001121897,
    0.18,
    0.18,
    0.18999987839995622,
    0.1800000014577779,
    0.19,
    0.19,
    0.2,
    0.19,
    0.19000002430009647,
    0.19,
    0.19,
    0.18000001640001606,
    0.19000000254450272,
    0.2,
    0.2,
    0.2,
    0.2,
    0.2,
    0.21999999683199997,
    0.2,
    0.2,
    0.2,
    0.2,
    0.2,
    0.2,
    0.2,
    0.2,
    0.2,
    0.2,
    0.2,
    0.21999999683199997,
    0.2,
    0.2,
    0.21954716470581292,
    0.20999986769995105,
    0.20999985550455402,
    0.21,
    0.21,
    0.21,
    0.21,
    0.21000000790002363,
    0.22,
    0.21999999683199997,
    0.21999985479995063,
    0.21,
    0.21000002931932765,
    0.21999985479995063,
    0.21999995306666104,
    0.219999998548,
    0.21000004678165599,
    0.21,
    0.21,
    0.21999995306666104,
    0.21999985479995063,
    0.21000001738001353,
    0.21000000316000045,
    0.21000001738001353,
    0.21,
    0.21000000316000045,
    0.21999991639998998,
    0.21,
    0.21,
    0.21000003498266792,
    0.21000000790002363,
    0.21,
    0.21000001738001353,
    0.21000001736264842,
    0.21000001161765372,
    0.21999995929999736,
    0.21999996240184533,
    0.21,
    0.21000001261958637,
    0.21000002755815458,
    0.21000000790002363,
    0.21000001549021097,
    0.210000040643137,
    0.21999989916664286,
    0.21,
    0.21000001286047687,
    0.21999997271999794,
    0.21,
    0.21,
    0.21,
    0.21,
    0.2,
    0.21,
    0.22999991604998868,
    0.21000000790002363,
    0.22999985214282018,
    0.2100000247982222,
    0.21000002454804265,
    0.2225805441623094,
    0.21000002302148232,
    0.22999994402653753,
    0.21000000299969793,
    0.22,
    0.22000001937889355,
    0.22999987245450024,
    0.22999996983606402,
    0.2200000753624936,
    0.22,
    0.22999994780141178,
    0.220000013371436,
    0.22,
    0.22999985794112493,
    0.22,
    0.2200000605826078,
    0.22000000329577488,
    0.22,
    0.22999986547164988,
    0.22000000192706837,
    0.22,
    0.22999991526313956,
    0.22000002120388704,
    0.22,
    0.22,
    0.22999992405659303,
    0.22,
    0.22,
    0.22000000375903883,
    0.22,
    0.22000001311439005,
    0.22999993766353916,
    0.22999995711863752,
    0.23,
    0.22999988603598984,
    0.22,
    0.22,
    0.22999987834707125,
    0.22999991604998868,
    0.22999996917999796,
    0.23,
    0.22000001275204686,
    0.2200000397959265,
    0.2200000209396073,
    0.22999996540896706,
    0.22000001714286485,
    0.22000000894837637,
    0.22999994342741045,
    0.22,
    0.229999872222184,
    0.22000004443039128,
    0.22000000570384118,
    0.22999995574131948,
    0.22,
    0.22,
    0.2299998656636764,
    0.22000002985647246,
    0.22000002836365468,
    0.22999982749995687,
    0.22999988499996005,
    0.23,
    0.22000011773605344,
    0.22999999107058805,
    0.22,
    0.2200000066524548,
    0.22999991185626842,
    0.22000000218400004,
    0.22000002363637486,
    0.22000004357545308,
    0.2299999587352894,
    0.22000001683453504,
    0.22999998993749965,
    0.22999986547164988,
    0.22999982749995687,
    0.23,
    0.22,
    0.22000002491019874,
    0.22999996441703788,
    0.22000000273205048,
    0.22000002498856328,
    0.22999985975606907,
    0.22000001872000705,
    0.22999993198442945,
    0.22000011824943536,
    0.22,
    0.22000001464789393,
    0.2200000351879948,
    0.22999992333332075,
    0.22999994703946847,
    0.22000000914956402,
    0.220000016124039,
    0.22000001835296235,
    0.22,
    0.22,
    0.22,
    0.22000000572127276,
    0.22000002340000516,
    0.2299999308920071,
    0.22,
    0.22,
    0.22,
    0.2100000001270362,
    0.21,
    0.22,
    0.22,
    0.22,
    0.2299999020945701,
    0.22,
    0.22,
    0.22,
    0.22000001010079415,
    0.22,
    0.22,
    0.22000002929854523,
    0.22999999309999986,
    0.22,
    0.22,
    0.23007708665993734,
    0.23007724650435124,
    0.24,
    0.23,
    0.24,
    0.23,
    0.23,
    0.2300000216520281,
    0.23999992077668672,
    0.23000000254125538,
    0.2399998662294731,
    0.23,
    0.23,
    0.23,
    0.23000009889925133,
    0.23000003818183207,
    0.23,
    0.22999995988371627,
    0.22999991604998868,
    0.23,
    0.23,
    0.23000001040541582,
    0.23000002619048865,
    0.2399999082802314,
    0.23000001272729356,
    0.24,
    0.23,
    0.2300000215217452,
    0.24,
    0.23000001862903932,
    0.23,
    0.23,
    0.23,
    0.23,
    0.23999985163632048,
    0.24,
    0.23999992044197138,
    0.23999994129495728,
    0.23999996530120146,
    0.23999991839998694,
    0.24,
    0.24,
    0.2399999673599979,
    0.23999993175354156,
    0.24,
    0.22,
    0.22,
    0.22,
    0.22999991526313956,
    0.22,
    0.22,
    0.22,
    0.22,
    0.23,
    0.23,
    0.22,
    0.23,
    0.23,
    0.23,
    0.23,
    0.23,
    0.23,
    0.23000000375128232,
    0.25,
    0.24,
    0.24,
    0.24,
    0.24000000152000003,
    0.24,
    0.24,
    0.24,
    0.24,
    0.24,
    0.24,
    0.24,
    0.24,
    0.24,
    0.24,
    0.24,
    0.24,
    0.24,
    0.24,
    0.24,
    0.24,
    0.24,
    0.24,
    0.24,
    0.24,
    0.24,
    0.24,
    0.24,
    0.25,
    0.2400000040533335,
    0.24,
    0.24,
    0.2400000074656199,
    0.24,
    0.24,
    0.25,
    0.24000001074205007,
    0.24,
    0.24,
    0.24,
    0.23000002754686147,
    0.23000003839898853,
    0.23,
    0.25,
    0.23,
    0.23,
    0.23,
    0.23,
    0.23,
    0.23,
    0.25,
    0.22,
    0.25,
    0.24,
    0.23,
    0.25,
    0.23,
    0.23,
    0.23,
    0.24,
    0.25,
    0.23,
    0.23,
    0.23,
    0.23,
    0.23,
    0.22,
    0.25,
    0.25,
    0.25,
    0.25,
    0.25,
    0.25,
    0.25,
    0.25,
    0.25,
    0.25,
    0.25,
    0.25,
    0.25,
    0.25,
    0.25,
    0.25,
    0.25999993164317836,
    0.25,
    0.26,
    0.25,
    0.25,
    0.26,
    0.26,
    0.26,
    0.26,
    0.26,
    0.26,
    0.26,
    0.26,
    0.26,
    0.26,
    0.26,
    0.26,
    0.26,
    0.26,
    0.26,
    0.26,
    0.26,
    0.26,
    0.26,
    0.26,
    0.26,
    0.26,
    0.27,
    0.23,
    0.23,
    0.23,
    0.23,
    0.22,
    0.26,
    0.26,
    0.25,
    0.23,
    0.24,
    0.24,
    0.24,
    0.24,
    0.23,
    0.24,
    0.24,
    0.23,
    0.24,
    0.23,
    0.23,
    0.23,
    0.23,
    0.24,
    0.23,
    0.24,
    0.24,
    0.24,
    0.24,
    0.23,
    0.23,
    0.24,
    0.24,
    0.22000000281081106,
    0.26,
    0.26,
    0.26,
    0.26,
    0.26,
    0.26,
    0.26,
    0.26,
    0.26,
    0.26,
    0.26,
    0.2600000077405881,
    0.26,
    0.26,
    0.26,
    0.25,
    0.24,
    0.25,
    0.25,
    0.25,
    0.25,
    0.25,
    0.26,
    0.25,
    0.25,
    0.25,
    0.25,
    0.25,
    0.25,
    0.25,
    0.25,
    0.25,
    0.26,
    0.25,
    0.25,
    0.25,
    0.26,
    0.25,
    0.25,
    0.26,
    0.25,
    0.25,
    0.26,
    0.26,
    0.25,
    0.25,
    0.25,
    0.25,
    0.26,
    0.25,
    0.25,
    0.25,
    0.25,
    0.24,
    0.26,
    0.26,
    0.26,
    0.26,
    0.26000000797843803,
    0.27,
    0.26999991749997937,
    0.27,
    0.2700000485422211,
    0.26,
    0.27,
    0.26,
    0.26000000270319656,
    0.27,
    0.27,
    0.27,
    0.27,
    0.27,
    0.27,
    0.27,
    0.27,
    0.27,
    0.27,
    0.27,
    0.27,
    0.27,
    0.27,
    0.27,
    0.27,
    0.27,
    0.27,
    0.2700000435560937,
    0.2600000214492832,
    0.279999843199931,
    0.2700000027756675,
    0.279999998423784,
    0.28,
    0.27000018980014046,
    0.27000018980014046,
    0.28,
    0.28,
    0.27000018980014046,
    0.27000003541046586,
    0.27999991649121636,
    0.27000003121712446,
    0.2799999260377205,
    0.27999999944,
    0.2700000912500342,
    0.2700000313201617,
    0.270000055210219,
    0.2700000130025509,
    0.27000000276515257,
    0.2799999854399993,
    0.28,
    0.2700000133029671,
    0.2799999633787414,
    0.2700000485422211,
    0.27000002272374796,
    0.279999843199931,
    0.27000001241000104,
    0.2799998309433388,
    0.279999843199931,
    0.270000032120005,
    0.2700000265454777,
    0.2700000393708021,
    0.2799999567845587,
    0.27999999686399996,
    0.2700000159438449,
    0.27999985345788364,
    0.27999984520321175,
    0.27999990479998477,
    0.2799999347572651,
    0.27000005615390665,
    0.2700000216831784,
    0.27999992735133095,
    0.270000026789039,
    0.279999843199931,
    0.27000007752218425,
    0.2700000025550001,
    0.27999988313038193,
    0.2700000189119215,
    0.2700000292836916,
    0.27999987041317603,
    0.27999994246574555,
    0.27000000178484196,
    0.27999987555549566,
    0.270000018145322,
    0.2799999089999727,
    0.279999843199931,
    0.279999843199931,
    0.279999843199931,
    0.279999843199931,
    0.28,
    0.279999843199931,
    0.2799999854814809,
    0.270000032120005,
    0.28,
    0.2700000584000148,
    0.279999843199931,
    0.27000001094218634,
    0.27000000584000033,
    0.27000018980014046,
    0.279999843199931,
    0.27000005968556723,
    0.27000018980014046,
    0.2799999617312038,
    0.279999843199931,
    0.27000001241000104,
    0.2700000094629646,
    0.270000039459484,
    0.2700000025550001,
    0.2700000159562925,
    0.2799999936533333,
    0.27999999686399996,
    0.279999843199931,
    0.27000018980014046,
    0.27999999159999983,
    0.279999843199931,
    0.27999990479998477,
    0.27000018980014046,
    0.2700000352788153,
    0.27999984727267174,
    0.279999843199931,
    0.27999993463034,
    0.27000007718064256,
    0.2700001000807121,
    0.27,
    0.270000007724869,
    0.27000001208609653,
    0.279999843199931,
    0.2799999310769135,
    0.27999989363126593,
    0.27,
    0.279999843199931,
    0.27999986245608727,
    0.2700000584000148,
    0.2700000318850634,
    0.27999996713936015,
    0.2700000054804821,
    0.27000001241000104,
    0.27000018980014046,
    0.2700000094805229,
    0.27999993610737567,
    0.27000006551287065,
    0.27999986693062456,
    0.270000078214417,
    0.2700000130025509,
    0.27000002486068414,
    0.279999916321816,
    0.279999913402044,
    0.2700000224930154,
    0.27000007801537795,
    0.2700000074489806,
    0.2700000912500342,
    0.27000001377359245,
    0.2799999310769135,
    0.27999987290776895,
    0.27000001042857624,
    0.27999988983601865,
    0.2700000912500342,
    0.2700000232854894,
    0.2799998358620237,
    0.2700000025550001,
    0.27000001241000104,
    0.27000018980014046,
    0.2700000629949504,
    0.27000018980014046,
    0.27999993777777,
    0.2799999565373072,
    0.2700000159272782,
    0.27000000584000033,
    0.27999990479998477,
    0.27000003689533164,
    0.2799999984510638,
    0.27999987041317603,
    0.270000026789039,
    0.27999996792951204,
    0.270000032249014,
    0.2700000179929668,
    0.27000003235816605,
    0.27000001591281053,
    0.27000018980014046,
    0.27000003384107296,
    0.27000001241000104,
    0.28,
    0.270000024937899,
    0.27999999686399996,
    0.2700000573571793,
    0.2799999501570639,
    0.2700000419750081,
    0.2799999325925776,
    0.27000002456075145,
    0.27000018980014046,
    0.27000018980014046,
    0.279999902890151,
    0.270000042185959,
    0.27999987390725806,
    0.27000044838254617,
    0.27,
    0.2799998253210496,
    0.2799999731199972,
    0.27000018980014046,
    0.27000003852780785,
    0.27000001241000104,
    0.2700000198639518,
    0.27000018980014046,
    0.28,
    0.27000003709350157,
    0.27000002336001044,
    0.27000018980014046,
    0.279999843199931,
    0.2799999325925776,
    0.27999999802344633,
    0.2700000176702016,
    0.27999986693062456,
    0.27999986245608727,
    0.2799999110280241,
    0.27000018980014046,
    0.2799998309433388,
    0.27999992663754175,
    0.2700000097593634,
    0.27999984520321175,
    0.2799999936533333,
    0.2700000437125984,
    0.279999897634391,
    0.27000003395351313,
    0.27000001241000104,
    0.28,
    0.2700000367626013,
    0.2700000236306143,
    0.27,
    0.27000001351852104,
    0.27000007752218425,
    0.270000032120005,
    0.27000001591570194,
    0.27000000081111114,
    0.28,
    0.27000001220541575,
    0.27000002990362765,
    0.270000013350404,
    0.27999992255317174,
    0.2799999110280241,
    0.27000018980014046,
    0.27000000773851857,
    0.279999843199931,
    0.279999998096,
    0.27999997568740814,
    0.2799998766101193,
    0.2700000383149257,
    0.27000018980014046,
    0.2700000159228238,
    0.27999985066662186,
    0.27000002329787653,
    0.279999913402044,
    0.27999988969692957,
    0.27000001840337245,
    0.27999991384614137,
    0.27000007752218425,
    0.27,
    0.27000003195853867,
    0.27000007786676217,
    0.27000018980014046,
    0.27000007801537795,
    0.27000003390094823,
    0.27999990479998477,
    0.2799999576826154,
    0.2700001437008723,
    0.27000000276515257,
    0.2700001042857987,
    0.2700000415822893,
    0.27000001068092455,
    0.2700000159562925,
    0.2700000226356626,
    0.2700000159228238,
    0.2799998414158787,
    0.27,
    0.2799999150710756,
    0.2799999854399993,
    0.27000001960506403,
    0.28,
    0.2700000120594725,
    0.28,
    0.27000000228362886,
    0.2700000575627814,
    0.27000001867443113,
    0.27,
    0.27,
    0.27,
    0.27,
    0.27,
    0.27000000280769243,
    0.27000003959325847,
    0.27000018980014046,
    0.2700000291444966,
    0.27999992881354724,
    0.27000003235816605,
    0.2799999235341267,
    0.2799999536551641,
    0.279999916321816,
    0.27000002085714525,
    0.2799998599999354,
    0.2700000106749167,
    0.27,
    0.26,
    0.27,
    0.27,
    0.2700000015343298,
    0.27999983689314056,
    0.27000018980014046,
    0.27,
    0.2700000088619132,
    0.2799999727383338,
    0.27000003156757474,
    0.27000018980014046,
    0.2799999164178938,
    0.2799998981817974,
    0.27000018980014046,
    0.27000000540740826,
    0.2799999731199972,
    0.2700000036820177,
    0.279999843199931,
    0.2700000139409792,
    0.27000018980014046,
    0.2700000177759765,
    0.2799999486238469,
    0.27000018980014046,
    0.27999988969692957,
    0.27,
    0.27000000888438486,
    0.28,
    0.27999994512967796,
    0.27000018980014046,
    0.2700000789191237,
    0.279999843199931,
    0.2700000017804882,
    0.27,
    0.2700000670956314,
    0.27999988983601865,
    0.28,
    0.27,
    0.27,
    0.27000005776986274,
    0.2700000135463971,
    0.27000002802792705,
    0.2700000912500342,
    0.27,
    0.27000006006336225,
    0.2799999567845587,
    0.27,
    0.27999993279998925,
    0.2700000292836916,
    0.2700000061690175,
    0.27,
    0.27,
    0.27,
    0.27,
    0.27,
    0.27,
    0.28,
    0.27000001377359245,
    0.27000001042857624,
    0.28,
    0.27000002920001553,
    0.2700000021608289,
    0.27000018980014046,
    0.27000018980014046,
    0.27000018980014046,
    0.27000018980014046,
    0.2700001583966403,
    0.2700000159854128,
    0.27,
    0.27,
    0.27999988460603825,
    0.279999843199931,
    0.2799998133332748,
    0.2700000025550001,
    0.27000002642535037,
    0.2700000016331098,
    0.270000032120005,
    0.2799999731199972,
    0.27000003578432075,
    0.2799999731199972,
    0.27999990479998477,
    0.27000018980014046,
    0.27999984727267174,
    0.27000003156757474,
    0.27,
    0.27000018980014046,
    0.2700000274110824,
    0.27999988969692957,
    0.27999996822694645,
    0.27000018980014046,
    0.27000018980014046,
    0.27000018980014046,
    0.27000018980014046,
    0.27000018980014046,
    0.27000000615514536,
    0.27000018980014046,
    0.2700000097593634,
    0.27000018980014046,
    0.279999843199931,
    0.2799999936533333,
    0.2799999627621438,
    0.27000001591900774,
    0.27000018980014046,
    0.2700000912500342,
    0.27000018980014046,
    0.27000001241000104,
    0.27000018980014046,
    0.27999992533331497,
    0.27000001792982725,
    0.27000018980014046,
    0.27000001993175365,
    0.27000000807988517,
    0.27999988969692957,
    0.27000018980014046,
    0.27000018980014046,
    0.2700000016144231,
    0.27000018980014046,
    0.27999999663999997,
    0.27000006331638565,
    0.270000025239381,
    0.2799999389090765,
    0.270000032120005,
    0.2700000047096789,
    0.27000002267961976,
    0.27000018980014046,
    0.28,
    0.2799999731199972,
    0.27999990479998477,
    0.2799999425640898,
    0.2799999854399993,
    0.2799999731199972,
    0.2799999928319999,
    0.2799999854399993,
    0.2700001554630738,
    0.2799999121568472,
    0.27000003195853867,
    0.2700000043712592,
    0.27999995988980186,
    0.2700000120621296,
    0.27,
    0.279999843199931,
    0.2700000158942478,
    0.28,
    0.27000018980014046,
    0.27000018980014046,
    0.27000018980014046,
    0.27000018980014046,
    0.270000019010431,
    0.27999986102186536,
    0.2700000113951251,
    0.2799999514666589,
    0.27999990479998477,
    0.27000000773168775,
    0.2700000912500342,
    0.2700000226356626,
    0.27000001943788654,
    0.2700000246529211,
    0.27000001007528346,
    0.27000003596061595,
    0.27999997670710364,
    0.27999995440203146,
    0.27000001327273004,
    0.2700000367626013,
    0.27000002104213267,
    0.2700000069990418,
    0.27000000058400003,
    0.27000018980014046,
    0.27000018980014046,
    0.27000018980014046,
    0.27000018980014046,
    0.28,
    0.27000000584000033,
    0.2700000036664996,
    0.27000002869498096,
    0.2700000276515281,
    0.2799999698461513,
    0.2700000584000148,
    0.2700000419750081,
    0.27000002555000335,
    0.270000032120005,
    0.2700000594984464,
    0.27000018980014046,
    0.2700000584000148,
    0.27999997925925824,
    0.27000018980014046,
    0.279999843199931,
    0.27000018980014046,
    0.28,
    0.27000018980014046,
    0.270000032120005,
    0.2799999731199972,
    0.27999990207648345,
    0.27000018980014046,
    0.2700001052886488,
    0.27000002460674993,
    0.2700000340062413,
    0.2700000380569242,
    0.28,
    0.27000000584000033,
    0.27000018980014046,
    0.27000002056338385,
    0.2799998133332748,
    0.2799999347572651,
    0.27000000912500066,
    0.27000018980014046,
    0.2700000024252496,
    0.27999990568419264,
    0.27000000614478215,
    0.2700000139409792,
    0.27999984520321175,
    0.27000018980014046,
    0.27000003852780785,
    0.27000001042857624,
    0.2799999731199972,
    0.27,
    0.27000018980014046,
    0.27000018980014046,
    0.27000018980014046,
    0.27000018980014046,
    0.270000025482561,
    0.2700000470967965,
    0.279999843199931,
    0.27999997568740814,
    0.2700000047020941,
    0.28,
    0.27000005968556723,
    0.2799998688287721,
    0.27,
    0.2700000070192334,
    0.27999996606060334,
    0.279999843199931,
    0.2700000594984464,
    0.279999843199931,
    0.27,
    0.27000000058400003,
    0.2799999514666589,
    0.279999843199931,
    0.2700000376995463,
    0.27000000395664,
    0.27000003395351313,
    0.27000000081111114,
    0.2700000559387359,
    0.279999996069026,
    0.2799999692448476,
    0.27,
    0.2799999291699504,
    0.2700000276515281,
    0.279999843199931,
    0.27000018980014046,
    0.279999843199931,
    0.27000018980014046,
    0.28,
    0.2700000025550001,
    0.2799999854399993,
    0.2700000045110872,
    0.27000000667063984,
    0.2700000085611189,
    0.2700000013117701,
    0.27000000402362234,
    0.2700000015477032,
    0.2700000070361448,
    0.2700000068755127,
    0.270000005149912,
    0.27,
    0.2700000040220387,
    0.2700000051544578,
    0.27000000535639446,
    0.27000000138414876,
    0.2700000049547513,
    0.2700000008365165,
    0.27000000026593807,
    0.2700000053874542,
    0.27000000660403634,
    0.2799999873207541,
    0.2700000044895454,
    0.27999987555549566,
    0.27000001589614975,
    0.27000000381533235,
    0.27000018980014046,
    0.27000002802792705,
    0.27000003852780785,
    0.27999993126352996,
    0.27000018980014046,
    0.279999936901393,
    0.2799998958139115,
    0.27999989948715115,
    0.27000018980014046,
    0.2700000025550001,
    0.2700000912500342,
    0.27,
    0.27000018980014046,
    0.2700000013113773,
    0.279999999104,
    0.27999999159999983,
    0.27000018980014046,
    0.2799999936533333,
    0.27000018980014046,
    0.27999986693062456,
    0.2700000031420376,
    0.2700000069990418,
    0.27000018980014046,
    0.27000000504676736,
    0.27000000572416993,
    0.27000000032676813,
    0.2700000018724809,
    0.2700000073565899,
    0.2700000003164283,
    0.27000000613703257,
    0.27000018980014046,
    0.2700000055226964,
    0.2700000031405355,
    0.27000000380749223,
    0.2700000067592595,
    0.2700000006838408,
    0.27000000660403634,
    0.27000000319824785,
    0.27000000648763595,
    0.27,
    0.2700000022709992,
    0.27000001811069,
    0.2700000021605624,
    0.27999996857715154,
    0.27000018980014046,
    0.2799999870769227,
    0.27,
    0.27,
    0.28,
    0.27000000541612934,
    0.27999984727267174,
    0.2700000015113875,
    0.27000018980014046,
    0.27000000058400003,
    0.27999985066662186,
    0.2700000137218068,
    0.2700000912500342,
    0.27999994452011767,
    0.27000002549479013,
    0.27,
    0.2799999706550185,
    0.27000000133854085,
    0.27,
    0.27000012695672043,
    0.27000002060484646,
    0.27,
    0.279999843199931,
    0.2700000305439573,
    0.27000001208609653,
    0.2799999419920208,
    0.27999993470850615,
    0.2700000324156464,
    0.27000000216617276,
    0.27999992351217873,
    0.27999988957743055,
    0.27000007752218425,
    0.2700000061603401,
    0.28,
    0.2799999939506172,
    0.27999999098057776,
    0.2799999920368046,
    0.28,
    0.28,
    0.279999991671041,
    0.2799999928082191,
    0.27999999340720216,
    0.2799999942416451,
    0.2799999921495326,
    0.27000005987386877,
    0.27999999426771643,
    0.2799999954223432,
    0.28,
    0.27999999441794227,
    0.2799999243243107,
    0.27000018980014046,
    0.2700000912500342,
    0.27000018980014046,
    0.27,
    0.2700005817674094,
    0.2700000095326479,
    0.2700000114062543,
    0.2700000193805419,
    0.2700000097593634,
    0.2799999663789846,
    0.279999843199931,
    0.27000004366030533,
    0.2700000093323889,
    0.2700000246992659,
    0.27999996993288406,
    0.2700000138927357,
    0.28,
    0.27,
    0.27000002056338385,
    0.27000002391380057,
    0.2799999392542299,
    0.27,
    0.27000004630601904,
    0.2799999291699504,
    0.27999993470850615,
    0.279999998096,
    0.2799999536551641,
    0.2700000773510364,
    0.2700000251058259,
    0.2700000311658597,
    0.279999843199931,
    0.2799999665338619,
    0.2700000912500342,
    0.2700000912500342,
    0.2700000912500342,
    0.2700000912500342,
    0.2700000071258157,
    0.27000000533821034,
    0.27000001042857624,
    0.2799999406622446,
    0.279999883851814,
    0.27000012807049,
    0.27000000341600405,
    0.27000003702902386,
    0.27999986451608533,
    0.2799998358620237,
    0.27000000472492214,
    0.2799999587368373,
    0.27000002802792705,
    0.2799999667091264,
    0.2799998688287721,
    0.270000042185959,
    0.2700000318850634,
    0.2700000017804882,
    0.28,
    0.2700000084501623,
    0.27000003379630516,
    0.27000018980014046,
    0.2799999110280241,
    0.2700000666270574,
    0.279999940792938,
    0.270000039459484,
    0.2700000575627814,
    0.2799999450565938,
    0.2799999895466664,
    0.27999984727267174,
    0.2700000025550001,
    0.2700000234726907,
    0.2700000362865691,
    0.2700000061864459,
    0.2799999110280241,
    0.2799998774999579,
    0.279999999104,
    0.27999999159999983,
    0.27000000058400003,
    0.2700000159854128,
    0.27999993279998925,
    0.27,
    0.2700001256815606,
    0.2799999563231144,
    0.2700000027756675,
    0.2700000047020941,
    0.27000003382240534,
    0.27999999663999997,
    0.27999990479998477,
    0.27000000175059957,
    0.27999987555549566,
    0.27000002391380057,
    0.28,
    0.2799999514666589,
    0.2700000011471429,
    0.27999999460940383,
    0.2700000064513949,
    0.27000001733750173,
    0.27000007724870995,
    0.279999843199931,
    0.27999999159999983,
    0.27000001266481677,
    0.27000000773851857,
    0.2799999940552016,
    0.27999990479998477,
    0.27999994423235314,
    0.27000001597375195,
    0.27000007758460776,
    0.27999998727272696,
    0.27999984520321175,
    0.2799999854399993,
    0.279999843199931,
    0.27000000493576837,
    0.279999843199931,
    0.27999990479998477,
    0.2700000404485786,
    0.2799999731199972,
    0.2700000022415559,
    0.27000001076696306,
    0.27999990479998477,
    0.2799999848016694,
    0.2700000071622657,
    0.28,
    0.28,
    0.2700000023811744,
    0.2799999731199972,
    0.279999955199996,
    0.27000000105720495,
    0.2700000025550001,
    0.2799999953032257,
    0.2799999731199972,
    0.279999843199931,
    0.2799999945931034,
    0.2700000014938609,
    0.27000000042583333,
    0.27000000042583333,
    0.279999843199931,
    0.27000000042583333,
    0.27000001039762783,
    0.27000000042583333,
    0.27000000073096697,
    0.27,
    0.2700001554630738,
    0.27000000058400003,
    0.28,
    0.27,
    0.27999986693062456,
    0.27000002555000335,
    0.28,
    0.2799999854399993,
    0.2700000584000148,
    0.27000000163219684,
    0.27000018980014046,
    0.27999990479998477,
    0.28,
    0.27000002555000335,
    0.279999843199931,
    0.28,
    0.27000018980014046,
    0.27,
    0.279999843199931,
    0.27000000579365213,
    0.2700000584000148,
    0.27999990479998477,
    0.27999989879515635,
    0.27,
    0.28,
    0.279999843199931,
    0.27000001241000104,
    0.28,
    0.27,
    0.2700000264852778,
    0.2700001569161474,
    0.28,
    0.27,
    0.27,
    0.27000000427838844,
    0.27000000684375103,
    0.27999999686399996,
    0.27,
    0.2700000023295987,
    0.27,
    0.27,
    0.28,
    0.27,
    0.27,
    0.2700000088529564,
    0.28,
    0.27,
    0.279999843199931,
    0.28,
    0.279999843199931,
    0.28,
    0.27,
    0.279999843199931,
    0.27,
    0.270000032120005,
    0.27000002085714525,
    0.28,
    0.279999843199931,
    0.27,
    0.27,
    0.27,
    0.28,
    0.28,
    0.28,
    0.279999843199931,
    0.270000032120005,
    0.27000001241000104,
    0.279999843199931,
    0.2700000419750081,
    0.2700000262806848,
    0.28,
    0.28,
    0.28,
    0.27999991039996897,
    0.2700000500980849,
    0.27,
    0.27000000070533203,
    0.27,
    0.28,
    0.2899998563808867,
    0.28,
    0.28000013190857415,
    0.27,
    0.270000032120005,
    0.2700000004111785,
    0.27,
    0.2899999976043478,
    0.27,
    0.27,
    0.2700000017665544,
    0.289999866599928,
    0.2899999955533333,
    0.27,
    0.27,
    0.2700000030416675,
    0.2700000030416675,
    0.27,
    0.28999991156024796,
    0.29,
    0.28,
    0.28,
    0.27,
    0.27,
    0.27,
    0.27,
    0.27,
    0.2799998599999354,
    0.28,
    0.28,
    0.28,
    0.28,
    0.28,
    0.27000018980014046,
    0.279999843199931,
    0.27000000148048,
    0.27999999159999983,
    0.27,
    0.2700000043314663,
    0.28,
    0.28,
    0.28,
    0.28,
    0.27,
    0.27,
    0.27,
    0.27,
    0.28,
    0.28,
    0.28,
    0.28,
    0.28,
    0.27,
    0.270000002660247,
    0.28,
    0.270000001659091,
    0.28,
    0.27,
    0.27,
    0.27,
    0.27000000470937396,
    0.27,
    0.27,
    0.27,
    0.28,
    0.28,
    0.28,
    0.28,
    0.28,
    0.27,
    0.27000000584000033,
    0.27999987041317603,
    0.27999985345788364,
    0.2700000789191237,
    0.27,
    0.27,
    0.27,
    0.28,
    0.28,
    0.28,
    0.27,
    0.27,
    0.27,
    0.27,
    0.27,
    0.28,
    0.28,
    0.28,
    0.28,
    0.28,
    0.279999843199931,
    0.279999843199931,
    0.27,
    0.27,
    0.27,
    0.28,
    0.28,
    0.28,
    0.27000012586215577,
    0.27999988351995525,
    0.27,
    0.27,
    0.27,
    0.27,
    0.27,
    0.28,
    0.28,
    0.28,
    0.28,
    0.28,
    0.279999843199931,
    0.27,
    0.27,
    0.27,
    0.27,
    0.28,
    0.28,
    0.28,
    0.279999843199931,
    0.27,
    0.270000032120005,
    0.270000001659091,
    0.27999987555549566,
    0.27,
    0.27,
    0.27,
    0.27,
    0.27999990479998477,
    0.28,
    0.28,
    0.28,
    0.279999843199931,
    0.279999999104,
    0.27,
    0.27,
    0.27,
    0.27,
    0.27,
    0.279999843199931,
    0.27,
    0.279999843199931,
    0.28,
    0.28,
    0.28,
    0.28,
    0.28,
    0.27999985066662186,
    0.28,
    0.279999843199931,
    0.279999843199931,
    0.2799999854399993,
    0.27,
    0.27,
    0.27,
    0.28,
    0.2799999959797297,
    0.28,
    0.28,
    0.2700000053568412,
    0.27,
    0.279999843199931,
    0.27,
    0.27,
    0.27,
    0.27,
    0.27,
    0.28,
    0.28,
    0.28,
    0.28,
    0.28,
    0.28,
    0.27,
    0.2700000007672569,
    0.279999843199931,
    0.2799998958139115,
    0.27,
    0.27,
    0.27,
    0.27,
    0.28,
    0.28,
    0.28,
    0.27999992449435995,
    0.2700000299758659,
    0.27,
    0.27,
    0.2745420760799073,
    0.2600000325600181,
    0.27,
    0.2700000015113875,
    0.2700000912500342,
    0.279999843199931,
    0.27999988351995525,
    0.28,
    0.27,
    0.28,
    0.28,
    0.27,
    0.27,
    0.27,
    0.27,
    0.27000018980014046,
    0.279999843199931,
    0.28,
    0.279999843199931,
    0.27000018980014046,
    0.279999843199931,
    0.27,
    0.27,
    0.2899998732592208,
    0.289999881769188,
    0.289999866599928,
    0.29,
    0.27000000677857183,
    0.27000010631097376,
    0.2899998745191644,
    0.28,
    0.2700000025550001,
    0.279999843199931,
    0.2799999854399993,
    0.279999843199931,
    0.279999843199931,
    0.279999843199931,
    0.279999843199931,
    0.2799999939333332,
    0.279999843199931,
    0.270000012667155,
    0.27999999287272714,
    0.27,
    0.27999999287272714,
    0.27,
    0.2799999936533333,
    0.2799999525732825,
    0.27,
    0.27000000323682,
    0.27,
    0.27,
    0.27999999287272714,
    0.27,
    0.27000000652340506,
    0.28,
    0.28,
    0.28,
    0.28,
    0.27,
    0.2700000225517535,
    0.27,
    0.29,
    0.29,
    0.29,
    0.29,
    0.29,
    0.29,
    0.29,
    0.29,
    0.29,
    0.29,
    0.28999991461927116,
    0.28999983858484324,
    0.2899999640399973,
    0.289999866599928,
    0.289999866599928,
    0.29,
    0.289999866599928,
    0.28999989437082946,
    0.28999998462999926,
    0.279999843199931,
    0.279999843199931,
    0.2700001569161474,
    0.2799999887999995,
    0.27,
    0.27,
    0.28,
    0.27,
    0.27999986693062456,
    0.2799999895466664,
    0.27999988413789906,
    0.27,
    0.26,
    0.2600001565387295,
    0.26,
    0.26,
    0.26,
    0.26,
    0.26,
    0.25,
    0.24000000715294278,
    0.24000009120017146,
    0.24,
    0.25,
    0.25,
    0.25,
    0.25,
    0.25,
    0.25,
    0.25,
    0.25,
    0.2599998708965268,
    0.25,
    0.2599999603157851,
    0.25,
    0.25,
    0.25,
    0.25,
    0.25999999766,
    0.25999987433328936,
    0.26,
    0.26,
    0.2599998647999351,
    0.2599998647999351,
    0.25,
    0.2599999601702104,
    0.2599998647999351,
    0.2599998647999351,
    0.25,
    0.2599999838799994,
    0.26,
    0.26,
    0.26,
    0.26,
    0.26,
    0.27,
    0.27,
    0.26,
    0.26,
    0.26,
    0.28,
    0.2899998470908507,
    0.289999866599928,
    0.289999881769188,
    0.28999993167537297,
    0.28999998462999926,
    0.28999992313250417,
    0.2700000032017551,
    0.2899999148912831,
    0.2700000015690491,
    0.31,
    0.31,
    0.3,
    0.3,
    0.29999988749997186,
    0.2700000017804882,
    0.2967047393987134,
    0.29,
    0.29,
    0.29,
    0.29,
    0.27,
    0.27,
    0.27,
    0.27,
    0.3,
    0.3,
    0.3,
    0.3,
    0.3,
    0.27,
    0.27,
    0.27,
    0.3,
    0.3,
    0.3,
    0.3,
    0.27000004034212427,
    0.28,
    0.27,
    0.27,
    0.26,
    0.31,
    0.31,
    0.31,
    0.31,
    0.27,
    0.27,
    0.27,
    0.27,
    0.299999918918897,
    0.28,
    0.3599999142856837,
    0.3362856925579219,
    0.29999987704912995,
    0.2700000392825179,
    0.2700000516615825,
    0.27,
    0.28,
    0.2799998535384255,
    0.299999969999997,
    0.2700000437125984,
    0.2700000470967965,
    0.28999989437082946,
    0.27,
    0.28,
    0.28,
    0.2800000065753439,
    0.27,
    0.28999989788728797,
    0.27,
    0.30999990047366377,
    0.2800000398892276,
    0.3298565570700447,
    0.32985643149164795,
    0.2800001440004032,
    0.32985655735330416,
    0.3200307992822422,
    0.31,
    0.27,
    0.270000001178995,
    0.29,
    0.32003082005286515,
    0.33999993818179985,
    0.32991262864627835,
    0.32991262875982413,
    0.3200308252762919,
    0.32003080623643787,
    0.3100000414000389,
    0.34,
    0.3399999327083116,
    0.3100000414000389,
    0.3100000516066586,
    0.3100000490441382,
    0.31,
    0.3100000414000389,
    0.31,
    0.3300846841644431,
    0.33008450414490753,
    0.3400015286566496,
    0.34999986792449506,
    0.35,
    0.3300845246557744,
    0.3300845123743957,
    0.3399999421999809,
    0.3200000411231254,
    0.3200000400982876,
    0.31,
    0.34999989973955986,
    0.349999929999979,
    0.32000000159905956,
    0.3200000267980351,
    0.320000041846162,
    0.33993201887650265,
    0.32,
    0.3200000240176698,
    0.3499999335442884,
    0.3300030832404858,
    0.32000006060447334,
    0.33000308175163723,
    0.34003273432068754,
    0.33000306871479623,
    0.33000000511764704,
    0.33011914600372544,
    0.3301191633055253,
    0.3998775892052014,
    0.36,
    0.36,
    0.36,
    0.4199999597122244,
    0.35012822164993757,
    0.44892245036483963,
    0.3600324960762927,
    0.36004773845160315,
    0.3600477081633064,
    0.3600477366015505,
    0.36002085567747816,
    0.36002086178535586,
    0.3699277326106594,
    0.38,
    0.38,
    0.38,
    0.39982064421669106,
    0.3901788817510339,
    0.3901789081776647,
    0.39989910312559307,
    0.3998991031107575,
    0.39989910313201604,
    0.4,
    0.38000002783043657,
    0.41555555555555557,
    0.38,
    0.4,
    0.42,
    0.4200001740002958,
    0.43981629769194536,
    0.4000817488294587,
    0.4099476295479603,
    0.39006731703100106,
    0.37007801195179285,
    0.4197592505777536,
    0.4299999870999978,
    0.39,
    0.37009671822924073,
    0.35991223252347265,
    0.35,
    0.33,
    0.4199577639751553,
    0.3700285332878174,
    0.41986255383377147,
    0.41986255424015556,
    0.41986255400783135,
    0.34,
    0.34,
    0.36,
    0.37005621232190633,
    0.37005621730062965,
    0.3700562045322727,
    0.4297039466189659,
    0.429703946588489,
    0.34,
    0.37008229801301457,
    0.37008226520764603,
    0.3700822811330748,
    0.360054181219522,
    0.3601010139635903,
    0.37,
    0.3800546793484516,
    0.3800545975046545,
    0.3800545847478321,
    0.4198499060750171,
    0.37000001418564243,
    0.4399999832380943,
    0.36002664922674293,
    0.3900580100781952,
    0.3900580111379986,
    0.4699999832142817,
    0.33000001956204844,
    0.34,
    0.4799563676029452,
    0.39,
    0.38990127826941984,
    0.3898437946431146,
    0.38976282863332856,
    0.3900939968872197,
    0.3900940495980689,
    0.3800000201500044,
    0.3901323136933264,
    0.38,
    0.3900000244000039,
    0.38,
    0.3898709252809953,
    0.38987093036264625,
    0.3898709315136167,
    0.38,
    0.39,
    0.42006062918602116,
    0.4398982763492512,
    0.4200606447182636,
    0.4299045852107077,
    0.4200852378350533,
    0.4499999549999955,
    0.42,
    0.39000000532087253,
    0.4686773289757256,
    0.38,
    0.39,
    0.3900000114862144,
    0.4498740203234663,
    0.4498740413060306,
    0.39005034308993825,
    0.39005052226703896,
    0.390050387909326,
    0.39,
    0.39,
    0.39,
    0.39,
    0.45,
    0.45,
    0.4201340093325155,
    0.42013398226367565,
    0.48,
    0.48,
    0.3800000046526116,
    0.4,
    0.39,
    0.39,
    0.4864446552668178,
    0.47990556814194735,
    0.47999253730981334,
    0.39,
    0.4799925372940842,
    0.46994816132153494,
    0.4699481619176534,
    0.4699481616379706,
    0.47870250428678524,
    0.41003206219138183,
    0.4100320495961606,
    0.419832723257426,
    0.4100320644566465,
    0.4198327220385801,
    0.41003203973467317,
    0.4001249700972964,
    0.4298649212044385,
    0.40012496227304256,
    0.4101252757194147,
    0.41012532540687796,
    0.3800000225454742,
    0.38,
    0.4700350332031104,
    0.4700350318410509,
    0.48016100852024407,
    0.4801609979710683,
    0.48004271587220465,
    0.48004272921757757,
    0.4800426988066128,
    0.4600000810811124,
    0.4899037740381977,
    0.4899037746083461,
    0.4798350296360252,
    0.4798350296689288,
    0.4899037746988392,
    0.47994082840236685,
    0.4799592092877314,
    0.39,
    0.3799940668824164,
    0.37999406703220695,
    0.3799940670036831,
    0.3800335047487581,
    0.38010786294718785,
    0.3801077728567857,
    0.3801077593146363,
    0.38,
    0.37,
    0.41008008484014247,
    0.39013737830952244,
    0.44,
    0.39011357353080456,
    0.4598655711286267,
    0.4499212598425197,
    0.4598655701873635,
    0.45986557076848605,
    0.4,
    0.39008309675096364,
    0.39017117066978796,
    0.37,
    0.42010032796774316,
    0.4398550299872812,
    0.4398550302392473,
    0.4398550303983469,
    0.4398928475096321,
    0.43989284755182917,
    0.4399723527562841,
    0.42994441353974533,
    0.42994441139226147,
    0.42999341449037576,
    0.4299934142704316,
    0.43997235275799107,
    0.42997907368654975,
    0.4299790737775979,
    0.37,
    0.42997907354243936,
    0.39,
    0.41,
    0.4000664659301867,
    0.42986000548998077,
    0.4000664620271708,
    0.39,
    0.3800779763242914,
    0.38,
    0.37,
    0.37,
    0.41995938489438256,
    0.4199593829915176,
    0.4000564778429454,
    0.42981205662629524,
    0.4000564733928308,
    0.4201033311750948,
    0.40005649321264797,
    0.44013635468541656,
    0.44013643157318366,
    0.44013635350521607,
    0.43988990395877253,
    0.4399391039294475,
    0.43993910388067486,
    0.4400434665196129,
    0.44004346300320646,
    0.4400931787536072,
    0.440118947411896,
    0.44011894539991914,
    0.43979823432495724,
    0.4397982333294569,
    0.4397982342787102,
    0.4399390429282558,
    0.42001901316484397,
    0.42001898631241025,
    0.43997732394366196,
    0.43997732424962627,
    0.4399773242045037,
    0.44919125280014877,
    0.37,
    0.37,
    0.35,
    0.35000013747896574,
    0.37982854424157925,
    0.37982854468450494,
    0.37982854337399446,
    0.38011485989068067,
    0.38,
    0.4299809264305177,
    0.3801001020162205,
    0.38978574987543596,
    0.38009064321522407,
    0.3899898647829377,
    0.3800906405738803,
    0.38998986479812725,
    0.38,
    0.4298918505016169,
    0.4,
    0.4,
    0.3900727024181582,
    0.42,
    0.429948948948949,
    0.40002527521472375,
    0.4399203288864668,
    0.4399203286642767,
    0.43992032889024235,
    0.38,
    0.39001046944374396,
    0.39001041914363355,
    0.42985659608210924,
    0.38,
    0.42,
    0.4297914735866543,
    0.410056109462671,
    0.41005604346555063,
    0.4,
    0.3900995145052818,
    0.36,
    0.3700452378072928,
    0.38000002162791124,
    0.3800000087529421,
    0.42989016329070595,
    0.36,
    0.35,
    0.37,
    0.36007665548774137,
    0.3700897574391297,
    0.37008971122055107,
    0.3700897506967715,
    0.36,
    0.3898720232323545,
    0.35,
    0.3700673885360183,
    0.36,
    0.3999403409090909,
    0.40984672766065894,
    0.4098467284243076,
    0.4099769855929073,
    0.4099306796212463,
    0.4099306794796686,
    0.4099598214285714,
    0.4100222656028049,
    0.4100222692702216,
    0.39990483741174415,
    0.38992154627700365,
    0.38992154589016426,
    0.3899215456674473,
    0.39010714969961013,
    0.39010706517916327,
    0.39010707193041566,
    0.3998571914136828,
    0.39985719132879555,
    0.3900444717711612,
    0.39002247668728734,
    0.39989916450590607,
    0.3900449877277201,
    0.39004492797847107,
    0.39987321284057187,
    0.39975353719762663,
    0.39983060417843025,
    0.4100049838766973,
    0.4100049871368361,
    0.420034268961723,
    0.42003425822852664,
    0.41,
    0.41,
    0.45993035818177347,
    0.4599303581411572,
    0.420085167880185,
    0.42008515627891213,
    0.45993035827909795,
    0.4699332777314429,
    0.48004147967939537,
    0.4698152254249815,
    0.46985219095782765,
    0.46985219143263507,
    0.539999971199992,
    0.4,
    0.41,
    0.5,
    0.41,
    0.5100070362081848,
    0.5,
    0.5201335112315812,
    0.5100070608306866,
    0.5100070273465759,
    0.56,
    0.56,
    0.56,
    0.5200883744870685,
    0.65,
    0.8712871166356169
]
