[
    0.001,
    0.001,
    0.001,
    0.001,
    0.001,
    0.001,
    0.001,
    0.001,
    0.001,
    0.001,
    0.001,
    0.001,
    0.001,
    0.001,
    0.001,
    0.001,
    0.001,
    0.001,
    0.001,
    0.001,
    0.001,
    0.001,
    0.001,
    0.001,
    0.002,
    0.002,
    0.002,
    0.002,
    0.002,
    0.002,
    0.001,
    0.002,
    0.002,
    0.002,
    0.002,
    0.01,
    0.01,
    0.01,
    0.01,
    0.01,
    0.01,
    0.01,
    0.01,
    0.01,
    0.02,
    0.01,
    0.01,
    0.01,
    0.02,
    0.01,
    0.02,
    0.01,
    0.01,
    0.02,
    0.01,
    0.01,
    0.01,
    0.02,
    0.01,
    0.02,
    0.01,
    0.01,
    0.01,
    0.01,
    0.01,
    0.01,
    0.01,
    0.01,
    0.01,
    0.01,
    0.01,
    0.01,
    0.02,
    0.02,
    0.02,
    0.02,
    0.02,
    0.02,
    0.02,
    0.02,
    0.02,
    0.02,
    0.02,
    0.03,
    0.02,
    0.03,
    0.03,
    0.03,
    0.03,
    0.05999998895999983,
    0.04,
    0.04,
    0.050504191015373325,
    0.05,
    0.05,
    0.06,
    0.06,
    0.08,
    0.08,
    0.06,
    0.06000000075200033,
    0.060000037600487305,
    0.060000003760011265,
    0.07,
    0.06,
    0.060000000333228186,
    0.06,
    0.07,
    0.07,
    0.06593420287447038,
    0.06,
    0.06,
    0.07,
    0.06000000037600005,
    0.07,
    0.07,
    0.07,
    0.07,
    0.07,
    0.06000000018681282,
    0.07000000048921629,
    0.07000000041047522,
    0.08,
    0.08,
    0.07,
    0.06,
    0.06,
    0.06,
    0.07,
    0.06,
    0.07,
    0.05,
    0.05,
    0.08,
    0.08,
    0.08,
    0.08,
    0.10999998151999942,
    0.1,
    0.11,
    0.14,
    0.12,
    0.12,
    0.12,
    0.12,
    0.17,
    0.17,
    0.16,
    0.2,
    0.2,
    0.21,
    0.22,
    0.19,
    0.18,
    0.19,
    0.2,
    0.2,
    0.19,
    0.19,
    0.2,
    0.19,
    0.19,
    0.19,
    0.19,
    0.19000000070954087,
    0.19,
    0.19000000722497587,
    0.19000000722497587,
    0.1900000145800012,
    0.19,
    0.18,
    0.18,
    0.17,
    0.1700000033200013,
    0.1700000033200013,
    0.16000000336000167,
    0.16000000067200004,
    0.15,
    0.13,
    0.15,
    0.14,
    0.14,
    0.15,
    0.16,
    0.16,
    0.1478125,
    0.13000000007883292,
    0.13,
    0.11951672078288973,
    0.08,
    0.1100000053400005,
    0.11000000398879707,
    0.13,
    0.12,
    0.15,
    0.1409009009009009,
    0.1,
    0.10998573787933676,
    0.08,
    0.07,
    0.07,
    0.1,
    0.14999997599999904,
    0.11,
    0.13,
    0.14,
    0.13,
    0.12,
    0.15992108611942024,
    0.14,
    0.12,
    0.12,
    0.09,
    0.09000000004137586,
    0.09,
    0.09,
    0.11999998079999923,
    0.11,
    0.12,
    0.11000000044500002,
    0.11000000044500002,
    0.11,
    0.09,
    0.11,
    0.12,
    0.1,
    0.08,
    0.08,
    0.08,
    0.07,
    0.06000000188000263,
    0.07,
    0.055250891809933575,
    0.06,
    0.05,
    0.05,
    0.05,
    0.05,
    0.05,
    0.05,
    0.05,
    0.05,
    0.05,
    0.05,
    0.04,
    0.04,
    0.04,
    0.03,
    0.030000000210115892,
    0.05,
    0.06,
    0.06,
    0.06999999052941165,
    0.06000000094000056,
    0.06,
    0.060000006084144325,
    0.06000000110070287,
    0.07,
    0.06,
    0.0699999995738714,
    0.07,
    0.06000000037600005,
    0.06,
    0.06999993629999426,
    0.060000037600487305,
    0.060000000302591394,
    0.06000000125333442,
    0.06000000094000056,
    0.06,
    0.060000000568663114,
    0.06000000047812823,
    0.06999998739999974,
    0.069999997799795,
    0.06,
    0.06999996884999829,
    0.06999999897414787,
    0.06999996884999829,
    0.06,
    0.06,
    0.05,
    0.05,
    0.05,
    0.07,
    0.05,
    0.06,
    0.05999999198838887,
    0.04,
    0.04,
    0.05,
    0.04,
    0.07,
    0.06,
    0.06,
    0.06,
    0.06,
    0.06000001560174365,
    0.06,
    0.06999996884999829,
    0.06,
    0.06000000028446059,
    0.06999998739999974,
    0.07,
    0.07,
    0.1,
    0.0900000004188585,
    0.1,
    0.1,
    0.11,
    0.12,
    0.08,
    0.1,
    0.1,
    0.1,
    0.1,
    0.12,
    0.18999997263999846,
    0.16,
    0.14,
    0.16999988609996242,
    0.12,
    0.11,
    0.11000000019927232,
    0.16,
    0.14407960199004974,
    0.12000000035200002,
    0.15920051966221957,
    0.12,
    0.13,
    0.13,
    0.12,
    0.12000000971986617,
    0.13,
    0.13,
    0.12000001021771263,
    0.13,
    0.12,
    0.12973307708733717,
    0.11,
    0.1,
    0.11,
    0.10999998151999942,
    0.09,
    0.1,
    0.1,
    0.1,
    0.1,
    0.16,
    0.16999994219999076,
    0.17,
    0.17,
    0.20999997395999803,
    0.2,
    0.2755361872762507,
    0.2899999274999819,
    0.2999999982,
    0.28,
    0.28,
    0.28,
    0.28,
    0.28,
    0.28,
    0.3019796299023171,
    0.3,
    0.3,
    0.3299999295999915,
    0.3,
    0.3,
    0.3,
    0.3,
    0.3,
    0.32,
    0.3200000099755524,
    0.33999999248099505,
    0.32,
    0.32,
    0.32,
    0.31,
    0.31,
    0.3500000023714781,
    0.34,
    0.35,
    0.350000000975,
    0.350000000975,
    0.35,
    0.35000000257120256,
    0.35000000477941245,
    0.35,
    0.35,
    0.35000005909092163,
    0.3599999870399992,
    0.36,
    0.34,
    0.35,
    0.33,
    0.36,
    0.36,
    0.36,
    0.3699999812873551,
    0.3699999961734779,
    0.36,
    0.36,
    0.36,
    0.35,
    0.35,
    0.35,
    0.35,
    0.35,
    0.35,
    0.35,
    0.35,
    0.35,
    0.3300000804000707,
    0.36,
    0.36,
    0.36,
    0.3499999986,
    0.32,
    0.31,
    0.31,
    0.33,
    0.31,
    0.3,
    0.3200000078840602,
    0.3200000078840602,
    0.33,
    0.2900000009512395,
    0.29,
    0.32,
    0.31,
    0.33,
    0.32,
    0.32999978219992593,
    0.34,
    0.33,
    0.32,
    0.3200000013155986,
    0.33,
    0.3200000078840602,
    0.32,
    0.31,
    0.3099998294999233,
    0.29,
    0.3,
    0.2900028401022437,
    0.29,
    0.31,
    0.32,
    0.32,
    0.32,
    0.32,
    0.33,
    0.33,
    0.31,
    0.31,
    0.31,
    0.31,
    0.33,
    0.37,
    0.36,
    0.3899998971817518,
    0.37,
    0.35,
    0.35,
    0.38,
    0.37,
    0.389999999064,
    0.3895592713874578,
    0.37000006300001337,
    0.36,
    0.36,
    0.36,
    0.3300000002789237,
    0.34,
    0.3404107484658545,
    0.33,
    0.33,
    0.33,
    0.33000003301451025,
    0.33000001576471477,
    0.33,
    0.31,
    0.31,
    0.33,
    0.31,
    0.3299999751035485,
    0.32,
    0.3100012420474462,
    0.31,
    0.33,
    0.31,
    0.32,
    0.31,
    0.31000000103500003,
    0.31,
    0.32,
    0.3100012420474462,
    0.33,
    0.31,
    0.31,
    0.33,
    0.32,
    0.34,
    0.33,
    0.32,
    0.33,
    0.3100000017128037,
    0.33,
    0.34,
    0.33,
    0.33,
    0.33,
    0.34,
    0.33,
    0.34,
    0.34,
    0.33,
    0.33,
    0.35,
    0.34,
    0.33,
    0.34,
    0.33,
    0.33,
    0.34,
    0.35,
    0.35,
    0.33,
    0.33,
    0.36,
    0.33,
    0.33,
    0.31,
    0.31,
    0.31,
    0.2900000497000131,
    0.3,
    0.29,
    0.31,
    0.31,
    0.31,
    0.31,
    0.30999998945999985,
    0.30999998945999985,
    0.31,
    0.31,
    0.31,
    0.31,
    0.30000000099171215,
    0.3,
    0.31,
    0.31,
    0.30000000032340035,
    0.3,
    0.31,
    0.31,
    0.3,
    0.3,
    0.2900000081650003,
    0.31,
    0.32,
    0.32,
    0.30000002333334036,
    0.32,
    0.32,
    0.3,
    0.31470802016788674,
    0.29,
    0.28,
    0.3,
    0.28000000106304446,
    0.29,
    0.28453341521745185,
    0.28,
    0.28,
    0.29,
    0.289999866599928,
    0.28000000421463433,
    0.29,
    0.29,
    0.2700000584000148,
    0.29,
    0.28999999758333334,
    0.29,
    0.299999969999997,
    0.3,
    0.3,
    0.3,
    0.31,
    0.31,
    0.31,
    0.3,
    0.31,
    0.31,
    0.31,
    0.31,
    0.31,
    0.30999998945999985,
    0.3,
    0.31,
    0.3122561257208614,
    0.29,
    0.31,
    0.31,
    0.3,
    0.31,
    0.3,
    0.29,
    0.32,
    0.32,
    0.2900000009450013,
    0.32,
    0.31,
    0.31,
    0.31,
    0.31,
    0.31,
    0.32,
    0.31,
    0.3118708988512478,
    0.28,
    0.31,
    0.33,
    0.31,
    0.31,
    0.3100000414000389,
    0.32999978219992593,
    0.3,
    0.32999978219992593,
    0.33,
    0.33,
    0.34,
    0.34,
    0.35,
    0.37,
    0.35,
    0.36,
    0.39,
    0.3700000011195735,
    0.370000018900007,
    0.4,
    0.42,
    0.44,
    0.43,
    0.42,
    0.39953416655409024,
    0.3928308372207218,
    0.39,
    0.3500000039393942,
    0.41,
    0.4,
    0.45,
    0.4497217142402799,
    0.44,
    0.43,
    0.420000000827568,
    0.4499997974998886,
    0.44,
    0.43000296404386784,
    0.45,
    0.43,
    0.42999995054998097,
    0.43,
    0.43,
    0.4299998279998968,
    0.43,
    0.43,
    0.43,
    0.43,
    0.43,
    0.43,
    0.43,
    0.45,
    0.46,
    0.43,
    0.42999995054998097,
    0.4,
    0.37000000115971743,
    0.38,
    0.4,
    0.4,
    0.4,
    0.4,
    0.4,
    0.3800000041575862,
    0.4,
    0.4,
    0.4,
    0.4,
    0.38000003743396704,
    0.4,
    0.4,
    0.37000000850500075,
    0.4,
    0.3700000018258183,
    0.42,
    0.43999997066665886,
    0.42,
    0.4200000010849215,
    0.43,
    0.4300000116734937,
    0.42541820502626465,
    0.35000005909092163,
    0.35000005909092163,
    0.35999999958636536,
    0.35,
    0.35,
    0.33,
    0.35,
    0.4,
    0.42,
    0.42,
    0.42000000464000087,
    0.43000001276447947,
    0.42,
    0.42746757142857145,
    0.40027179388863154,
    0.4,
    0.41,
    0.4399999894399992,
    0.39,
    0.39,
    0.37047619047619046,
    0.37,
    0.3500000325000114,
    0.35000009750003414,
    0.3799999011999269,
    0.3799999863199996,
    0.37,
    0.36999992723332337,
    0.36006058446186745,
    0.37999998327999907,
    0.3799999741599966,
    0.37707039480485094,
    0.35000009750003414,
    0.36958569360383076,
    0.36999997539408425,
    0.37,
    0.37,
    0.37,
    0.37,
    0.36,
    0.36,
    0.37,
    0.37,
    0.37,
    0.36,
    0.36,
    0.3600359947643979,
    0.36,
    0.37,
    0.35,
    0.37,
    0.3699999920086392,
    0.35,
    0.35,
    0.35,
    0.3500000080745351,
    0.3500000024074075,
    0.35000000650000057,
    0.36999999803899997,
    0.37,
    0.369999999593,
    0.3699999691230534,
    0.35,
    0.35,
    0.37,
    0.35,
    0.35,
    0.35,
    0.3599999858977139,
    0.36,
    0.37,
    0.37,
    0.37,
    0.37,
    0.35,
    0.37,
    0.37,
    0.37,
    0.38,
    0.38,
    0.38,
    0.38,
    0.38,
    0.38,
    0.37000001197000215,
    0.38,
    0.36,
    0.36,
    0.37,
    0.36,
    0.36,
    0.36999999378399984,
    0.36,
    0.36,
    0.37,
    0.36,
    0.37,
    0.38,
    0.38,
    0.38,
    0.38,
    0.38,
    0.38,
    0.38,
    0.38,
    0.38,
    0.37,
    0.36,
    0.37,
    0.37,
    0.38,
    0.38,
    0.38,
    0.38,
    0.38,
    0.37999994679998084,
    0.38,
    0.38,
    0.38,
    0.38,
    0.38,
    0.38,
    0.38,
    0.38,
    0.3799999741599966,
    0.38,
    0.38,
    0.3705139437012081,
    0.37,
    0.37,
    0.37,
    0.37,
    0.37,
    0.37,
    0.37,
    0.37,
    0.38,
    0.38,
    0.38,
    0.38,
    0.38,
    0.38,
    0.38,
    0.38,
    0.38,
    0.38,
    0.38,
    0.38,
    0.38,
    0.38,
    0.38,
    0.37,
    0.37,
    0.37,
    0.37,
    0.37,
    0.38,
    0.38,
    0.38,
    0.38,
    0.38,
    0.38,
    0.38,
    0.38,
    0.38,
    0.38,
    0.38,
    0.38,
    0.38,
    0.38,
    0.38,
    0.38,
    0.37,
    0.37,
    0.38,
    0.37,
    0.37,
    0.37,
    0.37,
    0.37,
    0.37,
    0.37,
    0.37,
    0.37,
    0.37,
    0.37,
    0.37,
    0.37,
    0.37,
    0.37,
    0.37,
    0.37,
    0.37,
    0.37,
    0.37,
    0.37,
    0.37,
    0.37,
    0.37,
    0.37,
    0.37,
    0.37,
    0.37,
    0.37,
    0.37,
    0.37,
    0.37,
    0.37,
    0.37,
    0.37,
    0.37,
    0.37,
    0.37,
    0.37,
    0.37,
    0.37,
    0.36,
    0.35,
    0.35,
    0.35999999308799985,
    0.3599999567134234,
    0.36,
    0.35999987039991704,
    0.35999997695999686,
    0.36,
    0.37,
    0.36,
    0.36999995818007336,
    0.36,
    0.37,
    0.3699999695446557,
    0.3699999645744652,
    0.36999991119997694,
    0.36999998652965327,
    0.3699999887149998,
    0.3699999988811703,
    0.37,
    0.35000000650000057,
    0.36,
    0.35,
    0.35,
    0.35,
    0.34,
    0.35,
    0.35,
    0.35,
    0.35,
    0.35,
    0.35,
    0.35,
    0.35,
    0.35,
    0.35,
    0.35,
    0.35,
    0.35,
    0.35,
    0.35,
    0.35,
    0.35,
    0.35,
    0.35,
    0.35,
    0.35,
    0.35,
    0.36,
    0.37,
    0.36,
    0.37,
    0.36,
    0.36,
    0.36,
    0.36,
    0.35,
    0.37,
    0.36,
    0.35,
    0.37,
    0.36,
    0.37,
    0.36,
    0.36,
    0.36,
    0.36,
    0.35,
    0.37,
    0.37,
    0.37,
    0.37,
    0.36,
    0.36,
    0.37,
    0.37,
    0.35,
    0.36,
    0.36,
    0.36,
    0.37,
    0.37,
    0.37,
    0.36,
    0.35,
    0.37,
    0.37,
    0.36,
    0.37,
    0.37,
    0.37,
    0.35,
    0.35,
    0.35,
    0.35,
    0.35,
    0.35,
    0.35,
    0.35,
    0.35,
    0.35,
    0.35,
    0.35,
    0.35,
    0.35,
    0.35,
    0.35,
    0.38,
    0.38,
    0.38,
    0.38,
    0.38,
    0.38,
    0.38,
    0.38,
    0.38,
    0.38,
    0.3800000333846264,
    0.3800000012750643,
    0.3800000124068932,
    0.3899999911079998,
    0.38,
    0.38000000090933334,
    0.38,
    0.39,
    0.38,
    0.38000000118544447,
    0.3985775597792765,
    0.3984385516220218,
    0.38,
    0.39,
    0.38,
    0.38000000526624694,
    0.38,
    0.4,
    0.3800000035177307,
    0.3899999888199996,
    0.38000014880011307,
    0.3800000372000052,
    0.39,
    0.38,
    0.4,
    0.4,
    0.3931640565487863,
    0.389999890799976,
    0.38,
    0.38,
    0.38000002229213903,
    0.3800000255012876,
    0.4,
    0.4,
    0.4,
    0.380000009705341,
    0.39,
    0.38,
    0.4,
    0.390000003904,
    0.39000002317789606,
    0.390000014560303,
    0.4,
    0.4,
    0.4,
    0.390000003904,
    0.4,
    0.39,
    0.38999998787837714,
    0.38000001221675456,
    0.38000014880011307,
    0.3800000192746128,
    0.38999996481765475,
    0.3800000372000052,
    0.38000014880011307,
    0.38999992562788655,
    0.38000014880011307,
    0.38,
    0.3800000003263158,
    0.3800000372000052,
    0.3800000372000052,
    0.38000002608911104,
    0.38000004054497855,
    0.38999998624151827,
    0.38000002616034195,
    0.38999996291802413,
    0.3800000004133333,
    0.3800000372000052,
    0.39,
    0.38000007464887037,
    0.3800000110467729,
    0.3899999773799968,
    0.38,
    0.38,
    0.38000000165919307,
    0.3899999653333287,
    0.3899999672123849,
    0.38,
    0.3899999994936741,
    0.38,
    0.38,
    0.3800000027414661,
    0.38000014880011307,
    0.380000005786667,
    0.3800000372000052,
    0.3800000018600001,
    0.38000014880011307,
    0.3800000372000052,
    0.38000014880011307,
    0.3800000372000052,
    0.38,
    0.38,
    0.38,
    0.38,
    0.38,
    0.38999997128513886,
    0.3899999911079998,
    0.3899999547937095,
    0.39,
    0.39,
    0.39,
    0.39,
    0.39,
    0.39,
    0.39,
    0.39,
    0.39,
    0.39,
    0.39,
    0.39,
    0.39,
    0.39,
    0.39,
    0.39,
    0.39,
    0.39,
    0.39,
    0.4,
    0.4099999446499798,
    0.39,
    0.39,
    0.39,
    0.39,
    0.39,
    0.4,
    0.39,
    0.39,
    0.39,
    0.39,
    0.39,
    0.39,
    0.4,
    0.4,
    0.4,
    0.4,
    0.41,
    0.4,
    0.4,
    0.4,
    0.39,
    0.38994799414676595,
    0.4,
    0.4,
    0.39,
    0.39,
    0.37,
    0.38,
    0.37,
    0.38,
    0.37,
    0.39,
    0.38,
    0.37,
    0.37,
    0.37,
    0.37,
    0.37,
    0.36999999803899997,
    0.37,
    0.36999991119997694,
    0.36999992723332337,
    0.3699999887149998,
    0.3699998945595609,
    0.36999997680757823,
    0.3699999586184166,
    0.3699999193589575,
    0.37000000003207434,
    0.37,
    0.37,
    0.37,
    0.37,
    0.37,
    0.37,
    0.37,
    0.37,
    0.37,
    0.37,
    0.37,
    0.37,
    0.37,
    0.37,
    0.37,
    0.37,
    0.37,
    0.37,
    0.37,
    0.37,
    0.37,
    0.37,
    0.3699999221052503,
    0.38,
    0.37,
    0.37,
    0.37,
    0.37,
    0.37,
    0.37,
    0.37,
    0.37,
    0.37,
    0.37,
    0.37,
    0.37,
    0.37,
    0.37,
    0.37,
    0.3799999040403798,
    0.37,
    0.37,
    0.37,
    0.37,
    0.37,
    0.37,
    0.37,
    0.37,
    0.37,
    0.37,
    0.37,
    0.37,
    0.37,
    0.37,
    0.37,
    0.37,
    0.37,
    0.37,
    0.37,
    0.37,
    0.37,
    0.37,
    0.37,
    0.37,
    0.37,
    0.37,
    0.37,
    0.37,
    0.37,
    0.37,
    0.37,
    0.37,
    0.37,
    0.37,
    0.37,
    0.37,
    0.37,
    0.37,
    0.37,
    0.37,
    0.37,
    0.37,
    0.37,
    0.37,
    0.37,
    0.37,
    0.37,
    0.37,
    0.37,
    0.37,
    0.37,
    0.37,
    0.37,
    0.36883529162342804,
    0.35000000183360297,
    0.35,
    0.35000009750003414,
    0.3500000113835394,
    0.35,
    0.35000001083333554,
    0.3599999870399992,
    0.35,
    0.35,
    0.3500003611125154,
    0.35999999459999993,
    0.36,
    0.36,
    0.36,
    0.36,
    0.36,
    0.36,
    0.36,
    0.36,
    0.36,
    0.36,
    0.36,
    0.36,
    0.36,
    0.36,
    0.36,
    0.36,
    0.36,
    0.36,
    0.3699999856403609,
    0.3699998778639994,
    0.369999906565633,
    0.36999992723332337,
    0.3699999091817579,
    0.36999995229558863,
    0.36,
    0.36,
    0.36,
    0.36,
    0.36,
    0.36,
    0.36999998644274756,
    0.369999990756796,
    0.37,
    0.36,
    0.36999997221343534,
    0.369999959579825,
    0.36,
    0.36,
    0.36,
    0.36,
    0.36,
    0.36,
    0.36,
    0.36,
    0.36,
    0.36,
    0.36,
    0.36,
    0.36,
    0.36,
    0.36,
    0.36,
    0.36,
    0.36,
    0.36,
    0.36,
    0.36999997935193446,
    0.36,
    0.36,
    0.36,
    0.36,
    0.36999994908255246,
    0.36,
    0.36,
    0.36,
    0.36,
    0.36999991119997694,
    0.36999986309991373,
    0.36,
    0.3699999710269562,
    0.36,
    0.3699999648734155,
    0.36999986309991373,
    0.37,
    0.36,
    0.36,
    0.36,
    0.36,
    0.36,
    0.3699999381671096,
    0.36999986309991373,
    0.36,
    0.369999941043933,
    0.36,
    0.36,
    0.37,
    0.3699999054625376,
    0.36,
    0.36999991119997694,
    0.3699998917923824,
    0.36,
    0.36999997628204845,
    0.3699999992045,
    0.36,
    0.36,
    0.36,
    0.36999996089430515,
    0.36,
    0.36999996743999636,
    0.3699999684711727,
    0.36,
    0.3699999264204274,
    0.36,
    0.36999990183671067,
    0.3699999696834233,
    0.36999986309991373,
    0.36,
    0.36,
    0.36,
    0.36999990495406565,
    0.37,
    0.36,
    0.36999999226363617,
    0.36,
    0.36,
    0.36999996743999636,
    0.3699999887149998,
    0.36,
    0.36,
    0.36999989924105386,
    0.36,
    0.36,
    0.36999998149999863,
    0.36,
    0.36,
    0.3699998962616144,
    0.3699999925999999,
    0.36,
    0.36,
    0.36999996813707975,
    0.36999997507368065,
    0.37,
    0.36,
    0.3699999381671096,
    0.36,
    0.36,
    0.36,
    0.3699999529736158,
    0.36999994320928464,
    0.36999996942148505,
    0.36,
    0.37,
    0.36,
    0.36,
    0.36,
    0.37,
    0.36,
    0.36,
    0.36,
    0.37,
    0.3699999807533625,
    0.36,
    0.36999997705999915,
    0.36999986309991373,
    0.36,
    0.36,
    0.36,
    0.36999997705999915,
    0.36,
    0.36,
    0.36999997508259064,
    0.36999999570799996,
    0.36,
    0.36999993095691763,
    0.3699999835085703,
    0.36,
    0.37,
    0.36,
    0.36,
    0.36,
    0.36999990251493736,
    0.37,
    0.36999996743999636,
    0.36,
    0.36999992019605654,
    0.36,
    0.36999996743999636,
    0.36999987666664147,
    0.36,
    0.36999997539408425,
    0.3699999667554051,
    0.36,
    0.36,
    0.36,
    0.36999986309991373,
    0.36999999254032234,
    0.36,
    0.37,
    0.37,
    0.36,
    0.36,
    0.36999999454249993,
    0.3699999887149998,
    0.36999993304759926,
    0.36999997705999915,
    0.36,
    0.35999987039991704,
    0.36,
    0.36,
    0.36,
    0.36,
    0.36,
    0.36,
    0.359999997696,
    0.35000003110048444,
    0.36,
    0.35000000327621,
    0.3599997902911807,
    0.35,
    0.3500001274512053,
    0.35000004534885515,
    0.36,
    0.35000000650000057,
    0.35999993759999,
    0.35999984316822986,
    0.35000006132082606,
    0.35,
    0.3599998924137634,
    0.35999997695999686,
    0.35000009848490815,
    0.35,
    0.35000000650000057,
    0.35999992079997784,
    0.3599999753142839,
    0.35999999039999964,
    0.3599998369810521,
    0.35,
    0.35000000822091193,
    0.35,
    0.36,
    0.35,
    0.35999998575824077,
    0.35000000747126514,
    0.3500000182328237,
    0.3599998164705019,
    0.35999987039991704,
    0.35000009112165287,
    0.3599998115887076,
    0.35,
    0.35000007330837263,
    0.35,
    0.3500001857145864,
    0.35,
    0.3599998115887076,
    0.35999987039991704,
    0.35,
    0.35999997695999686,
    0.3599998628570645,
    0.3599999661839496,
    0.35000001646959694,
    0.35,
    0.36,
    0.35,
    0.36,
    0.35,
    0.36,
    0.35,
    0.35,
    0.35,
    0.35999997695999686,
    0.35000000650000057,
    0.3500000356490056,
    0.36,
    0.35,
    0.35,
    0.36,
    0.35999999759999995,
    0.35000002708333594,
    0.35000009750003414,
    0.3500000096296309,
    0.3599999447923231,
    0.35000011607149073,
    0.3599999414237185,
    0.350000000975,
    0.359999998704,
    0.35,
    0.35000004140128443,
    0.35000001553537546,
    0.3500000003611111,
    0.35,
    0.3599999969598874,
    0.3500000325000114,
    0.3500000037015946,
    0.35000000191552066,
    0.3500000045170259,
    0.3599999732980117,
    0.3599997902911807,
    0.35000009750003414,
    0.3500000059090919,
    0.3500001274512053,
    0.35,
    0.35,
    0.35,
    0.3599999039999616,
    0.35,
    0.36,
    0.359999997696,
    0.35999998652267773,
    0.35,
    0.3599998164705019,
    0.35,
    0.3500001036684104,
    0.36,
    0.35000021666688336,
    0.36,
    0.3599998892306968,
    0.36,
    0.35,
    0.35999987039991704,
    0.3599997902911807,
    0.35,
    0.35,
    0.3500000631068513,
    0.35,
    0.35,
    0.35,
    0.3599998071427883,
    0.35999997695999686,
    0.35999999308799985,
    0.3599998369810521,
    0.35999992079997784,
    0.35999987039991704,
    0.35999998658763693,
    0.359999997696,
    0.35999987039991704,
    0.35999996557768565,
    0.3599999926670907,
    0.35999987039991704,
    0.36688147091909773,
    0.35999987039991704,
    0.35999987039991704,
    0.35,
    0.3599999920799998,
    0.35999987039991704,
    0.35999987039991704,
    0.35,
    0.35,
    0.35,
    0.35,
    0.3596804296771402,
    0.3499604004321235,
    0.34996039472882484,
    0.35,
    0.35,
    0.35,
    0.35,
    0.35,
    0.35,
    0.35,
    0.35,
    0.35,
    0.35,
    0.35,
    0.35,
    0.35,
    0.35,
    0.35,
    0.35,
    0.35,
    0.35,
    0.35,
    0.35,
    0.35,
    0.35,
    0.35,
    0.35,
    0.35,
    0.35,
    0.35,
    0.35,
    0.35,
    0.35,
    0.35,
    0.35,
    0.35,
    0.3499999842499991,
    0.3499998774999204,
    0.3499998774999204,
    0.34999994749999036,
    0.3499998774999204,
    0.35,
    0.34,
    0.34,
    0.34,
    0.3499998774999204,
    0.34999991599998653,
    0.34,
    0.34999999754999994,
    0.34999999754999994,
    0.34,
    0.34,
    0.34,
    0.3400000079558018,
    0.34,
    0.34,
    0.3499998774999204,
    0.3400000026400002,
    0.3400000009887641,
    0.349999929999979,
    0.34,
    0.349999929999979,
    0.34,
    0.3400001056000359,
    0.34000020910905165,
    0.3499998774999204,
    0.349999929999979,
    0.34000000431137745,
    0.34,
    0.3499998774999204,
    0.349999929999979,
    0.3499999798270886,
    0.3400000089134443,
    0.35,
    0.3499998774999204,
    0.3499999614999965,
    0.34,
    0.3567959291003532,
    0.34000002145000197,
    0.34,
    0.3400000121472465,
    0.3499998774999204,
    0.35,
    0.35,
    0.34994428860195326,
    0.35,
    0.35,
    0.35,
    0.35,
    0.35,
    0.35,
    0.35,
    0.35,
    0.35,
    0.35,
    0.35,
    0.35,
    0.35,
    0.35,
    0.35,
    0.35,
    0.35,
    0.35,
    0.35,
    0.34000017600012067,
    0.35999987039991704,
    0.35,
    0.35,
    0.35,
    0.35,
    0.35,
    0.35,
    0.35,
    0.35,
    0.35,
    0.35,
    0.35,
    0.35,
    0.35,
    0.35,
    0.35,
    0.35,
    0.36,
    0.35,
    0.35,
    0.35,
    0.35,
    0.35,
    0.35,
    0.35,
    0.35,
    0.35,
    0.35,
    0.35,
    0.35,
    0.35,
    0.34,
    0.35,
    0.34,
    0.35,
    0.35999987039991704,
    0.35,
    0.35,
    0.35,
    0.35,
    0.35,
    0.35,
    0.34000004950000867,
    0.35,
    0.349864811706779,
    0.35,
    0.35,
    0.35,
    0.35,
    0.35,
    0.35,
    0.35,
    0.35,
    0.35,
    0.3599999920799998,
    0.35,
    0.35,
    0.35,
    0.35,
    0.35,
    0.34,
    0.3500372755330258,
    0.3500374054221288,
    0.3500372766678031,
    0.35,
    0.35,
    0.35,
    0.35,
    0.35,
    0.35,
    0.35,
    0.35,
    0.35,
    0.34,
    0.34,
    0.35,
    0.340000029294286,
    0.35,
    0.35,
    0.35999987039991704,
    0.35,
    0.35999987039991704,
    0.35,
    0.35,
    0.35,
    0.35,
    0.35,
    0.34,
    0.34,
    0.3499998774999204,
    0.3591022435248537,
    0.34,
    0.35,
    0.3499999970833333,
    0.34,
    0.3300000804000707,
    0.339999829999915,
    0.330000012065679,
    0.3300000804000707,
    0.3300000804000707,
    0.3399999440789382,
    0.34,
    0.34999998438893776,
    0.35,
    0.33,
    0.34,
    0.34,
    0.34,
    0.3499998774999204,
    0.34,
    0.34,
    0.34,
    0.34,
    0.34,
    0.34,
    0.34,
    0.34,
    0.34000007333340665,
    0.34,
    0.3499998774999204,
    0.34,
    0.34,
    0.34,
    0.3300000206370252,
    0.3499999894999998,
    0.34,
    0.3499998774999204,
    0.34000017433990554,
    0.34999988551394917,
    0.349999929999979,
    0.3499998774999204,
    0.3300000804000707,
    0.34,
    0.34008547042147486,
    0.34008547036587056,
    0.3499998774999204,
    0.3300000804000707,
    0.34,
    0.34002020959003404,
    0.34002020882886375,
    0.33,
    0.33,
    0.33,
    0.33,
    0.35,
    0.35,
    0.35,
    0.35,
    0.34,
    0.33000001239532717,
    0.34999999807329346,
    0.33000000325242723,
    0.3300000003207276,
    0.34,
    0.34,
    0.34,
    0.33000000087738096,
    0.33000001608000123,
    0.3399999632799966,
    0.3399999421999809,
    0.34,
    0.34,
    0.339999829999915,
    0.339999829999915,
    0.3300000804000707,
    0.34,
    0.34,
    0.339999829999915,
    0.33000000134,
    0.3399999857199992,
    0.34,
    0.34,
    0.34,
    0.3400000046200002,
    0.34,
    0.33,
    0.34,
    0.3400001440002304,
    0.3499998094058557,
    0.34,
    0.34999999299999984,
    0.34999999183333297,
    0.3398611329598383,
    0.33986111364125854,
    0.33986114153840147,
    0.35,
    0.33,
    0.34,
    0.33000000134,
    0.34,
    0.34,
    0.34,
    0.34,
    0.34,
    0.34,
    0.34,
    0.34,
    0.34,
    0.34,
    0.34,
    0.34,
    0.34,
    0.34,
    0.34,
    0.34,
    0.34,
    0.33000004322585946,
    0.3300000026800002,
    0.35,
    0.33000004322585946,
    0.3300000052973032,
    0.34001645638071654,
    0.3400164412795146,
    0.3499998919752753,
    0.33,
    0.33,
    0.34,
    0.3399999857199992,
    0.339999829999915,
    0.3300000076627259,
    0.33,
    0.3399998792522665,
    0.339999829999915,
    0.34,
    0.33000007730783204,
    0.34,
    0.339999829999915,
    0.33,
    0.33,
    0.33,
    0.33,
    0.34,
    0.34,
    0.34,
    0.34,
    0.34,
    0.34,
    0.34,
    0.34,
    0.34,
    0.3499999614999965,
    0.34,
    0.35,
    0.35,
    0.35,
    0.35,
    0.35,
    0.35,
    0.35,
    0.35,
    0.35,
    0.35,
    0.35,
    0.35,
    0.35,
    0.36,
    0.3597924416541232,
    0.3597924394844101,
    0.35979246058089887,
    0.35,
    0.35000009750003414,
    0.3600992471190166,
    0.360099338278064,
    0.35,
    0.36,
    0.36999991119997694,
    0.36,
    0.36,
    0.36,
    0.35,
    0.36,
    0.35,
    0.35,
    0.35,
    0.36,
    0.36,
    0.36,
    0.36,
    0.3699999887149998,
    0.37,
    0.37,
    0.36,
    0.35999997695999686,
    0.35999997695999686,
    0.35999997695999686,
    0.35999997695999686,
    0.35999987039991704,
    0.35999997695999686,
    0.36,
    0.35,
    0.35,
    0.35,
    0.35,
    0.34,
    0.3300000499288967,
    0.34000318167394694,
    0.34000318170276167,
    0.34000318167763505,
    0.3400317237021385,
    0.3400317240613332,
    0.33982788358766747,
    0.33982781623330516,
    0.339960083786542,
    0.32,
    0.32,
    0.33,
    0.3399196803739736,
    0.33991969787690973,
    0.3300832412520229,
    0.33008324103339576,
    0.3300832418741239,
    0.33,
    0.32,
    0.32000002727419014,
    0.33,
    0.33,
    0.33,
    0.36010425864904566,
    0.3601042573477946,
    0.360104257537868,
    0.3600935203740815,
    0.35,
    0.33985368083386736,
    0.3400344828059328,
    0.3400344831028206,
    0.3500462963635914,
    0.35004629632330764,
    0.35004629633265505,
    0.3597570340408418,
    0.3597570463043348,
    0.35975712836992174,
    0.33,
    0.35986768368416516,
    0.36999986309991373,
    0.330072267715753,
    0.3300112789576012,
    0.3300112785862786,
    0.32,
    0.32,
    0.32,
    0.3,
    0.3,
    0.3,
    0.3,
    0.29000002982001066,
    0.2900001597503634,
    0.3,
    0.3,
    0.3,
    0.3,
    0.3,
    0.29,
    0.28,
    0.31001556886227544,
    0.31001575235612605,
    0.31001556847214423,
    0.32,
    0.30005227555368574,
    0.30005227552795743,
    0.3399999421999809,
    0.34990104876942424,
    0.31,
    0.349839077078471,
    0.28,
    0.2998507801614659,
    0.29014925408884185,
    0.3,
    0.2901492572286467,
    0.3,
    0.29,
    0.29,
    0.29,
    0.29,
    0.31,
    0.35,
    0.34,
    0.32,
    0.3597190074265256,
    0.3200709555345317,
    0.31,
    0.3,
    0.3200440746309904,
    0.32004407517427547,
    0.33,
    0.32004407517427547,
    0.34989980333208187,
    0.32,
    0.36999991119997694,
    0.28,
    0.29,
    0.29,
    0.28984991435982904,
    0.2898498570407191,
    0.29,
    0.29,
    0.29005702100041725,
    0.2900570211043908,
    0.2898750990113053,
    0.29,
    0.29,
    0.28,
    0.29,
    0.2800000006532983,
    0.29,
    0.29,
    0.3698616046960022,
    0.300009404389518,
    0.300009404394545,
    0.4,
    0.29,
    0.28,
    0.29,
    0.41,
    0.4001554404262859,
    0.4001554404145078,
    0.39999706188497314,
    0.39999704275481757,
    0.39999378850905815,
    0.39999378972877375,
    0.400010060362173,
    0.4000100603632625,
    0.3998093417893184,
    0.28,
    0.28,
    0.27,
    0.36988134234101205,
    0.34,
    0.3300980696093276,
    0.34,
    0.36988131042941785,
    0.3699252191108725,
    0.3599468871781107,
    0.31000979767898806,
    0.3599468787521727,
    0.27000001241000104,
    0.3899998478999072,
    0.22,
    0.24001528665409036,
    0.24001528666225252,
    0.24001528698310778,
    0.2600337078898905,
    0.44987582703998463,
    0.4100922509225092,
    0.4100877940747496,
    0.4200656731497853,
    0.46999106157081827,
    0.38,
    0.3900748917842115,
    0.22643086816720256,
    0.12000003520017459,
    0.1
]
