[
    0.001,
    0.01,
    0.01,
    0.01,
    0.01,
    0.01,
    0.01,
    0.01,
    0.01,
    0.01,
    0.01,
    0.01,
    0.01,
    0.01,
    0.02,
    0.01,
    0.01,
    0.04,
    0.02,
    0.05,
    0.05,
    0.03,
    0.08,
    0.03,
    0.06,
    0.02,
    0.01,
    0.11284647363759949,
    0.10999999130999982,
    0.09,
    0.10999998151999942,
    0.10999998151999942,
    0.1,
    0.11,
    0.16,
    0.2,
    0.16,
    0.16,
    0.16,
    0.16,
    0.16,
    0.16,
    0.16,
    0.17,
    0.16,
    0.16,
    0.15166667592597738,
    0.14,
    0.12,
    0.14,
    0.13028236736144214,
    0.1,
    0.11,
    0.13,
    0.1,
    0.1,
    0.1,
    0.1,
    0.12,
    0.12,
    0.17,
    0.22,
    0.24,
    0.25,
    0.23,
    0.29,
    0.29,
    0.29,
    0.25,
    0.2400000006346326,
    0.25,
    0.24,
    0.24,
    0.24,
    0.28,
    0.29,
    0.2799999854399993,
    0.299999819999928,
    0.2899826086956522,
    0.3,
    0.3,
    0.3,
    0.28,
    0.29,
    0.29,
    0.31,
    0.3137254901960784,
    0.3047982221324309,
    0.3,
    0.3,
    0.28,
    0.2845773573390296,
    0.28,
    0.28,
    0.279999843199931,
    0.28,
    0.32,
    0.41,
    0.42,
    0.46,
    0.46,
    0.42,
    0.45,
    0.4599999830674818,
    0.46,
    0.43,
    0.46,
    0.42,
    0.43,
    0.46,
    0.43000000432335345,
    0.45,
    0.46,
    0.46,
    0.46,
    0.46,
    0.51,
    0.46,
    0.44,
    0.43,
    0.49,
    0.4082686909984611,
    0.36,
    0.4,
    0.4,
    0.3599999920799998,
    0.39741435490973137,
    0.4,
    0.4,
    0.36,
    0.42,
    0.40000000600000024,
    0.4,
    0.29,
    0.3280120468766512,
    0.28,
    0.25,
    0.21,
    0.21,
    0.22,
    0.22,
    0.19,
    0.26,
    0.19,
    0.15,
    0.1,
    0.16,
    0.09,
    0.08918666666666666,
    0.09,
    0.08,
    0.09,
    0.09,
    0.09,
    0.09,
    0.15,
    0.1,
    0.13,
    0.12,
    0.14,
    0.1,
    0.09,
    0.08,
    0.19,
    0.19,
    0.19,
    0.19,
    0.19,
    0.19000000975903955,
    0.19,
    0.19,
    0.19,
    0.24,
    0.32,
    0.32,
    0.3,
    0.32,
    0.35,
    0.32,
    0.34,
    0.32,
    0.35,
    0.4,
    0.456727,
    0.39,
    0.43,
    0.4500000129411777,
    0.44,
    0.45,
    0.44,
    0.459999996208791,
    0.45,
    0.45,
    0.45,
    0.4400000196000018,
    0.4499999991734778,
    0.4400000002018018,
    0.44,
    0.43,
    0.44,
    0.4599997607998852,
    0.44,
    0.44,
    0.44,
    0.43999999632695647,
    0.45,
    0.44,
    0.45000004400000526,
    0.4579994581390069,
    0.4400000224000036,
    0.44999999775704924,
    0.44,
    0.45,
    0.45,
    0.4400000004530744,
    0.4599997607998852,
    0.4599997607998852,
    0.45999995951999545,
    0.47,
    0.4699998777999096,
    0.47,
    0.47,
    0.47,
    0.4599997607998852,
    0.4699998777999096,
    0.4699998777999096,
    0.4699998777999096,
    0.4699998777999096,
    0.46,
    0.4400000224000036,
    0.4600000064194738,
    0.47917663707706165,
    0.44,
    0.46554533604000276,
    0.46999999733287195,
    0.47,
    0.4500000036125982,
    0.45,
    0.4500000005686518,
    0.46,
    0.46999999821399996,
    0.45000000733333423,
    0.45,
    0.45,
    0.45,
    0.4475,
    0.4,
    0.45,
    0.45,
    0.45,
    0.47,
    0.47,
    0.45,
    0.45,
    0.45000002467948924,
    0.47,
    0.45,
    0.45,
    0.469999998108969,
    0.11,
    0.5699999998570832,
    0.49,
    0.4826,
    0.4800000062400002,
    0.49,
    0.23999997730180705,
    0.24,
    0.24,
    0.08,
    0.09,
    0.06,
    0.05999999946497572,
    0.5199999707042229,
    0.38,
    0.06,
    0.06,
    0.73,
    0.64,
    0.71,
    0.76,
    0.68,
    0.68,
    0.64,
    0.64,
    0.63,
    0.6699999976330856,
    0.68,
    0.6599999953799998,
    0.65,
    0.66,
    0.65,
    0.7199998617599712,
    0.6499999869999994,
    0.7,
    0.66,
    0.7796795,
    0.7799998595999691,
    0.78,
    0.8560341797139072,
    0.85,
    0.86,
    0.86,
    0.89,
    0.8863168533647773,
    0.88,
    0.84,
    0.83,
    0.84,
    0.86,
    0.8758522813080012,
    0.86,
    0.85,
    0.85,
    0.84,
    0.85,
    0.8499999829999799,
    0.840324,
    0.85,
    0.8599999942666665,
    0.889999999911,
    0.85,
    0.893175122998812,
    0.9,
    0.8899999150936759,
    0.89,
    0.907304980757432,
    0.8900000968000116,
    0.889999985759986,
    0.87,
    0.86,
    0.9,
    0.9,
    0.88,
    0.824728,
    0.88,
    0.624930747513709,
    0.5500000014312226,
    0.9,
    0.8966666666666666,
    0.89,
    0.55,
    0.846798,
    0.8496858585858585,
    0.84,
    0.6199999956979592,
    0.55,
    0.5899999954274999,
    0.6,
    0.6,
    0.59,
    0.6199998511998869,
    0.5445048563146858,
    0.54,
    0.46,
    0.46,
    0.46,
    0.46,
    0.35,
    0.35,
    0.35,
    0.35,
    0.35,
    0.35000000128560127,
    0.32,
    0.35,
    0.36,
    0.35,
    0.37064492216456635,
    0.27,
    0.27,
    0.32,
    0.05,
    0.03,
    0.02,
    0.33,
    0.26,
    0.03,
    0.07,
    0.22,
    0.33,
    0.35,
    0.09,
    0.08,
    0.04,
    0.34,
    0.38999999024999976,
    0.48,
    0.5499999807499988,
    0.56,
    0.5999999062499414,
    0.56,
    0.56,
    0.7431976166832175,
    0.75,
    0.75,
    0.81,
    0.67,
    0.67,
    0.7099999992216464,
    0.73,
    0.75,
    0.86,
    0.86,
    0.9,
    0.8896778656559572,
    0.82,
    0.8,
    0.7700000862500216,
    0.8,
    0.85,
    0.83,
    0.83,
    0.8468493150684931,
    0.83,
    0.8,
    0.84,
    0.79,
    0.78,
    0.78,
    0.8,
    0.8499999991907844,
    0.8153846153846154,
    0.63,
    0.63,
    0.67,
    0.73,
    0.67,
    0.66,
    0.63,
    0.73,
    0.72,
    0.72,
    0.67,
    0.67,
    0.67,
    0.62,
    0.66,
    0.72,
    0.58118532230861,
    0.6778346456692913,
    0.5999999939999998,
    0.56,
    0.54,
    0.57,
    0.5400000000315707,
    0.57,
    0.65,
    0.69,
    0.67,
    0.5298340903488034,
    0.55,
    0.4299999870999978,
    0.43999999295999986,
    0.46,
    0.46,
    0.46,
    0.46,
    0.46,
    0.46,
    0.46,
    0.46,
    0.46,
    0.46,
    0.46000001188000034,
    0.46,
    0.51,
    0.45,
    0.48,
    0.49,
    0.49,
    0.48,
    0.4900000008792086,
    0.48,
    0.4800000247619065,
    0.49000002142000126,
    0.49,
    0.4649709933690899,
    0.42000000464000087,
    0.43,
    0.43,
    0.4,
    0.46,
    0.39,
    0.43000009405007855,
    0.430000000855,
    0.43,
    0.43000000013945977,
    0.48,
    0.48,
    0.4799999519999808,
    0.430000000855,
    0.47,
    0.46999999917749996,
    0.25,
    0.57,
    0.5,
    0.57,
    0.59,
    0.59,
    0.6599999926666648,
    0.6,
    0.6,
    0.5,
    0.5,
    0.55,
    0.6493082850159475,
    0.59,
    0.57,
    0.6,
    0.5500000015728913,
    0.6799999945599995,
    0.69,
    0.59,
    0.75,
    0.73,
    0.73,
    0.73,
    0.74,
    0.83,
    0.83,
    0.83,
    0.84,
    0.84,
    0.81,
    0.78,
    0.73,
    0.730000002330137,
    0.7781948618775375,
    0.7799999984399996,
    0.72,
    0.77,
    0.7950769230769231,
    0.8099999756999036,
    0.8199999997151851,
    0.7899999968399996,
    0.8,
    0.8,
    0.83,
    0.83,
    0.83,
    0.83,
    0.83,
    0.8663612818141301,
    0.82,
    0.8299999966799987,
    0.8,
    0.78,
    0.8,
    0.81,
    0.780000001452,
    0.85,
    0.83,
    0.7800000003184334,
    0.8499999613634976,
    0.8299998588999675,
    0.8599999808342851,
    0.86,
    0.86,
    0.84,
    0.8599999741999956,
    0.8599998761599683,
    0.86,
    0.88,
    0.88,
    0.88,
    0.89,
    0.8951255489459624,
    0.8899999999373496,
    0.8899999109995639,
    0.889999999555,
    0.889999985759986,
    0.89,
    0.889999985759986,
    0.87,
    0.8759908752320281,
    0.8715856088457329,
    0.84,
    0.8,
    0.7899999865699948,
    0.86,
    0.8799998310399648,
    0.89,
    0.86,
    0.88,
    0.88,
    0.8800000480000048,
    0.8800000120000003,
    0.88,
    0.88,
    0.89,
    0.880000001008,
    0.8899999996893543,
    0.89,
    0.9,
    0.9,
    0.9,
    0.9,
    0.89,
    0.9,
    0.919999998773333,
    0.9,
    0.9,
    0.9,
    0.9,
    0.9,
    0.9,
    0.9,
    0.9,
    0.9,
    0.91,
    0.91,
    0.91,
    0.93,
    0.92,
    0.93,
    0.97,
    0.960448862758372,
    0.95,
    0.96,
    0.95,
    0.96,
    0.96,
    0.95,
    0.96,
    0.97,
    0.97,
    0.97,
    0.98,
    0.98,
    0.98,
    0.97,
    0.9699999996766666,
    0.96,
    0.95,
    0.96,
    0.9599996159993855,
    0.95,
    0.94,
    0.9599999986285714,
    0.94,
    0.96,
    0.9599999997065924,
    0.9599999965439999,
    0.96,
    0.94,
    0.97,
    0.96,
    0.96,
    0.96,
    0.96,
    0.97,
    0.9699999951499467,
    0.9525721603556202,
    0.97,
    0.97,
    0.9699999330699912,
    0.9473681224296542,
    0.94,
    0.9399999981199973,
    0.9399999976126979,
    0.95,
    0.95,
    0.94,
    0.94,
    0.95,
    0.95,
    0.95,
    0.95,
    0.95,
    0.95,
    0.96,
    0.96,
    0.96,
    0.9718324576084981,
    0.946557896594583,
    0.93,
    0.91,
    0.91,
    0.91,
    0.91,
    0.91,
    0.9199999043199717,
    0.91,
    0.91,
    0.91,
    0.91,
    0.91,
    0.9100000035590909,
    0.91,
    0.91,
    0.91,
    0.91,
    0.9,
    0.91,
    0.9,
    0.9,
    0.92,
    0.89,
    0.92,
    0.938585143495867,
    0.92,
    0.92,
    0.8900000006209045,
    0.9300000637000058,
    0.9147958600827019,
    0.91,
    0.92,
    0.92,
    0.92,
    0.92,
    0.92,
    0.93,
    0.93,
    0.93,
    0.93,
    0.94,
    0.9399996991994947,
    0.94,
    0.95,
    0.95,
    0.94,
    0.92,
    0.93,
    0.91,
    0.89,
    0.8900000044,
    0.87,
    0.89,
    0.86,
    0.890000001391344,
    0.9,
    0.9,
    0.9,
    0.8899999998622291,
    0.89,
    0.89,
    0.9,
    0.9,
    0.9,
    0.9,
    0.89,
    0.8899999946599995,
    0.8900000128857146,
    0.89,
    0.9,
    0.89,
    0.8899999989770114,
    0.8899999999970806,
    0.8801556095945775,
    0.8699992343991425,
    0.8699999958044113,
    0.8785942483563678,
    0.8699992343991425,
    0.84,
    0.850000024000001,
    0.88,
    0.88,
    0.8899999981855243,
    0.89,
    0.8899999976725941,
    0.82,
    0.8,
    0.83,
    0.78,
    0.81,
    0.770000030820002,
    0.7800000272800021,
    0.8,
    0.78,
    0.78,
    0.78,
    0.79,
    0.7899999869478251,
    0.7800000033291299,
    0.793461915658712,
    0.8,
    0.7800000166699904,
    0.8,
    0.79,
    0.79,
    0.78,
    0.75,
    0.76,
    0.75,
    0.78,
    0.7799999937599991,
    0.78,
    0.7899999683999971,
    0.79,
    0.75,
    0.78,
    0.79788,
    0.72,
    0.76,
    0.79,
    0.8054294918123324,
    0.76,
    0.77,
    0.73,
    0.72,
    0.7427355278093076,
    0.71,
    0.73,
    0.73,
    0.71,
    0.7,
    0.71,
    0.68,
    0.6800443432924673,
    0.68,
    0.67,
    0.67,
    0.6799999996251034,
    0.68,
    0.66,
    0.66,
    0.68,
    0.68,
    0.68,
    0.7,
    0.6799998911999086,
    0.66,
    0.66,
    0.66,
    0.66,
    0.6499999994296244,
    0.6899999995536099,
    0.649999998375,
    0.68,
    0.67,
    0.68,
    0.68,
    0.69,
    0.69,
    0.71,
    0.7011084043848965,
    0.6709565217391305,
    0.66,
    0.68,
    0.67,
    0.67,
    0.66,
    0.66,
    0.66,
    0.66,
    0.67,
    0.67,
    0.6899999999546976,
    0.6899999808333286,
    0.72,
    0.72,
    0.72,
    0.71,
    0.72,
    0.72,
    0.71,
    0.72,
    0.7,
    0.7,
    0.67,
    0.67,
    0.66,
    0.67,
    0.669999962479987,
    0.6600000142800009,
    0.67,
    0.67,
    0.67,
    0.67,
    0.67,
    0.67,
    0.66,
    0.67,
    0.67,
    0.67,
    0.67,
    0.67,
    0.6699999615866638,
    0.66,
    0.67,
    0.67,
    0.67,
    0.6600000100529262,
    0.66,
    0.67,
    0.66,
    0.67,
    0.67,
    0.687916353985474,
    0.67,
    0.66,
    0.6600000001208539,
    0.67,
    0.6600000088400002,
    0.6600000589333428,
    0.67,
    0.66,
    0.66,
    0.67,
    0.67,
    0.66000002140741,
    0.67,
    0.67,
    0.66,
    0.67,
    0.65,
    0.65,
    0.67,
    0.6500000525000096,
    0.67,
    0.67,
    0.6500000048125001,
    0.6699999986599999,
    0.65,
    0.65,
    0.65,
    0.65,
    0.65,
    0.65,
    0.65,
    0.65,
    0.647039173320531,
    0.64,
    0.64,
    0.63,
    0.64,
    0.64,
    0.64,
    0.64,
    0.64,
    0.64,
    0.64,
    0.62,
    0.64,
    0.6299807855860396,
    0.6,
    0.59,
    0.59,
    0.64,
    0.61,
    0.6100000226200032,
    0.59,
    0.5978525257875862,
    0.55,
    0.49,
    0.4973201472768936,
    0.5,
    0.5,
    0.48,
    0.49723975,
    0.48,
    0.48,
    0.49,
    0.48,
    0.47,
    0.48,
    0.48,
    0.48,
    0.47,
    0.4200000009666667,
    0.42,
    0.42000000182869157,
    0.4699999978268495,
    0.47,
    0.48,
    0.47,
    0.47,
    0.48,
    0.47,
    0.46,
    0.4200000000539239,
    0.44,
    0.43,
    0.45,
    0.45,
    0.47,
    0.45,
    0.47,
    0.47,
    0.45,
    0.4422000306091215,
    0.44,
    0.44,
    0.44,
    0.43999999753599994,
    0.43999999753599994,
    0.4,
    0.3888572982645789,
    0.36,
    0.33000000433529436,
    0.34,
    0.33,
    0.35,
    0.32415585714285716,
    0.31852782427985915,
    0.3,
    0.28000000192000013,
    0.28,
    0.3,
    0.28,
    0.29,
    0.29,
    0.28,
    0.28,
    0.29,
    0.29,
    0.27,
    0.29,
    0.28,
    0.2899999640399973,
    0.2799999731199972,
    0.24,
    0.26,
    0.25,
    0.23,
    0.2599999838799994,
    0.23000000054386618,
    0.23,
    0.2,
    0.2,
    0.22999998688999942,
    0.24,
    0.25,
    0.26,
    0.26,
    0.2400000115917745,
    0.28,
    0.25,
    0.26,
    0.29,
    0.3,
    0.31,
    0.3399999996678729,
    0.31,
    0.3359678213618103,
    0.31,
    0.32,
    0.32,
    0.32,
    0.32,
    0.32,
    0.32,
    0.32,
    0.32,
    0.32,
    0.32,
    0.32,
    0.32,
    0.32,
    0.32,
    0.32,
    0.32,
    0.32,
    0.32,
    0.32,
    0.32,
    0.32,
    0.32,
    0.32,
    0.32,
    0.32,
    0.32,
    0.32,
    0.32,
    0.32,
    0.32,
    0.32,
    0.32,
    0.32,
    0.32,
    0.32,
    0.33,
    0.33,
    0.33000001576471477,
    0.33,
    0.32,
    0.3299999590799969,
    0.32,
    0.32,
    0.32,
    0.32,
    0.32,
    0.32,
    0.32,
    0.32,
    0.32,
    0.32,
    0.32,
    0.32,
    0.32,
    0.32,
    0.32,
    0.32,
    0.32,
    0.32,
    0.32,
    0.32,
    0.32,
    0.32,
    0.32,
    0.32,
    0.32,
    0.32,
    0.32,
    0.32,
    0.32,
    0.32,
    0.32,
    0.32,
    0.32,
    0.32,
    0.3399999967133333,
    0.32,
    0.32,
    0.32,
    0.32,
    0.32,
    0.32,
    0.32,
    0.32,
    0.32,
    0.3391131954486208,
    0.32,
    0.3200001088000914,
    0.32,
    0.32,
    0.32,
    0.32,
    0.32,
    0.32,
    0.32,
    0.32,
    0.32,
    0.32,
    0.32,
    0.32,
    0.33,
    0.33,
    0.33,
    0.33,
    0.33,
    0.33000001576471477,
    0.32,
    0.32,
    0.32,
    0.32,
    0.32,
    0.3299999480249952,
    0.32,
    0.32,
    0.32,
    0.32,
    0.32,
    0.32,
    0.32,
    0.32,
    0.32,
    0.32,
    0.32,
    0.32,
    0.32,
    0.32,
    0.32,
    0.3200000010880001,
    0.32,
    0.32,
    0.32,
    0.3200001088000914,
    0.32,
    0.32,
    0.33,
    0.32,
    0.32,
    0.32,
    0.32,
    0.339999997824,
    0.33,
    0.33,
    0.33,
    0.34,
    0.33,
    0.33,
    0.33,
    0.33,
    0.33,
    0.33,
    0.33,
    0.33,
    0.33,
    0.33,
    0.33,
    0.33,
    0.33,
    0.33,
    0.33,
    0.33,
    0.33,
    0.33,
    0.33,
    0.33,
    0.34,
    0.33,
    0.33000001608000123,
    0.33,
    0.33,
    0.33,
    0.33,
    0.32,
    0.32,
    0.32000000163200004,
    0.32,
    0.320000001257474,
    0.32,
    0.32,
    0.32,
    0.32,
    0.33000000067,
    0.33,
    0.35,
    0.35,
    0.33000000085989306,
    0.31,
    0.31,
    0.32999999549606296,
    0.27,
    0.26000000932773243,
    0.3,
    0.28,
    0.3,
    0.3,
    0.3,
    0.3,
    0.3,
    0.32,
    0.32,
    0.35,
    0.32,
    0.3000000094466948,
    0.33999999239008777,
    0.35,
    0.4,
    0.37000007096344406,
    0.38,
    0.389999995866,
    0.4,
    0.42,
    0.42,
    0.42,
    0.42,
    0.42,
    0.41,
    0.41999999700329305,
    0.43,
    0.42,
    0.42000000208800004,
    0.44999999212499975,
    0.42,
    0.4200001740002958,
    0.4200000025159279,
    0.42,
    0.42000000464000087,
    0.41000015340011353,
    0.4,
    0.4,
    0.4,
    0.43,
    0.43,
    0.4300000511034613,
    0.42,
    0.43,
    0.43,
    0.43,
    0.43,
    0.43,
    0.43,
    0.43,
    0.43,
    0.43,
    0.43,
    0.43,
    0.45,
    0.45,
    0.46,
    0.45,
    0.45,
    0.45,
    0.45,
    0.47,
    0.45,
    0.45,
    0.44,
    0.44999999212499975,
    0.44,
    0.44000000059192146,
    0.469999998496,
    0.47,
    0.47,
    0.47,
    0.46,
    0.44,
    0.46,
    0.44,
    0.46,
    0.48,
    0.4700000100700008,
    0.47,
    0.47,
    0.4700001219000939,
    0.4700001219000939,
    0.4734448881071786,
    0.4699998777999096,
    0.46000000324509954,
    0.46,
    0.4500000005167813,
    0.47,
    0.47,
    0.47,
    0.47,
    0.47,
    0.46,
    0.437237,
    0.45,
    0.45,
    0.45,
    0.4199999453999798,
    0.41,
    0.39,
    0.35000001857143337,
    0.35,
    0.37000000872727334,
    0.37,
    0.37,
    0.37,
    0.37,
    0.37,
    0.37,
    0.3916,
    0.38,
    0.38,
    0.38,
    0.3800000025514404,
    0.4,
    0.3800000013078427,
    0.39,
    0.39,
    0.380000000124,
    0.4,
    0.4,
    0.4,
    0.4,
    0.42,
    0.42,
    0.4100000000631128,
    0.44,
    0.4200001740002958,
    0.41000000042811235,
    0.43355091754877306,
    0.41,
    0.4,
    0.39,
    0.4,
    0.4,
    0.42457429607923947,
    0.43,
    0.42999999741999995,
    0.42,
    0.43,
    0.45,
    0.43,
    0.44,
    0.45,
    0.47,
    0.4599999960851061,
    0.47,
    0.45,
    0.4764816121278865,
    0.4699999996052,
    0.47,
    0.45,
    0.45,
    0.45,
    0.49,
    0.47000000148459387,
    0.48,
    0.47000006552728846,
    0.47,
    0.45,
    0.45,
    0.45,
    0.44,
    0.44,
    0.44,
    0.44,
    0.44,
    0.44,
    0.44,
    0.44,
    0.44,
    0.44,
    0.44,
    0.44,
    0.43,
    0.4400000004489878,
    0.44,
    0.440000000079292,
    0.48,
    0.45,
    0.45,
    0.4799999997567191,
    0.47999998079999695,
    0.4700000003140741,
    0.4700000100700008,
    0.4700000274814902,
    0.47000000167357414,
    0.47,
    0.45999999800666663,
    0.47,
    0.469999989390517,
    0.44000000035161524,
    0.43,
    0.46000000757894993,
    0.45660487539892713,
    0.4499999549999955,
    0.44999998636363575,
    0.45999995951999545,
    0.4334975348317115,
    0.40999999885965926,
    0.39,
    0.39,
    0.42,
    0.42,
    0.44,
    0.44,
    0.42,
    0.44,
    0.44,
    0.44,
    0.49,
    0.49,
    0.49,
    0.49,
    0.49,
    0.49,
    0.49,
    0.4600000025952112,
    0.4700000079500012,
    0.4805473440062713,
    0.46,
    0.46000000022779186,
    0.46,
    0.46,
    0.49357591207399215,
    0.49996307401444545,
    0.49,
    0.48,
    0.4800000138666709,
    0.48,
    0.48,
    0.47999999314285674,
    0.48,
    0.48,
    0.48,
    0.47999999827199996,
    0.47999998079999695,
    0.47,
    0.46,
    0.44,
    0.440000000202495,
    0.4300000123215247,
    0.46999998871999804,
    0.43,
    0.42080057394262477,
    0.41,
    0.41,
    0.41999998991999926,
    0.4,
    0.41999998991999926,
    0.4,
    0.4,
    0.4,
    0.4,
    0.4,
    0.4,
    0.4,
    0.4,
    0.4,
    0.4,
    0.4,
    0.4,
    0.4,
    0.4,
    0.39,
    0.38,
    0.36,
    0.37999997937142677,
    0.38,
    0.37000006300001337,
    0.3619119888736383,
    0.35,
    0.35999997695999686,
    0.35,
    0.35000000036204976,
    0.36,
    0.36,
    0.32,
    0.35,
    0.329999997822,
    0.35,
    0.35,
    0.35999992079997784,
    0.37,
    0.38,
    0.3799999741599966,
    0.37999999635199994,
    0.36,
    0.3700000420000099,
    0.32,
    0.32,
    0.33,
    0.3477142857142857,
    0.32,
    0.32,
    0.290000001016686,
    0.32,
    0.32000001554286567,
    0.3100000003554429,
    0.31,
    0.31,
    0.32,
    0.31,
    0.32,
    0.32,
    0.32999999614367814,
    0.32,
    0.33,
    0.32,
    0.33,
    0.32000002720000437,
    0.29,
    0.32,
    0.3,
    0.29,
    0.32,
    0.3,
    0.32,
    0.2900000002434777,
    0.31,
    0.32999978219992593,
    0.32,
    0.32,
    0.32,
    0.32,
    0.33000001576471477,
    0.32,
    0.32999992211177126,
    0.3200000054400005,
    0.32,
    0.33,
    0.33000000156754716,
    0.33000001576471477,
    0.33000001608000123,
    0.33999999455999985,
    0.32,
    0.32,
    0.32,
    0.32,
    0.32,
    0.33,
    0.33,
    0.32,
    0.33,
    0.33000000067,
    0.3300000002599032,
    0.33000001576471477,
    0.33000001576471477,
    0.33,
    0.32,
    0.32,
    0.33,
    0.32,
    0.32,
    0.32,
    0.32,
    0.32,
    0.32,
    0.3299999952460984,
    0.32,
    0.32,
    0.32,
    0.32,
    0.32,
    0.32,
    0.3299999922449998,
    0.32,
    0.32,
    0.32,
    0.32,
    0.32,
    0.32,
    0.32,
    0.32999999013645187,
    0.32,
    0.32,
    0.32,
    0.32,
    0.32,
    0.32,
    0.32,
    0.32,
    0.32,
    0.32,
    0.32,
    0.32,
    0.32,
    0.32,
    0.33,
    0.33,
    0.33000000067,
    0.3300000017788216,
    0.34,
    0.33,
    0.33,
    0.33,
    0.34,
    0.34,
    0.34,
    0.34,
    0.37,
    0.35,
    0.34,
    0.35,
    0.35,
    0.35,
    0.35,
    0.3500000097793384,
    0.35,
    0.35,
    0.35,
    0.36,
    0.35,
    0.37000006300001337,
    0.36,
    0.36,
    0.34,
    0.35,
    0.35,
    0.36,
    0.38,
    0.38,
    0.38,
    0.36,
    0.36,
    0.37,
    0.36,
    0.37,
    0.35,
    0.3400000158400012,
    0.37,
    0.3400000001584,
    0.35,
    0.35,
    0.3400000101427013,
    0.3699999169961848,
    0.37,
    0.3699709405507825,
    0.36990663488298353,
    0.36,
    0.36,
    0.36,
    0.36,
    0.36,
    0.360000003209066,
    0.37,
    0.37999996199999114,
    0.37,
    0.37,
    0.37,
    0.37,
    0.37,
    0.37,
    0.3700000004147681,
    0.37,
    0.37,
    0.37,
    0.3700000000310963,
    0.3700000819000303,
    0.37,
    0.37993089150915393,
    0.3700000005506993,
    0.37,
    0.37989817393947345,
    0.37,
    0.37000000080554735,
    0.36,
    0.36,
    0.36,
    0.36,
    0.38,
    0.36,
    0.37,
    0.36,
    0.36,
    0.38,
    0.38000014880011307,
    0.37,
    0.3699999887149998,
    0.39,
    0.37,
    0.36,
    0.36,
    0.36,
    0.37,
    0.36,
    0.36,
    0.39,
    0.3999,
    0.38019586507072906,
    0.39000002135000994,
    0.39,
    0.39,
    0.37,
    0.37,
    0.38,
    0.38,
    0.39,
    0.3800000002137969,
    0.39,
    0.39,
    0.39,
    0.38,
    0.38,
    0.38,
    0.38,
    0.38,
    0.3800001136668353,
    0.39,
    0.39,
    0.38,
    0.39,
    0.39,
    0.39,
    0.38,
    0.39,
    0.4,
    0.39,
    0.39,
    0.39,
    0.39,
    0.39,
    0.39,
    0.38999999556007314,
    0.39,
    0.39,
    0.39,
    0.39,
    0.39,
    0.39,
    0.39,
    0.39,
    0.39,
    0.39,
    0.39,
    0.39,
    0.39,
    0.4,
    0.4,
    0.4,
    0.4,
    0.4,
    0.39000005116130254,
    0.39,
    0.39,
    0.39,
    0.39,
    0.4,
    0.39,
    0.39,
    0.4,
    0.4,
    0.4,
    0.4,
    0.4,
    0.4,
    0.4,
    0.39,
    0.39,
    0.39,
    0.3900001068364654,
    0.39,
    0.39,
    0.4,
    0.4,
    0.4,
    0.4,
    0.4,
    0.4,
    0.4,
    0.40000000833912486,
    0.4,
    0.39000000641093036,
    0.39,
    0.39,
    0.39,
    0.4,
    0.4,
    0.4,
    0.4,
    0.4,
    0.4,
    0.4,
    0.4,
    0.4,
    0.4,
    0.4,
    0.4,
    0.4,
    0.4,
    0.4,
    0.4,
    0.4,
    0.4,
    0.4,
    0.4,
    0.4,
    0.4,
    0.4,
    0.4,
    0.4,
    0.4,
    0.4,
    0.4,
    0.4,
    0.4,
    0.4,
    0.4,
    0.4099999867888886,
    0.40999999248333313,
    0.4,
    0.4,
    0.40000002400000384,
    0.40000002400000384,
    0.4,
    0.4,
    0.4099999894083327,
    0.41,
    0.40000002400000384,
    0.4,
    0.4,
    0.4000000023166024,
    0.4,
    0.4,
    0.4,
    0.41,
    0.41,
    0.41,
    0.41,
    0.41,
    0.41,
    0.41,
    0.42,
    0.410000000944,
    0.41,
    0.4100000104384622,
    0.4100000133733348,
    0.41000000346832155,
    0.4199999994270681,
    0.41000015340011353,
    0.41999999954192924,
    0.41000000472000014,
    0.41,
    0.41,
    0.41,
    0.41,
    0.41,
    0.41,
    0.41,
    0.41,
    0.41,
    0.41,
    0.41,
    0.41000001877273007,
    0.4100000000343003,
    0.41,
    0.4100000186833343,
    0.41000001062000035,
    0.41,
    0.41,
    0.41,
    0.41,
    0.41,
    0.41,
    0.41,
    0.41,
    0.4100000186833343,
    0.41,
    0.41,
    0.41,
    0.41000015340011353,
    0.4199999831999973,
    0.41,
    0.41,
    0.41,
    0.41,
    0.4100000000311776,
    0.41,
    0.41,
    0.41,
    0.41,
    0.41,
    0.41,
    0.41,
    0.41,
    0.41,
    0.41,
    0.41,
    0.41999999993898307,
    0.41999999983654823,
    0.41999999529599996,
    0.41,
    0.4100000020946746,
    0.41999999327999976,
    0.41999998991999926,
    0.41000000302564105,
    0.4100000727667062,
    0.41,
    0.41999994719999156,
    0.42,
    0.41,
    0.42005669378688365,
    0.42005670484957763,
    0.4299999994793874,
    0.4299999986584,
    0.4100000002817533,
    0.4199405646359584,
    0.41,
    0.4299999870999978,
    0.410000000944,
    0.41,
    0.41,
    0.41,
    0.4100000006783148,
    0.41,
    0.4199999997532867,
    0.4100000007866667,
    0.41,
    0.410000036051236,
    0.41,
    0.41000015340011353,
    0.42,
    0.41000000472000014,
    0.41000008428576246,
    0.4100000133733348,
    0.41999999256637116,
    0.41,
    0.41,
    0.41000000531000047,
    0.41000000400380043,
    0.41,
    0.41000001266871333,
    0.41999999529599996,
    0.41000003105263416,
    0.41999998969325053,
    0.4100000118891715,
    0.4100002247620332,
    0.4199998235998977,
    0.4199425287356322,
    0.41,
    0.41,
    0.41,
    0.4100000003606659,
    0.41,
    0.41,
    0.41,
    0.41,
    0.41,
    0.42999976392146677,
    0.41000015340011353,
    0.42,
    0.41,
    0.41,
    0.42,
    0.42,
    0.42000000464000087,
    0.42,
    0.42,
    0.41999996219999397,
    0.41,
    0.41,
    0.4100000033754189,
    0.41,
    0.422687504326735,
    0.410000002861204,
    0.41,
    0.41,
    0.41,
    0.41,
    0.41,
    0.42,
    0.42,
    0.42,
    0.42000007945209833,
    0.42999999081196505,
    0.4299999552718617,
    0.42000000952772154,
    0.42000000163150514,
    0.4200000433645233,
    0.42,
    0.42,
    0.4299998279998968,
    0.42,
    0.42,
    0.4100001578598415,
    0.42,
    0.42,
    0.43,
    0.42999984847609957,
    0.4200001740002958,
    0.42000001657142927,
    0.4200000139200011,
    0.42000001082666794,
    0.4299999931199994,
    0.4299998279998968,
    0.42,
    0.42,
    0.42000009860008186,
    0.42,
    0.42,
    0.42013837209302324,
    0.4201383992971572,
    0.42013838978727003,
    0.4200000251566315,
    0.41000000531000047,
    0.4299999766434521,
    0.42,
    0.41000000311181467,
    0.42,
    0.42,
    0.42,
    0.42,
    0.42,
    0.42,
    0.42,
    0.42,
    0.42,
    0.42,
    0.42,
    0.42,
    0.42,
    0.42,
    0.42,
    0.42,
    0.42,
    0.42,
    0.42,
    0.42,
    0.42,
    0.42,
    0.42,
    0.42,
    0.42,
    0.42,
    0.42,
    0.42,
    0.42,
    0.42,
    0.42,
    0.42,
    0.42,
    0.42,
    0.42,
    0.42,
    0.42,
    0.42,
    0.42,
    0.42,
    0.42,
    0.42,
    0.42,
    0.42,
    0.42,
    0.42,
    0.42,
    0.42,
    0.42,
    0.42,
    0.42,
    0.42,
    0.42,
    0.43,
    0.420000027374634,
    0.43,
    0.42999979564345914,
    0.42999996785613326,
    0.42,
    0.42,
    0.42,
    0.4200000040600001,
    0.42,
    0.4299999666600357,
    0.42,
    0.43,
    0.41,
    0.43,
    0.41,
    0.4377492685122665,
    0.41,
    0.41,
    0.42984502768190136,
    0.41,
    0.41,
    0.41,
    0.43,
    0.43,
    0.41901649713385564,
    0.43,
    0.43,
    0.43,
    0.40000007185632186,
    0.41,
    0.41,
    0.41,
    0.41,
    0.4,
    0.4,
    0.40878446054358925,
    0.39893282156634546,
    0.3899999856493496,
    0.3899999790048917,
    0.38,
    0.38,
    0.38,
    0.38,
    0.39,
    0.38000003100001395,
    0.380000000124,
    0.389999901126716,
    0.3800000099013629,
    0.38000000632294684,
    0.38999997856722185,
    0.39,
    0.39,
    0.38000003975952446,
    0.389999890799976,
    0.3800000268398373,
    0.389999890799976,
    0.3800000088782836,
    0.3899998478999072,
    0.389999890799976,
    0.3800000018600001,
    0.38000014880011307,
    0.3800000722870195,
    0.3899998478999072,
    0.38,
    0.38000000250140203,
    0.38999995087785005,
    0.3899998478999072,
    0.3800000283969496,
    0.3899999665116248,
    0.38999997658857777,
    0.38000002162791124,
    0.3800000264634175,
    0.3800000001797586,
    0.38,
    0.3800000341854789,
    0.38000001117118104,
    0.389999890799976,
    0.38000000383473553,
    0.38,
    0.38000014880011307,
    0.380000000124,
    0.38000003100001395,
    0.38000014880011307,
    0.3800000248000018,
    0.38,
    0.3800000004133333,
    0.3798725769562095,
    0.3797934861565987,
    0.37,
    0.37,
    0.37000000345872824,
    0.39,
    0.37,
    0.37,
    0.39,
    0.38,
    0.37,
    0.37,
    0.38,
    0.37,
    0.38,
    0.37,
    0.37,
    0.37,
    0.37,
    0.39000000061000006,
    0.4,
    0.4,
    0.39,
    0.3900000007211823,
    0.39000001776700705,
    0.39000000061000006,
    0.39000010675011476,
    0.4,
    0.39000000061000006,
    0.4,
    0.4,
    0.39000001358477077,
    0.4,
    0.3900000251625021,
    0.39,
    0.3900000244000039,
    0.39,
    0.3900000044539684,
    0.39,
    0.38,
    0.38999994978081465,
    0.3800000069273762,
    0.389999996345019,
    0.3800000168707536,
    0.3800000047025362,
    0.38,
    0.38,
    0.38,
    0.38,
    0.3800000026945588,
    0.38,
    0.3899999537628682,
    0.3899998256096923,
    0.389999868749918,
    0.3800000152280725,
    0.38000014880011307,
    0.38999995434781615,
    0.38000001771428804,
    0.3800001215687228,
    0.3800000040443577,
    0.38,
    0.3800000196942638,
    0.3800000105741909,
    0.3800000992001164,
    0.38999999024999976,
    0.38999999353009246,
    0.38999999024999976,
    0.3899999816729315,
    0.38000000892800057,
    0.38000001367647196,
    0.38,
    0.38,
    0.38000000666310557,
    0.380000000124,
    0.38981671477198643,
    0.38000014880011307,
    0.38981671520286343,
    0.3898167155105384,
    0.38,
    0.4,
    0.38000000790938243,
    0.3900466962156588,
    0.39004674778986287,
    0.3900467387008154,
    0.3900467994375787,
    0.4099999418656654,
    0.4099999418656654,
    0.3800000248000018,
    0.38,
    0.38,
    0.39,
    0.3800000016404802,
    0.38,
    0.38,
    0.39,
    0.39000004313203007,
    0.39000014030010804,
    0.39,
    0.39,
    0.39,
    0.39000000061000006,
    0.4,
    0.3900000600757972,
    0.3900000115222233,
    0.39000001279032437,
    0.3900000610000346,
    0.4,
    0.39000000061000006,
    0.4,
    0.3900000776887426,
    0.3900000073200003,
    0.39000000061000006,
    0.39000004206897065,
    0.40999995875251094,
    0.39000009389975054,
    0.4,
    0.40999999428885625,
    0.4,
    0.4,
    0.40999999343999965,
    0.4,
    0.400000006528836,
    0.4099999812312543,
    0.400000060000024,
    0.4000000076093853,
    0.4,
    0.4000000003821656,
    0.40000000240000005,
    0.400000060000024,
    0.4099998236998995,
    0.40000002400000384,
    0.4099997850484477,
    0.4,
    0.4,
    0.4,
    0.39,
    0.39,
    0.4,
    0.3900000049184701,
    0.39,
    0.39,
    0.39,
    0.39,
    0.4,
    0.39,
    0.39,
    0.39,
    0.39,
    0.39,
    0.4,
    0.4,
    0.39,
    0.4,
    0.39,
    0.40999999905747125,
    0.4099998236998995,
    0.4,
    0.4,
    0.4,
    0.41,
    0.4099999835999974,
    0.4,
    0.4,
    0.4099999909799993,
    0.4,
    0.40000002400000384,
    0.40999999629423073,
    0.4,
    0.4,
    0.4,
    0.4,
    0.4,
    0.4,
    0.40000000369117206,
    0.40999999651499996,
    0.40000000600000024,
    0.4,
    0.4,
    0.4,
    0.4,
    0.4,
    0.41,
    0.4,
    0.4,
    0.409999997711165,
    0.40999999688399996,
    0.4,
    0.4,
    0.4,
    0.4,
    0.4,
    0.4,
    0.400000016150742,
    0.4099999815820285,
    0.40999986834854535,
    0.4,
    0.4,
    0.4,
    0.40999999172961354,
    0.4,
    0.40999996572754643,
    0.40999999540799986,
    0.4,
    0.4000000274599593,
    0.4099999887890617,
    0.40999999594606734,
    0.40000000722456386,
    0.4,
    0.409999974374997,
    0.4099999698099713,
    0.4099999635357871,
    0.4,
    0.4,
    0.41,
    0.40999978925224784,
    0.40999997158415685,
    0.400000018045115,
    0.40999999548163263,
    0.4,
    0.4,
    0.4099999484571346,
    0.4099999623539204,
    0.40000001061946977,
    0.4099999835999974,
    0.4,
    0.400000060000024,
    0.400000060000024,
    0.4,
    0.40999990681811826,
    0.40999998916733327,
    0.3900000130901303,
    0.4099999418656654,
    0.4,
    0.4,
    0.4,
    0.4099998236998995,
    0.4099998236998995,
    0.4099999627899131,
    0.41,
    0.41,
    0.4099999909799993,
    0.4,
    0.4,
    0.390000038814491,
    0.41,
    0.41,
    0.41,
    0.41,
    0.4,
    0.4,
    0.4,
    0.4,
    0.4,
    0.4,
    0.4033552850451422,
    0.4,
    0.4,
    0.4099999835999974,
    0.4099999647656225,
    0.41,
    0.41,
    0.4099999446499798,
    0.4099999075489498,
    0.41,
    0.41,
    0.41,
    0.41,
    0.41,
    0.41,
    0.4099999367916501,
    0.4099999635555453,
    0.4099999473184278,
    0.40999978925224784,
    0.4099998236998995,
    0.39000004250471315,
    0.4,
    0.4,
    0.4,
    0.4,
    0.4,
    0.39000004212708056,
    0.3900000073200003,
    0.4,
    0.4,
    0.4,
    0.4,
    0.4,
    0.4,
    0.4,
    0.39,
    0.39,
    0.4,
    0.4,
    0.39,
    0.4,
    0.4,
    0.38000000270742385,
    0.39,
    0.4,
    0.4,
    0.4,
    0.38000001653333565,
    0.3800000055800001,
    0.39,
    0.4,
    0.39,
    0.38000007026670557,
    0.39,
    0.38000000317948796,
    0.39,
    0.39,
    0.38000003100001395,
    0.4,
    0.38,
    0.38000000917518556,
    0.4,
    0.4,
    0.38000000070521317,
    0.39,
    0.39,
    0.39,
    0.38,
    0.38,
    0.39,
    0.39,
    0.4,
    0.4,
    0.39,
    0.39,
    0.39,
    0.38000014880011307,
    0.3899998478999072,
    0.38000002657144644,
    0.38,
    0.3899998478999072,
    0.3899998478999072,
    0.3899998478999072,
    0.38000007026670557,
    0.3899998478999072,
    0.3899998478999072,
    0.380000005786667,
    0.38000014880011307,
    0.3899998478999072,
    0.3899998478999072,
    0.3899998478999072,
    0.3899998478999072,
    0.3899998478999072,
    0.38,
    0.38,
    0.38,
    0.4,
    0.4,
    0.4,
    0.4,
    0.3800000018600001,
    0.4,
    0.38000003100001395,
    0.4,
    0.3993610223642173,
    0.38000014880011307,
    0.38000014880011307,
    0.38000014880011307,
    0.38,
    0.38,
    0.38,
    0.39,
    0.39,
    0.39,
    0.380000000124,
    0.38000014880011307,
    0.3899998478999072,
    0.38000014880011307,
    0.38000014880011307,
    0.38000014880011307,
    0.3899998478999072,
    0.38,
    0.3899999940027135,
    0.38000014880011307,
    0.38000014880011307,
    0.39,
    0.38,
    0.3800000001533151,
    0.38,
    0.3800001083496008,
    0.38,
    0.4,
    0.3800000953846924,
    0.380000000124,
    0.3898273061084792,
    0.3898271356328701,
    0.3897076023391813,
    0.3800000019051278,
    0.38000014880011307,
    0.4,
    0.4,
    0.4,
    0.4,
    0.4,
    0.4,
    0.4,
    0.38,
    0.38,
    0.38,
    0.38,
    0.4,
    0.4,
    0.4,
    0.3800000201500044,
    0.4,
    0.3800000719579168,
    0.38,
    0.4,
    0.38,
    0.38989448977491287,
    0.38989448785069253,
    0.38,
    0.38,
    0.38,
    0.4,
    0.3900897435897436,
    0.38000001849349024,
    0.4,
    0.39000014030010804,
    0.4,
    0.39000000045522387,
    0.39000016266675885,
    0.4,
    0.39,
    0.39,
    0.39,
    0.39,
    0.4,
    0.4,
    0.4,
    0.4,
    0.39,
    0.39,
    0.39,
    0.39,
    0.39,
    0.39,
    0.39,
    0.3900000019981243,
    0.39,
    0.39,
    0.39,
    0.39,
    0.39,
    0.39,
    0.39,
    0.39,
    0.39,
    0.39,
    0.39,
    0.39,
    0.39,
    0.39,
    0.39,
    0.39,
    0.3900000769131007,
    0.39000002135000994,
    0.39000014030010804,
    0.39,
    0.3900000927200601,
    0.39000002135000994,
    0.3900000027629594,
    0.39000021138648394,
    0.39,
    0.4,
    0.4,
    0.4,
    0.39,
    0.39000012923737026,
    0.4,
    0.39,
    0.39000002135000994,
    0.39000010675011476,
    0.3900000012925685,
    0.4,
    0.4,
    0.4,
    0.4,
    0.4,
    0.4,
    0.4,
    0.4,
    0.4,
    0.4,
    0.41,
    0.41,
    0.41,
    0.4,
    0.4,
    0.4,
    0.4,
    0.4,
    0.4099999835999974,
    0.41,
    0.4,
    0.40999990681811826,
    0.4,
    0.41,
    0.41,
    0.41,
    0.4,
    0.4,
    0.40000002400000384,
    0.41,
    0.4,
    0.4099999303773265,
    0.4,
    0.41,
    0.4,
    0.40000002400000384,
    0.4000000006,
    0.4,
    0.4099998236998995,
    0.40000010619476545,
    0.40999982653836814,
    0.41,
    0.4,
    0.40999978925224784,
    0.400000060000024,
    0.400000060000024,
    0.400000060000024,
    0.400000060000024,
    0.4,
    0.400000060000024,
    0.400000060000024,
    0.4,
    0.4099999446499798,
    0.4099999446499798,
    0.4099999446499798,
    0.4099999446499798,
    0.4099998236998995,
    0.41,
    0.40000010909098843,
    0.400000060000024,
    0.4,
    0.4,
    0.4,
    0.4,
    0.4,
    0.4,
    0.4,
    0.4,
    0.41,
    0.4,
    0.4168482184735321,
    0.4,
    0.400000060000024,
    0.4,
    0.4,
    0.4,
    0.41,
    0.4,
    0.4,
    0.40000010909098843,
    0.41,
    0.41,
    0.4099999835999974,
    0.40000002400000384,
    0.41,
    0.4,
    0.4,
    0.41,
    0.41,
    0.409999928933322,
    0.4,
    0.407921568627451,
    0.39000014030010804,
    0.4,
    0.4,
    0.4,
    0.4,
    0.39,
    0.3900000382445192,
    0.4,
    0.40999997797014825,
    0.41,
    0.4186060267218021,
    0.41,
    0.41,
    0.41,
    0.41,
    0.41,
    0.4,
    0.41,
    0.4,
    0.41,
    0.4,
    0.4100165045202611,
    0.4100165595435233,
    0.4100166022558073,
    0.4,
    0.41,
    0.41,
    0.4,
    0.41,
    0.41,
    0.41,
    0.4,
    0.4,
    0.4099999446499798,
    0.4,
    0.41,
    0.41,
    0.41,
    0.41,
    0.41,
    0.41,
    0.41,
    0.41,
    0.4099998236998995,
    0.40999999651499996,
    0.4,
    0.4,
    0.4,
    0.4,
    0.41,
    0.41,
    0.41,
    0.41,
    0.4199999921599996,
    0.42,
    0.41,
    0.41999998991999926,
    0.41,
    0.41,
    0.42,
    0.4300217346388952,
    0.4300777273645776,
    0.43007774987832126,
    0.42996943444490787,
    0.4299694325870539,
    0.42984668598418435,
    0.42984668366709167,
    0.43,
    0.43000004446001433,
    0.43,
    0.43,
    0.43,
    0.43,
    0.43,
    0.43,
    0.43,
    0.4300984651884014,
    0.43009859845914267,
    0.439999998064,
    0.43009846016657866,
    0.4300938333921842,
    0.4300938114113833,
    0.4301206355695825,
    0.4301206719382404,
    0.43012082478942765,
    0.4299312798044384,
    0.42993127993892905,
    0.42999999438611103,
    0.42999999283333323,
    0.43002372202525746,
    0.4300236749682105,
    0.4300236824465739,
    0.4400315373147164,
    0.44003151160170373,
    0.4400315065037359,
    0.42,
    0.4200000012030874,
    0.45,
    0.44006356337161456,
    0.43997387894414336,
    0.44001201275283275,
    0.44001202891952734,
    0.42,
    0.42,
    0.42,
    0.439867637326274,
    0.4300276432651605,
    0.430027578743386,
    0.4300275887944227,
    0.4300260839456857,
    0.42991422805247226,
    0.4298634115135892,
    0.4298634115462441,
    0.42,
    0.42,
    0.42,
    0.42,
    0.42,
    0.42,
    0.42,
    0.42,
    0.42,
    0.42,
    0.43,
    0.43,
    0.43,
    0.43,
    0.44,
    0.44,
    0.44,
    0.4398839985603764,
    0.4398839982882269,
    0.4400603666609242,
    0.55,
    0.34,
    0.58,
    0.55,
    0.29,
    0.57,
    0.57,
    0.32,
    0.57,
    0.59,
    0.61995347033734,
    0.58,
    0.6,
    0.27,
    0.28,
    0.63,
    0.6,
    0.360099538165183,
    0.6,
    0.35,
    0.6,
    0.33,
    0.6,
    0.35,
    0.35,
    0.58,
    0.35,
    0.35,
    0.347444,
    0.58,
    0.37,
    0.37,
    0.35
]
