[
    0.001,
    0.001,
    0.001,
    0.001,
    0.001,
    0.001,
    0.001,
    0.001,
    0.001,
    0.001,
    0.001,
    0.001,
    0.001,
    0.001,
    0.002,
    0.004,
    0.003,
    0.002,
    0.003,
    0.002,
    0.004,
    0.005,
    0.005,
    0.005,
    0.005,
    0.005,
    0.008,
    0.01,
    0.01,
    0.01,
    0.01,
    0.01,
    0.01,
    0.01,
    0.01,
    0.01,
    0.01,
    0.01,
    0.01,
    0.01,
    0.01,
    0.01,
    0.01,
    0.01,
    0.01,
    0.01,
    0.01,
    0.01,
    0.01,
    0.01,
    0.01,
    0.01,
    0.01,
    0.01,
    0.01,
    0.01,
    0.01,
    0.01,
    0.01,
    0.005,
    0.00928785,
    0.009,
    0.005,
    0.005,
    0.005,
    0.01,
    0.01,
    0.01,
    0.01,
    0.01,
    0.01,
    0.01,
    0.01,
    0.01,
    0.01,
    0.01,
    0.005,
    0.01,
    0.01,
    0.01,
    0.01,
    0.01,
    0.01,
    0.01,
    0.01,
    0.01,
    0.01,
    0.01,
    0.01,
    0.01,
    0.01,
    0.01,
    0.01,
    0.02,
    0.015,
    0.01464675,
    0.015000000150000001,
    0.02,
    0.012,
    0.012,
    0.012,
    0.013,
    0.014,
    0.013,
    0.014,
    0.015,
    0.015,
    0.02,
    0.014000002083101154,
    0.015,
    0.02,
    0.02,
    0.01,
    0.02,
    0.02,
    0.02,
    0.02900000052200001,
    0.03,
    0.03,
    0.03,
    0.030000000040450378,
    0.03,
    0.03788955195604812,
    0.0332859009245159,
    0.02,
    0.029999994299999944,
    0.03,
    0.03,
    0.03,
    0.02,
    0.03,
    0.03,
    0.02,
    0.02,
    0.02,
    0.03,
    0.030000000256105667,
    0.03,
    0.04,
    0.05,
    0.05,
    0.05,
    0.04,
    0.04,
    0.05,
    0.05,
    0.04,
    0.05,
    0.05,
    0.05,
    0.059999998895999995,
    0.06,
    0.05,
    0.06,
    0.06000000289231213,
    0.06,
    0.09,
    0.07,
    0.1,
    0.1,
    0.1,
    0.1,
    0.1,
    0.1,
    0.11,
    0.11000000142400009,
    0.11,
    0.11,
    0.12,
    0.12000000352000104,
    0.1400000012900002,
    0.13,
    0.12,
    0.11,
    0.16451612460978146,
    0.11000002002500456,
    0.12,
    0.1,
    0.1238095187981859,
    0.1,
    0.1,
    0.08,
    0.08,
    0.08,
    0.09,
    0.09,
    0.08,
    0.08,
    0.09,
    0.09,
    0.09,
    0.09,
    0.09,
    0.09,
    0.1,
    0.1,
    0.1,
    0.11,
    0.11,
    0.12,
    0.12,
    0.13999988239998118,
    0.13000000243697496,
    0.13,
    0.13000000700089076,
    0.13000000705406162,
    0.14,
    0.15,
    0.16,
    0.16,
    0.16,
    0.16,
    0.16,
    0.16,
    0.17000000484166744,
    0.2,
    0.2,
    0.2,
    0.2,
    0.2,
    0.2,
    0.2,
    0.2,
    0.2,
    0.2,
    0.2,
    0.17302788844621514,
    0.16000001035439604,
    0.2,
    0.17,
    0.2,
    0.1800000042652804,
    0.20999997395999803,
    0.1800000098400048,
    0.18,
    0.16,
    0.2262665932190184,
    0.18,
    0.18000001640001606,
    0.18,
    0.2,
    0.2,
    0.2,
    0.2,
    0.2,
    0.23,
    0.23,
    0.23,
    0.23,
    0.23,
    0.26,
    0.26,
    0.26000001973334336,
    0.26000001973334336,
    0.25,
    0.25,
    0.25,
    0.27,
    0.27,
    0.31,
    0.2700000091690829,
    0.31,
    0.31,
    0.34,
    0.359999961962261,
    0.38,
    0.4,
    0.36,
    0.44,
    0.46999983572805326,
    0.4200000139200011,
    0.45,
    0.45,
    0.45,
    0.44999999808789604,
    0.45,
    0.45,
    0.44333333333333336,
    0.45,
    0.45,
    0.45,
    0.45,
    0.45,
    0.45,
    0.45,
    0.45,
    0.45,
    0.45,
    0.45,
    0.45,
    0.45,
    0.44,
    0.45,
    0.44,
    0.45,
    0.45,
    0.45,
    0.45,
    0.45,
    0.44,
    0.42,
    0.43,
    0.43,
    0.43,
    0.43,
    0.42,
    0.44006083650190114,
    0.43,
    0.4200000139200011,
    0.42,
    0.42,
    0.43000004446001433,
    0.4300000082080002,
    0.43999999088082875,
    0.439999998064,
    0.44,
    0.43,
    0.42,
    0.42000000276190486,
    0.43,
    0.42999999961056334,
    0.42,
    0.42916,
    0.42999999524614096,
    0.41,
    0.41,
    0.41,
    0.41,
    0.41,
    0.41,
    0.41,
    0.41,
    0.42,
    0.42000000464000087,
    0.41000012130849967,
    0.42,
    0.41,
    0.41000015340011353,
    0.41,
    0.41999987781810627,
    0.41,
    0.41,
    0.41,
    0.41,
    0.41,
    0.41000015340011353,
    0.41,
    0.41,
    0.4199999831999973,
    0.41,
    0.4100000023718594,
    0.41,
    0.41000000177101203,
    0.41000000472000014,
    0.4199999928444443,
    0.41,
    0.41,
    0.40999999717204577,
    0.4,
    0.39000000017161346,
    0.39,
    0.39000000202345697,
    0.4,
    0.39,
    0.39,
    0.39,
    0.4,
    0.39,
    0.39,
    0.39,
    0.39,
    0.39,
    0.39,
    0.39,
    0.39,
    0.39,
    0.39,
    0.39,
    0.39,
    0.39,
    0.38,
    0.37,
    0.37999994679998084,
    0.37,
    0.37,
    0.37,
    0.37,
    0.37,
    0.37,
    0.37,
    0.37,
    0.38,
    0.38,
    0.389999868749918,
    0.3800000016170398,
    0.3899999961974999,
    0.38000014880011307,
    0.3899999940688366,
    0.3800000031272069,
    0.38,
    0.38000007026670557,
    0.3899999978134247,
    0.38,
    0.38000002081769835,
    0.38,
    0.38999992979998455,
    0.3800001215687228,
    0.380000011627596,
    0.38000014880011307,
    0.38999995579999025,
    0.38999999659579226,
    0.3899999900086841,
    0.3800000004430945,
    0.38000003100001395,
    0.3899998478999072,
    0.38,
    0.38000014880011307,
    0.38,
    0.380000005786667,
    0.38999997766701905,
    0.38000014880011307,
    0.38,
    0.389999995866,
    0.38,
    0.38000000954097873,
    0.3800000092144382,
    0.3800000449275655,
    0.3800000136400011,
    0.38000014880011307,
    0.38000001262333666,
    0.3899999815442078,
    0.38000014880011307,
    0.38000001171111153,
    0.3899999793286212,
    0.38000008432002225,
    0.39,
    0.39,
    0.38999999128235263,
    0.38,
    0.389999890799976,
    0.38,
    0.38,
    0.38,
    0.3893597777777778,
    0.37999990700420294,
    0.3700000049045233,
    0.37,
    0.3700000330933899,
    0.370000018900007,
    0.3799999509677285,
    0.3799999741599966,
    0.370000063851388,
    0.37,
    0.37,
    0.37,
    0.3800060790273556,
    0.38999999024999976,
    0.38473983434041165,
    0.37999999635199994,
    0.37999999481818164,
    0.3799999011999269,
    0.3700000819000303,
    0.37,
    0.3700000017334659,
    0.37,
    0.37,
    0.370000000945,
    0.37999999417333324,
    0.37999987207912433,
    0.3799999950599998,
    0.37000001197000215,
    0.3799999284057587,
    0.37000002894967676,
    0.370000018900007,
    0.37999988740735735,
    0.3799999741599966,
    0.3799999011999269,
    0.37,
    0.37000000176400005,
    0.37000000850500075,
    0.3700000089526319,
    0.379999953739126,
    0.38,
    0.38,
    0.38,
    0.38,
    0.38,
    0.37000001563830304,
    0.37000000176400005,
    0.37999989233327414,
    0.370000018900007,
    0.37,
    0.3700000294479202,
    0.37999998729991136,
    0.37,
    0.370000023625005,
    0.37,
    0.37,
    0.37999986809911035,
    0.37,
    0.38,
    0.3700000260946812,
    0.3799999583225718,
    0.3700000260946812,
    0.3799999846685863,
    0.3799999011999269,
    0.3799999668122227,
    0.37999984454540037,
    0.3799999433418962,
    0.3799999169747383,
    0.37999996968084543,
    0.3799999741599966,
    0.37999989233327414,
    0.379999946976731,
    0.37000004173914497,
    0.3799999645480979,
    0.37,
    0.37000000738693584,
    0.37999997716737843,
    0.3799999486816625,
    0.3700000478218101,
    0.3799999548749913,
    0.37000002797297715,
    0.37999998327999907,
    0.37,
    0.37000006027611626,
    0.37999997680430603,
    0.37999993582220454,
    0.37999994276149096,
    0.38,
    0.3799999661063437,
    0.38,
    0.37999989030925346,
    0.3799999011999269,
    0.37999992399998594,
    0.37999993227721746,
    0.37999991949150835,
    0.3799999546268598,
    0.3799999054922025,
    0.37999994585751323,
    0.37999999635199994,
    0.37999998327999907,
    0.37999996701886457,
    0.37000002032258594,
    0.37,
    0.37,
    0.37000000063896055,
    0.37,
    0.3700001599231593,
    0.37,
    0.37,
    0.370000036885261,
    0.37,
    0.370000018900007,
    0.37000001553054956,
    0.38999996956646754,
    0.3700000784436005,
    0.37997850483120355,
    0.37000000018071766,
    0.37,
    0.3899998833644119,
    0.38999986368923567,
    0.39,
    0.3899999016215578,
    0.38,
    0.3799999513091849,
    0.37,
    0.3799999057851084,
    0.37999996619439613,
    0.37999993065692167,
    0.3799999711392354,
    0.37000003056605274,
    0.37,
    0.3700001076924734,
    0.3700000406904296,
    0.37999998614203373,
    0.37000004684016263,
    0.37999989030925346,
    0.3700000045818186,
    0.3700000059433969,
    0.3799998439284962,
    0.37,
    0.379999938497102,
    0.37999996712802486,
    0.3799999646511592,
    0.37000008186448863,
    0.379999939856103,
    0.3700000118644088,
    0.37,
    0.37000001563830304,
    0.37000008727279077,
    0.3700000260946812,
    0.37000000161400515,
    0.370000018900007,
    0.370000018900007,
    0.37,
    0.3700001195621084,
    0.3700000523384733,
    0.38060264680705463,
    0.37000001092485846,
    0.3799998439284962,
    0.37,
    0.37000003845071994,
    0.3799998802423894,
    0.37,
    0.370000023625005,
    0.37000000380967557,
    0.37,
    0.37999998327999907,
    0.37,
    0.37999987207912433,
    0.3700000330933899,
    0.37000001197000215,
    0.3700000246521783,
    0.37,
    0.3700000222352999,
    0.37,
    0.3700000072413813,
    0.37999995079136145,
    0.3700000819000303,
    0.37,
    0.37,
    0.37,
    0.37,
    0.37,
    0.3700000375789517,
    0.37,
    0.36999993518246943,
    0.37,
    0.37,
    0.37,
    0.36,
    0.37,
    0.36,
    0.36,
    0.36,
    0.36,
    0.36,
    0.36999999803899997,
    0.36,
    0.3699999179802733,
    0.3699999674295746,
    0.36,
    0.3699999034782161,
    0.37,
    0.36,
    0.36,
    0.36,
    0.36,
    0.36,
    0.3699999925999999,
    0.36,
    0.36,
    0.36,
    0.36999999570799996,
    0.36,
    0.369999946974513,
    0.36999993392856356,
    0.36,
    0.3699999621956478,
    0.36,
    0.36,
    0.36,
    0.37,
    0.36999997705999915,
    0.36,
    0.36,
    0.36,
    0.36,
    0.36,
    0.36,
    0.36,
    0.36,
    0.36,
    0.3599999870399992,
    0.3599999551274716,
    0.35,
    0.35000000650000057,
    0.3500000353261106,
    0.35999985405401463,
    0.3599999210126422,
    0.35999989763031237,
    0.35,
    0.35999999904,
    0.3599999870399992,
    0.3599998892306968,
    0.3500000316764241,
    0.35999994782607564,
    0.3500000631068513,
    0.3500000406250076,
    0.3599999698954677,
    0.35,
    0.35000002811419534,
    0.35000001857143337,
    0.3599999870399992,
    0.3500000812501253,
    0.35000003316327205,
    0.3500000163316661,
    0.359999943157885,
    0.35,
    0.35,
    0.3599999068656494,
    0.3599999684383503,
    0.36,
    0.35999993772970684,
    0.35999997457463656,
    0.35,
    0.3599999524229033,
    0.35,
    0.350000096918571,
    0.3599999239024242,
    0.35,
    0.35,
    0.35,
    0.3500000233813009,
    0.3500000181058592,
    0.35999994917646283,
    0.3500000123106105,
    0.3500000325000114,
    0.35000003421056053,
    0.35999994779455374,
    0.36,
    0.36,
    0.36,
    0.3500000001383273,
    0.35000004826734704,
    0.35000005508476445,
    0.36,
    0.36,
    0.3500000631068513,
    0.36,
    0.36,
    0.36,
    0.36,
    0.36,
    0.36,
    0.36,
    0.35000001087392973,
    0.37,
    0.3500000174731272,
    0.36,
    0.36,
    0.35000000037804235,
    0.35,
    0.35,
    0.35,
    0.36,
    0.36,
    0.36,
    0.35,
    0.36,
    0.35,
    0.36,
    0.36,
    0.36,
    0.36,
    0.36,
    0.36,
    0.36,
    0.36,
    0.36,
    0.36,
    0.36,
    0.36,
    0.36,
    0.36,
    0.36,
    0.36,
    0.36,
    0.36,
    0.36,
    0.36,
    0.36,
    0.3699999536050069,
    0.37,
    0.37,
    0.37,
    0.37,
    0.37,
    0.3700000222352999,
    0.37999992549018147,
    0.37,
    0.37,
    0.37,
    0.37,
    0.37,
    0.3700000307943084,
    0.37999984454540037,
    0.37000003011954447,
    0.37,
    0.379999891428545,
    0.37,
    0.370000004775984,
    0.370000018900007,
    0.37000000850500075,
    0.37,
    0.37,
    0.37,
    0.37,
    0.37,
    0.38,
    0.38,
    0.38,
    0.38,
    0.38,
    0.38,
    0.38,
    0.38,
    0.38,
    0.38,
    0.38,
    0.38,
    0.38,
    0.38,
    0.38,
    0.38,
    0.38000000729411815,
    0.3800000064808373,
    0.38,
    0.38,
    0.38000000248000004,
    0.3800001366103709,
    0.3800000006126482,
    0.3800000010020202,
    0.38,
    0.3800000136400011,
    0.3800000113945956,
    0.38000002590078896,
    0.38000014880011307,
    0.3899999570535634,
    0.3899999626595681,
    0.38000000245456184,
    0.38,
    0.3899998478999072,
    0.3800000147300244,
    0.3800000009135273,
    0.38,
    0.38,
    0.38000000327176786,
    0.38000000992794297,
    0.38000003100001395,
    0.38,
    0.38999998298868943,
    0.38000007026670557,
    0.3800000008218724,
    0.3800000055800001,
    0.38000000121616323,
    0.38999997111110957,
    0.38999999024999976,
    0.3800000009668616,
    0.38000014880011307,
    0.38000003830117074,
    0.3899999518373408,
    0.3800000110292261,
    0.38000001083916257,
    0.3800000025093958,
    0.38000000154726005,
    0.3800000055800001,
    0.38000000256728833,
    0.3800000018600001,
    0.3899999799141598,
    0.38000000298795183,
    0.3899999657003176,
    0.38000003234783847,
    0.3899999079166245,
    0.3800000136400011,
    0.3800000043508773,
    0.38,
    0.3800000136400011,
    0.3800000212571502,
    0.38,
    0.38999996937172215,
    0.3800000572937619,
    0.38000003100001395,
    0.38,
    0.389999901126716,
    0.3800000136400011,
    0.38,
    0.38,
    0.38000014880011307,
    0.3800000052013427,
    0.3800000083783811,
    0.389999868749918,
    0.38,
    0.39,
    0.3800000640376122,
    0.3899999577921941,
    0.38999993163345087,
    0.38999999593972595,
    0.3800000722870195,
    0.38000002921466597,
    0.3800000263829851,
    0.38000002116041603,
    0.38999996151999355,
    0.38000005904765666,
    0.38999993743313166,
    0.38,
    0.39,
    0.38,
    0.39,
    0.3899999165431934,
    0.38000014880011307,
    0.389999901126716,
    0.380000000868,
    0.38000014880011307,
    0.39,
    0.38,
    0.3800000372000052,
    0.3800000082666684,
    0.38000014880011307,
    0.380000023554958,
    0.3800000372000052,
    0.38000014880011307,
    0.38000006338659525,
    0.38000014880011307,
    0.38,
    0.39,
    0.38999994490303963,
    0.3800000432558277,
    0.38000014880011307,
    0.39,
    0.38999998745173625,
    0.39,
    0.39,
    0.39,
    0.4,
    0.4,
    0.4,
    0.4,
    0.4,
    0.4,
    0.4,
    0.4,
    0.4,
    0.4,
    0.4,
    0.39,
    0.4,
    0.3900000336397164,
    0.4,
    0.3900000600757972,
    0.39,
    0.4,
    0.3900000263580317,
    0.3900000238814362,
    0.3900000644224567,
    0.4,
    0.4,
    0.4,
    0.39000000638252175,
    0.39,
    0.4,
    0.39000007728512803,
    0.39000000061000006,
    0.3900000927200601,
    0.4,
    0.39000001776700705,
    0.39,
    0.3900000035568,
    0.4,
    0.4,
    0.40999982653836814,
    0.40999994372547033,
    0.4,
    0.4000000436363763,
    0.4,
    0.4,
    0.40000000600000024,
    0.4,
    0.4,
    0.4099999729320354,
    0.4,
    0.4,
    0.4,
    0.4,
    0.4,
    0.4,
    0.4,
    0.4,
    0.4,
    0.4,
    0.4,
    0.4,
    0.4,
    0.4,
    0.4,
    0.4,
    0.4,
    0.4,
    0.4,
    0.4,
    0.4,
    0.4,
    0.4,
    0.4,
    0.4,
    0.4,
    0.4,
    0.4,
    0.4,
    0.4,
    0.4,
    0.4,
    0.4,
    0.4,
    0.4,
    0.4,
    0.4,
    0.4,
    0.4,
    0.4,
    0.4,
    0.4,
    0.4,
    0.4,
    0.4,
    0.4,
    0.4,
    0.4,
    0.4,
    0.4,
    0.4,
    0.38,
    0.3899998532672367,
    0.38000001149330687,
    0.3899999994345,
    0.38000014880011307,
    0.3899998478999072,
    0.38999990861923006,
    0.3899999296518892,
    0.38000000302666176,
    0.38000018491254994,
    0.3800000009503036,
    0.38999987858482893,
    0.38000014880011307,
    0.3800000889952877,
    0.39,
    0.38,
    0.3899998585293244,
    0.380000023034062,
    0.38000014880011307,
    0.3899999710088466,
    0.3800000004133333,
    0.38000001708661707,
    0.38,
    0.3899999556631536,
    0.39,
    0.38,
    0.38000002259110144,
    0.38,
    0.3800000031000001,
    0.3899999800124985,
    0.389999998245,
    0.38,
    0.38000014880011307,
    0.38000014880011307,
    0.38000017252199114,
    0.3899998478999072,
    0.3899998478999072,
    0.3899998478999072,
    0.3899998478999072,
    0.3800000184158501,
    0.3899999296518892,
    0.38000014880011307,
    0.3800000333846264,
    0.38000014880011307,
    0.38,
    0.38000000249294524,
    0.38000014880011307,
    0.38,
    0.38000005197607467,
    0.38000014880011307,
    0.38000014880011307,
    0.3800000372000052,
    0.38999997292466554,
    0.38000001964789015,
    0.3800003552220057,
    0.39008493086124923,
    0.39008476908249723,
    0.39008474601115245,
    0.3800000372000052,
    0.38000014880011307,
    0.4,
    0.3800000372000052,
    0.38000014880011307,
    0.39,
    0.3900003165180204,
    0.39,
    0.39,
    0.39,
    0.39,
    0.39,
    0.4,
    0.4,
    0.4,
    0.4,
    0.4,
    0.4,
    0.4,
    0.4,
    0.4,
    0.4,
    0.4,
    0.4,
    0.4,
    0.4,
    0.4,
    0.4,
    0.4,
    0.3900000124222961,
    0.4,
    0.3900001343613135,
    0.39,
    0.4,
    0.3900000422772457,
    0.4,
    0.4,
    0.4,
    0.4,
    0.4,
    0.4,
    0.4,
    0.4,
    0.4,
    0.4,
    0.4,
    0.4,
    0.4,
    0.4,
    0.4,
    0.4,
    0.4,
    0.4,
    0.4,
    0.4,
    0.4,
    0.4,
    0.39000001005014456,
    0.4,
    0.4,
    0.4,
    0.4,
    0.4,
    0.4,
    0.4,
    0.4,
    0.4,
    0.4,
    0.4,
    0.4,
    0.4,
    0.4,
    0.4,
    0.4,
    0.4,
    0.4,
    0.4,
    0.4,
    0.39,
    0.3900000321703902,
    0.4,
    0.4,
    0.4,
    0.4,
    0.4,
    0.4,
    0.4,
    0.39,
    0.39000014030010804,
    0.39000014030010804,
    0.4,
    0.39000003929448807,
    0.4,
    0.39000014030010804,
    0.4,
    0.4,
    0.4,
    0.3900000957399812,
    0.4,
    0.39000001861759537,
    0.39000002618911894,
    0.39,
    0.3900000162596756,
    0.3900000045269025,
    0.3900000443636533,
    0.3900000160667262,
    0.39000000936187534,
    0.39000001073600066,
    0.4,
    0.39000008044639084,
    0.39,
    0.4,
    0.3900000268722574,
    0.39000002135000994,
    0.39000004005971084,
    0.39,
    0.39,
    0.39,
    0.39,
    0.4,
    0.3900000010645726,
    0.4,
    0.390000136787931,
    0.3900000348173655,
    0.3900000793680489,
    0.39000005163010587,
    0.3900000097860987,
    0.3900000769131007,
    0.39000007625005195,
    0.3900000448329788,
    0.39000014300605074,
    0.39,
    0.3900000011914065,
    0.3900000326520823,
    0.39000003227513913,
    0.3900000390807992,
    0.39000003310078196,
    0.39000003310078196,
    0.3900000751761,
    0.4,
    0.39000001503521353,
    0.4,
    0.4,
    0.4,
    0.39000000434163734,
    0.39000003156928575,
    0.4,
    0.4,
    0.4,
    0.4,
    0.3900000116599619,
    0.39000002925400024,
    0.4,
    0.39000014030010804,
    0.39,
    0.3900013742901348,
    0.3900000326520823,
    0.39000000054367207,
    0.4,
    0.4,
    0.39000001545154483,
    0.4,
    0.39000008958046906,
    0.3900000056429237,
    0.39,
    0.39000000061000006,
    0.39000003101695285,
    0.4,
    0.3900001078453444,
    0.3900000610000346,
    0.3900000525862283,
    0.4,
    0.39000002518349675,
    0.3900000244000039,
    0.3900000422772457,
    0.3900000595122377,
    0.3900000310432712,
    0.39000004108810143,
    0.3900001042211401,
    0.3900000044852952,
    0.3900000026521745,
    0.39000004066667215,
    0.3900001220001878,
    0.3900001397918288,
    0.390000061726221,
    0.3900000623118551,
    0.39000003496817315,
    0.3900000468171627,
    0.39,
    0.3900000160143232,
    0.39000004528385923,
    0.3900000029468613,
    0.4,
    0.4,
    0.39000014030010804,
    0.39000003588237303,
    0.39000001614706314,
    0.39000000175703153,
    0.4,
    0.3900000084554471,
    0.4,
    0.4,
    0.4,
    0.39000014030010804,
    0.3900000032316584,
    0.39000000028119236,
    0.39000014030010804,
    0.39,
    0.39000000224264725,
    0.3900000011914065,
    0.39000013179025766,
    0.3900000038295967,
    0.39000005919835645,
    0.3900000104273547,
    0.3900000397826277,
    0.39000009104483047,
    0.39000005163010587,
    0.3900000187430214,
    0.39000020513285594,
    0.3900000160143232,
    0.3900000030576449,
    0.3900000449631527,
    0.3900000610000346,
    0.3900001122699869,
    0.3900000160667262,
    0.3900000522418354,
    0.390000030719445,
    0.39000002987756177,
    0.4,
    0.4,
    0.4,
    0.4,
    0.39000006369479806,
    0.39000001585788796,
    0.39000000502998533,
    0.39000001877703927,
    0.39000001730496675,
    0.3900000089222491,
    0.39000001085593294,
    0.39000002099637987,
    0.4,
    0.4,
    0.4,
    0.39000014030010804,
    0.3900000013525502,
    0.3900000011914065,
    0.4,
    0.3900000124489825,
    0.390000008540001,
    0.4,
    0.39000014030010804,
    0.39000014030010804,
    0.39000002798165523,
    0.4,
    0.4,
    0.39000000949416513,
    0.39000014030010804,
    0.3900000198297269,
    0.39000014030010804,
    0.4,
    0.4,
    0.3900000469230923,
    0.39000014030010804,
    0.39000000754417086,
    0.4,
    0.3900000301073011,
    0.3900000236048919,
    0.390000064319743,
    0.3900000013525502,
    0.3900013863856925,
    0.4,
    0.4,
    0.4,
    0.4,
    0.4,
    0.4,
    0.4,
    0.4,
    0.4,
    0.4,
    0.4,
    0.4,
    0.4,
    0.4,
    0.4,
    0.4,
    0.4,
    0.4,
    0.4,
    0.4,
    0.39,
    0.39000000575281807,
    0.39,
    0.4,
    0.39000014030010804,
    0.4,
    0.4,
    0.4,
    0.4,
    0.4,
    0.4,
    0.3900000495759852,
    0.4,
    0.4,
    0.4,
    0.4,
    0.4,
    0.4,
    0.4,
    0.39000014030010804,
    0.39000001260982103,
    0.39000014030010804,
    0.4,
    0.4,
    0.39,
    0.4,
    0.4,
    0.39000021138648394,
    0.39000000859155,
    0.3900000045269025,
    0.39000014030010804,
    0.39000003719512616,
    0.39,
    0.39000000091098247,
    0.4,
    0.4,
    0.4,
    0.4,
    0.4,
    0.4,
    0.4,
    0.4,
    0.4,
    0.4,
    0.4,
    0.4,
    0.4,
    0.4,
    0.4,
    0.4,
    0.4,
    0.4,
    0.4,
    0.4,
    0.4,
    0.4,
    0.4,
    0.4,
    0.4,
    0.4,
    0.4,
    0.4,
    0.4099999824452893,
    0.40786878444496466,
    0.4,
    0.4,
    0.4,
    0.4,
    0.4,
    0.4,
    0.4,
    0.4,
    0.4,
    0.4,
    0.4,
    0.4,
    0.4,
    0.4,
    0.4,
    0.4,
    0.4,
    0.4,
    0.4,
    0.4,
    0.4,
    0.4,
    0.4,
    0.4,
    0.4,
    0.4,
    0.4,
    0.4,
    0.4,
    0.4,
    0.4,
    0.4,
    0.4,
    0.4,
    0.4,
    0.4,
    0.4,
    0.4,
    0.4,
    0.4,
    0.4,
    0.4,
    0.4,
    0.4,
    0.4,
    0.4,
    0.4,
    0.4,
    0.4,
    0.4,
    0.4,
    0.4,
    0.4,
    0.4,
    0.4,
    0.4,
    0.4,
    0.4,
    0.4,
    0.4,
    0.4,
    0.4,
    0.4,
    0.4,
    0.4,
    0.4,
    0.4,
    0.4,
    0.4,
    0.4,
    0.4,
    0.4,
    0.4,
    0.4,
    0.4,
    0.4,
    0.4,
    0.4,
    0.4,
    0.4,
    0.4,
    0.4,
    0.4,
    0.4,
    0.4,
    0.4,
    0.4,
    0.4,
    0.4,
    0.4,
    0.4,
    0.4,
    0.4,
    0.4,
    0.4,
    0.4,
    0.4,
    0.4,
    0.4,
    0.4,
    0.4,
    0.4,
    0.4,
    0.4,
    0.4,
    0.4,
    0.3900000080871219,
    0.4,
    0.4,
    0.39,
    0.4,
    0.4,
    0.4,
    0.3900000084137949,
    0.3900000094006864,
    0.4,
    0.4,
    0.39000001404903595,
    0.3900000461344697,
    0.3900000278734707,
    0.4,
    0.3900000063103453,
    0.4,
    0.3900001363319547,
    0.39,
    0.4,
    0.4,
    0.39,
    0.390000009417458,
    0.39000000644715493,
    0.3900000136873615,
    0.39000001766040915,
    0.3900000094006864,
    0.39000000111166805,
    0.39,
    0.3900000090444817,
    0.39,
    0.39000001237681314,
    0.39000000963474907,
    0.39,
    0.3900000599672579,
    0.3900000115663661,
    0.3900000107850084,
    0.3900000174285739,
    0.3900000134930885,
    0.39000000990259803,
    0.39000001651128025,
    0.4,
    0.39,
    0.3900000178065079,
    0.39000001704487963,
    0.4,
    0.4,
    0.4,
    0.39000002178488546,
    0.4,
    0.39,
    0.39,
    0.39000001616200053,
    0.39,
    0.39,
    0.39000003775801256,
    0.3900000039165332,
    0.39,
    0.39,
    0.39,
    0.39,
    0.4,
    0.4,
    0.4,
    0.4,
    0.3900000121599385,
    0.39,
    0.4,
    0.4,
    0.3900000038295967,
    0.39,
    0.39,
    0.39,
    0.4,
    0.4,
    0.3900000107196669,
    0.390000001831832,
    0.3900000914728287,
    0.39,
    0.4,
    0.3900000105267946,
    0.39,
    0.3900000133207848,
    0.39000001565486825,
    0.39000000819115377,
    0.39000001719584776,
    0.3900000100895939,
    0.39000001914559995,
    0.39000001189716393,
    0.3900000149509811,
    0.39,
    0.3900000045979903,
    0.39000014030010804,
    0.3900000099187008,
    0.3900000132159798,
    0.4,
    0.3900000152500009,
    0.4,
    0.3900000067835762,
    0.3900000090444817,
    0.4,
    0.4,
    0.4,
    0.4,
    0.4,
    0.3900000175697596,
    0.39,
    0.39000002808054696,
    0.3900000166552925,
    0.3900000091135466,
    0.39000002015652285,
    0.39000001219062425,
    0.39,
    0.3900000109541156,
    0.3900000123394907,
    0.3900000143789674,
    0.39000001978089505,
    0.4,
    0.39,
    0.39000001073600066,
    0.39,
    0.39000000764547954,
    0.39000000860580974,
    0.39000001309816024,
    0.3900000082185634,
    0.3900000146140218,
    0.39,
    0.3900000146595467,
    0.3900000142968761,
    0.3900000125411192,
    0.3900000162596756,
    0.39000001861759537,
    0.39000001694444664,
    0.4,
    0.4,
    0.4,
    0.4,
    0.39000002142439366,
    0.39000001127125056,
    0.39000001500473286,
    0.4,
    0.3900000166552925,
    0.39000000936187534,
    0.3900000120131306,
    0.39000001766040915,
    0.4,
    0.4,
    0.4,
    0.4,
    0.4,
    0.39,
    0.4,
    0.4,
    0.39,
    0.3900000146683271,
    0.3900000004465593,
    0.39000000515735106,
    0.3900000056429237,
    0.3900000140409216,
    0.39000001461592737,
    0.3900000031420164,
    0.39000001455152916,
    0.3900000114862144,
    0.3900000077085094,
    0.39000001544934854,
    0.39000001982358706,
    0.4,
    0.3900000170970983,
    0.4,
    0.39000014030010804,
    0.39000002135000994,
    0.39000000471562685,
    0.3900000244000039,
    0.3900000158079288,
    0.3900000180108803,
    0.3900000158079288,
    0.3900000158079288,
    0.39000001914559995,
    0.39000000356725173,
    0.39000000689265585,
    0.4,
    0.4,
    0.4096921264094491,
    0.4,
    0.39000002222435626,
    0.3900000255068133,
    0.39,
    0.39000001418604874,
    0.39000001739650525,
    0.39000001320346406,
    0.39,
    0.39,
    0.39,
    0.4,
    0.3900000059803927,
    0.39000016379655567,
    0.4,
    0.39000001657873923,
    0.39,
    0.4,
    0.4,
    0.4,
    0.4,
    0.4,
    0.4,
    0.39,
    0.4,
    0.39000014030010804,
    0.3900000054648911,
    0.41,
    0.39000014030010804,
    0.39,
    0.39,
    0.40010282258185464,
    0.41,
    0.40010262246182127,
    0.3900000220925634,
    0.3900000334246622,
    0.3900000310432712,
    0.39000001592369754,
    0.3900000610000346,
    0.3900000073790337,
    0.3900000305000069,
    0.39000000156410297,
    0.40009718795556853,
    0.390000026611323,
    0.40009662619936626,
    0.40009682656205187,
    0.40009664241991366,
    0.4000967241971563,
    0.4000966479374635,
    0.41,
    0.4000966244531255,
    0.40009682446935513,
    0.39000000061000006,
    0.41,
    0.41,
    0.39,
    0.39,
    0.41,
    0.39,
    0.4099998813705325,
    0.4099999659101075,
    0.40999995363093,
    0.40999994561222436,
    0.40999995273182316,
    0.40999995009545953,
    0.4099999746764647,
    0.4099999031318378,
    0.4099999467147891,
    0.40999978925224784,
    0.4,
    0.39,
    0.41,
    0.3900000048800001,
    0.4099999970181818,
    0.390000003904,
    0.4099998236998995,
    0.39000021138648394,
    0.39000002135000994,
    0.39000000300704246,
    0.4,
    0.4,
    0.39,
    0.3900000244000039,
    0.41,
    0.4099999909799993,
    0.4,
    0.4,
    0.39000014030010804,
    0.4,
    0.41,
    0.41,
    0.41,
    0.39,
    0.39,
    0.39,
    0.39,
    0.39000000073200003,
    0.39000000073200003,
    0.39000000073200003,
    0.39000000073200003,
    0.39000000073200003,
    0.39000000073200003,
    0.39000000061000006,
    0.39000000073200003,
    0.39000000073200003,
    0.39000000073200003,
    0.39000000073200003,
    0.39000000073200003,
    0.39000014030010804,
    0.39,
    0.41,
    0.3900000600757972,
    0.39,
    0.3900001794118878,
    0.40004040404040403,
    0.39,
    0.41,
    0.40999999754,
    0.4099998672380118,
    0.4099997850484477,
    0.39000014030010804,
    0.40999999343999965,
    0.39,
    0.41,
    0.39000000154846154,
    0.3900000827858213,
    0.39000014030010804,
    0.39,
    0.39000000262531653,
    0.41,
    0.41,
    0.41,
    0.4000820912859663,
    0.3900000014617727,
    0.4000820609331933,
    0.4000820609331933,
    0.41,
    0.41,
    0.41,
    0.41,
    0.41,
    0.39000000177916666,
    0.39,
    0.39,
    0.39,
    0.39,
    0.39,
    0.39,
    0.41,
    0.40999982653836814,
    0.39000001330909306,
    0.39000014030010804,
    0.3900000013725,
    0.39,
    0.41,
    0.41,
    0.41,
    0.4099999967199999,
    0.41,
    0.39,
    0.39,
    0.39,
    0.3900000048800001,
    0.41,
    0.41,
    0.41,
    0.41,
    0.41,
    0.39,
    0.39,
    0.39,
    0.39,
    0.39,
    0.3900001810939792,
    0.39000014030010804,
    0.3900000013725,
    0.3900000024220589,
    0.3900000072879339,
    0.39,
    0.41,
    0.409999974374997,
    0.39000014030010804,
    0.39000014030010804,
    0.39000014030010804,
    0.4,
    0.39000000656923123,
    0.4,
    0.4,
    0.4,
    0.4,
    0.4,
    0.4,
    0.390000003904,
    0.39,
    0.39,
    0.39,
    0.39,
    0.39,
    0.4,
    0.39,
    0.4,
    0.39000000508333366,
    0.39,
    0.4,
    0.4,
    0.4,
    0.4,
    0.39,
    0.4,
    0.4,
    0.4,
    0.4,
    0.4,
    0.4,
    0.39,
    0.39,
    0.39,
    0.3900000367224181,
    0.4,
    0.39,
    0.39,
    0.4,
    0.4,
    0.4,
    0.4,
    0.4,
    0.39,
    0.39,
    0.39,
    0.39,
    0.39,
    0.39,
    0.4,
    0.39,
    0.4,
    0.4,
    0.4,
    0.4,
    0.39,
    0.39,
    0.39,
    0.4,
    0.39,
    0.4,
    0.39,
    0.39,
    0.4,
    0.4,
    0.39,
    0.4,
    0.4,
    0.4,
    0.4,
    0.4,
    0.39,
    0.4,
    0.39000001279032437,
    0.39000001279032437,
    0.39000001279032437,
    0.39000001279032437,
    0.39000001279032437,
    0.4,
    0.4,
    0.4,
    0.39,
    0.39,
    0.39,
    0.39,
    0.39,
    0.39,
    0.39,
    0.38,
    0.38,
    0.38,
    0.38,
    0.39,
    0.38,
    0.38,
    0.38,
    0.3800000539130544,
    0.3899434291243131,
    0.4,
    0.38,
    0.38,
    0.38,
    0.38,
    0.38,
    0.38,
    0.38,
    0.38,
    0.38,
    0.39935196068198425,
    0.4,
    0.4,
    0.4,
    0.38000014880011307,
    0.38,
    0.38,
    0.38,
    0.38,
    0.38999993823527596,
    0.4,
    0.4,
    0.4,
    0.4,
    0.4,
    0.38000003455738646,
    0.38000003455738646,
    0.38000003455738646,
    0.38000003455738646,
    0.38000003455738646,
    0.39,
    0.38000006775962947,
    0.4,
    0.39,
    0.3800000071676341,
    0.4,
    0.4,
    0.4,
    0.4,
    0.4,
    0.39,
    0.39,
    0.39,
    0.39,
    0.39,
    0.39000003854031096,
    0.39,
    0.3900000093198643,
    0.39,
    0.39,
    0.39000003496817315,
    0.4,
    0.4,
    0.4,
    0.4,
    0.4,
    0.39,
    0.39,
    0.39,
    0.39,
    0.39,
    0.39,
    0.3900000400533821,
    0.39,
    0.4,
    0.39,
    0.3900000173500866,
    0.4,
    0.4,
    0.39000003412588813,
    0.4,
    0.4,
    0.3900000073200003,
    0.39,
    0.39,
    0.39,
    0.39,
    0.39000000820562164,
    0.39,
    0.39,
    0.3900000258173782,
    0.39000014030010804,
    0.39000014030010804,
    0.39,
    0.39,
    0.39,
    0.39,
    0.39,
    0.39,
    0.3900000122471574,
    0.39,
    0.39,
    0.39,
    0.39,
    0.4,
    0.39000005163010587,
    0.39000014030010804,
    0.4,
    0.39000014030010804,
    0.39000014030010804,
    0.39000014030010804,
    0.4,
    0.39000014030010804,
    0.4,
    0.4,
    0.39000014030010804,
    0.39000019963666127,
    0.4,
    0.4,
    0.39000000200398094,
    0.409999997622,
    0.4,
    0.4,
    0.4099999379525132,
    0.4,
    0.3998000749521095,
    0.39,
    0.39,
    0.40999999539879756,
    0.3900000040978887,
    0.39000001003289786,
    0.4,
    0.4,
    0.4,
    0.4,
    0.39,
    0.39,
    0.39,
    0.39,
    0.3900000457173609,
    0.39,
    0.3900000551833826,
    0.39,
    0.4,
    0.390000003904,
    0.4,
    0.4,
    0.4,
    0.4,
    0.4,
    0.39,
    0.39,
    0.39,
    0.39,
    0.39,
    0.39,
    0.39,
    0.4,
    0.4,
    0.39000001776700705,
    0.39000014030010804,
    0.39,
    0.39,
    0.4,
    0.39000001154865627,
    0.40999992227485943,
    0.4,
    0.4,
    0.4,
    0.40999990716974477,
    0.40999990681811826,
    0.40000003821657026,
    0.400000060000024,
    0.4,
    0.4,
    0.4,
    0.4099999349206194,
    0.40999993996883743,
    0.4,
    0.4099998236998995,
    0.40000016216233747,
    0.4,
    0.40999978925224784,
    0.39000000329967555,
    0.4,
    0.40000011538470415,
    0.4,
    0.4,
    0.39,
    0.4,
    0.4,
    0.39000014030010804,
    0.4,
    0.3900002170193622,
    0.39000002135000994,
    0.39,
    0.39,
    0.39,
    0.39,
    0.39,
    0.39,
    0.39,
    0.4,
    0.4,
    0.4099999522085799,
    0.4,
    0.4099998236998995,
    0.40999991901232835,
    0.40999999402394577,
    0.4,
    0.4,
    0.41,
    0.400000060000024,
    0.4099999349206194,
    0.4,
    0.3900000433421136,
    0.39,
    0.39,
    0.39,
    0.39,
    0.39,
    0.39,
    0.39000014030010804,
    0.4,
    0.4,
    0.3900000438747272,
    0.3900000268722574,
    0.390000007159626,
    0.4,
    0.4,
    0.3900000448329788,
    0.39000000061000006,
    0.39000003548099815,
    0.39,
    0.4,
    0.39,
    0.39,
    0.39004044816634703,
    0.39,
    0.4,
    0.39004045401912385,
    0.38000002958786394,
    0.39,
    0.38000000123820876,
    0.4099999515454456,
    0.39000000414329544,
    0.39,
    0.4,
    0.39,
    0.4,
    0.4,
    0.41,
    0.41,
    0.41,
    0.41,
    0.41,
    0.41,
    0.4,
    0.4,
    0.4000000011568495,
    0.4,
    0.41,
    0.41,
    0.41,
    0.41,
    0.41,
    0.41,
    0.4,
    0.4096,
    0.4,
    0.4,
    0.43,
    0.43,
    0.43,
    0.43,
    0.36,
    0.36,
    0.36,
    0.36,
    0.38,
    0.3500000003522338,
    0.41,
    0.41,
    0.4100000287625022,
    0.4100000107552109,
    0.4399999281632526,
    0.42,
    0.4100000295000044,
    0.4100000549310483,
    0.4100000455909159,
    0.43999993657655717,
    0.43999997910978705,
    0.43999998783059563,
    0.4100000076352945,
    0.4200898213238658,
    0.42008982055054195,
    0.4200898207251344,
    0.41,
    0.4397084944173673,
    0.4299560603025363,
    0.41,
    0.42995600030568987,
    0.4299999535539958,
    0.4100000007866667,
    0.4299999947227271,
    0.420050790393964,
    0.4100004169818851,
    0.4200507786245684,
    0.42005081123549276,
    0.43,
    0.39,
    0.41,
    0.42993154781224635,
    0.4000953206507544,
    0.41,
    0.34,
    0.34,
    0.3300000195057376,
    0.34,
    0.41003567425776816,
    0.41003567463403573,
    0.42006015827927345,
    0.4200601574573782,
    0.43,
    0.4100154519701262,
    0.4301477227002432,
    0.43014772282623254,
    0.43989400736873535,
    0.43989394207103316,
    0.4299102014010696,
    0.42991008964912597,
    0.46,
    0.46,
    0.46,
    0.4699998777999096,
    0.4601050960208848,
    0.46010509587789356,
    0.46010509599476757,
    0.4600503965667726,
    0.4600503963583145,
    0.4600503961068485,
    0.45,
    0.45,
    0.45,
    0.45,
    0.45,
    0.45,
    0.44,
    0.438520566311234,
    0.441924,
    0.44,
    0.45,
    0.42999014242296224,
    0.42999150230891364,
    0.429991569372593,
    0.44999999376923067,
    0.45,
    0.45,
    0.44,
    0.4399999932090031,
    0.4384142730571697,
    0.4299999967319999,
    0.42,
    0.4361673495382641,
    0.43004770695510175,
    0.4300477070035208,
    0.43,
    0.4400760719883057,
    0.42,
    0.44989318558200925,
    0.4300768126959292,
    0.43007692259468,
    0.4498931769722548,
    0.4498840907819646,
    0.4300768126328799,
    0.44988411232789355,
    0.43006043112322545,
    0.43006043129369215,
    0.4300604312045326,
    0.4498235673834557,
    0.42000004640001054,
    0.44007136065138003,
    0.42,
    0.44010237944273206,
    0.42,
    0.4100636791610358,
    0.4100636787750022,
    0.39,
    0.4599135529376863,
    0.39,
    0.37,
    0.4499999856818173,
    0.45,
    0.45,
    0.44985091829713575,
    0.45988829307775797,
    0.5329457357524338,
    0.5162889152769891,
    0.3899487554767296,
    0.32,
    0.32,
    0.32,
    0.32,
    0.3797918737426265,
    0.32,
    0.3300402215661951,
    0.3797918923770798,
    0.3300402212493393,
    0.3500855618679641,
    0.33004022148579404,
    0.35008556155056414,
    0.37012416495820566,
    0.36,
    0.3799804516105677,
    0.35008556191287044,
    0.37998042293205125,
    0.3300402219008408,
    0.34,
    0.3800996044956915,
    0.3300402231129863,
    0.38009960199203985,
    0.37984864554202424,
    0.36989601755008844,
    0.34,
    0.33009966867595536,
    0.3798486421867616,
    0.35279763286145277,
    0.33986393873470566,
    0.31,
    0.31,
    0.31,
    0.3201475488245128,
    0.3298638989591697,
    0.3298638731080429,
    0.32014754888604785,
    0.3298638731080429,
    0.32014754891971425,
    0.33986393873470566,
    0.3100000004194529,
    0.31,
    0.31,
    0.31,
    0.3698396619395698,
    0.36983968094323977,
    0.36983964663905416,
    0.32012088394513316,
    0.32012088549064377,
    0.3201208837419745,
    0.3100002013691715,
    0.32,
    0.31,
    0.3300156313977354,
    0.33001563006773027,
    0.32,
    0.31002866251166405,
    0.3100690342822351,
    0.31006903394298235,
    0.31006903499171173,
    0.30998846256966883,
    0.30998853345511773,
    0.31,
    0.30000002333334036,
    0.30000001590909414,
    0.3,
    0.29000000394444486,
    0.29000002982001066,
    0.29000001846000134,
    0.29,
    0.29,
    0.29,
    0.29,
    0.29,
    0.300034379049848,
    0.30003437905952585,
    0.30003437905824226,
    0.29981678846391346,
    0.2998168029158074,
    0.29978107250923924,
    0.29,
    0.29,
    0.29978112146123387,
    0.29,
    0.2997811148661658,
    0.299714384723576,
    0.29971436809837737,
    0.2997144132482756,
    0.300034354423132,
    0.3000046360704828,
    0.3000046360691219,
    0.30980919202067125,
    0.32,
    0.3,
    0.3,
    0.32,
    0.32,
    0.3798288045486262,
    0.3400974735016731,
    0.3400974729352154,
    0.37976676573970997,
    0.3797667053611434,
    0.3797668116057205,
    0.38987255729794934,
    0.3798609644660514,
    0.38987254806382765,
    0.3301392351274788,
    0.3301392349888967,
    0.3899540562706894,
    0.33013923540426227,
    0.6846345145962373,
    0.5
]
