[
    0.999,
    0.999,
    0.999,
    0.999,
    0.999,
    0.999,
    0.999,
    0.999,
    0.999,
    0.999,
    0.999,
    0.999,
    0.999,
    0.999,
    0.999,
    0.999,
    0.999,
    0.999,
    0.999,
    0.999,
    0.999,
    0.999,
    0.999,
    0.999,
    0.999,
    0.999,
    0.999,
    0.999,
    0.999,
    0.999,
    0.999,
    0.999,
    0.998,
    0.999,
    0.997,
    0.9979998079847602,
    0.9979999857618662,
    0.998,
    0.998,
    0.998,
    0.998,
    0.998,
    0.998,
    0.999,
    0.999,
    0.999,
    0.999,
    0.998,
    0.999,
    0.999,
    0.999,
    0.999,
    0.999,
    0.999,
    0.998,
    0.999,
    0.999,
    0.999,
    0.999,
    0.999,
    0.999,
    0.999000000999,
    0.999000000999,
    0.9989998407625965,
    0.9984211632666281,
    0.998,
    0.998,
    0.998,
    0.998,
    0.998,
    0.998,
    0.998,
    0.998,
    0.998,
    0.998,
    0.998,
    0.998,
    0.997,
    0.9952636555808888,
    0.9969998269207608,
    0.9969999992957699,
    0.9969999269198907,
    0.9969996935885566,
    0.995,
    0.995,
    0.991,
    0.995,
    0.995,
    0.995,
    0.99,
    0.99,
    0.9929998452574725,
    0.99,
    0.99,
    0.99,
    0.99,
    0.99,
    0.99,
    0.99,
    0.99,
    0.99,
    0.99,
    0.99,
    0.99,
    0.99,
    0.99,
    0.99,
    0.99,
    0.99,
    0.99,
    0.99,
    0.99,
    0.99,
    0.99,
    0.99,
    0.99,
    0.99,
    0.9899999992252174,
    0.9899998432499726,
    0.9899999633333317,
    0.9899998099199605,
    0.9899998099199605,
    0.99,
    0.99,
    0.99,
    0.983,
    0.99,
    0.99,
    0.99,
    0.99,
    0.99,
    0.9949999243799755,
    0.99,
    0.99,
    0.99,
    0.99,
    0.99,
    0.99,
    0.995,
    0.994,
    0.995,
    0.994,
    0.995,
    0.9959998637471641,
    0.9959998637471641,
    0.9959999622083683,
    0.9959998970799764,
    0.9959999993556873,
    0.9959998637471641,
    0.996,
    0.9959990637590076,
    0.9969998602538064,
    0.996,
    0.997,
    0.996,
    0.997,
    0.996999955491067,
    0.9969999769194482,
    0.9969999870389996,
    0.9969998602538064,
    0.9969998269207608,
    0.9969998269207608,
    0.995,
    0.9969998602538064,
    0.997,
    0.9969998269207608,
    0.9969996935885566,
    0.9969998731505302,
    0.994,
    0.995,
    0.9969998602538064,
    0.9969998269207608,
    0.9979096383063089,
    0.995,
    0.9959998970799764,
    0.9959998637471641,
    0.9959999749314203,
    0.995,
    0.9959999208891266,
    0.9959998970799764,
    0.9969998840631232,
    0.995,
    0.996,
    0.995,
    0.9979998079847602,
    0.996,
    0.996,
    0.9979998079847602,
    0.9979998079847602,
    0.995,
    0.996,
    0.996,
    0.9940000024595042,
    0.996,
    0.9979998079847602,
    0.9979998079847602,
    0.9979999903931577,
    0.997,
    0.9979999579841976,
    0.9979998079847602,
    0.999,
    0.9970000002936578,
    0.998,
    0.997,
    0.997,
    0.998,
    0.998,
    0.998,
    0.999000000999,
    0.9989999676656989,
    0.9976322330823183,
    0.997,
    0.9969999999998733,
    0.9969999999601837,
    0.997,
    0.991,
    0.991,
    0.9910000055098281,
    0.997,
    0.99,
    0.992,
    0.99,
    0.99,
    0.991,
    0.99,
    0.992,
    0.992,
    0.99,
    0.998,
    0.991,
    0.998,
    0.991,
    0.996267351390175,
    0.991,
    0.991,
    0.991,
    0.991,
    0.994925,
    0.99,
    0.99,
    0.99,
    0.99,
    0.99,
    0.99,
    0.99,
    0.99,
    0.99,
    0.99,
    0.995,
    0.99,
    0.99,
    0.99,
    0.99,
    0.984,
    0.98,
    0.961,
    0.98,
    0.99,
    0.989,
    0.9945963727363237,
    0.99,
    0.995,
    0.995,
    0.99,
    0.99,
    0.99,
    0.99,
    0.99,
    0.99,
    0.99,
    0.99,
    0.99,
    0.99,
    0.99,
    0.99,
    0.99,
    0.99,
    0.99,
    0.989,
    0.99,
    0.99,
    0.9893881334603296,
    0.984,
    0.99,
    0.99,
    0.989,
    0.981,
    0.98,
    0.9891216596359873,
    0.99,
    0.98,
    0.99,
    0.98,
    0.98,
    0.9799999568799846,
    0.96,
    0.96,
    0.9768812614563908,
    0.95,
    0.94,
    0.96,
    0.96,
    0.95,
    0.94,
    0.93,
    0.92,
    0.92,
    0.92,
    0.92,
    0.92,
    0.92,
    0.91,
    0.9100000810000081,
    0.9199999612461588,
    0.9199999355999938,
    0.91,
    0.91,
    0.91,
    0.91,
    0.9099999969867516,
    0.91,
    0.9099999998147645,
    0.91,
    0.9099999998898927,
    0.91,
    0.9099999996029668,
    0.9099999993159608,
    0.9199999915359999,
    0.92,
    0.9199999687199979,
    0.9199999190399909,
    0.9199999918942728,
    0.9199994479992272,
    0.91,
    0.91,
    0.9199999715586072,
    0.91,
    0.92,
    0.9199999043199717,
    0.91,
    0.92,
    0.9299999651249978,
    0.92,
    0.93,
    0.91,
    0.92,
    0.92,
    0.9199997055998587,
    0.92,
    0.9299997116995128,
    0.93,
    0.9299999750759986,
    0.9362549769463963,
    0.9299999992559999,
    0.9299999983310892,
    0.91,
    0.92,
    0.9299999888399957,
    0.9299999979855593,
    0.93,
    0.92,
    0.92,
    0.9399999004236972,
    0.9399999661599877,
    0.9399999868399997,
    0.94,
    0.939999996992,
    0.92,
    0.92,
    0.91,
    0.92,
    0.9,
    0.9,
    0.92,
    0.919999996319999,
    0.91,
    0.9099999979109265,
    0.89,
    0.8900000031085421,
    0.9,
    0.9,
    0.89,
    0.8899999946599995,
    0.88,
    0.87,
    0.8899999982942021,
    0.8899999946599995,
    0.88,
    0.88,
    0.8699999970475112,
    0.87,
    0.87,
    0.86,
    0.86,
    0.8599999980303463,
    0.86,
    0.86,
    0.86,
    0.86,
    0.86,
    0.86,
    0.85,
    0.85,
    0.85,
    0.84,
    0.84,
    0.84,
    0.82,
    0.82,
    0.82,
    0.8399999984810125,
    0.82,
    0.84,
    0.83,
    0.83,
    0.8300001259259493,
    0.83,
    0.82,
    0.8299999975099996,
    0.82,
    0.82,
    0.8299999557332619,
    0.81,
    0.8299999966799987,
    0.81,
    0.81,
    0.81,
    0.8100000020971946,
    0.8299999975099996,
    0.81,
    0.81,
    0.81,
    0.81,
    0.81,
    0.81,
    0.83,
    0.83,
    0.83,
    0.83,
    0.8300001148245846,
    0.83,
    0.81,
    0.83,
    0.83,
    0.83,
    0.8300000058650001,
    0.83,
    0.83,
    0.81,
    0.83,
    0.8398670909482062,
    0.84,
    0.8200001200000253,
    0.8699999992749999,
    0.8799999999755316,
    0.8799999986781822,
    0.87,
    0.88496968,
    0.86,
    0.8923658103777059,
    0.86,
    0.88,
    0.85,
    0.85,
    0.84,
    0.85,
    0.84,
    0.84,
    0.8399999963144418,
    0.84,
    0.84,
    0.8281965583634175,
    0.82,
    0.83,
    0.82,
    0.82,
    0.8199999835999839,
    0.82,
    0.82,
    0.83,
    0.82,
    0.81,
    0.81,
    0.81,
    0.81,
    0.81,
    0.81,
    0.8199999376799798,
    0.82,
    0.81,
    0.81,
    0.8,
    0.8,
    0.8,
    0.79,
    0.8,
    0.8,
    0.81,
    0.8,
    0.8,
    0.8,
    0.8200001296000363,
    0.81,
    0.82,
    0.790000132300049,
    0.81,
    0.82,
    0.82,
    0.8100000056240001,
    0.82,
    0.81,
    0.83,
    0.83,
    0.8260690744481126,
    0.79,
    0.8,
    0.75,
    0.75,
    0.73,
    0.7,
    0.7,
    0.72,
    0.71,
    0.7,
    0.7,
    0.6999999463601471,
    0.7,
    0.7,
    0.72,
    0.700000030000003,
    0.72,
    0.7199999984191459,
    0.700000180000072,
    0.72,
    0.72,
    0.72,
    0.73,
    0.72,
    0.75,
    0.73,
    0.74,
    0.7640392343867156,
    0.72,
    0.72,
    0.72,
    0.72,
    0.72,
    0.72,
    0.72,
    0.72,
    0.72,
    0.72,
    0.72,
    0.72,
    0.74,
    0.72,
    0.72,
    0.7289850094728687,
    0.72,
    0.72,
    0.72,
    0.72,
    0.72,
    0.72,
    0.72,
    0.7196229870904917,
    0.700000030000003,
    0.7000000362903255,
    0.71,
    0.71,
    0.7099999815399987,
    0.71,
    0.71,
    0.71,
    0.71,
    0.71,
    0.71,
    0.71,
    0.71,
    0.71,
    0.7000000180000007,
    0.71,
    0.71,
    0.71,
    0.71,
    0.71,
    0.71,
    0.7,
    0.7,
    0.7,
    0.7,
    0.7,
    0.7,
    0.7,
    0.7,
    0.7,
    0.7,
    0.7,
    0.7,
    0.6999999611111025,
    0.71,
    0.7,
    0.7,
    0.68,
    0.69,
    0.69,
    0.69,
    0.69,
    0.69,
    0.69,
    0.69,
    0.68,
    0.6679317476732162,
    0.65,
    0.6499999959975368,
    0.649999988772727,
    0.6499999959652387,
    0.630000001961,
    0.64,
    0.64000006240001,
    0.6400000096000004,
    0.6499999934999994,
    0.63,
    0.63,
    0.63,
    0.64,
    0.64,
    0.65,
    0.65,
    0.6400000249600016,
    0.64,
    0.6499999945742899,
    0.640000002304,
    0.6400000079200002,
    0.65,
    0.6499999986999999,
    0.6499999981268011,
    0.6499999996520032,
    0.6400001296000829,
    0.6400000924064428,
    0.6400000141681581,
    0.64,
    0.65,
    0.65,
    0.6499999934999994,
    0.6400000062400001,
    0.6499999898963711,
    0.64,
    0.64,
    0.64,
    0.64,
    0.64,
    0.6400000217303832,
    0.64,
    0.6499999986999999,
    0.6499999853603563,
    0.64,
    0.64,
    0.6400000069120001,
    0.6400000165306136,
    0.64,
    0.6499999986999999,
    0.6499999930357141,
    0.6400000102193552,
    0.6499998401638427,
    0.6499999891666645,
    0.64,
    0.6400000069355812,
    0.6499999945833332,
    0.65,
    0.65,
    0.6499999990249999,
    0.64,
    0.64,
    0.64,
    0.64,
    0.6499999967038539,
    0.6400000079072609,
    0.6400001296000829,
    0.6500000157500009,
    0.65,
    0.65,
    0.65,
    0.65,
    0.65,
    0.65,
    0.65,
    0.65,
    0.65,
    0.65,
    0.6500000066976492,
    0.65,
    0.6500000157500009,
    0.6500000070000002,
    0.65,
    0.669999957337189,
    0.660122569996978,
    0.6699999848938988,
    0.67,
    0.6500000150214597,
    0.6500000074038463,
    0.6699999882079998,
    0.65000000105,
    0.6500000019278919,
    0.6699999389117584,
    0.666525934374708,
    0.6599997843999267,
    0.67,
    0.6500000005043322,
    0.65,
    0.65,
    0.6500000235531644,
    0.6699999615866638,
    0.6699999997006033,
    0.6500000052567989,
    0.66,
    0.6699996951498338,
    0.6699998726999733,
    0.66,
    0.6500000115131582,
    0.6500000215252166,
    0.66,
    0.66,
    0.66,
    0.6599998559997696,
    0.66,
    0.66,
    0.6599999229998806,
    0.66,
    0.66,
    0.66,
    0.66,
    0.66,
    0.6699998695574321,
    0.6699999744199678,
    0.6600000234887762,
    0.6699999911453726,
    0.6699999683722173,
    0.6699999195999292,
    0.6699999949749997,
    0.6600000004896196,
    0.6600000083392951,
    0.6699999195999292,
    0.660000057800019,
    0.6699999895257943,
    0.67,
    0.6699999195999292,
    0.6699999195999292,
    0.669999976325085,
    0.6660749066043905,
    0.66,
    0.6699999852567222,
    0.6600000060386102,
    0.6699999195999292,
    0.6600000191677867,
    0.66,
    0.6699999873849348,
    0.6600000017626892,
    0.66,
    0.6699999195999292,
    0.67,
    0.660000170000085,
    0.66,
    0.6699999850809689,
    0.6600000255914005,
    0.6600000485714332,
    0.6600000434042613,
    0.6699999873425679,
    0.6699999335859931,
    0.669999946825387,
    0.6699999662184607,
    0.66,
    0.6500001377953298,
    0.66,
    0.65,
    0.659999998944,
    0.6599999653932538,
    0.66,
    0.6500000157500009,
    0.6500000592307774,
    0.6599999971714285,
    0.6599999941333331,
    0.65,
    0.64,
    0.65,
    0.6498413511117955,
    0.6599996446150292,
    0.6400000079200002,
    0.6400000096000004,
    0.6526119395404043,
    0.64,
    0.64,
    0.64,
    0.6400001094965108,
    0.64,
    0.6599999953799998,
    0.6400001630189479,
    0.659999990350876,
    0.6540227136879857,
    0.6599999722522493,
    0.65,
    0.6400000159677428,
    0.65,
    0.65,
    0.6599999943996604,
    0.6500000508721004,
    0.6500000285547829,
    0.6599999783928546,
    0.6599999966582271,
    0.6599998419949715,
    0.6599995536687244,
    0.6499999349999631,
    0.65,
    0.65,
    0.65,
    0.66,
    0.65,
    0.66,
    0.660000125120054,
    0.65,
    0.6672982310607221,
    0.6599070716042623,
    0.6500001603053924,
    0.6500000105000002,
    0.6699999195999292,
    0.669999951856262,
    0.6500000341225689,
    0.6500000014,
    0.6699999983737862,
    0.67,
    0.66,
    0.650000068487803,
    0.67,
    0.6699999839199988,
    0.66,
    0.659999972268903,
    0.65,
    0.65,
    0.65,
    0.65,
    0.65,
    0.66,
    0.66,
    0.65,
    0.65,
    0.65,
    0.66,
    0.66,
    0.65,
    0.65,
    0.65,
    0.65,
    0.65,
    0.65,
    0.6500000000595393,
    0.65,
    0.65,
    0.65,
    0.65,
    0.65,
    0.65,
    0.65,
    0.65,
    0.65,
    0.66,
    0.6599999944421048,
    0.66,
    0.66,
    0.66,
    0.66,
    0.66,
    0.66,
    0.66,
    0.66,
    0.66,
    0.66,
    0.66,
    0.66,
    0.66,
    0.66,
    0.66,
    0.66,
    0.66,
    0.66,
    0.66,
    0.66,
    0.66,
    0.6799999932366347,
    0.66,
    0.68,
    0.6799999945599995,
    0.6600000034773715,
    0.6781284984544772,
    0.6799999960628618,
    0.6600000976795839,
    0.6600000284363664,
    0.6799999927466629,
    0.6799998911999086,
    0.660000044299683,
    0.660000170000085,
    0.6709978286158716,
    0.669999924569525,
    0.6600000385750009,
    0.6699999970855,
    0.6699999916324704,
    0.6699849016278555,
    0.669881272256264,
    0.6698812662428646,
    0.6698813019666233,
    0.6799998269089776,
    0.6724849518845303,
    0.6799999893749918,
    0.68,
    0.6699533951105842,
    0.6699533819120708,
    0.6699999992947367,
    0.6699999643417286,
    0.6699999195999292,
    0.6699999195999292,
    0.6799998911999086,
    0.6725,
    0.6699999808571406,
    0.66,
    0.67,
    0.66,
    0.66,
    0.6700000283029225,
    0.6799999637333111,
    0.67,
    0.6799999213872014,
    0.6799999827847997,
    0.6799999959036133,
    0.6799999945599995,
    0.670000116734732,
    0.6700000454054104,
    0.6799998911999086,
    0.67,
    0.6799999773332963,
    0.6799999417736696,
    0.67,
    0.68,
    0.670000217800074,
    0.6700001177193251,
    0.6700000188100008,
    0.6799998911999086,
    0.6799998911999086,
    0.6799999637333111,
    0.670000217800074,
    0.6799998911999086,
    0.6799998911999086,
    0.6700000188100008,
    0.6799998911999086,
    0.67,
    0.6700000012050441,
    0.67,
    0.670000217800074,
    0.670000217800074,
    0.6799998911999086,
    0.6700000077550002,
    0.6799999979851851,
    0.6700000031769212,
    0.6799999907482963,
    0.68,
    0.6799998911999086,
    0.68,
    0.6799998911999086,
    0.6799998911999086,
    0.6799998911999086,
    0.6799998203770671,
    0.6799999805714235,
    0.6799999786387413,
    0.6799999887019709,
    0.6799999522806931,
    0.6799999891756675,
    0.6799999944939249,
    0.6799999968187131,
    0.6799999929933017,
    0.679999934719954,
    0.6799998911999086,
    0.6799999822916625,
    0.67999983841572,
    0.6799999860273952,
    0.6799999734818878,
    0.6799998911999086,
    0.6799998911999086,
    0.679999959097716,
    0.68,
    0.68,
    0.6799998911999086,
    0.6799999735921828,
    0.6799999945599995,
    0.6799999782978615,
    0.6799999769816586,
    0.6799999911400595,
    0.6799999966632589,
    0.68,
    0.6799999967454381,
    0.6799999925274716,
    0.6799999853369236,
    0.6799998911999086,
    0.6799999727999957,
    0.68,
    0.6799999972734563,
    0.68,
    0.6799999955915714,
    0.6799999973515092,
    0.6600000672916884,
    0.6791303211825246,
    0.6699140508716372,
    0.660000170000085,
    0.66,
    0.66,
    0.6600000374276507,
    0.6699140444374041,
    0.679999969721697,
    0.66000011333339,
    0.6799999794458392,
    0.6600000254065971,
    0.67,
    0.67,
    0.67,
    0.67,
    0.67,
    0.67,
    0.67,
    0.67,
    0.67,
    0.67,
    0.67,
    0.67,
    0.67,
    0.67,
    0.67,
    0.69,
    0.6899999993687099,
    0.689999879692267,
    0.6899999803222213,
    0.69,
    0.6899999517216939,
    0.6899999144185489,
    0.689999998965,
    0.68,
    0.68,
    0.68,
    0.6799999945599995,
    0.6799999778411367,
    0.68,
    0.6799999939149876,
    0.6799999857404965,
    0.68,
    0.68,
    0.6899998964999742,
    0.68,
    0.6899998964999742,
    0.68,
    0.68,
    0.68,
    0.68,
    0.68,
    0.67,
    0.68,
    0.6799999859793782,
    0.68,
    0.68,
    0.6999999639175183,
    0.6999999970833333,
    0.6960300485164029,
    0.6899999962418293,
    0.6899999508493051,
    0.6899999994692307,
    0.6899999864705619,
    0.689999996826,
    0.69,
    0.6899999944652377,
    0.6899999585999611,
    0.69,
    0.6899999585999611,
    0.6899999424999856,
    0.69,
    0.679999977110797,
    0.6700000409200031,
    0.6799999939555553,
    0.68,
    0.6700000424409506,
    0.67000000407,
    0.6799999727999957,
    0.6700000188100008,
    0.67,
    0.67,
    0.67,
    0.67,
    0.67,
    0.68,
    0.68,
    0.6799999829999951,
    0.6700000174316947,
    0.6799999999330626,
    0.67,
    0.67,
    0.67,
    0.67,
    0.6700000018704279,
    0.67,
    0.67,
    0.67,
    0.67,
    0.67,
    0.679999998368,
    0.6799999921159399,
    0.6799999943451133,
    0.68,
    0.679999991130433,
    0.6799999734892694,
    0.6799999974315389,
    0.6799998911999086,
    0.68,
    0.6799999945599995,
    0.679999985163634,
    0.6799998203770671,
    0.6799999727999957,
    0.67,
    0.67,
    0.67,
    0.67,
    0.6799999578293946,
    0.6700000188100008,
    0.6799999954666659,
    0.6700002123763112,
    0.6700002123763112,
    0.6879194630872483,
    0.67,
    0.68,
    0.67,
    0.67,
    0.67,
    0.68,
    0.67,
    0.6700000643321407,
    0.6700000188100008,
    0.6799997517011295,
    0.6700000291467084,
    0.68,
    0.67,
    0.68,
    0.68,
    0.6799999969403822,
    0.6700000409200031,
    0.67,
    0.68,
    0.6700000626154048,
    0.6700000431589568,
    0.6799999891777175,
    0.6700001772222911,
    0.6700001078000366,
    0.6700001072500188,
    0.68,
    0.6700000222471927,
    0.6799999188059193,
    0.6799999727999957,
    0.6799999874074037,
    0.6700002123763112,
    0.6799999998445714,
    0.68,
    0.67,
    0.6799998911999086,
    0.6700001819626865,
    0.67000000045375,
    0.67,
    0.68,
    0.6799998911999086,
    0.6799999536363405,
    0.67,
    0.67,
    0.68,
    0.6799999883386914,
    0.6799999037166574,
    0.67999998880658,
    0.68,
    0.6799998911999086,
    0.679999992439193,
    0.6700000434210583,
    0.6799998911999086,
    0.6700000500746317,
    0.670000217800074,
    0.6799998911999086,
    0.68,
    0.6700000409200031,
    0.6700000409200031,
    0.6700001917143569,
    0.68,
    0.67,
    0.6799998911999086,
    0.6700000193910266,
    0.67,
    0.68,
    0.6799999945599995,
    0.6799998911999086,
    0.68,
    0.6799999727999957,
    0.67,
    0.6699999195999292,
    0.67,
    0.66,
    0.6600003841007881,
    0.66,
    0.66,
    0.6600000149816044,
    0.66,
    0.67,
    0.6600000088400002,
    0.6600001569231554,
    0.66,
    0.67,
    0.68,
    0.6600000010426667,
    0.6600000952000368,
    0.6799998639998329,
    0.6799999996290909,
    0.67000022700781,
    0.67,
    0.6799999917073146,
    0.670000002178,
    0.6799999603333191,
    0.6799999884008481,
    0.670000217800074,
    0.6700000123708214,
    0.6700002018447327,
    0.679999998096,
    0.6799999742789548,
    0.6700000033,
    0.6799998911999086,
    0.6700001072500188,
    0.670000217800074,
    0.6799998911999086,
    0.6799999817857107,
    0.6700000180615746,
    0.67,
    0.67,
    0.6699999870125415,
    0.6699999195999292,
    0.6699998166978175,
    0.6699999195999292,
    0.6699999955333275,
    0.6699999602962693,
    0.6699998877296879,
    0.669999918292643,
    0.6600000589333428,
    0.6699999195999292,
    0.6699999195999292,
    0.66,
    0.66,
    0.66,
    0.66,
    0.66,
    0.6699999195999292,
    0.6699999195999292,
    0.6699999195999292,
    0.6699999839199988,
    0.66,
    0.6699999195999292,
    0.67,
    0.6699998673264962,
    0.6699999195999292,
    0.6699999195999292,
    0.6699999907684151,
    0.6699999195999292,
    0.6699999195999292,
    0.6600002052830886,
    0.6699999530573132,
    0.6600001207477335,
    0.66,
    0.6699999195999292,
    0.67,
    0.6699999195999292,
    0.6699999988448275,
    0.66,
    0.6699999739805583,
    0.660000014506667,
    0.6699999739805583,
    0.66,
    0.67,
    0.6699999195999292,
    0.6699999195999292,
    0.660000170000085,
    0.67,
    0.6699999195999292,
    0.6699999944321322,
    0.6699999916249987,
    0.6699999739805583,
    0.6699998166978175,
    0.6600000528497464,
    0.6600001335714953,
    0.6699999748316039,
    0.6600000367200034,
    0.6699999195999292,
    0.6699999195999292,
    0.67,
    0.66,
    0.67,
    0.6699999998574468,
    0.6600000199511015,
    0.6600000031362684,
    0.66,
    0.6699999195999292,
    0.66,
    0.6600000216363655,
    0.660000170000085,
    0.6699999195999292,
    0.6699999195999292,
    0.6699999195999292,
    0.660000170000085,
    0.6600001569231554,
    0.6699999195999292,
    0.6699999195999292,
    0.6600000203785509,
    0.6600000131363646,
    0.6699999955333275,
    0.6699999195999292,
    0.66,
    0.65,
    0.65,
    0.65,
    0.65,
    0.65,
    0.65,
    0.65,
    0.65,
    0.65,
    0.66,
    0.6599998943999641,
    0.6500000525000096,
    0.6599999553230731,
    0.66,
    0.66,
    0.66,
    0.6599999841599988,
    0.6599999691999963,
    0.6599999658620662,
    0.66,
    0.6599999341828138,
    0.66,
    0.66,
    0.66,
    0.6599998732799737,
    0.66,
    0.66,
    0.6599999740837639,
    0.659999991199999,
    0.6599999926544233,
    0.66,
    0.6599998239998793,
    0.650000070000021,
    0.66,
    0.659999999148387,
    0.659999991199999,
    0.6599999735999935,
    0.650000016451235,
    0.6599999796922771,
    0.66,
    0.6599998943999641,
    0.6500001225000797,
    0.6500001225000797,
    0.66,
    0.66,
    0.66,
    0.6599999229998806,
    0.6500000023383218,
    0.6500000231277543,
    0.6599999295999606,
    0.6599999954572268,
    0.65,
    0.65,
    0.65,
    0.65,
    0.65,
    0.64,
    0.64,
    0.64,
    0.64,
    0.64,
    0.64,
    0.6499999958306605,
    0.6499999934999994,
    0.65,
    0.65,
    0.64,
    0.640000015227256,
    0.64000006240001,
    0.65,
    0.65,
    0.64,
    0.64,
    0.64,
    0.64,
    0.64,
    0.64,
    0.64,
    0.64,
    0.6300000325600037,
    0.6300001369000863,
    0.64,
    0.6300000086645573,
    0.64,
    0.64,
    0.64,
    0.64,
    0.6400000142141236,
    0.64,
    0.64,
    0.649961399393398,
    0.64,
    0.6300001369000863,
    0.64,
    0.64,
    0.64,
    0.64,
    0.64,
    0.64,
    0.64,
    0.64,
    0.6499999973825503,
    0.6400001296000829,
    0.65,
    0.65,
    0.6500000048125001,
    0.65,
    0.65,
    0.65,
    0.65,
    0.65,
    0.66,
    0.65,
    0.65,
    0.65,
    0.65,
    0.6400000792000222,
    0.65,
    0.65,
    0.65,
    0.65,
    0.65,
    0.65,
    0.65,
    0.65,
    0.65,
    0.65,
    0.65,
    0.65,
    0.659999909485675,
    0.65,
    0.66,
    0.65,
    0.6599999691999963,
    0.66,
    0.650000070000021,
    0.6599998943999641,
    0.66,
    0.6699999987587996,
    0.6699999195999292,
    0.6699999932999956,
    0.66,
    0.67,
    0.6699999195999292,
    0.660000003264,
    0.6699999195999292,
    0.660000057800019,
    0.6600000170000013,
    0.660000170000085,
    0.6600000142800009,
    0.6600000142800009,
    0.6699999567741406,
    0.6600000281379336,
    0.6699999839199988,
    0.67,
    0.6600000589333428,
    0.6699999195999292,
    0.6699999839199988,
    0.6600000185454552,
    0.660000170000085,
    0.6600000106620215,
    0.66,
    0.66,
    0.66,
    0.6699999971859999,
    0.6699999943527989,
    0.660000003264,
    0.6600000367200034,
    0.660000170000085,
    0.6600000367200034,
    0.6699999961996592,
    0.6699999641984206,
    0.6699999195999292,
    0.6699999195999292,
    0.66,
    0.6699999839199988,
    0.6600000589333428,
    0.6699999195999292,
    0.6600000367200034,
    0.66,
    0.6699999195999292,
    0.66,
    0.66,
    0.66,
    0.66,
    0.66,
    0.6699999973199998,
    0.6699999195999292,
    0.6699999195999292,
    0.6699999195999292,
    0.6699998740169023,
    0.6699999195999292,
    0.669999921176364,
    0.6699999195999292,
    0.6699999195999292,
    0.66,
    0.660000057800019,
    0.6699999195999292,
    0.6699999898484829,
    0.6699999195999292,
    0.6699999990127701,
    0.6699999916249987,
    0.6600000352592643,
    0.6699999730846458,
    0.6699999195999292,
    0.6699999969492119,
    0.66,
    0.66,
    0.66,
    0.66,
    0.66,
    0.66,
    0.66,
    0.66,
    0.66,
    0.66,
    0.66,
    0.6599999711650428,
    0.650000069209065,
    0.6500000385000034,
    0.6500000470660199,
    0.6500000385000034,
    0.66,
    0.66,
    0.66,
    0.66,
    0.66,
    0.6500000525000096,
    0.6500001225000797,
    0.66,
    0.65,
    0.65,
    0.6599998323242763,
    0.65,
    0.66,
    0.66,
    0.6599999844899996,
    0.6599999504999914,
    0.66,
    0.66,
    0.6599999925749996,
    0.66,
    0.66,
    0.6501856769879136,
    0.6501856766559967,
    0.66,
    0.66,
    0.6599999295999606,
    0.6501856767728906,
    0.6400001296000829,
    0.65,
    0.65,
    0.65,
    0.65,
    0.65,
    0.65,
    0.65,
    0.65,
    0.65,
    0.65,
    0.65,
    0.65,
    0.65,
    0.65,
    0.65,
    0.65,
    0.65,
    0.65,
    0.65,
    0.66,
    0.6599998943999641,
    0.64,
    0.65,
    0.65,
    0.65,
    0.65,
    0.65,
    0.65,
    0.65,
    0.65,
    0.65,
    0.65,
    0.64,
    0.66,
    0.6599999841599988,
    0.66,
    0.650257683489341,
    0.6400000077111405,
    0.6502576771451147,
    0.66,
    0.6502576763723323,
    0.66,
    0.6502157411106672,
    0.6400000079200002,
    0.65,
    0.65,
    0.65,
    0.6498744023223563,
    0.65,
    0.65,
    0.6599999603999865,
    0.65,
    0.65,
    0.65,
    0.65,
    0.65,
    0.65,
    0.65,
    0.65,
    0.6400000129600009,
    0.65,
    0.65,
    0.66,
    0.6400000096000004,
    0.65,
    0.65,
    0.65,
    0.65,
    0.65,
    0.65,
    0.65,
    0.66,
    0.66,
    0.66,
    0.6599999795348684,
    0.6501377811260343,
    0.6501377810548871,
    0.65,
    0.65,
    0.64,
    0.64,
    0.650047523500707,
    0.6400000010568241,
    0.64,
    0.6500474752780543,
    0.6500476460606349,
    0.65,
    0.65,
    0.65,
    0.65,
    0.65,
    0.65,
    0.65,
    0.65,
    0.65,
    0.65,
    0.65,
    0.66,
    0.65,
    0.65,
    0.65,
    0.64,
    0.65,
    0.65,
    0.65,
    0.65,
    0.65,
    0.65,
    0.64,
    0.64,
    0.66,
    0.64,
    0.6499518215327577,
    0.6499518262595992,
    0.6499518222198352,
    0.65,
    0.65,
    0.65,
    0.65,
    0.65,
    0.65,
    0.65,
    0.6599998396260573,
    0.65,
    0.65,
    0.65,
    0.65,
    0.65,
    0.65,
    0.65,
    0.65,
    0.65,
    0.65,
    0.65,
    0.65,
    0.65,
    0.65,
    0.65,
    0.65,
    0.66,
    0.65,
    0.65,
    0.64,
    0.64,
    0.6400001273469803,
    0.65,
    0.6400000079200002,
    0.6400001785124557,
    0.64,
    0.649999877358398,
    0.6499999674999887,
    0.6499999934999994,
    0.6400001884112925,
    0.6400001296000829,
    0.65,
    0.640000013485532,
    0.64,
    0.6500000048125001,
    0.640000014860682,
    0.6599998943999641,
    0.6599999941333331,
    0.65,
    0.65,
    0.65,
    0.65,
    0.65,
    0.65,
    0.65,
    0.64,
    0.64,
    0.64,
    0.64,
    0.66,
    0.6400001296000829,
    0.6400001296000829,
    0.64,
    0.65,
    0.66,
    0.6501550654720882,
    0.6400000275246908,
    0.6400001296000829,
    0.659999997624,
    0.65,
    0.65,
    0.6500000090206188,
    0.6599999992786885,
    0.66,
    0.66,
    0.66,
    0.66,
    0.6500001603053924,
    0.65,
    0.65,
    0.65,
    0.65,
    0.66,
    0.65,
    0.65,
    0.6599999841599988,
    0.6599999504999914,
    0.65,
    0.66,
    0.66,
    0.66,
    0.66,
    0.65,
    0.65,
    0.65,
    0.65,
    0.66,
    0.6500001225000797,
    0.650000070000021,
    0.66,
    0.650000008166667,
    0.66,
    0.650000145833394,
    0.6599999946486486,
    0.65,
    0.6500000157500009,
    0.6599999953799998,
    0.66,
    0.66,
    0.66,
    0.66,
    0.65,
    0.65,
    0.65,
    0.65,
    0.6500000242307713,
    0.65,
    0.66,
    0.65,
    0.66,
    0.66,
    0.66,
    0.66,
    0.6500001076923574,
    0.65,
    0.65,
    0.65,
    0.65,
    0.65,
    0.65,
    0.65,
    0.6553079947575361,
    0.6499999674999887,
    0.6499999934999994,
    0.6499999934999994,
    0.6499999674999887,
    0.65,
    0.65,
    0.65,
    0.65,
    0.65,
    0.65,
    0.65,
    0.65,
    0.65,
    0.65,
    0.65,
    0.65,
    0.66,
    0.66,
    0.66,
    0.65,
    0.6599999976428568,
    0.65999999912,
    0.65,
    0.65,
    0.65,
    0.65,
    0.65,
    0.65,
    0.65,
    0.65,
    0.65,
    0.65,
    0.65,
    0.65,
    0.65,
    0.65,
    0.65,
    0.65,
    0.65,
    0.65,
    0.65,
    0.65,
    0.6599999953799998,
    0.65,
    0.65,
    0.65,
    0.66,
    0.65,
    0.66,
    0.6599999939634128,
    0.6599999939634128,
    0.656,
    0.65,
    0.65,
    0.65,
    0.65,
    0.65,
    0.6499079953900915,
    0.65,
    0.65,
    0.65,
    0.65,
    0.65,
    0.65,
    0.65,
    0.65,
    0.66,
    0.66,
    0.66,
    0.66,
    0.6599999979692307,
    0.65,
    0.65,
    0.65,
    0.65,
    0.66,
    0.65,
    0.65,
    0.66,
    0.66,
    0.66,
    0.6599999979969648,
    0.6591697680492263,
    0.6599999979969648,
    0.6499998522724922,
    0.65,
    0.65,
    0.65,
    0.6499999580644917,
    0.65,
    0.6599999953799998,
    0.6565112988879355,
    0.6499995666662334,
    0.65,
    0.65,
    0.65,
    0.64,
    0.64,
    0.64,
    0.64,
    0.6400000179481514,
    0.64,
    0.65,
    0.6499996930553594,
    0.64,
    0.65,
    0.64,
    0.6499999349999631,
    0.6400001440000733,
    0.6400000822857542,
    0.6400001560000624,
    0.6400000729114238,
    0.6499999556818131,
    0.6499999349999631,
    0.65,
    0.6499995666662334,
    0.6400000079200002,
    0.6400001884112925,
    0.65,
    0.6499999210714156,
    0.64,
    0.65,
    0.65,
    0.6400000682105493,
    0.6400001296000829,
    0.6499998829999742,
    0.65,
    0.65,
    0.65,
    0.65,
    0.6499999723749984,
    0.65,
    0.649999998375,
    0.6499999015150918,
    0.649999998375,
    0.65,
    0.65,
    0.65,
    0.65,
    0.6499999902499998,
    0.6499999723749984,
    0.6499999902499998,
    0.6499999986999999,
    0.6499999902499998,
    0.64,
    0.64,
    0.64,
    0.66,
    0.65,
    0.6500000070000002,
    0.6599999889119997,
    0.65,
    0.65,
    0.6500000074038463,
    0.66,
    0.66,
    0.66,
    0.6599999889119997,
    0.65,
    0.65,
    0.65,
    0.6500000046666667,
    0.6599999918599998,
    0.6500000070000002,
    0.659999997624,
    0.65999999835,
    0.6500000051219512,
    0.66,
    0.66,
    0.66,
    0.65,
    0.6499999947999999,
    0.65,
    0.65,
    0.65,
    0.65,
    0.6499999349999631,
    0.65,
    0.65,
    0.65,
    0.65,
    0.65,
    0.65,
    0.65,
    0.6400000792000222,
    0.6499999723749984,
    0.65,
    0.66,
    0.66,
    0.66,
    0.65,
    0.64,
    0.6599999999017674,
    0.64,
    0.63,
    0.6501098352471293,
    0.63,
    0.62,
    0.63,
    0.62,
    0.63,
    0.63,
    0.63,
    0.64,
    0.62,
    0.64,
    0.62,
    0.6200000085999992,
    0.64,
    0.62,
    0.64,
    0.65,
    0.65,
    0.6599999841599988,
    0.66,
    0.66,
    0.66,
    0.66,
    0.66,
    0.6599999953799998,
    0.66,
    0.66,
    0.66,
    0.65,
    0.65,
    0.66,
    0.64,
    0.64,
    0.64,
    0.64,
    0.64,
    0.64,
    0.64,
    0.6500000159090916,
    0.66,
    0.66,
    0.66,
    0.65,
    0.65,
    0.65,
    0.6599998732799737,
    0.6599999884139618,
    0.66,
    0.65,
    0.6500001225000797,
    0.6599999603999865,
    0.6500000385000034,
    0.6599999603999865,
    0.650000070000021,
    0.650000070000021,
    0.6500001225000797,
    0.6500000525000096,
    0.65,
    0.65,
    0.6400000792000222,
    0.64000006240001,
    0.6400001661538973,
    0.6400001296000829,
    0.65,
    0.6400001296000829,
    0.65,
    0.6400000546207002,
    0.6400000691200144,
    0.6400000792000222,
    0.6400000540000054,
    0.65,
    0.65,
    0.64,
    0.64,
    0.65,
    0.6400000230400031,
    0.65,
    0.6599999603999865,
    0.65,
    0.65,
    0.6499446508126356,
    0.649931959972784,
    0.6400000792000222,
    0.6499723088600333,
    0.6499722956202892,
    0.64,
    0.6499550800074464,
    0.65,
    0.6599998835292953,
    0.6500000157500009,
    0.66,
    0.65,
    0.65,
    0.6400001296000829,
    0.65,
    0.65,
    0.65,
    0.65,
    0.65,
    0.65,
    0.64,
    0.64,
    0.65,
    0.65,
    0.6400000230400031,
    0.6400000230400031,
    0.65,
    0.65,
    0.64,
    0.65,
    0.65,
    0.65,
    0.65,
    0.6499999716019402,
    0.66,
    0.64,
    0.6501864000678798,
    0.6501863997404791,
    0.6501624651103652,
    0.65016246532081,
    0.6501624651193388,
    0.65,
    0.65,
    0.65,
    0.65,
    0.6499999674999887,
    0.6431285,
    0.63,
    0.63,
    0.6101115627267962,
    0.6101115621966176,
    0.5900042141571594,
    0.6100578480605395,
    0.6100578486687956,
    0.6701859744285161,
    0.6799999945599995,
    0.6399585703639283,
    0.6399585589547316,
    0.59,
    0.620182405829262,
    0.6201824039490368,
    0.6201824034649186,
    0.6000866050990806,
    0.6199999627999948,
    0.58,
    0.59,
    0.61,
    0.5300000032707105,
    0.53,
    0.6961955547934823,
    0.6699999731999944,
    0.6600487816740033,
    0.66004878077823,
    0.6699999195999292,
    0.6692064968870421,
    0.6499999674999887,
    0.6398982715477582,
    0.62,
    0.6201099426386233,
    0.6100000574481831,
    0.62,
    0.62,
    0.62,
    0.6399422096093151,
    0.6399938974280737,
    0.6399939210499653,
    0.6399939425235137,
    0.630295168224633,
    0.6302951658587873,
    0.65,
    0.65,
    0.6201571182089348,
    0.6201571166581751,
    0.6201571176614677,
    0.65,
    0.65,
    0.65,
    0.65,
    0.6201795142555439,
    0.6599519428375277,
    0.6599519261237157,
    0.6201319764134867,
    0.6599519301554447,
    0.6201319764210788,
    0.6599313179874298,
    0.6201319759689126,
    0.6100000199875015,
    0.61,
    0.6202275318762889,
    0.61,
    0.6535399652839501,
    0.6498929391349905,
    0.6498929020649508,
    0.65,
    0.65,
    0.6399157073563089,
    0.6399157117991903,
    0.6399157133275939,
    0.6,
    0.65,
    0.6101193237845819,
    0.64,
    0.64,
    0.64,
    0.64,
    0.6399148631219578,
    0.63,
    0.6,
    0.6,
    0.6199362334382231,
    0.6099914268958357,
    0.6,
    0.6199362398139258,
    0.6199362027198834,
    0.6299119771287567,
    0.6299119999051211,
    0.6499999349999631,
    0.6399538299069327,
    0.6399538396649003,
    0.6299961147477291,
    0.6299961075681704,
    0.6299961159825127,
    0.639957823254574,
    0.6399578145704322,
    0.64,
    0.6100716335629832,
    0.6100716334154883,
    0.64,
    0.6399833463558342,
    0.63,
    0.6,
    0.63,
    0.63,
    0.6399833409294504,
    0.619999968999986,
    0.63,
    0.6,
    0.6101097136740701,
    0.5998907778885904,
    0.6100882432104779,
    0.6100882433173245,
    0.62,
    0.610061152433706,
    0.61,
    0.6,
    0.6001059603123259,
    0.6001059603705555,
    0.6001059610858462,
    0.6098412632981921,
    0.6001584868262304,
    0.6001584868129782,
    0.6001584867229707,
    0.6,
    0.6,
    0.6199544195485451,
    0.6199543919066463,
    0.6199544216494274,
    0.6101625495714806,
    0.610162547268832,
    0.6101625473380966,
    0.6201379311314226,
    0.6098645172901933,
    0.6098687473634743,
    0.6000829748002459,
    0.6,
    0.64,
    0.6098430412710629,
    0.6101822785192118,
    0.6100290783121831,
    0.6100290776920193,
    0.6201341084913535,
    0.620134111230924,
    0.6298645433073126,
    0.62986450897298,
    0.6201341083144695,
    0.6298645638866613,
    0.58,
    0.58,
    0.59,
    0.59,
    0.59,
    0.5899962026211389,
    0.58,
    0.59,
    0.6001553829115619,
    0.6001553829283862,
    0.6099999993899999,
    0.6100313398179723,
    0.6299627301139388,
    0.6100313404621348,
    0.6201280609223407,
    0.6399682334259595,
    0.6201280604522593,
    0.6201280602825835,
    0.6100313406561797,
    0.6100883474732339,
    0.6100883482898707,
    0.6100883468791721,
    0.6202593516209476,
    0.6399963407674231,
    0.692512129004492,
    0.6001692913551502,
    0.6001692914181003,
    0.6001692913648602,
    0.600171198388721,
    0.6000804758603646,
    0.6000804758964008,
    0.6000804758851682,
    0.6001477449505794,
    0.6001477449815824,
    0.6799999163075738,
    0.5900001763001005,
    0.6001363004362031,
    0.5800000154043653,
    0.6794234575271602,
    0.6699999195999292,
    0.6699999932999956,
    0.6617283521719171,
    0.5802036951389757,
    0.6399516382831727,
    0.639951605833079,
    0.5802036955160724,
    0.64,
    0.5800561534861955,
    0.6599999603999865,
    0.6699999195999292,
    0.6783042377437951,
    0.6599999855999977,
    0.9
]
