[
    0.999,
    0.999,
    0.999,
    0.999,
    0.999,
    0.999,
    0.999,
    0.999,
    0.999,
    0.999,
    0.999,
    0.999,
    0.999,
    0.999,
    0.999,
    0.999,
    0.999,
    0.999,
    0.999,
    0.999,
    0.999,
    0.999,
    0.999,
    0.999,
    0.999,
    0.999,
    0.999,
    0.9989995723326329,
    0.9989999958301721,
    0.998,
    0.999000000999,
    0.999,
    0.999,
    0.998,
    0.999,
    0.999,
    0.999,
    0.998,
    0.998,
    0.998,
    0.998,
    0.998,
    0.999,
    0.998,
    0.998,
    0.996,
    0.997,
    0.997,
    0.996,
    0.992,
    0.996,
    0.99,
    0.99,
    0.99,
    0.98,
    0.99,
    0.9936353405893887,
    0.9885172237659786,
    0.9869999996051992,
    0.9825290018796635,
    0.9799999621066631,
    0.9610000185250005,
    0.961,
    0.98,
    0.9700000288000011,
    0.9700000288000011,
    0.97,
    0.961,
    0.97,
    0.97,
    0.961,
    0.98,
    0.98,
    0.979,
    0.979,
    0.95,
    0.92,
    0.92,
    0.93,
    0.95,
    0.9589999721884168,
    0.9589999721884168,
    0.97,
    0.9889999990109869,
    0.9889999901096836,
    0.99,
    0.981,
    0.9909999999848644,
    0.9810000076321288,
    0.983,
    0.991,
    0.992,
    0.984,
    0.9929999999113386,
    0.9929999999950597,
    0.9921332960664518,
    0.991,
    0.9889108822655709,
    0.98,
    0.988999999768111,
    0.99,
    0.9882050805323715,
    0.984,
    0.984,
    0.98,
    0.98,
    0.98,
    0.98,
    0.9797352543746567,
    0.987,
    0.9845386533381031,
    0.9789665527229429,
    0.9789999996083989,
    0.973,
    0.9859999999897003,
    0.98,
    0.98,
    0.98363926573705,
    0.985,
    0.98,
    0.985,
    0.981,
    0.985,
    0.98,
    0.98,
    0.98,
    0.975,
    0.975,
    0.9730000052272,
    0.9839999999758602,
    0.985,
    0.973,
    0.98,
    0.98,
    0.981,
    0.985,
    0.985,
    0.9850000146250004,
    0.985,
    0.98,
    0.98,
    0.98,
    0.98,
    0.98,
    0.98,
    0.98,
    0.99,
    0.97,
    0.97,
    0.97,
    0.97,
    0.97,
    0.97,
    0.97,
    0.98,
    0.98,
    0.99,
    0.98,
    0.98,
    0.98,
    0.98,
    0.97,
    0.98,
    0.96,
    0.96,
    0.96,
    0.9698087588449035,
    0.96,
    0.9799464351458195,
    0.9400000540000054,
    0.9534541849618358,
    0.94,
    0.9399999992166664,
    0.94,
    0.9100000035899815,
    0.91,
    0.9,
    0.92,
    0.91,
    0.91,
    0.91,
    0.91,
    0.91,
    0.91,
    0.91,
    0.91,
    0.91,
    0.91,
    0.91,
    0.91,
    0.91,
    0.91,
    0.9,
    0.9,
    0.9,
    0.9,
    0.9,
    0.9,
    0.9,
    0.9,
    0.9,
    0.91,
    0.91,
    0.92,
    0.92,
    0.9199999968310465,
    0.91,
    0.91,
    0.9100000024178527,
    0.91,
    0.9100000810000081,
    0.91,
    0.9,
    0.91,
    0.91,
    0.92,
    0.91,
    0.91,
    0.91,
    0.9193432136764981,
    0.9,
    0.91,
    0.909999999756963,
    0.9,
    0.9,
    0.91,
    0.91,
    0.9,
    0.9,
    0.9,
    0.91,
    0.91,
    0.91,
    0.9,
    0.9,
    0.9,
    0.9,
    0.9,
    0.9,
    0.9,
    0.9,
    0.9,
    0.9,
    0.9,
    0.9,
    0.9,
    0.9,
    0.9,
    0.9,
    0.9,
    0.89,
    0.9,
    0.9,
    0.9,
    0.9,
    0.89,
    0.89,
    0.89,
    0.89,
    0.89,
    0.89,
    0.89,
    0.89,
    0.89,
    0.89,
    0.89,
    0.89,
    0.89,
    0.89,
    0.89,
    0.89,
    0.89,
    0.9,
    0.9,
    0.89,
    0.88999995549998,
    0.8899999946599995,
    0.8899999807759988,
    0.89,
    0.89,
    0.89,
    0.89,
    0.89,
    0.89,
    0.89,
    0.89,
    0.89,
    0.89,
    0.89,
    0.89,
    0.89,
    0.89,
    0.89,
    0.89,
    0.89,
    0.89,
    0.89,
    0.89,
    0.89,
    0.89,
    0.89,
    0.89,
    0.89,
    0.89,
    0.89,
    0.88,
    0.88,
    0.88,
    0.88,
    0.88,
    0.9,
    0.89,
    0.889910092248718,
    0.88,
    0.87,
    0.8699999930399986,
    0.869999998259999,
    0.869999998259999,
    0.87,
    0.87,
    0.87,
    0.87,
    0.87,
    0.8700001014000223,
    0.87,
    0.87,
    0.87,
    0.8700000210600008,
    0.8799999998585379,
    0.88,
    0.8700000999074231,
    0.88,
    0.8799999985919996,
    0.87,
    0.87,
    0.8700000372666684,
    0.8799999990482628,
    0.87,
    0.8699999797202613,
    0.8699999834285639,
    0.87,
    0.8699999998952312,
    0.88,
    0.87,
    0.8799999996412922,
    0.8700000048239772,
    0.8700000097500002,
    0.879999999832381,
    0.8700000015035261,
    0.8799999998533333,
    0.87,
    0.8700000071066668,
    0.8700000097500002,
    0.88,
    0.88,
    0.8700001014000223,
    0.8700001014000223,
    0.8700001014000223,
    0.8799999992948717,
    0.8700001064762046,
    0.87,
    0.87,
    0.8799999859199946,
    0.87,
    0.87,
    0.8799999994584615,
    0.8700000372666684,
    0.8799999988266666,
    0.87,
    0.86,
    0.8704149374268074,
    0.86,
    0.8704148013398605,
    0.88,
    0.8704146988266541,
    0.8799999997951106,
    0.8799999998826666,
    0.879999975890296,
    0.87,
    0.8799999991395746,
    0.8799999735337359,
    0.87,
    0.8799923008589381,
    0.87,
    0.8799909818470072,
    0.8799909985714005,
    0.8700001014000223,
    0.8799909818470072,
    0.8700000533000048,
    0.8799909678955871,
    0.87,
    0.87,
    0.870009,
    0.88,
    0.8799999997845249,
    0.8799999955999994,
    0.8799999848275538,
    0.8799999637112669,
    0.88,
    0.88,
    0.8700000453361377,
    0.870162725849679,
    0.8699999641236943,
    0.8699995614044549,
    0.8699999655007604,
    0.8699999085991602,
    0.8699992343991425,
    0.8699999274999819,
    0.8699999037153495,
    0.87,
    0.8699999866599998,
    0.8699992343991425,
    0.8699999964249222,
    0.8699992343991425,
    0.8699992343991425,
    0.8699999524480322,
    0.8699992343991425,
    0.8699998694999673,
    0.869999996868,
    0.8699992343991425,
    0.8699992343991425,
    0.8699992343991425,
    0.8699992343991425,
    0.8699999460116318,
    0.8699992343991425,
    0.87,
    0.8699998694999673,
    0.8699999828899992,
    0.87,
    0.87,
    0.87,
    0.87,
    0.87,
    0.87,
    0.87,
    0.87,
    0.87,
    0.87,
    0.87,
    0.87,
    0.87,
    0.87,
    0.87,
    0.87,
    0.87,
    0.87,
    0.8699998825315624,
    0.86,
    0.8699998749802837,
    0.87,
    0.8699997259498122,
    0.86,
    0.87,
    0.8799999980357139,
    0.87,
    0.87,
    0.87,
    0.8699999818749626,
    0.87,
    0.87,
    0.86,
    0.86,
    0.85,
    0.85,
    0.85,
    0.85,
    0.85,
    0.85,
    0.85,
    0.85,
    0.86,
    0.85,
    0.85,
    0.85,
    0.8499996890239984,
    0.84,
    0.8499999632034488,
    0.8499999404999804,
    0.8499999612756223,
    0.84,
    0.84,
    0.8499999008333119,
    0.8499999659999946,
    0.8499996231525051,
    0.84,
    0.8499965984080421,
    0.84,
    0.84,
    0.8400000006042023,
    0.8400090115831454,
    0.84,
    0.8400091071816828,
    0.8499999771812067,
    0.8499999424564614,
    0.85,
    0.8499998845108225,
    0.8499785476190476,
    0.840009124059786,
    0.8499999632034488,
    0.8499999667597741,
    0.85,
    0.8400090650909044,
    0.8499994474992542,
    0.85,
    0.85,
    0.85,
    0.8400091194893086,
    0.85,
    0.8499999929166662,
    0.8499936642848092,
    0.8499858472543261,
    0.8499858781981812,
    0.8499858477214831,
    0.8499858477214831,
    0.84000900090009,
    0.8499999948764313,
    0.85,
    0.849999979567259,
    0.8499999241070819,
    0.8499999241070819,
    0.8499999212961579,
    0.8499908010861541,
    0.849975095580273,
    0.849975165369675,
    0.8400090223893067,
    0.8499999969599417,
    0.849999979567259,
    0.8499985173999348,
    0.8499909985949649,
    0.8499999149996685,
    0.8499984209678293,
    0.8400319262149698,
    0.84,
    0.84,
    0.84,
    0.8400274809160305,
    0.8400230414746543,
    0.8499979268279024,
    0.8499909050882206,
    0.8499910240941871,
    0.8499909978062465,
    0.8499909050882206,
    0.849991,
    0.8499909050882206,
    0.85,
    0.8499999997875,
    0.85,
    0.8499999149996685,
    0.8499999149996685,
    0.84,
    0.85,
    0.8499999149996685,
    0.8499999149996685,
    0.8499999149996685,
    0.8499999149996685,
    0.85,
    0.8499999149996685,
    0.8499999149996685,
    0.8499999149996685,
    0.8499999149996685,
    0.8499999149996685,
    0.8499999149996685,
    0.85,
    0.8499999149996685,
    0.8499999149996685,
    0.8499999149996685,
    0.8499999149996685,
    0.8499999149996685,
    0.8499999951868619,
    0.85,
    0.8499999149996685,
    0.8499999149996685,
    0.8499999149996685,
    0.8499999149996685,
    0.8499999149996685,
    0.85,
    0.8499999149996685,
    0.8499999964255671,
    0.8499999149996685,
    0.84,
    0.8499999967307682,
    0.849999979567259,
    0.85,
    0.84,
    0.8499999985833332,
    0.83,
    0.83,
    0.84,
    0.85,
    0.85,
    0.85,
    0.85,
    0.84,
    0.84,
    0.85,
    0.8499999149996685,
    0.84,
    0.84,
    0.85,
    0.85,
    0.8499999799527929,
    0.85,
    0.85,
    0.8499999935606036,
    0.85,
    0.85,
    0.85,
    0.8499999149996685,
    0.85,
    0.8300001139000376,
    0.85,
    0.84,
    0.84,
    0.84,
    0.85,
    0.85,
    0.85,
    0.8499999149996685,
    0.85,
    0.84,
    0.84,
    0.85,
    0.85,
    0.84,
    0.84,
    0.84,
    0.8300001183928803,
    0.8399996471997954,
    0.84,
    0.84,
    0.8399999896959999,
    0.8399996471997954,
    0.84,
    0.84,
    0.84,
    0.8399996471997954,
    0.84,
    0.8399996471997954,
    0.84,
    0.84,
    0.84,
    0.8300000529386032,
    0.8399996471997954,
    0.84,
    0.84,
    0.8300001181905066,
    0.84,
    0.84,
    0.84,
    0.84,
    0.84,
    0.84,
    0.8399996471997954,
    0.8399995534173936,
    0.83,
    0.83,
    0.84,
    0.84,
    0.84,
    0.84,
    0.84,
    0.8399997929856368,
    0.84,
    0.8399996471997954,
    0.8300001139000376,
    0.84,
    0.84,
    0.84,
    0.83,
    0.84,
    0.83999978999979,
    0.84,
    0.8399996471997954,
    0.84,
    0.8399998095999163,
    0.8399996471997954,
    0.8399996471997954,
    0.84,
    0.84,
    0.84,
    0.8399996471997954,
    0.84,
    0.8399999590909044,
    0.8399999722695982,
    0.84,
    0.84,
    0.83,
    0.83,
    0.8426835216649053,
    0.85,
    0.85,
    0.84,
    0.85,
    0.8499999659999946,
    0.84,
    0.8499999949284007,
    0.84,
    0.85,
    0.84,
    0.84,
    0.85,
    0.85,
    0.8499999989375,
    0.84,
    0.84,
    0.84,
    0.84,
    0.84,
    0.84,
    0.84,
    0.84,
    0.84,
    0.84,
    0.84,
    0.84,
    0.84,
    0.84,
    0.84,
    0.84,
    0.84,
    0.84,
    0.84,
    0.8499996522725534,
    0.85,
    0.84999999989375,
    0.8499999829999799,
    0.85,
    0.85,
    0.85,
    0.84,
    0.85,
    0.8499999936377242,
    0.85,
    0.8499999149996685,
    0.8499999989646772,
    0.84,
    0.84,
    0.8499999716666203,
    0.8499999149996685,
    0.84,
    0.84,
    0.84,
    0.84,
    0.84,
    0.8400090084818048,
    0.8400090220567854,
    0.840009016992982,
    0.849992349643551,
    0.8499999967606705,
    0.8499999983134917,
    0.8499999996443515,
    0.84,
    0.849999999915,
    0.8499999936614449,
    0.8499999829999799,
    0.84,
    0.83,
    0.8300001139000376,
    0.8399999879039997,
    0.84,
    0.8399999416574534,
    0.83,
    0.8399999683870937,
    0.83,
    0.83,
    0.83,
    0.8300001139000376,
    0.8399997446398734,
    0.83,
    0.83,
    0.83,
    0.83,
    0.8300000578000093,
    0.8399997446398734,
    0.84,
    0.8399998907999596,
    0.84,
    0.84,
    0.8200000068210528,
    0.84,
    0.8200000720000072,
    0.8200000105000003,
    0.837455451694744,
    0.829999999196515,
    0.8299999557332619,
    0.82,
    0.8200001309091147,
    0.8299999943247824,
    0.8200000395492982,
    0.8299999086998274,
    0.8299999943441217,
    0.829999219799173,
    0.8299998966474829,
    0.829999219799173,
    0.8299999983881159,
    0.829999219799173,
    0.829999219799173,
    0.8299999021397211,
    0.83,
    0.829999935941903,
    0.829999219799173,
    0.829999219799173,
    0.829999219799173,
    0.8200000244800015,
    0.8299999591200861,
    0.829999219799173,
    0.829999219799173,
    0.829999219799173,
    0.8299997053498099,
    0.8299997053498099,
    0.829999970119998,
    0.829999219799173,
    0.829999219799173,
    0.829999219799173,
    0.8299997053498099,
    0.829999219799173,
    0.8200001296000363,
    0.829999219799173,
    0.8299997053498099,
    0.829999219799173,
    0.8299999756570764,
    0.829999219799173,
    0.83,
    0.82,
    0.8299999951583326,
    0.8299999966799987,
    0.8299999086998274,
    0.820000022800001,
    0.82,
    0.82,
    0.82,
    0.8299999998860784,
    0.820009,
    0.8299999999336,
    0.8299999975099996,
    0.8299999086998274,
    0.8226571268779448,
    0.8199999835999839,
    0.8199999980866666,
    0.8199999945333325,
    0.8199999835999839,
    0.8199999980866666,
    0.8199999998633334,
    0.8199999835999839,
    0.8199999966255135,
    0.8199999996355556,
    0.8199999945333325,
    0.8199999835999839,
    0.8199935605737778,
    0.8100271497766924,
    0.8199727932211006,
    0.8100271828561447,
    0.8100852669493485,
    0.8199727932211006,
    0.8199707322868165,
    0.8100853122668005,
    0.8199145782102694,
    0.8199145976101105,
    0.8199901272793767,
    0.8199901272793767,
    0.8200103531577131,
    0.82,
    0.82,
    0.82,
    0.82,
    0.82,
    0.82,
    0.82,
    0.82,
    0.82,
    0.82,
    0.82,
    0.82,
    0.8299999086998274,
    0.8299999948124994,
    0.8299999973439994,
    0.8299999086998274,
    0.82999999968875,
    0.82,
    0.8299999792499694,
    0.8299999086998274,
    0.82,
    0.82,
    0.8200000270011266,
    0.82,
    0.82,
    0.82,
    0.83,
    0.83,
    0.8299999086998274,
    0.83,
    0.82,
    0.8299999086998274,
    0.83,
    0.83,
    0.83,
    0.8299999930915569,
    0.83,
    0.8299999086998274,
    0.8299999966799987,
    0.83,
    0.83,
    0.83,
    0.8299999086998274,
    0.83,
    0.83,
    0.8299999792499694,
    0.8299999792499694,
    0.8299999981017724,
    0.8299999086998274,
    0.8299999086998274,
    0.8299999086998274,
    0.8299999833999961,
    0.83,
    0.8299999086998274,
    0.83,
    0.83,
    0.83,
    0.8299999783478078,
    0.8299999976759997,
    0.83,
    0.8299999975099996,
    0.8299999889333236,
    0.8299999926081421,
    0.83,
    0.8299999086998274,
    0.8299999557332619,
    0.83,
    0.83,
    0.83,
    0.8299999966799987,
    0.83,
    0.83,
    0.8299999966799987,
    0.829999990177512,
    0.83,
    0.8299999993025209,
    0.8299999957435886,
    0.83,
    0.83,
    0.83,
    0.8299999966799987,
    0.83,
    0.83,
    0.8299999763607228,
    0.83,
    0.83,
    0.8299999916999942,
    0.8299999966799987,
    0.8299999935282635,
    0.83,
    0.83,
    0.83,
    0.83,
    0.8299999086998274,
    0.8299999966799987,
    0.8299999583611504,
    0.8299999792499694,
    0.8299999966799987,
    0.83,
    0.83,
    0.83,
    0.83,
    0.83,
    0.8299999933706067,
    0.8299999792499694,
    0.8299999966799987,
    0.8299999966799987,
    0.8299999557332619,
    0.829999994952702,
    0.8299999985178569,
    0.8299999993856908,
    0.8299999966799987,
    0.8299999792499694,
    0.829999998336673,
    0.8299999897688738,
    0.8299999977547332,
    0.8399999996970243,
    0.84,
    0.84,
    0.84,
    0.84,
    0.84,
    0.84,
    0.84,
    0.8399999955199985,
    0.84,
    0.83,
    0.8299999086998274,
    0.8299999086998274,
    0.8299999947523695,
    0.8299999086998274,
    0.83,
    0.83,
    0.83,
    0.83,
    0.83,
    0.8299999776538382,
    0.8299999966799987,
    0.8299999086998274,
    0.829999971379262,
    0.8299999301051219,
    0.8299999086998274,
    0.8399999731199687,
    0.839999922461486,
    0.8299999822142226,
    0.8399999694545188,
    0.8399999807999785,
    0.8399999879999916,
    0.84,
    0.8399999802352597,
    0.8357614209864619,
    0.8299997731330928,
    0.8299997412350704,
    0.829999219799173,
    0.8299999833999961,
    0.8299999600370241,
    0.829999219799173,
    0.829999219799173,
    0.84,
    0.84,
    0.83,
    0.84,
    0.839999997623202,
    0.8399999879999916,
    0.8399999893894682,
    0.84,
    0.84,
    0.84,
    0.84,
    0.83,
    0.8300000580833377,
    0.8399999984551724,
    0.839999968499952,
    0.8399999159997984,
    0.84,
    0.83,
    0.83,
    0.8299999301051219,
    0.8299999842972892,
    0.8299999584999674,
    0.83,
    0.82,
    0.8200000244800015,
    0.8299999966799987,
    0.8299996956664885,
    0.8299997903157321,
    0.829999678825932,
    0.8299997561872668,
    0.8299996956664885,
    0.8299998671999327,
    0.8299997412350704,
    0.8299997903157321,
    0.8299996714581896,
    0.829999219799173,
    0.8299997053498099,
    0.82,
    0.82,
    0.82,
    0.82,
    0.82,
    0.82,
    0.84,
    0.84,
    0.8342307348641576,
    0.829999960476183,
    0.829999960476183,
    0.84,
    0.8399999551999426,
    0.8399999694545188,
    0.8399999703529335,
    0.8399999911578878,
    0.8399999875555373,
    0.8200000532173987,
    0.820000058775515,
    0.8399999807999785,
    0.84,
    0.8399999551999426,
    0.84,
    0.8399999813333234,
    0.8399999561738772,
    0.839999922461486,
    0.8399999802352597,
    0.8399999879999916,
    0.8399999719999426,
    0.8399999813333234,
    0.8399999813333234,
    0.8399999083632298,
    0.84,
    0.8299999783478078,
    0.8299999086998274,
    0.82,
    0.82,
    0.82,
    0.82,
    0.84,
    0.84,
    0.84,
    0.84,
    0.84,
    0.83,
    0.84,
    0.8200000245454563,
    0.82,
    0.83,
    0.82,
    0.83,
    0.83,
    0.83,
    0.83,
    0.83,
    0.83,
    0.84,
    0.84,
    0.84,
    0.84,
    0.84,
    0.84,
    0.83,
    0.8299999990423077,
    0.8299999928324677,
    0.83,
    0.84,
    0.8399999802352597,
    0.8399999813333234,
    0.83,
    0.82,
    0.82,
    0.83,
    0.8299999557332619,
    0.83,
    0.8299999086998274,
    0.8299996868634698,
    0.8299999600370241,
    0.8299999600370241,
    0.8299999776538382,
    0.8299999301051219,
    0.8299999853529285,
    0.8299999221872641,
    0.83,
    0.8288558859223301,
    0.8199999822702658,
    0.8199999827368334,
    0.8199999453331851,
    0.8199999850908822,
    0.819999957481405,
    0.8199999827368334,
    0.82,
    0.82,
    0.8199999835999839,
    0.8199999956071417,
    0.82,
    0.82,
    0.82,
    0.82,
    0.82,
    0.82,
    0.8299997731330928,
    0.8299997412350704,
    0.8299999537571322,
    0.8299999957435886,
    0.8299998339999326,
    0.8299999833999961,
    0.8299996714581896,
    0.829999219799173,
    0.8201412897312218,
    0.8200001417092976,
    0.829999678825932,
    0.8299998932856518,
    0.8299999941995293,
    0.8201411914781622,
    0.8299999921961043,
    0.83,
    0.83,
    0.83,
    0.83,
    0.83,
    0.829999219799173,
    0.829999219799173,
    0.8299998588999675,
    0.82,
    0.829999219799173,
    0.8299999560099935,
    0.8299997053498099,
    0.8299999557332619,
    0.81,
    0.8299999901909083,
    0.8299999966799987,
    0.8299999977866666,
    0.8299999928857118,
    0.8299999993615383,
    0.8299999951583326,
    0.8299999901909083,
    0.8299999966799987,
    0.8299999557332619,
    0.8299999792499694,
    0.82,
    0.81,
    0.81,
    0.81000011942861,
    0.82,
    0.82,
    0.81,
    0.82,
    0.81,
    0.81,
    0.810000022019059,
    0.81,
    0.81,
    0.81,
    0.81,
    0.8100000335370702,
    0.81,
    0.81,
    0.829999982016655,
    0.83,
    0.82,
    0.8233333333333334,
    0.82,
    0.82,
    0.82,
    0.82,
    0.82,
    0.82,
    0.83,
    0.83,
    0.83,
    0.83,
    0.83,
    0.82,
    0.8299999086998274,
    0.8299999086998274,
    0.8299999086998274,
    0.8299999086998274,
    0.8299999086998274,
    0.8299999086998274,
    0.8299999086998274,
    0.8299999970837837,
    0.8299999991008333,
    0.821782173932621,
    0.82,
    0.82,
    0.82,
    0.8299999648304652,
    0.8299999913925914,
    0.82791,
    0.82,
    0.83,
    0.83,
    0.83,
    0.82,
    0.82,
    0.8299999975099996,
    0.83,
    0.8299999966799987,
    0.8299999086998274,
    0.83,
    0.83,
    0.83,
    0.83,
    0.8199559595481223,
    0.8199559437230874,
    0.8199559437230874,
    0.83,
    0.83,
    0.83,
    0.83,
    0.8299999970036079,
    0.8299999889333236,
    0.8299999617991489,
    0.8299999743628856,
    0.8299999969106692,
    0.8299999086998274,
    0.83,
    0.8299999966799987,
    0.8299999626965889,
    0.8299999402399565,
    0.82999996760971,
    0.83,
    0.8299999634236684,
    0.8299999517090761,
    0.8299999977866666,
    0.82023,
    0.82,
    0.8299999792499694,
    0.8200914510832875,
    0.8200001244722424,
    0.83,
    0.83,
    0.83,
    0.83,
    0.820091449566308,
    0.8299998942152849,
    0.8299999757180665,
    0.8299999925892825,
    0.8299999970036079,
    0.829999971379262,
    0.8299999554361244,
    0.8299999119695063,
    0.8299999970036079,
    0.8299999936317104,
    0.83,
    0.83,
    0.83,
    0.83,
    0.8299999833999961,
    0.8202888752304855,
    0.8299999557332619,
    0.8299999743628856,
    0.8299999940287706,
    0.8299999889333236,
    0.8299999888026945,
    0.8299999565237497,
    0.8299999637377953,
    0.8299999714549897,
    0.83,
    0.83,
    0.83,
    0.83,
    0.8299999666975013,
    0.8299999584999674,
    0.82,
    0.82,
    0.8299999966799987,
    0.82,
    0.82,
    0.82,
    0.82,
    0.8199999898136457,
    0.8199999883687863,
    0.8199999649572215,
    0.8199999561203597,
    0.8299999626965889,
    0.8199999605497894,
    0.8199999869322555,
    0.82,
    0.8199999835999839,
    0.82,
    0.819999984779572,
    0.82,
    0.82,
    0.82,
    0.82,
    0.8199999901599953,
    0.8199999625142446,
    0.82,
    0.81,
    0.81,
    0.8199999998024097,
    0.82,
    0.82,
    0.81,
    0.8100000055538462,
    0.8199999998633334,
    0.8199999835999839,
    0.8100000627000107,
    0.81,
    0.82,
    0.81,
    0.81,
    0.81,
    0.82,
    0.81,
    0.81,
    0.82,
    0.8199999835999839,
    0.8199999835999839,
    0.8100001216000438,
    0.8199999835999839,
    0.8199999835999839,
    0.8199999835999839,
    0.8199999835999839,
    0.8199999835999839,
    0.82,
    0.81,
    0.82,
    0.81,
    0.82,
    0.81,
    0.8199999671999948,
    0.81,
    0.82,
    0.81,
    0.8199999835999839,
    0.8199999994533332,
    0.81,
    0.8099998838999779,
    0.8199998738456881,
    0.8,
    0.82,
    0.81,
    0.8199999835999839,
    0.8199999835999839,
    0.8100001216000438,
    0.82,
    0.81,
    0.81,
    0.81,
    0.82,
    0.82,
    0.81,
    0.81,
    0.81,
    0.8199999819599986,
    0.82,
    0.82,
    0.82,
    0.81,
    0.81,
    0.81,
    0.81,
    0.81,
    0.8,
    0.81,
    0.8,
    0.8,
    0.8,
    0.817710408666785,
    0.8,
    0.81,
    0.8100000212943108,
    0.81,
    0.82,
    0.8100000273600015,
    0.8,
    0.8,
    0.8199993738175215,
    0.8199997219376182,
    0.819999647399799,
    0.8199998076542474,
    0.8199999722972888,
    0.8199998098549788,
    0.8199996104996982,
    0.8,
    0.8199999846728927,
    0.8199996632141233,
    0.81,
    0.8,
    0.8299999977866666,
    0.82,
    0.81,
    0.81,
    0.81,
    0.81,
    0.83,
    0.82,
    0.820000014996787,
    0.82,
    0.8299999977866666,
    0.8200000047520001,
    0.8299999836613855,
    0.82,
    0.8200000720000072,
    0.8299999656766673,
    0.8299999666975013,
    0.8299999957216451,
    0.8299999388017069,
    0.8299999806976637,
    0.83,
    0.83,
    0.8299999781578474,
    0.829999999989785,
    0.8299999581511747,
    0.8299999734889248,
    0.82,
    0.82,
    0.82,
    0.8200000355932233,
    0.8200000986301504,
    0.8299999648304652,
    0.8299999931593388,
    0.8299999423610084,
    0.8299999459534165,
    0.82,
    0.83,
    0.82,
    0.8200001425742857,
    0.82,
    0.8299999086998274,
    0.8299999868774498,
    0.8299999817180299,
    0.8299999966799987,
    0.8299999617991489,
    0.83,
    0.83,
    0.830000446099702,
    0.83,
    0.83,
    0.830000176267324,
    0.83999999874,
    0.8399999998298475,
    0.84,
    0.84,
    0.8499999149996685,
    0.8499999829999799,
    0.85,
    0.8300000578000093,
    0.8499999975714283,
    0.85,
    0.8499999999858333,
    0.83,
    0.85,
    0.83,
    0.830000301363787,
    0.843971630350586,
    0.83,
    0.83,
    0.83,
    0.83,
    0.8499999149996685,
    0.83,
    0.83,
    0.83,
    0.83,
    0.8399648799297599,
    0.8399648629439438,
    0.8399648768098138,
    0.85,
    0.8499999731012582,
    0.85,
    0.8499999597155272,
    0.8300000566666733,
    0.8300000489208669,
    0.849999968518473,
    0.8499999657257941,
    0.85,
    0.8499999992916667,
    0.83,
    0.83,
    0.85,
    0.85,
    0.849999968045054,
    0.8499999794685896,
    0.85,
    0.8300000470212803,
    0.8499999618833585,
    0.85,
    0.85,
    0.849999974852042,
    0.8300000861333471,
    0.83,
    0.83,
    0.8300000097142859,
    0.8454514710855597,
    0.8300000578000093,
    0.8399999807999785,
    0.84,
    0.8399999832835741,
    0.84,
    0.8399999888372021,
    0.8399999615266606,
    0.8399999777483376,
    0.8399999691742989,
    0.8300000481781435,
    0.83,
    0.8399999598406074,
    0.84,
    0.84,
    0.84,
    0.84,
    0.84,
    0.84,
    0.84,
    0.84,
    0.83,
    0.83,
    0.83,
    0.8399999966399984,
    0.83,
    0.83,
    0.83,
    0.83,
    0.82,
    0.82,
    0.83,
    0.82,
    0.83,
    0.84,
    0.8398422997204675,
    0.83,
    0.83,
    0.83,
    0.83,
    0.82,
    0.82,
    0.82,
    0.83,
    0.82,
    0.83,
    0.8200001309091147,
    0.8299999975099996,
    0.82,
    0.82,
    0.82,
    0.82,
    0.82,
    0.83,
    0.83,
    0.82,
    0.82,
    0.83,
    0.83,
    0.82,
    0.82,
    0.82,
    0.82,
    0.82,
    0.83,
    0.83,
    0.83,
    0.8200000142574261,
    0.83,
    0.83,
    0.83,
    0.83,
    0.84,
    0.83,
    0.85,
    0.85,
    0.8399688828383297,
    0.8399689741012216,
    0.839968975584533,
    0.85,
    0.8404071661237785,
    0.83000002330026,
    0.85,
    0.85,
    0.8464845298085496,
    0.84,
    0.84,
    0.84,
    0.84,
    0.83,
    0.82,
    0.82,
    0.83,
    0.82,
    0.83,
    0.84,
    0.8399999551999426,
    0.8399999884535926,
    0.8399999862294802,
    0.8399999417339397,
    0.8399999336839976,
    0.8399999716853783,
    0.84,
    0.8399999862294802,
    0.8399999541817373,
    0.84,
    0.84,
    0.8300796500064361,
    0.830110974106042,
    0.84,
    0.84,
    0.84,
    0.84,
    0.84,
    0.84,
    0.84,
    0.84,
    0.8399999895846244,
    0.8399999162790504,
    0.8399966686947774,
    0.8399906130990318,
    0.8300160285866939,
    0.8300160286891068,
    0.84,
    0.8300160290706387,
    0.8399996471997954,
    0.8200134522013086,
    0.8399996471997954,
    0.829999966765235,
    0.82,
    0.82,
    0.8299907766635922,
    0.820062805303559,
    0.8200703674745895,
    0.82,
    0.8299907753104822,
    0.8299907737484722,
    0.8299907709061182,
    0.82,
    0.8299667823233681,
    0.829950844573334,
    0.8399909784743373,
    0.83,
    0.83,
    0.83,
    0.83,
    0.83,
    0.85,
    0.8501386748844376,
    0.85,
    0.85,
    0.8599858533286178,
    0.8599857413508565,
    0.8599857413508565,
    0.8599857413508565,
    0.8599857413508565,
    0.8599857413508565,
    0.8599857413508565,
    0.8599857413508565,
    0.8599857413508565,
    0.8500140625075335,
    0.8599576135517492,
    0.8599225035514906,
    0.8500140625943875,
    0.859975225803966,
    0.8500000080527186,
    0.8500529411764706,
    0.8500529411764706,
    0.8500529411764706,
    0.85,
    0.8599735293262745,
    0.8599784923011332,
    0.85,
    0.850015479876161,
    0.8599810601203668,
    0.8501060070671378,
    0.8599909977544679,
    0.8500329549723221,
    0.850009000004525,
    0.8500090000041788,
    0.850032954984804,
    0.8500329549661781,
    0.8500090000025259,
    0.8500090000040514,
    0.85,
    0.85,
    0.85,
    0.8399950337284343,
    0.83,
    0.8403196148058442,
    0.8499450100987743,
    0.8499449421490263,
    0.8399524288206002,
    0.8499450104400773,
    0.85,
    0.85,
    0.85,
    0.85,
    0.85,
    0.85,
    0.85,
    0.85,
    0.8504131599081867,
    0.84,
    0.8499225316519522,
    0.82,
    0.8199999901599953,
    0.81,
    0.81,
    0.81,
    0.81,
    0.800024,
    0.81,
    0.81,
    0.79462,
    0.79,
    0.8,
    0.79,
    0.78710798,
    0.8,
    0.79,
    0.79,
    0.79,
    0.7802429311870465,
    0.7899999573399937,
    0.76,
    0.7667955242414105,
    0.7899749585580627,
    0.8,
    0.71,
    0.7399508725887853,
    0.7399508552696527,
    0.7499560709673989,
    0.74,
    0.7998831042350333,
    0.7499160251689364,
    0.74,
    0.7599779839507353,
    0.7601260921351899,
    0.7601260916247717,
    0.75,
    0.74,
    0.7601338558567373,
    0.7601338573818882,
    0.7799573542299706,
    0.7601338557431292,
    0.779957375260459,
    0.7899736266821764,
    0.7999730757389225,
    0.7999730677103062,
    0.780227147031931,
    0.7999713156785335,
    0.799971245459505,
    0.780227147856334,
    0.7601222413063731,
    0.7604602774274906,
    0.7601935964259121,
    0.7601184366363996,
    0.778300647280456,
    0.77,
    0.730099045808284,
    0.7300931470392549,
    0.7303642174067316,
    0.7699999638099945,
    0.759943498080656,
    0.759943560256281,
    0.7699998613999326,
    0.7699999806925366,
    0.77,
    0.7599887844177059,
    0.7599090077763374,
    0.7699999951142126,
    0.7699998455709756,
    0.7699998850225895,
    0.7302132727739867,
    0.7699998762499708,
    0.730213228007254,
    0.72,
    0.74,
    0.7200000062222223,
    0.7,
    0.73,
    0.73,
    0.769942053848765,
    0.7200072020174645,
    0.7699290406141776,
    0.7699290336764162,
    0.7699176382110701,
    0.76,
    0.7599999695999891,
    0.764099471204189,
    0.7399493498733747,
    0.7399493641742055,
    0.7399902202833809,
    0.7,
    0.7300995621122734,
    0.7300995623134714,
    0.7599416464452161,
    0.72,
    0.7100732938316316,
    0.77,
    0.76,
    0.769999999846,
    0.7599960147349347,
    0.7599960114521752,
    0.77,
    0.77,
    0.75,
    0.7699999876799952,
    0.77,
    0.77,
    0.77,
    0.7699999876799952,
    0.77,
    0.78,
    0.77,
    0.76,
    0.7699537796653626,
    0.7600782124098131,
    0.7600782128023597,
    0.76,
    0.76,
    0.7702840924662674,
    0.7702840910284802,
    0.770284092483883,
    0.77,
    0.77,
    0.77,
    0.7701676224306006,
    0.7701676241196274,
    0.7698998909850816,
    0.7698998945301274,
    0.7702978235967927,
    0.7699330381541745,
    0.7799829540226086,
    0.7799829096278021,
    0.7799829090448729,
    0.7602063492847525,
    0.7601758147512865,
    0.809970402339805,
    0.8099703867597733,
    0.8099703547430798,
    0.76,
    0.75,
    0.7600761145342515,
    0.75,
    0.8199385484105687,
    0.8199385096618031,
    0.75,
    0.8299999966799987,
    0.8199957394625133,
    0.7602281702501097,
    0.8199234887282147,
    0.7601045166106756,
    0.7602601156069364,
    0.84,
    0.84,
    0.8499999829999799,
    0.8,
    0.74,
    0.8100654913603371
]
