[
    0.999,
    0.999,
    0.999,
    0.999,
    0.999,
    0.999,
    0.999,
    0.999,
    0.999,
    0.999,
    0.999,
    0.999,
    0.999,
    0.999,
    0.999,
    0.999,
    0.999,
    0.999,
    0.99,
    0.99,
    0.99,
    0.99,
    0.99,
    0.99,
    0.99,
    0.99,
    0.99,
    0.9831500931834171,
    0.89,
    0.889999985759986,
    0.86,
    0.86,
    0.86,
    0.88,
    0.8300000110389613,
    0.98,
    0.9715523506916037,
    0.83,
    0.9699999951010002,
    0.9640386355541847,
    0.88,
    0.8799999841599995,
    0.8799998310399648,
    0.8100000060800001,
    0.65,
    0.65,
    0.65,
    0.65,
    0.65,
    0.6500000105000002,
    0.65,
    0.65,
    0.65,
    0.6500000157500009,
    0.65,
    0.65,
    0.68,
    0.68,
    0.65,
    0.6899999917199968,
    0.6499999991875,
    0.6,
    0.61,
    0.6,
    0.61,
    0.53,
    0.51,
    0.57,
    0.51,
    0.52,
    0.52,
    0.5,
    0.5,
    0.5340203050812687,
    0.51,
    0.51,
    0.52,
    0.52,
    0.5,
    0.51,
    0.49,
    0.4900000204000033,
    0.5371619047619047,
    0.54,
    0.46,
    0.38,
    0.441924882629108,
    0.36,
    0.37,
    0.31,
    0.32,
    0.32,
    0.27,
    0.2799999789595361,
    0.28,
    0.27,
    0.26,
    0.25,
    0.28,
    0.36,
    0.36,
    0.35,
    0.3400000002176542,
    0.33,
    0.3,
    0.24,
    0.24,
    0.24,
    0.24,
    0.25,
    0.31,
    0.25,
    0.26,
    0.25,
    0.32,
    0.3,
    0.32208333333333333,
    0.25,
    0.3,
    0.23,
    0.35,
    0.34,
    0.38,
    0.39,
    0.38000000892800057,
    0.4,
    0.42,
    0.42,
    0.43,
    0.43,
    0.42,
    0.45,
    0.45,
    0.42086630654396784,
    0.37,
    0.38,
    0.38,
    0.36,
    0.37,
    0.31,
    0.26,
    0.3,
    0.34000003917809773,
    0.34000003960001346,
    0.32095238095238093,
    0.31,
    0.37,
    0.36,
    0.36,
    0.37,
    0.39,
    0.31,
    0.29,
    0.3499998774999204,
    0.31,
    0.2790477142857143,
    0.2100000019312032,
    0.21,
    0.2201142857142857,
    0.19,
    0.18,
    0.18,
    0.18,
    0.16,
    0.15,
    0.1612365745234882,
    0.16,
    0.16,
    0.1500000850003315,
    0.14,
    0.15609756097560976,
    0.14000000005733335,
    0.14,
    0.14,
    0.11000001424001402,
    0.18,
    0.18,
    0.18,
    0.18,
    0.18,
    0.18,
    0.1600000004476121,
    0.12,
    0.16999997363265176,
    0.16999988609996242,
    0.18,
    0.17,
    0.18,
    0.21,
    0.29,
    0.29,
    0.29,
    0.29,
    0.29,
    0.28,
    0.2899999967833622,
    0.25,
    0.25,
    0.25,
    0.25,
    0.25,
    0.22,
    0.2,
    0.2,
    0.19,
    0.2,
    0.2,
    0.19,
    0.2,
    0.2,
    0.2,
    0.2,
    0.17,
    0.2,
    0.2,
    0.26,
    0.2600000190285764,
    0.26,
    0.26,
    0.27,
    0.27,
    0.27,
    0.27,
    0.27,
    0.2600000001599697,
    0.24,
    0.2400000004864,
    0.2899999640399973,
    0.25,
    0.22,
    0.25,
    0.25,
    0.25,
    0.27,
    0.25,
    0.2700000097333358,
    0.27,
    0.27,
    0.25,
    0.27,
    0.25,
    0.27,
    0.27,
    0.2,
    0.26,
    0.25,
    0.26,
    0.26,
    0.26,
    0.26,
    0.27,
    0.26,
    0.26,
    0.26000000888000036,
    0.25,
    0.2,
    0.2,
    0.3,
    0.31,
    0.31,
    0.31,
    0.33,
    0.3,
    0.3,
    0.28,
    0.28000003456001216,
    0.31,
    0.26,
    0.26,
    0.24,
    0.25,
    0.24,
    0.22,
    0.22,
    0.22,
    0.23999991839998694,
    0.210000000316,
    0.24,
    0.25,
    0.28,
    0.23000001232000472,
    0.22,
    0.27,
    0.23,
    0.31,
    0.37,
    0.40999999773351126,
    0.42,
    0.42,
    0.42,
    0.41,
    0.4,
    0.41,
    0.41,
    0.41,
    0.42,
    0.42,
    0.42,
    0.42,
    0.42,
    0.42,
    0.429999998538,
    0.42,
    0.42,
    0.42000000603200016,
    0.42,
    0.42,
    0.42,
    0.42,
    0.42,
    0.42,
    0.42,
    0.42,
    0.42,
    0.42,
    0.42,
    0.42,
    0.4200000629152901,
    0.42,
    0.41999998728075666,
    0.42,
    0.42,
    0.42,
    0.42,
    0.42,
    0.42,
    0.42,
    0.42,
    0.42,
    0.42,
    0.42,
    0.42,
    0.42,
    0.42000000580000035,
    0.42,
    0.4200001740002958,
    0.43,
    0.42,
    0.42,
    0.42,
    0.42,
    0.42,
    0.42,
    0.42,
    0.42,
    0.42,
    0.42,
    0.42,
    0.42,
    0.42,
    0.42,
    0.42,
    0.43,
    0.42,
    0.42,
    0.42,
    0.42,
    0.42,
    0.42,
    0.42,
    0.42,
    0.42,
    0.4200000629152901,
    0.42,
    0.42,
    0.42,
    0.42,
    0.42,
    0.43857142857142856,
    0.44,
    0.42,
    0.4200000734667063,
    0.43,
    0.42999989014593326,
    0.41,
    0.4,
    0.4,
    0.41,
    0.4099999446499798,
    0.43,
    0.45,
    0.45,
    0.3641732259606919,
    0.2800000012881296,
    0.31,
    0.29,
    0.29,
    0.29,
    0.31,
    0.34,
    0.3853308119717981,
    0.4,
    0.39,
    0.42999979564345914,
    0.43,
    0.44,
    0.43,
    0.44,
    0.44,
    0.43,
    0.44,
    0.44,
    0.43,
    0.44,
    0.43,
    0.43,
    0.43,
    0.43,
    0.44,
    0.43,
    0.4300000511034613,
    0.42,
    0.42,
    0.43,
    0.46,
    0.46,
    0.46,
    0.45000000440000015,
    0.5,
    0.5,
    0.5,
    0.5200000369230883,
    0.49,
    0.49,
    0.49,
    0.49,
    0.49000000340000055,
    0.5,
    0.5,
    0.4900000745384793,
    0.48,
    0.48,
    0.48,
    0.48,
    0.48,
    0.5,
    0.48,
    0.48,
    0.49,
    0.48,
    0.480000010400005,
    0.48,
    0.48,
    0.48,
    0.4800000062400002,
    0.48,
    0.5,
    0.4900000745384793,
    0.48,
    0.4799999951999998,
    0.4984275184275184,
    0.43,
    0.44,
    0.4100000011543478,
    0.42,
    0.48999999387499976,
    0.42,
    0.44000000518518634,
    0.44,
    0.48,
    0.48,
    0.48,
    0.48,
    0.48,
    0.4400000224000036,
    0.45,
    0.45,
    0.45,
    0.43,
    0.43,
    0.43,
    0.44,
    0.43,
    0.4300000511034613,
    0.42,
    0.43,
    0.43,
    0.4,
    0.4,
    0.42523809523809525,
    0.39,
    0.369175153688276,
    0.36,
    0.37,
    0.37,
    0.370000018900007,
    0.39,
    0.3899998478999072,
    0.39,
    0.39,
    0.4,
    0.36,
    0.42,
    0.42,
    0.42,
    0.42,
    0.42,
    0.42,
    0.42,
    0.42,
    0.42,
    0.42,
    0.42,
    0.4299999852571413,
    0.42,
    0.42,
    0.42,
    0.4200000042865414,
    0.42,
    0.42,
    0.42,
    0.42,
    0.4299999870999978,
    0.42,
    0.42,
    0.42,
    0.42,
    0.42,
    0.42,
    0.4200000629152901,
    0.4,
    0.4,
    0.3757572091888401,
    0.35,
    0.31,
    0.3200001088000914,
    0.32,
    0.36,
    0.37,
    0.37,
    0.37,
    0.36,
    0.37000006300001337,
    0.37000005460003166,
    0.36,
    0.350000001021611,
    0.36,
    0.36,
    0.36,
    0.36,
    0.36,
    0.36,
    0.36,
    0.3899998478999072,
    0.37,
    0.37,
    0.37,
    0.37,
    0.37,
    0.37,
    0.37,
    0.37000006300001337,
    0.35,
    0.35,
    0.35,
    0.35000006500003683,
    0.36,
    0.36,
    0.36,
    0.36,
    0.36,
    0.36,
    0.34,
    0.34,
    0.32,
    0.34,
    0.32,
    0.32,
    0.32,
    0.32,
    0.32,
    0.32,
    0.32,
    0.32,
    0.32,
    0.32,
    0.32,
    0.3200000054400005,
    0.32,
    0.32,
    0.32,
    0.32,
    0.32,
    0.32,
    0.32,
    0.32,
    0.32,
    0.32,
    0.32,
    0.32,
    0.32,
    0.32,
    0.32,
    0.32,
    0.32,
    0.32,
    0.32,
    0.32,
    0.32,
    0.32,
    0.32,
    0.32,
    0.3200000078840602,
    0.3200000078840602,
    0.32,
    0.32000000272,
    0.32,
    0.3,
    0.31,
    0.3,
    0.31,
    0.3,
    0.3,
    0.3,
    0.3,
    0.2700000004623765,
    0.28,
    0.27,
    0.28,
    0.29,
    0.29,
    0.29,
    0.29,
    0.29,
    0.29,
    0.29,
    0.29,
    0.29,
    0.29,
    0.29,
    0.29,
    0.29,
    0.29,
    0.29,
    0.29,
    0.29,
    0.29,
    0.29,
    0.29,
    0.29,
    0.29,
    0.29,
    0.29,
    0.29,
    0.29,
    0.29,
    0.29,
    0.29,
    0.29,
    0.29,
    0.29,
    0.29,
    0.29,
    0.29,
    0.29,
    0.29,
    0.32,
    0.32,
    0.29,
    0.2900000394444642,
    0.2900000394444642,
    0.29,
    0.29,
    0.3,
    0.29765625,
    0.33,
    0.33,
    0.3300000050250002,
    0.33,
    0.34,
    0.33,
    0.33,
    0.33,
    0.34,
    0.33,
    0.33000003301451025,
    0.31,
    0.3,
    0.31,
    0.3,
    0.32,
    0.31,
    0.3399999857199992,
    0.34,
    0.34,
    0.34,
    0.34,
    0.34,
    0.34,
    0.3200001088000914,
    0.34,
    0.34,
    0.3399914399161588,
    0.33010348312563165,
    0.3301034812863959,
    0.3398290150818607,
    0.3398290075244274,
    0.33982892566775763,
    0.33010348147890345,
    0.34,
    0.32,
    0.32000002720000437,
    0.32000002720000437,
    0.32000001458445204,
    0.33,
    0.32000000071044776,
    0.3299998927499812,
    0.320000001904,
    0.3200001088000914,
    0.32000002720000437,
    0.3200000194285764,
    0.3299999590799969,
    0.32,
    0.3200001088000914,
    0.33,
    0.33,
    0.3200000063466668,
    0.32000000340000084,
    0.3300090582865903,
    0.3300280978592241,
    0.32,
    0.32002152595072947,
    0.32,
    0.32001724468288945,
    0.33996938915313957,
    0.33375972254684994,
    0.3299909318440111,
    0.3299909910454039,
    0.329991,
    0.33001882455307374,
    0.33,
    0.32,
    0.33993809545108916,
    0.32,
    0.33,
    0.33,
    0.32,
    0.33,
    0.33006181388661415,
    0.33,
    0.33,
    0.3300359856057577,
    0.3300618377449034,
    0.33006184602299177,
    0.33006202291994097,
    0.3399638760732173,
    0.3399756019926806,
    0.3399756407970769,
    0.3300090001029862,
    0.33000900468122824,
    0.33000900468122824,
    0.330009,
    0.330009,
    0.3399990969552207,
    0.3300175472801716,
    0.33001847669882983,
    0.3399853779083795,
    0.3399901419995071,
    0.33,
    0.33,
    0.33,
    0.34,
    0.33,
    0.33,
    0.33,
    0.34,
    0.34,
    0.34,
    0.3400180000713659,
    0.33,
    0.34,
    0.3400232979851126,
    0.340018,
    0.33,
    0.34003047336305864,
    0.3400180289624572,
    0.3400304820732984,
    0.3400304906218239,
    0.3499819849981985,
    0.340018,
    0.3499819321752232,
    0.34001807471704354,
    0.35,
    0.35,
    0.35,
    0.35,
    0.35,
    0.35,
    0.35,
    0.35,
    0.350018,
    0.35,
    0.35,
    0.35,
    0.35,
    0.35,
    0.3448545861297539,
    0.32999992016817903,
    0.329982,
    0.33,
    0.33,
    0.33,
    0.33,
    0.33,
    0.33,
    0.329982,
    0.31999476713762426,
    0.3271590909090909,
    0.33,
    0.3271590909090909,
    0.33,
    0.31,
    0.32,
    0.32,
    0.3199904199998471,
    0.32,
    0.3100547112462006,
    0.31,
    0.32,
    0.3199995734099998,
    0.31,
    0.31,
    0.3199691279876512,
    0.31983199189919514,
    0.31000015159110544,
    0.31,
    0.31,
    0.31,
    0.31,
    0.31,
    0.31,
    0.31,
    0.31,
    0.31,
    0.31002067089920055,
    0.31,
    0.3100207511466604,
    0.310020672231529,
    0.3100000103716257,
    0.3100206706476803,
    0.310000013529438,
    0.31,
    0.3100000292924792,
    0.31000001500000374,
    0.31000000828000324,
    0.3100761421319797,
    0.3100000018486022,
    0.31,
    0.3100761421319797,
    0.31000000248391635,
    0.3198559234190089,
    0.3198698895935985,
    0.3100000022772279,
    0.3198379699224072,
    0.3100221293336612,
    0.31000000943542505,
    0.31,
    0.310018,
    0.3100000659278354,
    0.31,
    0.31998192999905983,
    0.32,
    0.3199878773455856,
    0.310000003520409,
    0.31000007853670414,
    0.31995250896338423,
    0.31001921380659014,
    0.3100192159744431,
    0.3100192987988102,
    0.3100000119165508,
    0.31,
    0.310025,
    0.3199308104693667,
    0.3100000020196672,
    0.310025,
    0.3101125,
    0.3100562711708563,
    0.3100529411764706,
    0.3100000010066266,
    0.31015,
    0.32,
    0.31996158327667346,
    0.32,
    0.32,
    0.32,
    0.31999724773332416,
    0.31005645935302295,
    0.3199790029673268,
    0.31000015712883267,
    0.31000000402500033,
    0.3100000414000389,
    0.31,
    0.3100000020912471,
    0.3198429655718795,
    0.3100001160749638,
    0.310000042073199,
    0.31000000861947263,
    0.31,
    0.3100000414000389,
    0.31000007853670414,
    0.3100000240000096,
    0.32,
    0.3100000651667329,
    0.32,
    0.31000000446829545,
    0.31,
    0.31,
    0.31,
    0.31,
    0.31,
    0.31000012880006184,
    0.310000013529438,
    0.3100000414000389,
    0.3100000206410338,
    0.31000000103500003,
    0.31,
    0.31000000103500003,
    0.31000001311000236,
    0.3100000414000389,
    0.31,
    0.31,
    0.31000000828000324,
    0.31,
    0.3199469793558135,
    0.31,
    0.31000000828000324,
    0.3100000414000389,
    0.3100000562223009,
    0.31000005750001436,
    0.31000000317400006,
    0.32,
    0.32,
    0.31000002185000297,
    0.310000013529438,
    0.31000001311000236,
    0.3100000414000389,
    0.31000008354262826,
    0.31,
    0.31,
    0.30982778154756396,
    0.30000002800000447,
    0.30002251105614697,
    0.30000000170385727,
    0.3000225392967739,
    0.3000225170786605,
    0.300022558374168,
    0.3000225392967739,
    0.3000225159799293,
    0.3000226364012525,
    0.30002251723767537,
    0.3,
    0.3,
    0.3,
    0.3,
    0.3,
    0.3,
    0.30018,
    0.3,
    0.3,
    0.3,
    0.3,
    0.3,
    0.3,
    0.3000243243243243,
    0.3,
    0.3,
    0.30000000004954597,
    0.3,
    0.3,
    0.30992921247072214,
    0.3097832484016838,
    0.31,
    0.309977486133381,
    0.30000001603665855,
    0.3,
    0.3000375,
    0.3,
    0.3,
    0.3,
    0.3000346153846154,
    0.3,
    0.31,
    0.31,
    0.31002195138343147,
    0.31996661680518557,
    0.31002200633851545,
    0.31998861397479855,
    0.31000000379168235,
    0.31,
    0.3199698503596193,
    0.32,
    0.32,
    0.31000012728177706,
    0.31993377881348184,
    0.3198998741823836,
    0.31,
    0.3100000221499577,
    0.3100000414000389,
    0.310036,
    0.3100000059761468,
    0.3100643028755151,
    0.31997696165876055,
    0.3100900809943685,
    0.3100000040084514,
    0.3100409148021808,
    0.3100410003157087,
    0.31004098360655735,
    0.31000000103500003,
    0.3100000003055963,
    0.31002143175096086,
    0.310075,
    0.3100214296022903,
    0.3100214484822439,
    0.32,
    0.3100000414000389,
    0.3100000414000389,
    0.3100000414000389,
    0.31997948519597896,
    0.31992978691520185,
    0.3199794637077511,
    0.310000000322,
    0.31002250001516174,
    0.31,
    0.3100225484743901,
    0.3100000001742824,
    0.31000005750001436,
    0.32,
    0.31000007853670414,
    0.31000001774286684,
    0.31000000103500003,
    0.32,
    0.31000000828000324,
    0.3100000414000389,
    0.31000000126500005,
    0.3100000002486218,
    0.32,
    0.31999742857142854,
    0.31000001916667147,
    0.3100000414000389,
    0.31000000053671883,
    0.3100409090909091,
    0.3100562668361777,
    0.31005632342653777,
    0.31993449531858953,
    0.3198874434708432,
    0.31000000038758097,
    0.31,
    0.31,
    0.31,
    0.31,
    0.31,
    0.31,
    0.3100000023128962,
    0.3100000010095516,
    0.31,
    0.31,
    0.31,
    0.3100000026641208,
    0.3100391304347826,
    0.3100000414000389,
    0.31,
    0.31005294185628285,
    0.3100529411764706,
    0.31005625,
    0.3100529787796946,
    0.3100562546126909,
    0.3100562760528702,
    0.3199909963998199,
    0.3199981992799928,
    0.319991051314209,
    0.31,
    0.310075,
    0.31003103465443077,
    0.3101,
    0.31003103602214105,
    0.31992490079123864,
    0.3101000272372564,
    0.3100209348481361,
    0.3100000011068564,
    0.31005300701372585,
    0.3100818181818182,
    0.3101500275286167,
    0.3100529722016704,
    0.31015004249972283,
    0.3100529946932038,
    0.3100530615324201,
    0.3100529992404542,
    0.31998990485139783,
    0.3199589423747717,
    0.3100209394866224,
    0.3100209558608023,
    0.32,
    0.32,
    0.32,
    0.3199955,
    0.31000000828000324,
    0.3099763108026175,
    0.3,
    0.30006428801028606,
    0.30997630799684106,
    0.31,
    0.31,
    0.31,
    0.31,
    0.31,
    0.31,
    0.30006434791853137,
    0.3,
    0.30006428571428573,
    0.30000002333334036,
    0.31,
    0.31002571435918386,
    0.31,
    0.31,
    0.31002903243703395,
    0.31,
    0.31998559232799945,
    0.3100290823032632,
    0.3199640744313278,
    0.31000000930337274,
    0.31000001311000236,
    0.31000000996666766,
    0.3100000414000389,
    0.310000013529438,
    0.31000003955416305,
    0.3198903522474411,
    0.3100000005682353,
    0.31018,
    0.3100346444357224,
    0.3100000153826382,
    0.31003464344238146,
    0.31003462384943076,
    0.3100346202266051,
    0.3100750116650508,
    0.31987148274648763,
    0.31007520892710166,
    0.31007500339862337,
    0.310075,
    0.31003484460780534,
    0.31018,
    0.31018,
    0.319899919068951,
    0.3101801744005971,
    0.31992481455007254,
    0.32,
    0.3199773600335416,
    0.31,
    0.31,
    0.3198498394110895,
    0.310000013529438,
    0.31000000828000324,
    0.3200230769230769,
    0.32018,
    0.32,
    0.31,
    0.32,
    0.31,
    0.32,
    0.31,
    0.31,
    0.31,
    0.32,
    0.31,
    0.31,
    0.31,
    0.32,
    0.31,
    0.31,
    0.32,
    0.3299430146582913,
    0.32000000340000084,
    0.32,
    0.3200001088000914,
    0.32,
    0.32,
    0.32,
    0.3200264768391499,
    0.32,
    0.3200818181818182,
    0.32002648934787836,
    0.3200818347297504,
    0.3299976750013575,
    0.320031044142213,
    0.32,
    0.3299799170876995,
    0.3299798547097247,
    0.32999197133982233,
    0.32000000053684213,
    0.32,
    0.32,
    0.32000003626668894,
    0.32000013591269744,
    0.320045,
    0.3299881171273081,
    0.32,
    0.3200001088000914,
    0.32000002720000437,
    0.32003462765058666,
    0.32000003571698044,
    0.3200347106421145,
    0.3200347106421145,
    0.3200000115167193,
    0.3200473917607202,
    0.32997744074132135,
    0.3299952441080663,
    0.3200473736688565,
    0.3200000071321021,
    0.32002143029194735,
    0.3200214365537304,
    0.3299779538500156,
    0.3200000005899294,
    0.3200375231506591,
    0.32997796919441635,
    0.32997798216960783,
    0.32997800630152524,
    0.32003759042791186,
    0.3200375190599246,
    0.3299848269962891,
    0.32003750293748784,
    0.32000000417619884,
    0.3200272745720466,
    0.32997266104822726,
    0.3299726376412052,
    0.32002730770878396,
    0.3299752392059453,
    0.32,
    0.3200001088000914,
    0.319995495,
    0.329999997822,
    0.3299999312499785,
    0.32337152837256805,
    0.32,
    0.32,
    0.32,
    0.32,
    0.32,
    0.3100000414000389,
    0.32,
    0.3100000019628515,
    0.31,
    0.3100000023583966,
    0.31,
    0.31,
    0.31,
    0.31,
    0.31000000323007804,
    0.31,
    0.32,
    0.32,
    0.320000001904,
    0.3299999480249952,
    0.32000003126437837,
    0.32,
    0.32000002720000437,
    0.329977419382678,
    0.3200000741818438,
    0.32,
    0.32,
    0.3200642857142857,
    0.32006435365677843,
    0.3299774237198736,
    0.3200001088000914,
    0.3200001088000914,
    0.32,
    0.3200000028538679,
    0.32018017417416544,
    0.32018000321671186,
    0.32996394377604804,
    0.3200000365919591,
    0.3200001088000914,
    0.3200000741818438,
    0.3200001088000914,
    0.3200000063255828,
    0.32,
    0.31000000077625,
    0.32999984522117454,
    0.3100000414000389,
    0.31000000059142857,
    0.31000000380614684,
    0.3299999688576137,
    0.31000000737404626,
    0.32,
    0.3200000462136115,
    0.3200001088000914,
    0.32,
    0.32,
    0.3200000047856032,
    0.32,
    0.3299998992118038,
    0.32,
    0.32,
    0.33,
    0.33,
    0.34,
    0.32,
    0.32,
    0.32,
    0.32,
    0.32000024677952715,
    0.33,
    0.33,
    0.33,
    0.3300000084866677,
    0.33,
    0.33000000905949645,
    0.33,
    0.33,
    0.339964,
    0.3300000804000707,
    0.33,
    0.3300000804000707,
    0.33002647294898196,
    0.3300265644732831,
    0.33,
    0.33002647090135195,
    0.330023684386091,
    0.3300237054421686,
    0.3399761336515513,
    0.33997630099644516,
    0.33000002045521026,
    0.3300257142857143,
    0.3399990095999975,
    0.33003000013215916,
    0.33003004481766257,
    0.33997796438099587,
    0.3300000804000707,
    0.3300000804000707,
    0.3300000164702333,
    0.330031046084539,
    0.3399780039868024,
    0.3300310530917423,
    0.3300310530917423,
    0.330031039846461,
    0.33997802673131045,
    0.33997791099707214,
    0.3300000082344727,
    0.33003214536380915,
    0.3300321719194483,
    0.3399904,
    0.3300321719194483,
    0.33003216804003294,
    0.33992494349626984,
    0.330000021841647,
    0.33003333333333335,
    0.3300335184901069,
    0.3300000804000707,
    0.33002372156909865,
    0.3300238712733378,
    0.3300000804000707,
    0.3300000804000707,
    0.3412969283276451,
    0.34,
    0.33998569841269843,
    0.33999414935064937,
    0.33003214297193917,
    0.33,
    0.33,
    0.33,
    0.33,
    0.33998392857142856,
    0.33,
    0.33,
    0.3300000804000707,
    0.33,
    0.33,
    0.3300000045267242,
    0.3399999005660199,
    0.3300000804000707,
    0.3300000804000707,
    0.3300000804000707,
    0.3300000079321243,
    0.34,
    0.3300000804000707,
    0.3300000118458289,
    0.34,
    0.3400225,
    0.34,
    0.34,
    0.34,
    0.34,
    0.34,
    0.349998499499995,
    0.35,
    0.35,
    0.35,
    0.35,
    0.35,
    0.35,
    0.35,
    0.35,
    0.35,
    0.35,
    0.35,
    0.35,
    0.35,
    0.35,
    0.35,
    0.35,
    0.35,
    0.35000009750003414,
    0.3500000598159821,
    0.35,
    0.35000000426882666,
    0.35008181818181816,
    0.35,
    0.35000009750003414,
    0.35997896469602203,
    0.3500000130000006,
    0.3599999759999976,
    0.3599999129670062,
    0.35000000130000003,
    0.35000002031251204,
    0.3500000174731272,
    0.35000001371308087,
    0.35000002031251204,
    0.3599677897897856,
    0.35000002166666955,
    0.3500473854551767,
    0.3500000145354457,
    0.35004754411723604,
    0.35002196732770147,
    0.3500000045836854,
    0.35002196442308525,
    0.350022115137164,
    0.35000004826734704,
    0.35000009750003414,
    0.3500281621068863,
    0.35000001079361026,
    0.36,
    0.36,
    0.3599579628804391,
    0.35999821769998663,
    0.35997344947728305,
    0.35002830629556714,
    0.35002812710306175,
    0.35012857781323103,
    0.35012859556917436,
    0.35003219399129964,
    0.3599960841011282,
    0.3500321490428652,
    0.359969907885733,
    0.3599699016325252,
    0.35003914077397086,
    0.3500392542770628,
    0.3599699253949776,
    0.3599699461016865,
    0.35009000004358354,
    0.35000000166982015,
    0.35009004069870286,
    0.35999267819868747,
    0.35012857142857146,
    0.35,
    0.35000000178510626,
    0.3599749210471697,
    0.3599749301648258,
    0.3599999963999999,
    0.35011254649189466,
    0.35000000174725776,
    0.35011259321841137,
    0.35999996020099945,
    0.35000005046585025,
    0.35005294117647057,
    0.3500000062130811,
    0.3599952988688499,
    0.35005294117647057,
    0.3500000003653701,
    0.3500000098784223,
    0.35997267348267536,
    0.35,
    0.35003913043478263,
    0.35999994325121254,
    0.3599998826086701,
    0.35,
    0.35000000196572584,
    0.3500000325000114,
    0.35,
    0.35,
    0.36,
    0.35000002425374854,
    0.35,
    0.35,
    0.35,
    0.35000000432468453,
    0.35000006132082606,
    0.35000000232142864,
    0.35,
    0.35,
    0.3500001092437709,
    0.35000010156264283,
    0.3599999348743509,
    0.35000000650000057,
    0.3500000076246338,
    0.35000003551913345,
    0.35000002210885783,
    0.35,
    0.35999999308799985,
    0.35,
    0.3599999084392767,
    0.35000000561635974,
    0.3500000325000114,
    0.3500000511006571,
    0.35000001444445056,
    0.35000002031251204,
    0.35,
    0.35000001255634555,
    0.35000004909368154,
    0.3500000325000114,
    0.35999993772970684,
    0.359999887374274,
    0.35999987039991704,
    0.3599999345454293,
    0.3500000112456752,
    0.35000034121075224,
    0.35,
    0.35999987039991704,
    0.35000000650000057,
    0.35000004024770043,
    0.35,
    0.35000077197424695,
    0.350000015662654,
    0.3599999351351176,
    0.3500001321140091,
    0.35000009750003414,
    0.35,
    0.35,
    0.35000001234099554,
    0.35,
    0.3599999255172247,
    0.3500000560345262,
    0.35,
    0.35,
    0.35000000650000057,
    0.3500000101239803,
    0.35,
    0.3500000471015141,
    0.3599638451952338,
    0.35,
    0.35996890493342293,
    0.359999997696,
    0.35,
    0.35000000541365933,
    0.3500321763447165,
    0.3599999225806202,
    0.3501,
    0.35000001319676616,
    0.3599894423418611,
    0.3599999332818399,
    0.35003752233758767,
    0.35,
    0.35002371185501263,
    0.350023716982913,
    0.3500237314639084,
    0.36,
    0.3599998628570645,
    0.36,
    0.35,
    0.35,
    0.3599998924137634,
    0.3500000105430493,
    0.35,
    0.35,
    0.35999100022499436,
    0.3500750433225296,
    0.35000000322335245,
    0.3500750673630811,
    0.3599708561776596,
    0.35997086763922415,
    0.36,
    0.35998185220937023,
    0.35002812650715365,
    0.35,
    0.35002820986434224,
    0.35002815586827923,
    0.35000000902151396,
    0.3599761367043908,
    0.3500000457746769,
    0.3500000515873248,
    0.35003617779816604,
    0.35000000660976655,
    0.350036,
    0.35999989763031237,
    0.3500000038328273,
    0.3500360032230098,
    0.3599930781328998,
    0.350036043488537,
    0.3599524297695067,
    0.35003616227462303,
    0.3500000325000114,
    0.35999099382506433,
    0.3500409406345947,
    0.3500000020412302,
    0.35004092591044633,
    0.35004108285412366,
    0.35,
    0.35999100022499436,
    0.3500000325000114,
    0.35999984316822986,
    0.35,
    0.35000006500003683,
    0.35,
    0.36,
    0.35,
    0.35,
    0.36,
    0.3500000093315726,
    0.35,
    0.37,
    0.37,
    0.3699999887149998,
    0.36999998939333295,
    0.3600272751539947,
    0.3600272930386804,
    0.3600272929617099,
    0.3600272728236393,
    0.3699909955188989,
    0.3699985274058609,
    0.3601505954086238,
    0.3601500520056108,
    0.36015,
    0.36998076803815666,
    0.3600409296436643,
    0.36004100865418276,
    0.36004091442041486,
    0.3600409214796985,
    0.36998078230717674,
    0.360045,
    0.3699808089902561,
    0.3699808089902561,
    0.3600000090288134,
    0.36003004668402994,
    0.36,
    0.3600300077586647,
    0.36998076949792313,
    0.37,
    0.369970006423481,
    0.36996996942947313,
    0.36996996942947313,
    0.36,
    0.3600257349731746,
    0.3600257349731746,
    0.3600257349731746,
    0.3600001271526836,
    0.3600257706392982,
    0.36999993385472346,
    0.36,
    0.36,
    0.37,
    0.37,
    0.37,
    0.37,
    0.36,
    0.36,
    0.36,
    0.36,
    0.36,
    0.36,
    0.36,
    0.37,
    0.37,
    0.37,
    0.37,
    0.36,
    0.36,
    0.36,
    0.36,
    0.37,
    0.37,
    0.37,
    0.37,
    0.37,
    0.36,
    0.36,
    0.36,
    0.36,
    0.3755750310988989,
    0.35,
    0.36,
    0.36,
    0.36,
    0.36,
    0.36,
    0.36,
    0.36,
    0.36,
    0.36,
    0.37,
    0.37,
    0.37,
    0.37,
    0.36,
    0.36,
    0.36,
    0.36,
    0.36,
    0.36,
    0.36,
    0.36,
    0.36,
    0.36999994134144887,
    0.37,
    0.37,
    0.37,
    0.37,
    0.37,
    0.37,
    0.3699999925999999,
    0.37,
    0.37,
    0.37,
    0.37,
    0.36,
    0.36,
    0.36,
    0.36,
    0.36,
    0.36,
    0.36,
    0.36,
    0.36,
    0.36,
    0.37,
    0.37,
    0.37,
    0.37,
    0.36,
    0.36,
    0.36,
    0.36,
    0.37,
    0.37,
    0.37,
    0.37,
    0.36,
    0.36,
    0.36,
    0.36,
    0.36,
    0.36,
    0.36,
    0.36,
    0.36,
    0.36,
    0.37,
    0.37,
    0.38,
    0.3799999250340029,
    0.37000002545455474,
    0.37,
    0.36,
    0.37,
    0.37,
    0.36999994518516793,
    0.36,
    0.36,
    0.35,
    0.36,
    0.36,
    0.35,
    0.36,
    0.37,
    0.3799999011999269,
    0.37999981553389106,
    0.370000000252,
    0.3700000451239886,
    0.37,
    0.37,
    0.37,
    0.37,
    0.37,
    0.37,
    0.37,
    0.37,
    0.37,
    0.3700000892501361,
    0.37000017663579465,
    0.37999981553389106,
    0.3700002079615002,
    0.37000003214286864,
    0.370000000945,
    0.37000001197000215,
    0.3799998184070057,
    0.3799999336912645,
    0.37000001197000215,
    0.37,
    0.37,
    0.37,
    0.37,
    0.36,
    0.3500000415778402,
    0.36,
    0.3500000325000114,
    0.3599999505343391,
    0.36,
    0.35000000130000003,
    0.350000020061734,
    0.35999992839776473,
    0.3500000139186322,
    0.35000000130000003,
    0.3500000406250076,
    0.36,
    0.35000000367896766,
    0.35000009750003414,
    0.36,
    0.35000006500003683,
    0.35999987039991704,
    0.35,
    0.35,
    0.34000000214505804,
    0.34,
    0.35,
    0.34000003960001346,
    0.35,
    0.340000090514325,
    0.35999999459999993,
    0.35,
    0.35,
    0.35,
    0.35,
    0.35,
    0.35,
    0.35,
    0.35000006500003683,
    0.36,
    0.36,
    0.36,
    0.36,
    0.36,
    0.36,
    0.36,
    0.36,
    0.36,
    0.36,
    0.36,
    0.36,
    0.35,
    0.35000000354545463,
    0.3599231822702028,
    0.36,
    0.37,
    0.37,
    0.35,
    0.35,
    0.36,
    0.35000000105417256,
    0.36,
    0.36,
    0.36,
    0.36999994714284035,
    0.3699998870526066,
    0.36,
    0.36,
    0.36999986309991373,
    0.36,
    0.36,
    0.36999993385472346,
    0.36999991526716264,
    0.36,
    0.3699999939058821,
    0.36999991526716264,
    0.36,
    0.36,
    0.36,
    0.35000000650000057,
    0.3500000319756065,
    0.36,
    0.36,
    0.36,
    0.36999993604936743,
    0.36,
    0.3699998870526066,
    0.36999989701028485,
    0.36,
    0.3699999855083327,
    0.36999997705999915,
    0.3699999887149998,
    0.36,
    0.36,
    0.36,
    0.36,
    0.36,
    0.36,
    0.36,
    0.36,
    0.36,
    0.36,
    0.36999993358973116,
    0.36999998939333295,
    0.36999994518516793,
    0.36,
    0.36,
    0.36999992671495496,
    0.36999993867400943,
    0.37,
    0.37,
    0.37,
    0.37,
    0.37,
    0.37999996426331506,
    0.37000002702414203,
    0.3799999950599998,
    0.37999990960350594,
    0.3700000058768667,
    0.3700000045873797,
    0.4,
    0.3900000244000039,
    0.39,
    0.39,
    0.38491062659595365,
    0.38,
    0.37,
    0.38,
    0.37,
    0.38,
    0.37,
    0.3500000167095154,
    0.36999993782785384,
    0.36999991526716264,
    0.3699999013333158,
    0.35000006238015213,
    0.35,
    0.350000015662654,
    0.3699998971300273,
    0.3699999306249841,
    0.36999994650601037,
    0.36999990251493736,
    0.3598449695866622,
    0.35000001444445056,
    0.35000001072607595,
    0.3500000427631738,
    0.35,
    0.38,
    0.3500000342827131,
    0.3799999277464672,
    0.35,
    0.36,
    0.37005988041026633,
    0.3799999340816105,
    0.36,
    0.36999994320928464,
    0.36,
    0.36,
    0.36999992874072807,
    0.36,
    0.36,
    0.35000040726893594,
    0.3799999086338518,
    0.37,
    0.37999991857141696,
    0.36,
    0.3699242150401819,
    0.3699241055951638,
    0.3799999575965531,
    0.36,
    0.36,
    0.35000006151420915,
    0.35,
    0.35,
    0.3799999227807231,
    0.37,
    0.37,
    0.37001869658119657,
    0.3699030949562625,
    0.36990306104852066,
    0.35985305142927604,
    0.3699030946265415,
    0.36997518573489524,
    0.3700923718712753,
    0.3698969553240293,
    0.36989689132301695,
    0.35,
    0.35973109753380167,
    0.3800374212434247,
    0.37006047144904597,
    0.3799483323244367,
    0.37006047118351193,
    0.3700604720443932,
    0.37,
    0.3700612399232663,
    0.37006123945139024,
    0.36005212216318144,
    0.36,
    0.34,
    0.34,
    0.40990316108302477,
    0.36001856666861554,
    0.3600185672105194,
    0.40984290982361987,
    0.3600185667773236,
    0.35,
    0.35,
    0.3600287486060959,
    0.35,
    0.40968250040760334,
    0.40968252332230154,
    0.4098175350690575,
    0.4098175297610441,
    0.36002874743506513,
    0.4098175487465181,
    0.3998615717303369,
    0.3998614235878884,
    0.39986155757623976,
    0.35,
    0.35,
    0.3500003982889507,
    0.36992430545100907,
    0.35995731246631696,
    0.3699241869974697,
    0.3699243277726306,
    0.3800922078664163,
    0.3698690652932963,
    0.3698690553259756,
    0.35992559057686785,
    0.35992559866096163,
    0.34,
    0.3300338774898218,
    0.3,
    0.11000000044500002,
    0.1,
    0.1,
    0.32,
    0.2899947499987005,
    0.28999473085724614
]
