[
    0.999,
    0.999,
    0.999,
    0.999,
    0.999,
    0.999,
    0.999,
    0.999,
    0.999,
    0.999,
    0.999,
    0.999,
    0.999,
    0.999,
    0.999,
    0.999,
    0.999,
    0.999,
    0.999,
    0.999,
    0.999,
    0.999,
    0.999,
    0.999,
    0.999,
    0.999,
    0.99,
    0.99,
    0.99,
    0.99,
    0.99,
    0.99,
    0.99,
    0.99,
    0.99,
    0.99,
    0.99,
    0.99,
    0.9891361992336342,
    0.99,
    0.98,
    0.98,
    0.91,
    0.9775623401047463,
    0.9,
    0.95,
    0.9471428571428572,
    0.95,
    0.9178382601949147,
    0.93,
    0.93,
    0.95,
    0.9155812,
    0.89,
    0.89,
    0.8585,
    0.8594522952658832,
    0.8099999929188223,
    0.8099999947919271,
    0.8,
    0.6171428571428571,
    0.400000060000024,
    0.48000000096844286,
    0.49,
    0.57,
    0.71,
    0.63,
    0.75,
    0.63,
    0.81,
    0.85,
    0.85,
    0.82,
    0.8366141719108436,
    0.82,
    0.7739945828181122,
    0.75,
    0.68,
    0.63,
    0.62,
    0.6699999999030811,
    0.69,
    0.69,
    0.68,
    0.6899999900333323,
    0.6899999925479998,
    0.6899999917199968,
    0.6899997205498337,
    0.645,
    0.62,
    0.52,
    0.5,
    0.5,
    0.5,
    0.5099999951124999,
    0.5,
    0.5,
    0.5,
    0.52,
    0.5099999991191709,
    0.47,
    0.5049504942995785,
    0.47,
    0.579999997912,
    0.57,
    0.55,
    0.5699999952499997,
    0.53,
    0.53,
    0.5643564346377806,
    0.5300000002682095,
    0.54,
    0.53999997839999,
    0.53999997839999,
    0.5399999990087195,
    0.5599999998431922,
    0.54,
    0.52,
    0.48,
    0.5,
    0.5,
    0.5,
    0.43,
    0.45,
    0.43,
    0.45,
    0.45,
    0.46999998871999804,
    0.4400000002889793,
    0.45,
    0.45,
    0.48999998039999687,
    0.4899999996011721,
    0.5445544548524655,
    0.58,
    0.58,
    0.58,
    0.58,
    0.58,
    0.58,
    0.58,
    0.58,
    0.58,
    0.58,
    0.58,
    0.6499999934999994,
    0.64,
    0.66,
    0.7,
    0.68,
    0.72,
    0.7042597928469108,
    0.5995953757225434,
    0.54,
    0.548,
    0.54,
    0.52,
    0.51,
    0.52,
    0.52,
    0.52,
    0.51,
    0.51,
    0.51,
    0.5120037252936389,
    0.50999999847,
    0.51,
    0.51,
    0.51,
    0.51,
    0.51,
    0.51,
    0.51,
    0.51,
    0.51,
    0.51,
    0.46328505565128303,
    0.4814529914529915,
    0.44,
    0.45,
    0.4671968011592462,
    0.48,
    0.45,
    0.47,
    0.46,
    0.44,
    0.44,
    0.4864476190476191,
    0.43,
    0.4236336272877678,
    0.4300000007868976,
    0.419999997732,
    0.41867419668038525,
    0.3734123222748815,
    0.35,
    0.35,
    0.32,
    0.3299998927499812,
    0.34,
    0.33,
    0.3299999811899992,
    0.3277748871397405,
    0.33,
    0.31,
    0.32,
    0.32,
    0.32,
    0.32,
    0.32,
    0.32,
    0.31000000483000023,
    0.31000000034775094,
    0.329999997822,
    0.3299999922449998,
    0.32,
    0.329999997822,
    0.29,
    0.3,
    0.29,
    0.32,
    0.29,
    0.29,
    0.3,
    0.31,
    0.32,
    0.32,
    0.32839023913756094,
    0.33,
    0.329999997822,
    0.34,
    0.3,
    0.31,
    0.31,
    0.32,
    0.33,
    0.32,
    0.34999999754999994,
    0.33764359357537704,
    0.29,
    0.29,
    0.27000000027859566,
    0.3,
    0.32,
    0.28,
    0.29,
    0.31,
    0.31,
    0.33962264150943394,
    0.31,
    0.31,
    0.3299998927499812,
    0.3299999989275,
    0.32999978219992593,
    0.32,
    0.2929032258064516,
    0.26294117647058823,
    0.22333333333333333,
    0.25,
    0.24,
    0.215,
    0.18,
    0.18,
    0.18,
    0.18,
    0.2,
    0.19864260883959609,
    0.18269224006101192,
    0.18,
    0.19,
    0.17,
    0.16,
    0.18,
    0.16,
    0.19,
    0.209999998425,
    0.20434,
    0.19674054758800522,
    0.17,
    0.17,
    0.19,
    0.18,
    0.209999998425,
    0.21,
    0.19842724637681158,
    0.1681495,
    0.16,
    0.16,
    0.14,
    0.14,
    0.15,
    0.14,
    0.12000005415409276,
    0.13,
    0.1375,
    0.1598295140112667,
    0.12,
    0.12,
    0.16,
    0.13,
    0.15,
    0.11,
    0.12,
    0.12,
    0.11000000001729952,
    0.13,
    0.11,
    0.14,
    0.14,
    0.14,
    0.13,
    0.11,
    0.11,
    0.12,
    0.13,
    0.15,
    0.14,
    0.13,
    0.16,
    0.17,
    0.18868617672319185,
    0.13,
    0.15154672374926595,
    0.13053247680574073,
    0.11000002002500456,
    0.11,
    0.11000000553224636,
    0.11,
    0.1299999789399992,
    0.13,
    0.13000000001918835,
    0.13000000348000026,
    0.13,
    0.12,
    0.13,
    0.13,
    0.1,
    0.11,
    0.13,
    0.12,
    0.11,
    0.13000000319000052,
    0.13,
    0.14,
    0.15,
    0.16,
    0.13,
    0.14,
    0.16,
    0.17357483340720872,
    0.14999988749997187,
    0.14,
    0.14,
    0.14,
    0.13,
    0.130000000052269,
    0.1300000580002668,
    0.13,
    0.13,
    0.12,
    0.11,
    0.11,
    0.1,
    0.12,
    0.1,
    0.12,
    0.13,
    0.15,
    0.14999988749997187,
    0.13,
    0.13000000038309115,
    0.14,
    0.16,
    0.16,
    0.16,
    0.13000000004241993,
    0.14,
    0.13,
    0.16,
    0.19,
    0.1400000142605597,
    0.18,
    0.15,
    0.17,
    0.1892964804967162,
    0.15,
    0.16764331210191083,
    0.12916666666666668,
    0.10999999130999982,
    0.09,
    0.10013694503026485,
    0.09,
    0.09000000045500023,
    0.08,
    0.1,
    0.11,
    0.11,
    0.1,
    0.1,
    0.09,
    0.13,
    0.13,
    0.12,
    0.12,
    0.13,
    0.14,
    0.14,
    0.15,
    0.15,
    0.16000000108685114,
    0.1601423229948952,
    0.14,
    0.13,
    0.13000000003584103,
    0.16,
    0.15,
    0.1899999939199999,
    0.17,
    0.18999999437599993,
    0.24,
    0.23,
    0.19,
    0.22,
    0.18,
    0.2,
    0.2,
    0.21,
    0.24,
    0.25,
    0.25,
    0.24,
    0.22000000443812356,
    0.24,
    0.23,
    0.25,
    0.25,
    0.26,
    0.25,
    0.27,
    0.29,
    0.27000007786676217,
    0.28999998462999926,
    0.2899999640399973,
    0.26,
    0.26000000100178705,
    0.26000000904940657,
    0.27,
    0.28,
    0.27,
    0.28,
    0.2800000327272787,
    0.28999999758333334,
    0.29,
    0.290000001988,
    0.290000001988,
    0.3,
    0.2900000008463176,
    0.3,
    0.29,
    0.32,
    0.32,
    0.31,
    0.3,
    0.283125,
    0.26,
    0.27,
    0.23,
    0.21,
    0.21000008276221138,
    0.23,
    0.20238095238095238,
    0.22,
    0.19,
    0.18000001640001606,
    0.18,
    0.17,
    0.1700000033200013,
    0.1608351428094204,
    0.16,
    0.15,
    0.13,
    0.14999997599999904,
    0.13000000870001732,
    0.13,
    0.13,
    0.13000000131349768,
    0.15,
    0.1300000243600188,
    0.13,
    0.13,
    0.15,
    0.13,
    0.13,
    0.13,
    0.12,
    0.14910571859384514,
    0.12,
    0.14,
    0.12,
    0.12,
    0.12,
    0.12,
    0.12,
    0.12,
    0.13,
    0.15863387978142077,
    0.12,
    0.13,
    0.14,
    0.16,
    0.12,
    0.12,
    0.14,
    0.13,
    0.15,
    0.16,
    0.17,
    0.18999997263999846,
    0.17,
    0.17,
    0.17,
    0.19,
    0.18,
    0.2,
    0.2,
    0.2,
    0.2,
    0.2,
    0.2,
    0.2,
    0.21,
    0.23,
    0.24,
    0.22,
    0.26,
    0.25,
    0.27,
    0.26657142857142857,
    0.25,
    0.244,
    0.24,
    0.22,
    0.24,
    0.21000000046929113,
    0.22,
    0.2,
    0.2,
    0.21,
    0.2200000024036991,
    0.24,
    0.24,
    0.24,
    0.24,
    0.24,
    0.24,
    0.24,
    0.23722222222222222,
    0.16,
    0.17,
    0.18,
    0.15,
    0.15,
    0.17,
    0.15,
    0.18,
    0.19,
    0.20999997395999803,
    0.21,
    0.21,
    0.18,
    0.19,
    0.2,
    0.21,
    0.21,
    0.2,
    0.18,
    0.19121212121212122,
    0.1580769230769231,
    0.17,
    0.17,
    0.22,
    0.14,
    0.16,
    0.16,
    0.15,
    0.13,
    0.18,
    0.19,
    0.2,
    0.14,
    0.2,
    0.22,
    0.22,
    0.22,
    0.21770351585740802,
    0.2,
    0.19,
    0.2,
    0.2,
    0.2,
    0.2,
    0.2,
    0.2,
    0.2,
    0.2,
    0.2,
    0.21,
    0.22,
    0.23,
    0.22,
    0.24,
    0.25,
    0.28,
    0.28,
    0.26,
    0.28,
    0.28,
    0.28,
    0.28,
    0.28,
    0.27,
    0.26,
    0.27,
    0.27,
    0.27,
    0.27,
    0.27,
    0.28,
    0.31,
    0.29,
    0.3,
    0.3144715,
    0.3,
    0.32,
    0.31,
    0.33,
    0.35,
    0.37,
    0.34,
    0.35,
    0.37,
    0.37,
    0.3801021358806502,
    0.37,
    0.37,
    0.37,
    0.37,
    0.33,
    0.3300000026800002,
    0.33,
    0.33,
    0.35,
    0.33,
    0.33,
    0.33,
    0.33,
    0.33,
    0.33,
    0.33,
    0.33,
    0.33,
    0.33,
    0.33,
    0.33,
    0.33,
    0.37,
    0.35,
    0.37,
    0.37,
    0.37,
    0.37,
    0.37,
    0.37,
    0.37,
    0.37,
    0.37,
    0.37,
    0.37,
    0.37,
    0.37,
    0.37,
    0.37,
    0.37,
    0.37,
    0.37,
    0.37,
    0.37,
    0.37,
    0.37,
    0.37,
    0.37,
    0.3700000523384733,
    0.37274804615405815,
    0.35,
    0.3500000012823548,
    0.35,
    0.35,
    0.35,
    0.35,
    0.37,
    0.39,
    0.4,
    0.41,
    0.43,
    0.4598037024484273,
    0.47,
    0.45,
    0.49726027397260275,
    0.43,
    0.45,
    0.47,
    0.49,
    0.49,
    0.51999999792,
    0.51,
    0.5299999650199954,
    0.53,
    0.49,
    0.49,
    0.49000008196430184,
    0.4653301886792453,
    0.439999998064,
    0.439999998064,
    0.44,
    0.439999998064,
    0.44,
    0.4399999847466662,
    0.4,
    0.41,
    0.42084745762711867,
    0.43,
    0.45,
    0.46,
    0.46,
    0.4792537313432836,
    0.46,
    0.4600000099350653,
    0.4600000694285873,
    0.4593055555555556,
    0.4600000694285873,
    0.41,
    0.41000436614233626,
    0.41,
    0.41000436614233626,
    0.41,
    0.43,
    0.45,
    0.45,
    0.44,
    0.45,
    0.45,
    0.45,
    0.45,
    0.46,
    0.4600000274909177,
    0.46,
    0.45,
    0.46,
    0.45,
    0.45,
    0.46999998156862094,
    0.49,
    0.49,
    0.49,
    0.47,
    0.51,
    0.49,
    0.49,
    0.51,
    0.51,
    0.51,
    0.53,
    0.49,
    0.49000054400304643,
    0.46,
    0.46,
    0.46,
    0.46,
    0.46,
    0.46,
    0.46,
    0.46,
    0.46,
    0.46,
    0.46,
    0.46,
    0.46,
    0.46,
    0.46,
    0.46,
    0.46,
    0.46,
    0.46,
    0.46,
    0.46,
    0.46,
    0.46,
    0.46,
    0.46,
    0.46,
    0.46,
    0.46,
    0.46,
    0.46,
    0.46,
    0.46,
    0.46,
    0.46,
    0.46,
    0.46,
    0.46,
    0.46,
    0.46,
    0.46,
    0.46,
    0.46,
    0.46,
    0.46,
    0.46,
    0.46,
    0.46,
    0.46,
    0.46,
    0.46,
    0.46,
    0.46,
    0.46,
    0.46,
    0.46,
    0.46,
    0.46,
    0.46,
    0.46,
    0.46,
    0.46,
    0.46,
    0.46,
    0.46,
    0.46,
    0.46,
    0.46,
    0.46,
    0.46,
    0.46,
    0.46,
    0.44,
    0.44,
    0.4499999549999955,
    0.44000000112000004,
    0.45,
    0.44,
    0.45999998435999895,
    0.4400000139034489,
    0.44,
    0.45,
    0.45999999800666663,
    0.46,
    0.45,
    0.46,
    0.47,
    0.47,
    0.4500000298913092,
    0.45,
    0.48,
    0.48,
    0.48,
    0.49,
    0.53,
    0.49,
    0.51,
    0.55,
    0.56,
    0.56,
    0.56,
    0.56,
    0.56,
    0.56,
    0.56,
    0.56,
    0.56,
    0.56,
    0.56,
    0.56,
    0.56,
    0.56,
    0.56,
    0.56,
    0.56,
    0.56,
    0.5699999488965387,
    0.56,
    0.57,
    0.59,
    0.5699999987905846,
    0.57,
    0.57999993708471,
    0.57,
    0.55,
    0.49,
    0.49000000854748826,
    0.49,
    0.47,
    0.47,
    0.47,
    0.47,
    0.47,
    0.47,
    0.47,
    0.5,
    0.49,
    0.47,
    0.49,
    0.47,
    0.4899999977133332,
    0.49,
    0.49,
    0.5,
    0.51999999974,
    0.4795204760618003,
    0.43,
    0.41,
    0.41,
    0.4099999446499798,
    0.39,
    0.38,
    0.37,
    0.39,
    0.41,
    0.39,
    0.44000000785965176,
    0.41,
    0.39,
    0.31,
    0.31,
    0.3,
    0.3,
    0.33,
    0.35,
    0.37,
    0.39,
    0.4,
    0.4,
    0.4,
    0.4,
    0.4,
    0.4,
    0.4,
    0.4,
    0.4,
    0.4,
    0.4,
    0.4,
    0.4,
    0.4,
    0.4,
    0.4,
    0.41,
    0.4,
    0.42,
    0.43,
    0.45,
    0.45,
    0.44,
    0.44,
    0.44,
    0.44,
    0.44,
    0.44,
    0.44000000926896665,
    0.45,
    0.45,
    0.47,
    0.48,
    0.4699998777999096,
    0.4699998918999708,
    0.45,
    0.45,
    0.43999980639989156,
    0.43,
    0.4300000720000288,
    0.4,
    0.36,
    0.39000000068693697,
    0.4,
    0.45,
    0.44,
    0.42,
    0.42,
    0.42,
    0.42,
    0.42,
    0.42,
    0.42,
    0.42,
    0.42,
    0.4196406660823839,
    0.4,
    0.4,
    0.4,
    0.4,
    0.4,
    0.4099999446499798,
    0.4,
    0.4,
    0.4,
    0.4,
    0.4,
    0.4,
    0.4,
    0.4,
    0.4,
    0.4,
    0.4,
    0.4,
    0.4,
    0.4,
    0.4,
    0.4,
    0.4,
    0.4,
    0.4,
    0.4,
    0.41,
    0.40000000316038986,
    0.41,
    0.43,
    0.43,
    0.43,
    0.45,
    0.4500000578947612,
    0.45999999920689655,
    0.49,
    0.54,
    0.52,
    0.52,
    0.52,
    0.54,
    0.54,
    0.54,
    0.52,
    0.52,
    0.55,
    0.53,
    0.56,
    0.56,
    0.56,
    0.5599999971999999,
    0.56,
    0.56,
    0.56,
    0.54,
    0.56,
    0.54,
    0.56,
    0.6,
    0.61,
    0.62,
    0.61,
    0.6199999960142856,
    0.62,
    0.61,
    0.6190909090909091,
    0.6,
    0.6,
    0.58,
    0.57,
    0.490000043350018,
    0.48,
    0.47999999827199996,
    0.5,
    0.51,
    0.5399999902799992,
    0.539999971199992,
    0.5,
    0.5,
    0.54,
    0.53,
    0.52,
    0.52,
    0.51,
    0.49,
    0.49,
    0.5,
    0.52,
    0.53,
    0.5702646312541628,
    0.5702646323473898,
    0.5799999912353606,
    0.5701033902635912,
    0.58,
    0.5799999265332937,
    0.57,
    0.57,
    0.57,
    0.56,
    0.56,
    0.55,
    0.55,
    0.55,
    0.55,
    0.55,
    0.55,
    0.55,
    0.56,
    0.56,
    0.56,
    0.56,
    0.56,
    0.5699999985749998,
    0.5736894142517373,
    0.5705979716590587,
    0.57,
    0.5699999746666607,
    0.57,
    0.56,
    0.56,
    0.56,
    0.56,
    0.56,
    0.56,
    0.56,
    0.5699999966939999,
    0.57,
    0.5698723690463046,
    0.57,
    0.57,
    0.57,
    0.57,
    0.57,
    0.57,
    0.57,
    0.57,
    0.57,
    0.57,
    0.57,
    0.57,
    0.58,
    0.58,
    0.58,
    0.58,
    0.58,
    0.58,
    0.58,
    0.58,
    0.58,
    0.58,
    0.58,
    0.58,
    0.58,
    0.59,
    0.58,
    0.58,
    0.59,
    0.59,
    0.59,
    0.59,
    0.59,
    0.59,
    0.59,
    0.59,
    0.59,
    0.59,
    0.59,
    0.59,
    0.59,
    0.59,
    0.59,
    0.6,
    0.5900000372727418,
    0.6,
    0.59,
    0.5900000041000001,
    0.5999999849999985,
    0.5900000070085474,
    0.5901098901098901,
    0.5900637075581813,
    0.5999909420693075,
    0.5900098242145612,
    0.6,
    0.5999987960349418,
    0.6,
    0.5999969419999694,
    0.5900000065600003,
    0.5900001763001005,
    0.6000090000019566,
    0.6000158144447344,
    0.6000179928028788,
    0.609959065565241,
    0.609959065565241,
    0.6000397790578682,
    0.600015837199367,
    0.6000485151662167,
    0.6000485541540799,
    0.600048465284273,
    0.6099839939879858,
    0.6099941839493374,
    0.6099767347731807,
    0.6000484652999475,
    0.600009,
    0.6000090002029537,
    0.6002733735916325,
    0.6002733734745272,
    0.6099999450999912,
    0.6,
    0.6,
    0.600009,
    0.5999980375794295,
    0.5900225741815353,
    0.5900090004121846,
    0.5900464400369565,
    0.5999698499363565,
    0.5900465666570601,
    0.5900090000413102,
    0.601957841412628,
    0.5901378259976612,
    0.5900001763001005,
    0.6008504660085047,
    0.6000180036007754,
    0.6000359856101598,
    0.6,
    0.6099819626771594,
    0.6000359856164954,
    0.6000180405000525,
    0.600020356827896,
    0.6000203068630029,
    0.6001153533210427,
    0.6000203245429587,
    0.6001153262598155,
    0.6001153262795159,
    0.609982,
    0.6099819882549314,
    0.6099819546884769,
    0.6,
    0.5900000065258426,
    0.5900959488272921,
    0.5900210793866387,
    0.5901234567901235,
    0.5900211673073098,
    0.5999819765378201,
    0.590018,
    0.6000239936017062,
    0.6,
    0.6000180000036931,
    0.6,
    0.6000180172151063,
    0.6000779268530265,
    0.6001089588377724,
    0.6000779221298849,
    0.6000779221237128,
    0.6099999643144379,
    0.609999996096,
    0.6099999988648057,
    0.6000180544386627,
    0.6099999993899999,
    0.61,
    0.609999996096,
    0.609991,
    0.61,
    0.6000181591937318,
    0.6099910219137522,
    0.600018,
    0.6,
    0.6,
    0.6099750436333387,
    0.600029702970297,
    0.600018000002641,
    0.6099999999573,
    0.609960283079614,
    0.6099351211362859,
    0.6099399902233045,
    0.6000180123916542,
    0.6099835981499359,
    0.6099473468112996,
    0.6099999851821826,
    0.6099821439135727,
    0.6099749755646315,
    0.600018035226888,
    0.6099658804835119,
    0.6099436459357382,
    0.60005,
    0.6,
    0.6000321428820985,
    0.6000473684210527,
    0.6,
    0.6,
    0.600081818240123,
    0.6001500286962833,
    0.6000818691807395,
    0.6000818656374045,
    0.6099784939354178,
    0.6001501038011369,
    0.6098938949188087,
    0.6001,
    0.6000819305930832,
    0.6099988854506957,
    0.6099526005644503,
    0.6000321428590674,
    0.60005,
    0.600042857160759,
    0.6000501323795774,
    0.609952539569166,
    0.6000501323795774,
    0.6099471703166089,
    0.6099273402198702,
    0.6000428719543229,
    0.6099179866765359,
    0.6000290322591074,
    0.6001125,
    0.6000290567134215,
    0.600079254918222,
    0.60009,
    0.6000792349863385,
    0.6000818183577176,
    0.6000818182233714,
    0.6099707128176065,
    0.5901803278873762,
    0.590075,
    0.5900302780372257,
    0.6099258638009432,
    0.5901801501121572,
    0.5900195652173913,
    0.6,
    0.6,
    0.599999939999976,
    0.6,
    0.5999452260905375,
    0.5900564820743819,
    0.5999675993491167,
    0.59018,
    0.590032142981471,
    0.6,
    0.5999735051594143,
    0.5900475750264932,
    0.5998200538039127,
    0.5998198137675718,
    0.6,
    0.5900219591066327,
    0.5900219689881422,
    0.5999998846152959,
    0.6,
    0.6,
    0.5999891977942668,
    0.5901801441281597,
    0.5999926028308227,
    0.590028125,
    0.590075,
    0.59018,
    0.59018,
    0.5900237123845993,
    0.5999653686987101,
    0.5900321517318495,
    0.6,
    0.5999999749478038,
    0.5999742730980242,
    0.5999742816917704,
    0.5999873434242158,
    0.5999499807895784,
    0.590112892125999,
    0.5901125,
    0.5901126703709415,
    0.5901125615946299,
    0.5999999759999961,
    0.5901298506107394,
    0.5901285714285714,
    0.6,
    0.607069222444055,
    0.5901500778803901,
    0.5999479209118895,
    0.5999248948413289,
    0.5900429019591817,
    0.5900430602906855,
    0.5999249965951058,
    0.5999348110769095,
    0.59,
    0.59,
    0.59,
    0.6000209387634734,
    0.60005625,
    0.6099570711784016,
    0.6000209302430258,
    0.6001285714285715,
    0.6000210254620469,
    0.6001820072802913,
    0.6,
    0.6099573787293858,
    0.59009,
    0.5900264919436788,
    0.6099549548175777,
    0.6099440115306903,
    0.6099398093817134,
    0.5900530533728223,
    0.5900613575811255,
    0.590053014155326,
    0.609999982232993,
    0.5900600193245745,
    0.609962150393062,
    0.6061570243377687,
    0.5900601145425743,
    0.5900692664499507,
    0.59018,
    0.5900529623975506,
    0.5900692307692308,
    0.5999774949983121,
    0.5999679761080263,
    0.5900290327002389,
    0.5999180510303314,
    0.5998231645780318,
    0.5900290732322435,
    0.5998714072721902,
    0.599932968521241,
    0.5900818181818182,
    0.5999295114864674,
    0.5998713501861112,
    0.5998712673685574,
    0.590060240582583,
    0.59005625,
    0.5900900251441832,
    0.5900900900900901,
    0.5998712673685574,
    0.590060027148466,
    0.59992152168905,
    0.5998198137675718,
    0.6,
    0.6,
    0.590000021849532,
    0.6,
    0.59,
    0.59,
    0.59,
    0.599999976967367,
    0.5900003524375576,
    0.5900321470060897,
    0.5999780332327352,
    0.5900529411764706,
    0.5900324102342621,
    0.5900322307203499,
    0.6,
    0.5900333333333333,
    0.59,
    0.59,
    0.59,
    0.5900219512195122,
    0.5900000025807168,
    0.6,
    0.59,
    0.5900236842105263,
    0.6,
    0.5999999939999998,
    0.5900001763001005,
    0.5900000020965909,
    0.5900000935088326,
    0.5999903899029914,
    0.5900205071497349,
    0.5900000026973685,
    0.5999958620975028,
    0.590028125,
    0.5900818181818182,
    0.5900000020126891,
    0.6,
    0.59,
    0.59,
    0.5901125,
    0.5900214344955848,
    0.5900000085744996,
    0.5900216394229587,
    0.6,
    0.6,
    0.6,
    0.6,
    0.6,
    0.6,
    0.6,
    0.6,
    0.6,
    0.61,
    0.61,
    0.61,
    0.61,
    0.6039603739143207,
    0.6,
    0.59,
    0.59,
    0.59,
    0.59,
    0.59,
    0.59,
    0.59,
    0.59,
    0.59,
    0.59,
    0.59,
    0.59,
    0.59,
    0.59,
    0.59,
    0.59,
    0.58,
    0.57,
    0.5699999965799997,
    0.58,
    0.5761066550774152,
    0.5600238115351313,
    0.5600219512195121,
    0.5600310344827586,
    0.5600818181818182,
    0.5600210184344996,
    0.5699998401866619,
    0.5600210404411736,
    0.5699844478870356,
    0.5699939979297284,
    0.5699999965799997,
    0.5600409091432264,
    0.5600900000477708,
    0.5699540723583492,
    0.5699398081972621,
    0.56009,
    0.5600903871396787,
    0.5600902120846387,
    0.5699258082536836,
    0.5600410317841615,
    0.5600900110256901,
    0.5699470507684996,
    0.5699393766823188,
    0.5699272006767888,
    0.560090076001076,
    0.5698874349479639,
    0.5698315517809726,
    0.5600268963529826,
    0.5600692756579844,
    0.5600693811210402,
    0.5600692792651709,
    0.5600250152648895,
    0.5600001936001084,
    0.56015,
    0.5600818181818182,
    0.56018,
    0.560042906450281,
    0.56005,
    0.5699966487548004,
    0.5699507675779819,
    0.5698882618634695,
    0.5698713981910396,
    0.5698567596365361,
    0.5600428954233836,
    0.5600444525636341,
    0.5600500301758946,
    0.5601285714285714,
    0.5600500000249851,
    0.5698874391364972,
    0.5698874319601444,
    0.5699653643412761,
    0.5699653612935635,
    0.5600692309023672,
    0.560075,
    0.5699652816498278,
    0.5699162656039193,
    0.56007510405334,
    0.56007510405334,
    0.560075,
    0.5698998124188775,
    0.5698899908195105,
    0.5698712305659972,
    0.5698712986692965,
    0.560033355935529,
    0.5600333670861237,
    0.5600334877687098,
    0.5699780421615122,
    0.5699779727496755,
    0.5600204545454546,
    0.5699780450702499,
    0.5699891195740809,
    0.5600290322580646,
    0.5600818181818182,
    0.5699774573870519,
    0.5600219857817693,
    0.5601,
    0.560045,
    0.5601000710906837,
    0.5699842101217886,
    0.5600219620757704,
    0.569999999145,
    0.5500333333333334,
    0.5500409256490567,
    0.5500411037862729,
    0.5699999947384612,
    0.5699647440546699,
    0.5699868363317244,
    0.5699678961980037,
    0.5699921624782917,
    0.5500191489361702,
    0.5699677663824185,
    0.5500204568191117,
    0.5688149683867808,
    0.5619872317249737,
    0.5599999843599682,
    0.5599999999253333,
    0.559999998992,
    0.5599915881794097,
    0.5400000005702479,
    0.54,
    0.54,
    0.540000001164868,
    0.54,
    0.5400000013447434,
    0.55,
    0.5500692746353281,
    0.5599845909272855,
    0.5599780106825306,
    0.5599779877677014,
    0.5599779842138771,
    0.5599781235213077,
    0.5500692532508201,
    0.5599999950913072,
    0.5599763197213916,
    0.5500273050307288,
    0.5500272890395654,
    0.5599742755266998,
    0.5500273144689335,
    0.5500346153846154,
    0.5500257529139562,
    0.5500257212111411,
    0.5400195759322999,
    0.5499802007119824,
    0.5400000161796857,
    0.5400818181818182,
    0.549975234613947,
    0.549985,
    0.5400000104868411,
    0.550023076923077,
    0.54,
    0.54,
    0.55,
    0.54,
    0.559979834453379,
    0.5567246783333333,
    0.5499099825707175,
    0.5400750727005195,
    0.5400002259914973,
    0.5400750913500448,
    0.540075133401341,
    0.54,
    0.5400209352637089,
    0.54,
    0.54,
    0.5400000041948623,
    0.5400209321214063,
    0.5499999026547984,
    0.5499978785493048,
    0.5499999026547984,
    0.55,
    0.5400000699619931,
    0.5400000004088888,
    0.54,
    0.54,
    0.54,
    0.5400000043612231,
    0.54,
    0.54,
    0.54,
    0.5400000032688184,
    0.5400000526872418,
    0.5400000181728433,
    0.5400000181728433,
    0.540000059116482,
    0.5400000352862353,
    0.54,
    0.55,
    0.5499999112902654,
    0.5499999452191071,
    0.5534365531775738,
    0.5499999998166667,
    0.5499998933673241,
    0.5499999587499927,
    0.5499999559999947,
    0.5499999521739033,
    0.5400310572652217,
    0.54003112342806,
    0.5499999972499999,
    0.5400310920185443,
    0.5499997982624665,
    0.5400001006965455,
    0.5499999588014858,
    0.5499999931249997,
    0.5400000646875162,
    0.5400000807633755,
    0.55,
    0.5499999931677011,
    0.54,
    0.5400000053117788,
    0.5400000108076372,
    0.5400000268221636,
    0.549999950598792,
    0.5499999529914369,
    0.5499999972499999,
    0.5499999724999877,
    0.5499999572222161,
    0.55,
    0.54,
    0.5499999975877191,
    0.55,
    0.5499999957692304,
    0.5499999956578946,
    0.549999984722221,
    0.549999984722221,
    0.5499999109311524,
    0.55,
    0.5499999931249997,
    0.55,
    0.55,
    0.55,
    0.55,
    0.5499999921428567,
    0.55,
    0.5499811258262927,
    0.5499769009678495,
    0.5499999957692304,
    0.5499619257128353,
    0.54,
    0.54,
    0.54,
    0.54,
    0.5400375000904925,
    0.54,
    0.5400375350266713,
    0.549996691535394,
    0.5499780008652992,
    0.540034615423533,
    0.55,
    0.5400346820950244,
    0.5499652146653871,
    0.55,
    0.55,
    0.55,
    0.55,
    0.55,
    0.5500290322580645,
    0.5599999887999996,
    0.559999843199887,
    0.5599999793864975,
    0.5599999683764687,
    0.5599727087944748,
    0.5599999982769229,
    0.55,
    0.550032142880102,
    0.55,
    0.5599979860434234,
    0.5599678414158916,
    0.5599984840975314,
    0.5599699917144796,
    0.5500272727272727,
    0.55,
    0.55,
    0.5599999895466662,
    0.5599999816727262,
    0.55,
    0.55,
    0.5500002025001114,
    0.56,
    0.56,
    0.56,
    0.56,
    0.56,
    0.56,
    0.56,
    0.56,
    0.56,
    0.56,
    0.560030000027443,
    0.56,
    0.5600300000363444,
    0.56,
    0.56,
    0.56,
    0.56,
    0.56,
    0.56,
    0.57,
    0.57,
    0.57,
    0.57,
    0.57,
    0.57,
    0.57,
    0.57,
    0.57,
    0.57,
    0.57,
    0.57,
    0.57,
    0.5799598069947001,
    0.5700000104428576,
    0.5700000089583339,
    0.5700000115562505,
    0.5700000068800006,
    0.5700001720001032,
    0.5799994895994284,
    0.5799999911066666,
    0.570000002365,
    0.5700000215634271,
    0.579965380704187,
    0.5799999924837997,
    0.5799998259997042,
    0.5700000038968751,
    0.5799651788210213,
    0.5700000082928572,
    0.5700000168692314,
    0.5700000089583339,
    0.5799999013999182,
    0.5700000068800006,
    0.5799999860799989,
    0.57,
    0.5799999878151237,
    0.5799999990619351,
    0.5799999013999182,
    0.5799999542105149,
    0.5799999916878975,
    0.58,
    0.57,
    0.57,
    0.57,
    0.57,
    0.57,
    0.57,
    0.57,
    0.58,
    0.5799999980625405,
    0.5799999967133332,
    0.5799998259997042,
    0.5799999967133332,
    0.5699999498743636,
    0.5699994983994382,
    0.56,
    0.560000070400024,
    0.5600001936001084,
    0.5699994983994382,
    0.5699999598933845,
    0.5699998366241465,
    0.5699999912599999,
    0.5600000190270313,
    0.5600000359183791,
    0.5699999612164814,
    0.5699999822245291,
    0.5600000516266743,
    0.56,
    0.5699999997947712,
    0.5699999987175,
    0.5699999672727213,
    0.5600000079200003,
    0.5600000469333596,
    0.5600001218462138,
    0.5699998783998638,
    0.5600000921905007,
    0.57,
    0.56,
    0.560000046315809,
    0.5600000770000346,
    0.5699999968333316,
    0.57,
    0.5699999067272455,
    0.5699999279999712,
    0.5699998384999112,
    0.5600000631075858,
    0.5600000056320004,
    0.560000016133334,
    0.5699999647142711,
    0.5600000459130586,
    0.5699999324315779,
    0.5600000880000557,
    0.5600000921905007,
    0.5600000921905007,
    0.5600000921905007,
    0.5600000770000346,
    0.5600001508571989,
    0.5699999224799486,
    0.5699999950434762,
    0.5699999572499765,
    0.569999882647014,
    0.5600001190262069,
    0.5699999063570913,
    0.569999882647014,
    0.5699999555399857,
    0.569999999145,
    0.5699998232997013,
    0.5500001607143431,
    0.569999970972217,
    0.56,
    0.5600000199167133,
    0.5600001936001084,
    0.5699999059499214,
    0.5600001973832734,
    0.56,
    0.56,
    0.56,
    0.56,
    0.56,
    0.56,
    0.56,
    0.56,
    0.5599999906666661,
    0.5599999957999998,
    0.56,
    0.5599999816727262,
    0.5599999413953379,
    0.56,
    0.55,
    0.55,
    0.56,
    0.55,
    0.55,
    0.56,
    0.55,
    0.56,
    0.55,
    0.56,
    0.55,
    0.55,
    0.56,
    0.55,
    0.56,
    0.55,
    0.56,
    0.56,
    0.55,
    0.55,
    0.55,
    0.5599999253332935,
    0.55999985999986,
    0.5599999796363458,
    0.5599998319999104,
    0.550000120000048,
    0.5500000519231109,
    0.5599999483076573,
    0.5599999910399965,
    0.5500000519231109,
    0.55000003068183,
    0.5500000843750369,
    0.5500001431819028,
    0.5599998319999104,
    0.5500001065789782,
    0.550000120000048,
    0.550000120000048,
    0.55,
    0.5500000937500585,
    0.5500000535714477,
    0.5599999253332935,
    0.5599999253332935,
    0.5599999077646668,
    0.5599999346666471,
    0.5599999224615194,
    0.56,
    0.55,
    0.56,
    0.55,
    0.56,
    0.55,
    0.56,
    0.55,
    0.56,
    0.55,
    0.55,
    0.56,
    0.55,
    0.55,
    0.55,
    0.56,
    0.55,
    0.55,
    0.5500002025001114,
    0.56,
    0.55,
    0.5500002025001114,
    0.56,
    0.56,
    0.55,
    0.56,
    0.55,
    0.55,
    0.55,
    0.55,
    0.56,
    0.56,
    0.56,
    0.55,
    0.55,
    0.5500001714286694,
    0.5500002025001114,
    0.5500001426873449,
    0.55,
    0.5500001607143431,
    0.5500000843750369,
    0.5500000519231109,
    0.55999999755,
    0.55,
    0.5500000535714477,
    0.5599999253332935,
    0.5599999483076573,
    0.55,
    0.55,
    0.5500001799101528,
    0.5599999875555489,
    0.5599999796363458,
    0.56,
    0.5599998938947011,
    0.559999843199887,
    0.550000053430087,
    0.5599999919359998,
    0.5500002163462578,
    0.56,
    0.5599999671966478,
    0.55,
    0.56,
    0.5599999081966611,
    0.55,
    0.55,
    0.55,
    0.5500000787500255,
    0.5599999490908906,
    0.5500001251160451,
    0.55,
    0.5500000529412014,
    0.55,
    0.5500000535714477,
    0.5599999494193431,
    0.5599999483076573,
    0.5599999077646668,
    0.5599996639997816,
    0.56,
    0.55,
    0.55,
    0.55,
    0.5500002025001114,
    0.5500000655340347,
    0.559999843199887,
    0.5500000108985231,
    0.55,
    0.55,
    0.55,
    0.5669744121870233,
    0.5500000937500585,
    0.5599999747747703,
    0.55,
    0.559999870413146,
    0.55,
    0.55,
    0.56,
    0.55,
    0.55,
    0.55,
    0.56,
    0.56,
    0.56,
    0.55,
    0.55,
    0.56,
    0.56,
    0.55,
    0.55,
    0.56,
    0.55,
    0.55,
    0.55,
    0.5500000535714477,
    0.5500000843750369,
    0.5500001607143431,
    0.5500000937500585,
    0.55,
    0.5500000529412014,
    0.5599999875555489,
    0.5599996639997816,
    0.56,
    0.5599999253332935,
    0.5599996639997816,
    0.5599999483076573,
    0.5500001559406944,
    0.5599999859999975,
    0.5500000408858658,
    0.55,
    0.55,
    0.55,
    0.5674778740248845,
    0.55,
    0.55,
    0.55,
    0.5599998319999104,
    0.550000120000048,
    0.550000120000048,
    0.55,
    0.5500001065789782,
    0.5599999077646668,
    0.5500000535714477,
    0.5599999253332935,
    0.5500000937500585,
    0.5599999224615194,
    0.5599999346666471,
    0.5599999253332935,
    0.57,
    0.550000023316067,
    0.55,
    0.55,
    0.55,
    0.5699999334999635,
    0.57,
    0.5500000029549719,
    0.55,
    0.55,
    0.5677722184992292,
    0.55,
    0.55,
    0.55,
    0.57,
    0.5600363396101751,
    0.55,
    0.5500000047860802,
    0.56,
    0.55,
    0.55,
    0.55,
    0.5699999983157076,
    0.56,
    0.559935645371948,
    0.5500000283613546,
    0.5699999948648637,
    0.5699999059499214,
    0.5654761888605442,
    0.569999999145,
    0.55,
    0.55,
    0.559999963157885,
    0.5500000504201765,
    0.5500000398936277,
    0.55,
    0.55,
    0.5500000241646794,
    0.5607363534461604,
    0.5500000075440069,
    0.55,
    0.56,
    0.56,
    0.55,
    0.55,
    0.55,
    0.55,
    0.56,
    0.56,
    0.55,
    0.55,
    0.55,
    0.55,
    0.5500000162605557,
    0.55,
    0.55,
    0.5599999370786234,
    0.5664777838458458,
    0.57,
    0.5699998384999112,
    0.57,
    0.5699999279999712,
    0.5699998783998638,
    0.5699999572499765,
    0.57,
    0.55,
    0.55,
    0.56,
    0.56,
    0.5699999998062,
    0.55,
    0.55,
    0.5600792527596943,
    0.5699999736268591,
    0.5500000535714477,
    0.5500001607143431,
    0.5699999572499765,
    0.56,
    0.5500000346153953,
    0.56,
    0.5500000937500585,
    0.5500000529412014,
    0.56,
    0.5500001431819028,
    0.5699998783998638,
    0.57,
    0.5699999067272455,
    0.56,
    0.5699999647142711,
    0.5699999429999539,
    0.56,
    0.56,
    0.57,
    0.55,
    0.565,
    0.5500000020063694,
    0.55,
    0.5599999991088479,
    0.56,
    0.56,
    0.56,
    0.55,
    0.55,
    0.55,
    0.55,
    0.55,
    0.5500002423079347,
    0.55,
    0.55,
    0.55,
    0.5666145652988034,
    0.56,
    0.56,
    0.56,
    0.56,
    0.56,
    0.57,
    0.56,
    0.56,
    0.55,
    0.55,
    0.56,
    0.56,
    0.55,
    0.56,
    0.55,
    0.56,
    0.55,
    0.55,
    0.55,
    0.55,
    0.55,
    0.5500000088262493,
    0.55,
    0.56,
    0.5599999998217979,
    0.55,
    0.55,
    0.56,
    0.5599999998217979,
    0.5500000053677324,
    0.55,
    0.55,
    0.55,
    0.5599999868456368,
    0.55,
    0.55,
    0.550000120000048,
    0.5500000535714477,
    0.5599999346666471,
    0.5599998319999104,
    0.5500000110294125,
    0.5500000155940604,
    0.5500000085087617,
    0.55,
    0.55,
    0.5599999894339615,
    0.5500000168750036,
    0.5599999804271832,
    0.5599999844752465,
    0.5599999863652165,
    0.5599999871475402,
    0.5599999946239996,
    0.56,
    0.5500000117391312,
    0.55,
    0.5500000055785128,
    0.5599999966732672,
    0.5500000110837441,
    0.5599999890731698,
    0.55,
    0.55,
    0.5599999347572681,
    0.5500000525700997,
    0.5500000358565851,
    0.55,
    0.55,
    0.55,
    0.5500000540000152,
    0.5599999796363458,
    0.559999843199887,
    0.5599999796363458,
    0.559999952114007,
    0.5599999711340147,
    0.5599999341175902,
    0.5599999782524069,
    0.56,
    0.5599997981979074,
    0.559999843199887,
    0.5599999341175902,
    0.55,
    0.5599999796363458,
    0.5500000792253661,
    0.5599997981979074,
    0.55,
    0.55999999888,
    0.5599999993273274,
    0.5500002024750551,
    0.55,
    0.5500000104976686,
    0.5500001559406944,
    0.5599999436871408,
    0.5500001102941987,
    0.5500001559406944,
    0.5500001559406944,
    0.5500001102941987,
    0.5500001559406944,
    0.5500001559406944,
    0.5500001559406944,
    0.5500001431819028,
    0.55,
    0.5599999341175902,
    0.5599999341175902,
    0.559999889108823,
    0.559999889108823,
    0.5599999341175902,
    0.559999889108823,
    0.5599999341175902,
    0.559999889108823,
    0.5599999341175902,
    0.559999889108823,
    0.5500001559406944,
    0.5500001559406944,
    0.5500001559406944,
    0.5500001559406944,
    0.5500001559406944,
    0.55,
    0.5500008445069647,
    0.5500001559406944,
    0.56,
    0.559999843199887,
    0.559999843199887,
    0.5599999341175902,
    0.5599997981979074,
    0.5599999341175902,
    0.559999889108823,
    0.559999889108823,
    0.5500002025001114,
    0.559999843199887,
    0.55,
    0.55,
    0.559999889108823,
    0.55,
    0.55,
    0.5500000045000001,
    0.5500000016875001,
    0.55,
    0.559999889108823,
    0.559999843199887,
    0.5599999341175902,
    0.5599999782524069,
    0.559999889108823,
    0.5599999341175902,
    0.5599999615686206,
    0.5500001102941987,
    0.5500001559406944,
    0.5500001559406944,
    0.5500001559406944,
    0.5500001102941987,
    0.5500001559406944,
    0.5500003827466556,
    0.55,
    0.5500001559406944,
    0.5500001102941987,
    0.5500000180965189,
    0.5599999803999982,
    0.5599999571063772,
    0.56,
    0.55999999888,
    0.5599999796363458,
    0.559999999552,
    0.55,
    0.559999843199887,
    0.5500002025001114,
    0.5599999782524069,
    0.5500000180965189,
    0.5599999571063772,
    0.5599999341175902,
    0.559999889108823,
    0.559999889108823,
    0.5599999341175902,
    0.5500000841122125,
    0.559999889108823,
    0.5599999341175902,
    0.559999889108823,
    0.559999889108823,
    0.559999889108823,
    0.5599999782524069,
    0.5500001102941987,
    0.5500001559406944,
    0.5500001559406944,
    0.5500001559406944,
    0.5500001559406944,
    0.5500001559406944,
    0.5500001559406944,
    0.5500001559406944,
    0.5500001102941987,
    0.5599999346666471,
    0.5500001991151323,
    0.5599999462399944,
    0.559999889108823,
    0.559999889108823,
    0.5599999341175902,
    0.559999889108823,
    0.559999889108823,
    0.559999889108823,
    0.5599999341175902,
    0.559999889108823,
    0.559999889108823,
    0.55999999888,
    0.5500003926711851,
    0.55,
    0.5500001559406944,
    0.5500001559406944,
    0.5500001559406944,
    0.5500001559406944,
    0.5500001102941987,
    0.5500001102941987,
    0.5500001559406944,
    0.56,
    0.5599999968639999,
    0.56,
    0.55,
    0.55,
    0.55,
    0.5500000470149345,
    0.5599999956923075,
    0.5599999775999964,
    0.5599999919359998,
    0.5500000787500255,
    0.55,
    0.5500000579044256,
    0.56,
    0.56,
    0.5500000723214428,
    0.56,
    0.5699999872980469,
    0.5699999334999635,
    0.5699999980358373,
    0.5699999929774113,
    0.5600000820071825,
    0.5600000061196106,
    0.5701064673695029,
    0.5799999514135912,
    0.5701064672577598,
    0.5700155327741535,
    0.5799999934389136,
    0.5700485751295337,
    0.5775244211744616,
    0.56,
    0.5699999024323612,
    0.5699999224799486,
    0.5699999776956483,
    0.5600000196100324,
    0.57,
    0.5700000825446638,
    0.5799999681707237,
    0.57,
    0.57,
    0.5600000631075858,
    0.5600000343750108,
    0.5600001936001084,
    0.5699999786630967,
    0.56,
    0.5699999930909071,
    0.5600000421917912,
    0.5600000295798424,
    0.569999928977622,
    0.5600000141428579,
    0.57,
    0.5699999540702422,
    0.56000002334218,
    0.5699999846292104,
    0.5600000105600008,
    0.5699999334999635,
    0.5600000355043301,
    0.5600000410495708,
    0.5699999518666493,
    0.5600000152533339,
    0.560000062653733,
    0.576696223485719,
    0.5600000009643836,
    0.5699999410344744,
    0.56,
    0.5600000310132274,
    0.5699919751463368,
    0.56,
    0.5799999697719787,
    0.5600000782222431,
    0.5701182382500739,
    0.5799999953599991,
    0.5799999542105149,
    0.5600000470903117,
    0.57,
    0.56,
    0.5699999448854735,
    0.5699999656626423,
    0.5600000475675808,
    0.5600000454193648,
    0.5699999495822893,
    0.56,
    0.57,
    0.56,
    0.56,
    0.56,
    0.57,
    0.5600000385753496,
    0.5699999500208603,
    0.579869802534712,
    0.5600000562300427,
    0.5699999901912028,
    0.56000002334218,
    0.5600000746289889,
    0.5600000474509869,
    0.5699999850303004,
    0.5699999492991685,
    0.5600000788965648,
    0.5699999924999981,
    0.5699999463949725,
    0.56,
    0.5600000282731019,
    0.5699999672727213,
    0.560000089027254,
    0.560000089027254,
    0.5600000508303374,
    0.5600019642988681,
    0.56,
    0.5699999949258145,
    0.5699999371900722,
    0.5699999691529356,
    0.5600000273291993,
    0.5699999432701209,
    0.5699999699009818,
    0.5600000438174412,
    0.569999989177212,
    0.5600000745762902,
    0.5699999724193473,
    0.569999958051942,
    0.56,
    0.5600000586666751,
    0.5600000529323443,
    0.5699999314040001,
    0.56,
    0.5699999836475381,
    0.569999970972217,
    0.5699999745409378,
    0.5699999431775403,
    0.5699999520201899,
    0.5699999496132502,
    0.5699999937132342,
    0.56,
    0.56,
    0.56,
    0.5999891265578059,
    0.5999891789647932,
    0.5998692524172898,
    0.5700000509478854,
    0.6,
    0.5898901334273874,
    0.5898901156598181,
    0.5898900951746581,
    0.57,
    0.5800863932217395,
    0.589999938358197,
    0.57,
    0.5601037806041659,
    0.5999549973733969,
    0.54,
    0.54,
    0.54,
    0.54,
    0.5500578795263169,
    0.5500578795530823,
    0.6099330409327784,
    0.5500578795711693,
    0.6099330017043795,
    0.609899683706839,
    0.5500322580794659,
    0.5599999906666661,
    0.550032258088548,
    0.5400002392001149,
    0.5500847770113103,
    0.550084777128382,
    0.5500847770307966,
    0.609979261573524,
    0.6669936047530861,
    0.4600000345600047,
    0.5499999559999947,
    0.4600000345600047
]
