[
    0.001,
    0.001,
    0.001,
    0.001,
    0.001,
    0.001,
    0.001,
    0.001,
    0.002,
    0.002,
    0.002,
    0.003,
    0.003,
    0.0030000000011255108,
    0.004,
    0.005,
    0.005,
    0.005,
    0.006,
    0.007,
    0.008,
    0.0289999723629987,
    0.006,
    0.005,
    0.006,
    0.020728914449759363,
    0.01,
    0.01,
    0.01,
    0.01,
    0.01,
    0.01,
    0.01,
    0.01,
    0.01,
    0.01,
    0.02,
    0.02,
    0.021,
    0.02,
    0.02,
    0.02,
    0.02,
    0.02,
    0.02,
    0.02,
    0.02,
    0.02,
    0.02,
    0.02,
    0.03,
    0.03,
    0.03,
    0.04,
    0.04,
    0.05,
    0.05,
    0.05,
    0.06999999390999992,
    0.06,
    0.06,
    0.04,
    0.05,
    0.05,
    0.06,
    0.04,
    0.05,
    0.09,
    0.1,
    0.1,
    0.13999988239998118,
    0.13,
    0.14,
    0.12666666666666668,
    0.1,
    0.1,
    0.08,
    0.08,
    0.09485297434317316,
    0.09,
    0.09,
    0.09,
    0.09,
    0.09,
    0.08,
    0.08,
    0.08,
    0.09,
    0.08,
    0.08,
    0.08,
    0.08,
    0.08,
    0.08,
    0.08,
    0.08,
    0.08,
    0.08,
    0.08,
    0.08,
    0.07,
    0.07,
    0.05,
    0.07000000067131859,
    0.07,
    0.07,
    0.04,
    0.05,
    0.06,
    0.06,
    0.05,
    0.05,
    0.03,
    0.04,
    0.030000000295146902,
    0.03,
    0.05,
    0.07964978601778641,
    0.04,
    0.06,
    0.05,
    0.05,
    0.05,
    0.05,
    0.05,
    0.05999999662499998,
    0.09,
    0.10999998151999942,
    0.1,
    0.1299999789399992,
    0.12,
    0.1,
    0.1,
    0.11,
    0.1,
    0.16,
    0.16,
    0.16,
    0.16,
    0.16,
    0.16,
    0.17,
    0.2,
    0.2,
    0.27,
    0.280000006868045,
    0.28000001160354626,
    0.28,
    0.31,
    0.2200000002888889,
    0.2861411896700692,
    0.21,
    0.18,
    0.19,
    0.18,
    0.17000000023055556,
    0.23,
    0.23,
    0.23,
    0.23,
    0.25,
    0.25,
    0.2750623284113675,
    0.25,
    0.24,
    0.23000000008895458,
    0.25,
    0.24000000050666667,
    0.24000000152000003,
    0.2400000002969185,
    0.24000000038000002,
    0.25,
    0.25,
    0.25,
    0.24,
    0.25,
    0.25,
    0.25,
    0.24000000456000042,
    0.24000009120017146,
    0.24,
    0.24,
    0.25,
    0.24,
    0.25,
    0.25,
    0.2400000070153851,
    0.230000000462,
    0.24,
    0.24,
    0.23,
    0.2399998559999424,
    0.25,
    0.23,
    0.23999990399998192,
    0.22638519104315863,
    0.21,
    0.2,
    0.20929040089576292,
    0.18000000123000012,
    0.18,
    0.18,
    0.18,
    0.18,
    0.18,
    0.18,
    0.22,
    0.23999991839998694,
    0.25,
    0.25,
    0.25,
    0.25,
    0.25,
    0.2699999162999841,
    0.25705119165138907,
    0.27,
    0.26,
    0.27,
    0.27,
    0.27,
    0.2699999369999937,
    0.27,
    0.27,
    0.2700000001377012,
    0.27,
    0.28,
    0.28,
    0.28,
    0.27,
    0.27,
    0.27,
    0.26,
    0.25,
    0.27,
    0.25,
    0.26,
    0.26,
    0.27,
    0.27,
    0.27,
    0.27,
    0.26,
    0.3,
    0.3000000010269953,
    0.29,
    0.30999996217999704,
    0.3,
    0.3,
    0.3,
    0.3,
    0.3,
    0.3,
    0.3,
    0.3000000070000006,
    0.3,
    0.3,
    0.3,
    0.3,
    0.3,
    0.3,
    0.3,
    0.3,
    0.31,
    0.31,
    0.31,
    0.31000000317400006,
    0.3,
    0.3,
    0.3,
    0.3,
    0.3,
    0.29,
    0.29,
    0.29,
    0.29,
    0.29,
    0.3,
    0.29,
    0.27,
    0.27,
    0.28,
    0.26,
    0.259999996568,
    0.25,
    0.25999996463999775,
    0.25,
    0.25,
    0.25,
    0.25,
    0.25,
    0.26,
    0.25,
    0.27,
    0.25,
    0.22873417721518988,
    0.19555555555555557,
    0.17000000258222267,
    0.16,
    0.1799999087999854,
    0.15,
    0.16,
    0.13,
    0.13,
    0.12000001408000541,
    0.14,
    0.19047619047619047,
    0.15,
    0.15,
    0.16,
    0.19,
    0.18,
    0.18,
    0.20999999756249998,
    0.18034903850652692,
    0.14,
    0.17,
    0.14334476126766452,
    0.12,
    0.12,
    0.15,
    0.13,
    0.12000000352000104,
    0.13,
    0.13,
    0.11,
    0.1,
    0.1,
    0.1,
    0.1,
    0.1,
    0.1,
    0.1,
    0.1,
    0.11,
    0.11,
    0.11,
    0.10999999376666661,
    0.1,
    0.11,
    0.1,
    0.1,
    0.0800000002197015,
    0.1,
    0.1100000053400005,
    0.13999994259999485,
    0.14,
    0.1376470588235294,
    0.11,
    0.11,
    0.11,
    0.11,
    0.15,
    0.16003405945010576,
    0.17999999648999998,
    0.15000000034,
    0.17003725249269516,
    0.2,
    0.19419643940828346,
    0.16,
    0.16,
    0.17000000066953194,
    0.18,
    0.20478481246576058,
    0.2180094779032367,
    0.16,
    0.15000000313653206,
    0.17,
    0.17,
    0.17,
    0.13,
    0.19,
    0.180000000041469,
    0.21,
    0.21,
    0.19,
    0.19000000347546267,
    0.2,
    0.2,
    0.2,
    0.20065737253527036,
    0.18999370835984944,
    0.17,
    0.17000003446132922,
    0.18,
    0.18995493127047242,
    0.1700000012602012,
    0.18,
    0.18,
    0.18,
    0.18,
    0.17,
    0.17,
    0.17,
    0.17,
    0.17,
    0.17,
    0.17,
    0.17,
    0.18000980304060843,
    0.17000000265600052,
    0.1798976109215017,
    0.18,
    0.18,
    0.1700000059712294,
    0.18,
    0.18,
    0.18,
    0.17,
    0.17,
    0.1800090018884013,
    0.18,
    0.180045,
    0.17,
    0.17,
    0.18,
    0.18,
    0.17000000011812202,
    0.19,
    0.1800090040027012,
    0.18,
    0.18,
    0.18,
    0.18,
    0.18,
    0.18,
    0.18,
    0.18,
    0.18,
    0.18,
    0.18,
    0.18,
    0.19,
    0.19,
    0.19,
    0.19,
    0.19,
    0.2,
    0.19,
    0.19,
    0.189991,
    0.19,
    0.19,
    0.1921773746125363,
    0.17,
    0.18,
    0.18,
    0.18,
    0.18,
    0.180044382656129,
    0.18,
    0.18,
    0.1899590905466656,
    0.18,
    0.18,
    0.18,
    0.18,
    0.18,
    0.18000000286165863,
    0.18,
    0.18,
    0.18,
    0.18,
    0.18,
    0.18,
    0.18,
    0.18,
    0.18,
    0.1899589498298916,
    0.18,
    0.18,
    0.18,
    0.18,
    0.18,
    0.18,
    0.18000000008100164,
    0.18001154492811136,
    0.18000000194493265,
    0.1800409336226256,
    0.18001154485857548,
    0.18004091335151703,
    0.18,
    0.18000900205266698,
    0.1800000013498919,
    0.180009,
    0.18999923500993957,
    0.18999099864146285,
    0.1880408477942075,
    0.1700090034292574,
    0.17000001212750374,
    0.18,
    0.170009,
    0.17000900270575017,
    0.18,
    0.17000900854105236,
    0.17,
    0.17000900324396945,
    0.19,
    0.17000900943540453,
    0.170009,
    0.18007716463286974,
    0.17999998703999964,
    0.17000900379539066,
    0.17999993178946364,
    0.17999993178946364,
    0.17000901490534348,
    0.17000901490534348,
    0.18003788385273378,
    0.18,
    0.19,
    0.1700090469194824,
    0.18992524038800349,
    0.18998464423306807,
    0.17000901490534348,
    0.17000901490534348,
    0.18,
    0.18,
    0.17000901490534348,
    0.17000901490534348,
    0.17002404524300335,
    0.17999074004211002,
    0.17000978817095103,
    0.17009507663312523,
    0.1700726396728709,
    0.17009504167064532,
    0.18996768079038734,
    0.1700322752408223,
    0.18,
    0.1799714246808379,
    0.17964679838512929,
    0.17003693508513196,
    0.17002409942497176,
    0.18009361677101876,
    0.17003693851500412,
    0.18346367005899267,
    0.17002409699740417,
    0.17002410570736878,
    0.17002413158457155,
    0.17000900639444663,
    0.17000900528902185,
    0.17995581681324951,
    0.17000949754954697,
    0.18009828669858477,
    0.17000953986531284,
    0.1800098319439308,
    0.17000001274962165,
    0.1799998703999637,
    0.18,
    0.17000000525316675,
    0.17000001106667637,
    0.1700000055039802,
    0.18,
    0.1799998703999637,
    0.17,
    0.1700000033200013,
    0.17,
    0.16005117478626404,
    0.16005216093507774,
    0.17,
    0.17,
    0.16999812723474542,
    0.1699879900475824,
    0.16008482563619228,
    0.16005211406922587,
    0.16005212808248162,
    0.16999988609996242,
    0.16005220359719868,
    0.1699774827295978,
    0.16005114213244226,
    0.17,
    0.17,
    0.16999914285714285,
    0.16005099087687957,
    0.16998686085497267,
    0.16005097113971725,
    0.16999094032830536,
    0.16000900871278928,
    0.16000900474849283,
    0.16000900474849283,
    0.1600090007044125,
    0.16999086978125383,
    0.16000900238043714,
    0.1699942443816062,
    0.1600090295453898,
    0.16007320981309173,
    0.16007557687061613,
    0.16000900071301483,
    0.16992700382144363,
    0.16007294265454516,
    0.1699909958070711,
    0.16999087164636978,
    0.16000900094675186,
    0.1699881375473349,
    0.1600152959778125,
    0.1600153006590817,
    0.16001533820901548,
    0.1600260177352718,
    0.16001530641198533,
    0.16002606196451516,
    0.16002601634519376,
    0.1600260761321442,
    0.16996100125463523,
    0.16002603104805957,
    0.16000989251642211,
    0.16003128376802486,
    0.16992142663311058,
    0.16003133084702484,
    0.16003127373438056,
    0.1600312932113659,
    0.16003129087006832,
    0.16004637701162205,
    0.16003128787387802,
    0.16004639068423318,
    0.16004663073806522,
    0.16005634167711152,
    0.16007881756747241,
    0.16005633773110567,
    0.16007866711070554,
    0.16007861473579377,
    0.1600563301621996,
    0.1600563606470543,
    0.1600563328504588,
    0.16004637417505851,
    0.16007366107717336,
    0.16007362261005115,
    0.16996938204933282,
    0.1699945960984495,
    0.1600736196576665,
    0.1600736184197916,
    0.16007545685999092,
    0.16007545329323114,
    0.16998420948368612,
    0.16007549249022746,
    0.16007549249022746,
    0.1699353569171708,
    0.16003059239477968,
    0.16002797772000962,
    0.16003059415491788,
    0.1600306182757914,
    0.16998085199315507,
    0.16003061378557507,
    0.16997498945198825,
    0.16003059195451827,
    0.16997210349290703,
    0.1600279207835963,
    0.1600279207835963,
    0.169990976542913,
    0.16,
    0.16,
    0.16,
    0.16,
    0.16,
    0.16004460457444164,
    0.16,
    0.1600112675194073,
    0.16,
    0.16001128945955911,
    0.16001128945955911,
    0.16001276223010544,
    0.16005022799479526,
    0.16000000023505906,
    0.1600502290967582,
    0.1600502290967582,
    0.16005022766912136,
    0.1600502290967582,
    0.1600502290967582,
    0.1600502290967582,
    0.1600502290967582,
    0.16000906140472315,
    0.16,
    0.16007753305975014,
    0.1600090797190116,
    0.16007760890654593,
    0.16007760890654593,
    0.16007760890654593,
    0.16007760890654593,
    0.16007760890654593,
    0.16000907190429142,
    0.16999912195121952,
    0.1600091279388428,
    0.1600855513307985,
    0.16000900532309845,
    0.1600090719432591,
    0.16000900474849283,
    0.16999086978125383,
    0.1600090159332821,
    0.169991,
    0.16000900474849283,
    0.16999086978125383,
    0.16000900471067328,
    0.16000907478151244,
    0.16000902047617824,
    0.16000900474849283,
    0.16,
    0.16,
    0.16,
    0.16000900071002133,
    0.16,
    0.16,
    0.16,
    0.1600090719432591,
    0.16,
    0.16,
    0.16,
    0.16001506036020013,
    0.16001944363984416,
    0.16001945402726084,
    0.16998940466040127,
    0.16001944489649414,
    0.16999519932399737,
    0.16996441976722765,
    0.16001510434326932,
    0.16001508617431084,
    0.1600150973487801,
    0.1699160885549166,
    0.16,
    0.16,
    0.16,
    0.16,
    0.16007559032505378,
    0.16000945095464417,
    0.16008381011049075,
    0.16007557086705643,
    0.16000946483169315,
    0.16001153685424932,
    0.16999055015831932,
    0.16999043632848848,
    0.16999049242700476,
    0.16004102820636812,
    0.16001153140501737,
    0.1699999758599986,
    0.160041032016102,
    0.16999986596151526,
    0.17,
    0.16999071380568892,
    0.16998572283635122,
    0.16,
    0.16014219920938302,
    0.16999032864796873,
    0.16,
    0.16000000336000167,
    0.16,
    0.17001449372400784,
    0.1799998703999637,
    0.16,
    0.16,
    0.16,
    0.16,
    0.16,
    0.16,
    0.16,
    0.16972046828358375,
    0.169720468194395,
    0.17,
    0.17,
    0.17,
    0.17,
    0.17,
    0.17,
    0.17,
    0.1700000033200013,
    0.17000010375008678,
    0.17000000136289042,
    0.18,
    0.18,
    0.18,
    0.18,
    0.18,
    0.18,
    0.18,
    0.18,
    0.18,
    0.18,
    0.18,
    0.18,
    0.18,
    0.18,
    0.18,
    0.18,
    0.18,
    0.18000001640001606,
    0.18000001640001606,
    0.18000002779665633,
    0.18000003755732186,
    0.18000001640001606,
    0.18000001640001606,
    0.18,
    0.18,
    0.18,
    0.18,
    0.18000000222505644,
    0.18000001640001606,
    0.18999987839995622,
    0.18999998802999957,
    0.18,
    0.19,
    0.1800000981198141,
    0.1899999899153844,
    0.18000001640001606,
    0.18000001640001606,
    0.18000001640001606,
    0.19,
    0.18999987839995622,
    0.18000000877006042,
    0.18000001640001606,
    0.18,
    0.18000000378415007,
    0.18000001640001606,
    0.18000001640001606,
    0.19,
    0.18999987839995622,
    0.18999987839995622,
    0.18000001640001606,
    0.18000001640001606,
    0.19,
    0.18999997263999846,
    0.18000001640001606,
    0.18000001789091194,
    0.18000001640001606,
    0.18000000546666753,
    0.1800000017826089,
    0.18000000702857338,
    0.18000000702857338,
    0.18,
    0.18000000098400004,
    0.18999987839995622,
    0.18999998311111074,
    0.19,
    0.18999997263999846,
    0.18999997263999846,
    0.18000001640001606,
    0.18999987839995622,
    0.19,
    0.19,
    0.19,
    0.19,
    0.19,
    0.18999987839995622,
    0.19,
    0.19,
    0.19,
    0.19,
    0.18999987509255906,
    0.1800000032156869,
    0.19,
    0.19,
    0.2,
    0.2,
    0.2,
    0.2,
    0.2,
    0.2099998618918583,
    0.19985096145181927,
    0.199851002173627,
    0.19985096151684334,
    0.20999998613999954,
    0.2,
    0.2,
    0.2,
    0.2,
    0.2,
    0.2,
    0.2,
    0.2,
    0.2,
    0.2,
    0.2,
    0.21,
    0.2,
    0.2,
    0.19,
    0.19,
    0.19,
    0.2,
    0.2,
    0.2,
    0.2,
    0.2,
    0.2,
    0.21002968778893558,
    0.21002969404157165,
    0.21002968961530133,
    0.2,
    0.20975016880486158,
    0.21005584408415895,
    0.21999999361999986,
    0.2,
    0.22999982749995687,
    0.21,
    0.21,
    0.21985009666874508,
    0.21985009653953846,
    0.2198997192010694,
    0.21,
    0.21989971863058694,
    0.21,
    0.2198997190201071,
    0.21,
    0.21000000790002363,
    0.21987871437234688,
    0.20976387883365458,
    0.20976387934846674,
    0.22,
    0.1900000145800012,
    0.19000000661683747,
    0.21,
    0.21,
    0.21,
    0.21,
    0.209997,
    0.16982106409045103,
    0.16982106493579352,
    0.16982106382685597,
    0.16,
    0.17,
    0.17000003820085105,
    0.1800438660986523,
    0.1800438975109359,
    0.17000003612592776,
    0.19007785116776751,
    0.19007733795673934,
    0.19007726300784034,
    0.19007731035475292,
    0.18,
    0.19,
    0.20533952718486778,
    0.17000009130017255,
    0.18976972281449894,
    0.189905906349239,
    0.18002166674516937,
    0.18990590674217547,
    0.18002161180423185,
    0.17,
    0.17,
    0.1899456318638893,
    0.18994563233588307,
    0.18011336719131274,
    0.1801133152173913,
    0.1700000074774909,
    0.1700000415000325,
    0.17000009130017255,
    0.17000009130017255,
    0.18001603811660316,
    0.18001602969947098,
    0.170000014821468,
    0.17000002203547565,
    0.20335172787119202,
    0.16,
    0.15000003863650238,
    0.1500000850003315,
    0.1500000850003315,
    0.15000000425000104,
    0.1600092324236664,
    0.16000923721896917,
    0.15,
    0.16002198676078258,
    0.16002187339501683,
    0.16002187438571147,
    0.1500000850003315,
    0.15,
    0.17009161587035077,
    0.17009164817493372,
    0.17009161413977197,
    0.1698872950819672,
    0.16985665750552417,
    0.17998193160485199,
    0.1400000860004214,
    0.15,
    0.15,
    0.15002637320518175,
    0.16993405719461413,
    0.1699340562322286,
    0.15002633971144644,
    0.1698706099815157,
    0.16972798832857502,
    0.16972798817703028,
    0.16972798765657873,
    0.14,
    0.15,
    0.14,
    0.1697047958988326,
    0.16970479656194243,
    0.1697588503649635,
    0.16975885039757319,
    0.15,
    0.18,
    0.19964590940169802,
    0.19990576295759332,
    0.14,
    0.15000434007650426,
    0.1999402475154608,
    0.14,
    0.27999989879515635,
    0.21982530890498508,
    0.14,
    0.21983072824156305,
    0.15,
    0.15,
    0.1798399010734688,
    0.18003888336832427,
    0.19983870961632358,
    0.14,
    0.1500244946091368,
    0.15002447779421427,
    0.19966491454226784,
    0.21007109205029448,
    0.2100270610383435,
    0.21001537863216202,
    0.21,
    0.21000000790002363,
    0.21,
    0.2200787650170501,
    0.23003801269354257,
    0.22007877252426405,
    0.22007874316666087,
    0.22001092314374784,
    0.22001096487724897,
    0.2499136069114471,
    0.26992821645499726,
    0.21,
    0.27,
    0.28016189220280013,
    0.280072,
    0.2800656064331214,
    0.2800131943719258,
    0.2801619637201267,
    0.2801619637201267,
    0.2801619637201267,
    0.2801295193559162,
    0.289962876049267,
    0.28005036051505233,
    0.28001082307900443,
    0.28016483516483515,
    0.2801241536556882,
    0.2800099009001394,
    0.28000900556874736,
    0.28004532341127075,
    0.2800090329251133,
    0.28000901372510756,
    0.2800090360553026,
    0.28981985724441056,
    0.28981985692500906,
    0.2898198572509682,
    0.2800772112307876,
    0.28007723028527903,
    0.28007719964525557,
    0.26999985419993294,
    0.13000000174000104,
    0.13000000870001732,
    0.13000000870001732,
    0.15000001465517973,
    0.15,
    0.12,
    0.1595121949593494,
    0.2700094012955672,
    0.28,
    0.149991,
    0.30000959468535515,
    0.3000094009266592,
    0.07000900239106896,
    0.06000000940000696,
    0.030000001940002324
]
