[
    0.001012827870106041,
    0.001,
    0.001,
    0.001,
    0.001,
    0.001,
    0.002,
    0.001,
    0.001,
    0.001,
    0.001,
    0.002,
    0.002,
    0.001,
    0.002,
    0.002,
    0.0037105,
    0.003,
    0.004,
    0.008,
    0.004,
    0.01,
    0.01,
    0.02,
    0.01,
    0.004,
    0.01,
    0.008,
    0.009,
    0.005,
    0.009,
    0.005,
    0.006,
    0.009,
    0.009,
    0.007,
    0.007,
    0.01,
    0.011,
    0.012,
    0.01,
    0.01,
    0.013000000394800789,
    0.017,
    0.038999981474999536,
    0.02,
    0.029999971199998848,
    0.029999971199998848,
    0.021,
    0.021,
    0.02,
    0.02,
    0.02,
    0.02,
    0.021,
    0.02,
    0.021,
    0.021,
    0.05,
    0.08,
    0.08,
    0.09,
    0.09,
    0.08,
    0.0698,
    0.04,
    0.057011967090501124,
    0.041,
    0.05,
    0.041,
    0.04100002781158324,
    0.06899999368649995,
    0.04100002781158324,
    0.05499320611789084,
    0.03,
    0.02553,
    0.025,
    0.025,
    0.025,
    0.011000000989013055,
    0.011000009890316392,
    0.025,
    0.01914203829535718,
    0.009000000015135552,
    0.018258638470735805,
    0.017898574754987455,
    0.009,
    0.017941850905438206,
    0.008,
    0.007000000088661466,
    0.007000000011005113,
    0.007,
    0.008,
    0.008,
    0.007000000156050296,
    0.009,
    0.009,
    0.01,
    0.01,
    0.009,
    0.02,
    0.011,
    0.019933962264150944,
    0.017,
    0.011000000231888952,
    0.01,
    0.013,
    0.01,
    0.012,
    0.011,
    0.014,
    0.015,
    0.014,
    0.016,
    0.016,
    0.016,
    0.02,
    0.02,
    0.02,
    0.02,
    0.02,
    0.021,
    0.02,
    0.019,
    0.013,
    0.015,
    0.013000000111263505,
    0.021,
    0.014,
    0.022,
    0.021,
    0.027860696519630704,
    0.021000000391601097,
    0.027,
    0.02682750352755286,
    0.015,
    0.014000000010299623,
    0.015,
    0.015,
    0.02006127787848846,
    0.02,
    0.014000000073857679,
    0.015,
    0.02,
    0.01893939393939394,
    0.015,
    0.019,
    0.018999981702999325,
    0.013,
    0.02,
    0.02,
    0.02,
    0.02,
    0.02,
    0.023000000019166668,
    0.025,
    0.026,
    0.025633802824122198,
    0.02,
    0.021,
    0.026,
    0.0260000000416,
    0.0270000001728,
    0.016000000024139833,
    0.026,
    0.026,
    0.0260000000416,
    0.015,
    0.021967213114754098,
    0.02,
    0.02,
    0.02,
    0.01985430428231125,
    0.015,
    0.015,
    0.015,
    0.014999985374999634,
    0.026346843333424047,
    0.025,
    0.025,
    0.02,
    0.02,
    0.021035035957363037,
    0.02,
    0.02,
    0.02,
    0.02,
    0.01,
    0.02,
    0.02,
    0.02,
    0.02,
    0.01,
    0.02,
    0.02,
    0.02,
    0.02,
    0.02,
    0.021,
    0.03,
    0.03,
    0.03,
    0.03,
    0.03,
    0.03,
    0.03,
    0.02,
    0.02,
    0.02,
    0.02,
    0.01,
    0.01,
    0.01,
    0.02,
    0.02,
    0.02,
    0.02,
    0.01,
    0.01,
    0.01,
    0.02,
    0.02,
    0.02,
    0.02,
    0.02,
    0.02,
    0.02,
    0.02,
    0.02,
    0.02,
    0.03,
    0.03,
    0.02,
    0.04,
    0.04,
    0.04,
    0.04,
    0.05,
    0.04,
    0.048923200360074755,
    0.04,
    0.06999999612048191,
    0.03,
    0.02,
    0.02,
    0.03,
    0.03,
    0.02,
    0.01,
    0.04,
    0.01,
    0.03,
    0.0599999459999946,
    0.03,
    0.03,
    0.04,
    0.05,
    0.04,
    0.04,
    0.06,
    0.05,
    0.03000000220600417,
    0.05,
    0.06,
    0.06,
    0.06999999575333331,
    0.06999993629999426,
    0.06,
    0.06,
    0.06999999575333331,
    0.06000000078333354,
    0.06,
    0.07,
    0.08,
    0.08999999641001853,
    0.08999999189999992,
    0.09523809523809523,
    0.08,
    0.09,
    0.09,
    0.09,
    0.09,
    0.09,
    0.09,
    0.09,
    0.09,
    0.09,
    0.09,
    0.09,
    0.1,
    0.1,
    0.1,
    0.1,
    0.1,
    0.10489813220332228,
    0.1,
    0.1,
    0.09,
    0.09,
    0.08,
    0.08,
    0.09,
    0.09,
    0.08999999919,
    0.0899999189999919,
    0.09,
    0.09,
    0.1,
    0.09,
    0.09,
    0.08,
    0.09,
    0.09,
    0.09,
    0.09,
    0.09,
    0.08,
    0.09,
    0.1,
    0.09,
    0.09,
    0.09,
    0.09,
    0.09,
    0.1,
    0.1,
    0.090000000243037,
    0.1,
    0.1,
    0.09,
    0.09,
    0.1,
    0.09,
    0.09,
    0.09,
    0.09,
    0.09,
    0.09,
    0.1,
    0.1,
    0.1,
    0.1,
    0.1,
    0.1,
    0.1,
    0.1,
    0.1,
    0.1,
    0.1,
    0.1,
    0.1,
    0.1,
    0.1,
    0.1,
    0.1,
    0.1,
    0.1,
    0.1,
    0.11,
    0.1,
    0.1,
    0.1,
    0.1,
    0.11,
    0.11,
    0.11,
    0.11,
    0.11,
    0.11,
    0.11,
    0.11,
    0.1,
    0.1,
    0.1,
    0.1,
    0.1,
    0.1,
    0.1,
    0.1,
    0.1,
    0.11,
    0.11,
    0.11,
    0.11,
    0.11,
    0.11,
    0.11,
    0.11,
    0.11,
    0.11,
    0.11,
    0.11,
    0.11,
    0.11,
    0.11999999807999999,
    0.1,
    0.11,
    0.11,
    0.11,
    0.11,
    0.11,
    0.11,
    0.11,
    0.11,
    0.11,
    0.11,
    0.11,
    0.11,
    0.11,
    0.11,
    0.11,
    0.11,
    0.11,
    0.12,
    0.11,
    0.11,
    0.11,
    0.11,
    0.11,
    0.12,
    0.11,
    0.11,
    0.11,
    0.11,
    0.12,
    0.12,
    0.12,
    0.12,
    0.12,
    0.12,
    0.12,
    0.12,
    0.12,
    0.12,
    0.13,
    0.13,
    0.13,
    0.13,
    0.13000000696000133,
    0.13999988239998118,
    0.13999998835643546,
    0.14,
    0.13000000174000104,
    0.13000000174000104,
    0.13,
    0.12999989859997768,
    0.13,
    0.13,
    0.13,
    0.1299999789399992,
    0.12000000014146205,
    0.12,
    0.12999990009257686,
    0.12,
    0.12000000140800039,
    0.13198034419862067,
    0.1299999627333316,
    0.12000000095173721,
    0.13,
    0.13000002027973873,
    0.13000001657143614,
    0.13999988239998118,
    0.13,
    0.139999990220588,
    0.13000000010476878,
    0.12,
    0.13803400060626111,
    0.12000000035870785,
    0.1299999951760228,
    0.12999999024999975,
    0.12000000016761905,
    0.1299999984964739,
    0.12000000014666667,
    0.13,
    0.12999999289333325,
    0.12999999024999975,
    0.12,
    0.12,
    0.12999989859997768,
    0.12999989859997768,
    0.12,
    0.12999989859997768,
    0.12000000070512823,
    0.12999989352379532,
    0.13,
    0.13,
    0.12000001408000541,
    0.13,
    0.13,
    0.12000000054153849,
    0.1299999627333316,
    0.12000000117333337,
    0.13,
    0.13999990812498853,
    0.13996161761901985,
    0.12,
    0.12958519866013954,
    0.12,
    0.12958530117334585,
    0.14,
    0.13,
    0.1200000002048894,
    0.12000000017439902,
    0.12,
    0.13999988239998118,
    0.13207536703451014,
    0.12000002410970398,
    0.12,
    0.12000000513568941,
    0.12000002646626412,
    0.13586033557502886,
    0.12000000583945186,
    0.12000900098880936,
    0.12000901815299286,
    0.1200090014285995,
    0.12999989859997768,
    0.12000901815299286,
    0.1299999466999952,
    0.12000903210441292,
    0.13999988239998118,
    0.14,
    0.1299955,
    0.12,
    0.12,
    0.12000000026599926,
    0.12000000440000053,
    0.12000001517244623,
    0.12000003628873313,
    0.12,
    0.12,
    0.1299999546638623,
    0.12,
    0.139999997648,
    0.13999998879999978,
    0.13999994845770478,
    0.13999997871999897,
    0.1399999513043436,
    0.13999994796459808,
    0.13999998879999978,
    0.14,
    0.14,
    0.13,
    0.12000000196428603,
    0.13,
    0.13,
    0.13,
    0.13,
    0.13,
    0.13,
    0.13,
    0.13,
    0.13,
    0.13,
    0.1300000181250374,
    0.13,
    0.13,
    0.14,
    0.14,
    0.14,
    0.14,
    0.14,
    0.14,
    0.14,
    0.14,
    0.14,
    0.14,
    0.14,
    0.14,
    0.14,
    0.14,
    0.14,
    0.14,
    0.14,
    0.15,
    0.15,
    0.15,
    0.15,
    0.15,
    0.14,
    0.14,
    0.14,
    0.14,
    0.14,
    0.14,
    0.14,
    0.14,
    0.14,
    0.14,
    0.14,
    0.14,
    0.15,
    0.15,
    0.15,
    0.15,
    0.15,
    0.15,
    0.15,
    0.15,
    0.16,
    0.16,
    0.16,
    0.16,
    0.15001336575725513,
    0.1500648414985591,
    0.16,
    0.15999967596865514,
    0.1599908928183172,
    0.1500479515362632,
    0.15999087594021394,
    0.1599909349090955,
    0.15,
    0.15,
    0.1599908805106914,
    0.15,
    0.15,
    0.15000000708333386,
    0.1500141242083198,
    0.15,
    0.15001415274567392,
    0.1500141218018188,
    0.15001415227851683,
    0.15001415227851683,
    0.16,
    0.1500000051235687,
    0.15,
    0.15000002043274094,
    0.15,
    0.15000007589291814,
    0.15000007589291814,
    0.15,
    0.15000007870384216,
    0.15000000355285653,
    0.15002482790005,
    0.15002490441972702,
    0.15002483463032495,
    0.15999097761069322,
    0.15,
    0.15,
    0.15,
    0.15,
    0.1500000030400583,
    0.15000002043274094,
    0.15,
    0.1500090029171492,
    0.15000900140503517,
    0.1500000850003315,
    0.15000000009306982,
    0.15002746414403417,
    0.15998560129588338,
    0.15,
    0.15000900063379793,
    0.15001338688085675,
    0.15000909491177936,
    0.15000900423884886,
    0.1500090021937535,
    0.15000909491177936,
    0.150009,
    0.15000909491177936,
    0.15,
    0.1500000002199793,
    0.15,
    0.15,
    0.15,
    0.1500000850003315,
    0.1500000850003315,
    0.15,
    0.1500000850003315,
    0.1500000850003315,
    0.1500000850003315,
    0.1500000850003315,
    0.15,
    0.1500000850003315,
    0.1500000850003315,
    0.1500000850003315,
    0.1500000850003315,
    0.1500000850003315,
    0.1500000850003315,
    0.15,
    0.1500000850003315,
    0.1500000850003315,
    0.1500000850003315,
    0.1500000850003315,
    0.1500000850003315,
    0.1500000048131381,
    0.15,
    0.1500000850003315,
    0.1500000850003315,
    0.1500000850003315,
    0.1500000850003315,
    0.1500000850003315,
    0.15,
    0.1500000850003315,
    0.15000000357443288,
    0.1500000850003315,
    0.16,
    0.16,
    0.15000000326923177,
    0.15000002043274094,
    0.15,
    0.15,
    0.15,
    0.15,
    0.15,
    0.15,
    0.15,
    0.15,
    0.16,
    0.15000000141666686,
    0.16753176923076923,
    0.16,
    0.15,
    0.15,
    0.15,
    0.15,
    0.16,
    0.16,
    0.16,
    0.15,
    0.16,
    0.1500000850003315,
    0.16,
    0.16,
    0.15,
    0.15,
    0.15000002004720717,
    0.16,
    0.15,
    0.15,
    0.15000000643939632,
    0.15,
    0.15,
    0.15,
    0.1500000850003315,
    0.15,
    0.16999988609996242,
    0.15,
    0.16,
    0.16,
    0.15,
    0.15,
    0.15,
    0.1500000850003315,
    0.15,
    0.16,
    0.16,
    0.15,
    0.15,
    0.15,
    0.1699998816071196,
    0.1699999470613968,
    0.1699998818094934,
    0.17,
    0.17,
    0.16999988609996242,
    0.17,
    0.17,
    0.17,
    0.16,
    0.15,
    0.16,
    0.15,
    0.15,
    0.16,
    0.15,
    0.15,
    0.16,
    0.16,
    0.16,
    0.16,
    0.16,
    0.16,
    0.16,
    0.16,
    0.16,
    0.16,
    0.16,
    0.16,
    0.16,
    0.16,
    0.16,
    0.16,
    0.16,
    0.16,
    0.16,
    0.16,
    0.16,
    0.16,
    0.15,
    0.15,
    0.15,
    0.15,
    0.15000000011508585,
    0.15,
    0.15,
    0.15000001700002005,
    0.15,
    0.15,
    0.15,
    0.15,
    0.16,
    0.15,
    0.15,
    0.15000000636227587,
    0.15,
    0.1500000850003315,
    0.1500000019168756,
    0.15,
    0.16,
    0.1500000283333796,
    0.1500000850003315,
    0.16,
    0.16,
    0.16,
    0.16,
    0.16,
    0.16,
    0.16,
    0.15999920513905036,
    0.15999097794321462,
    0.159990983007018,
    0.15000000283155965,
    0.15000900090009,
    0.1500000032393295,
    0.16,
    0.16,
    0.16,
    0.16,
    0.16,
    0.16,
    0.16,
    0.16,
    0.16,
    0.15000000168650826,
    0.16,
    0.15000000968385505,
    0.15,
    0.16,
    0.16,
    0.16,
    0.16,
    0.15,
    0.15,
    0.15,
    0.15,
    0.15,
    0.15,
    0.15000000013714776,
    0.15000000633855518,
    0.15000001700002005,
    0.16,
    0.16,
    0.16,
    0.16,
    0.16,
    0.17,
    0.16999988609996242,
    0.16999994763999518,
    0.16999988609996242,
    0.17,
    0.17,
    0.17,
    0.16999988609996242,
    0.17,
    0.17,
    0.17,
    0.16999994219999076,
    0.16,
    0.16,
    0.17999999317894727,
    0.16,
    0.1799999279999928,
    0.17999998949999974,
    0.17,
    0.16,
    0.170000000803485,
    0.1700000442667381,
    0.18,
    0.17999986909088528,
    0.17000000567521753,
    0.17999996045070177,
    0.17000009130017255,
    0.17000000565587828,
    0.17,
    0.17999997551999844,
    0.1799998703999637,
    0.17,
    0.17,
    0.17,
    0.17,
    0.17,
    0.17,
    0.17,
    0.18,
    0.17000000484166744,
    0.1700000033200013,
    0.17000009130017255,
    0.17999999585454543,
    0.17000000061155224,
    0.179991,
    0.1700000002287222,
    0.17,
    0.17,
    0.17,
    0.17,
    0.17,
    0.17,
    0.17000000249000036,
    0.17000009130017255,
    0.1700000004953664,
    0.18,
    0.18000001640001606,
    0.18000000191333346,
    0.18000000546666753,
    0.18000001640001606,
    0.18000000191333346,
    0.18000000013666667,
    0.18000001640001606,
    0.18000000337448652,
    0.18000000036444444,
    0.18000000546666753,
    0.18000001640001606,
    0.18000979703681172,
    0.1800271275255575,
    0.180000000748445,
    0.18999987839995622,
    0.18999835781099306,
    0.1800272067788994,
    0.18996303381450774,
    0.1800272067788994,
    0.18000980162968666,
    0.1800853104651312,
    0.18991468773319956,
    0.18008542178973067,
    0.18008540238988946,
    0.18000987272062333,
    0.18000987272062333,
    0.17999974095203009,
    0.17000009130017255,
    0.17000000518750055,
    0.17000000265600052,
    0.17000009130017255,
    0.17000000031125,
    0.18,
    0.1700000207500306,
    0.17000009130017255,
    0.18,
    0.17999999505343506,
    0.17,
    0.17,
    0.17000009130017255,
    0.17,
    0.18,
    0.17000009130017255,
    0.17,
    0.18,
    0.17,
    0.18,
    0.18,
    0.17,
    0.1700000069084431,
    0.17,
    0.17000009130017255,
    0.1700000033200013,
    0.18,
    0.18,
    0.17,
    0.18,
    0.17,
    0.17,
    0.18,
    0.17,
    0.17,
    0.17,
    0.17,
    0.17,
    0.17000009130017255,
    0.18,
    0.17,
    0.17,
    0.18,
    0.17,
    0.1700000207500306,
    0.1700000207500306,
    0.17000000189822767,
    0.17000009130017255,
    0.17999986971425594,
    0.17000009130017255,
    0.17000009130017255,
    0.17000001660000383,
    0.18,
    0.18,
    0.18,
    0.18,
    0.17,
    0.17000009130017255,
    0.17,
    0.17,
    0.17,
    0.17000002165219216,
    0.17000000232400023,
    0.17,
    0.18,
    0.17000000249000036,
    0.17000001106667637,
    0.17000000739185792,
    0.1799998703999637,
    0.17,
    0.18,
    0.17000009130017255,
    0.18,
    0.1700000442667381,
    0.17,
    0.17,
    0.18,
    0.17,
    0.18,
    0.17,
    0.1799998703999637,
    0.1700000033200013,
    0.18,
    0.17,
    0.18,
    0.17,
    0.1700000033200013,
    0.170000009822488,
    0.18,
    0.17,
    0.17000000069747911,
    0.17000000425641132,
    0.18,
    0.17,
    0.17,
    0.17,
    0.1700000033200013,
    0.18,
    0.18,
    0.18,
    0.17999986368929127,
    0.17,
    0.18,
    0.17,
    0.17000002363927724,
    0.18,
    0.17,
    0.18,
    0.18,
    0.17,
    0.17000000830000583,
    0.1700000033200013,
    0.17000000647173652,
    0.18,
    0.17,
    0.17,
    0.17,
    0.17,
    0.17000009130017255,
    0.1700000033200013,
    0.1700000416388496,
    0.1700000207500306,
    0.1700000033200013,
    0.18,
    0.18,
    0.18,
    0.18,
    0.18,
    0.17,
    0.17,
    0.17,
    0.17,
    0.17,
    0.17000000662939327,
    0.1700000207500306,
    0.1700000033200013,
    0.1700000033200013,
    0.1700000442667381,
    0.1799999579999958,
    0.17000000504729795,
    0.17000000148214306,
    0.17000000061430923,
    0.1700000033200013,
    0.1700000207500306,
    0.170000001663327,
    0.17000001023112626,
    0.17000000224526682,
    0.1799998703999637,
    0.16000000030297568,
    0.18,
    0.18,
    0.18,
    0.18,
    0.18,
    0.16,
    0.16,
    0.16,
    0.16,
    0.16,
    0.16,
    0.16,
    0.18,
    0.16000000448000146,
    0.16,
    0.17,
    0.17,
    0.17000009130017255,
    0.17000009130017255,
    0.17000000524763043,
    0.17000009130017255,
    0.17,
    0.18,
    0.18,
    0.18,
    0.18,
    0.18,
    0.17,
    0.17,
    0.17,
    0.17,
    0.17,
    0.17000002234616185,
    0.1700000033200013,
    0.17000009130017255,
    0.17000002862073801,
    0.1700000698948781,
    0.17000009130017255,
    0.17,
    0.1600000268800314,
    0.16000007753851403,
    0.17000001778577742,
    0.1600000305454812,
    0.1600000192000215,
    0.1600000120000084,
    0.16,
    0.1600000197647403,
    0.16000012433712768,
    0.17999995247999354,
    0.16,
    0.16,
    0.16,
    0.16000000237679804,
    0.1600000120000084,
    0.16000001061053176,
    0.16,
    0.16,
    0.16,
    0.16,
    0.16999994191666232,
    0.16000000154482766,
    0.16000003150004805,
    0.1600000840002016,
    0.18,
    0.16,
    0.17,
    0.17,
    0.1700000698948781,
    0.1700000157027109,
    0.1700000415000325,
    0.17,
    0.18,
    0.17999997551999844,
    0.18,
    0.18,
    0.18,
    0.18,
    0.18,
    0.18,
    0.16,
    0.16,
    0.16000000950281057,
    0.16,
    0.16000004480005733,
    0.1600000305454812,
    0.1600000296470665,
    0.16000000884211216,
    0.16000001244446269,
    0.17999994678260128,
    0.179999941224485,
    0.1600000192000215,
    0.16,
    0.16000004480005733,
    0.16,
    0.16000001866667662,
    0.1600000438261228,
    0.16000007753851403,
    0.1600000197647403,
    0.1600000120000084,
    0.1600000280000574,
    0.16000001866667662,
    0.16000001866667662,
    0.16000009163677018,
    0.16,
    0.17000002165219216,
    0.17000009130017255,
    0.18,
    0.18,
    0.18,
    0.16,
    0.16,
    0.16,
    0.16,
    0.16,
    0.17,
    0.16,
    0.17725539645066185,
    0.17,
    0.17,
    0.17,
    0.17,
    0.17,
    0.17,
    0.16,
    0.16,
    0.16,
    0.16,
    0.16,
    0.16,
    0.17,
    0.17,
    0.17000000095769233,
    0.17000000716753222,
    0.17,
    0.16,
    0.16,
    0.16,
    0.16,
    0.16,
    0.16,
    0.16,
    0.16,
    0.1600000197647403,
    0.16000001866667662,
    0.17,
    0.17,
    0.17,
    0.17,
    0.18,
    0.18,
    0.17,
    0.1700000442667381,
    0.17,
    0.17000009130017255,
    0.17000003996297583,
    0.17000003996297583,
    0.17000002234616185,
    0.1700000698948781,
    0.18999999437599993,
    0.17000001464707148,
    0.17000007781273588,
    0.17,
    0.18999995012499232,
    0.17,
    0.17,
    0.18,
    0.17,
    0.17,
    0.17,
    0.18000001772973415,
    0.1800000172631666,
    0.18000005466681487,
    0.18000001490911774,
    0.18000004251859505,
    0.1800000172631666,
    0.18,
    0.19,
    0.18999999207361948,
    0.19,
    0.18,
    0.18000001640001606,
    0.1800000043928583,
    0.18,
    0.18,
    0.18,
    0.17991612738585072,
    0.1798588085218378,
    0.19,
    0.19,
    0.19,
    0.19,
    0.19,
    0.18999985098036293,
    0.18,
    0.17,
    0.1700000442667381,
    0.1899999899153844,
    0.18999998939166637,
    0.1700000098090917,
    0.1700000033200013,
    0.17000000221333347,
    0.1700000071142882,
    0.17000000063846168,
    0.17000000484166744,
    0.17000002513043178,
    0.17,
    0.1700000033200013,
    0.1700000442667381,
    0.1700000207500306,
    0.18,
    0.19,
    0.1899998805713899,
    0.18,
    0.18,
    0.19,
    0.19,
    0.18999998802999957,
    0.19,
    0.18999999745399998,
    0.17000001798334494,
    0.17,
    0.18,
    0.17,
    0.18,
    0.18,
    0.18,
    0.18,
    0.18,
    0.18,
    0.18,
    0.17,
    0.17,
    0.17,
    0.17,
    0.17,
    0.17,
    0.18,
    0.18999987839995622,
    0.17000009130017255,
    0.17000027861009023,
    0.17,
    0.17000009130017255,
    0.17000009130017255,
    0.17000009130017255,
    0.17000009130017255,
    0.17000009130017255,
    0.18999986735845803,
    0.17000000291621636,
    0.18999987839995622,
    0.17000000267719362,
    0.18,
    0.17,
    0.18,
    0.18,
    0.17000003516953474,
    0.1700000086074086,
    0.19,
    0.19,
    0.19,
    0.19,
    0.17,
    0.17,
    0.18,
    0.18,
    0.17,
    0.17,
    0.17,
    0.17,
    0.19,
    0.17000001809200507,
    0.17,
    0.17,
    0.1700000033200013,
    0.17000009130017255,
    0.17,
    0.17,
    0.17,
    0.17,
    0.19,
    0.19,
    0.19,
    0.19,
    0.17,
    0.1800440404518777,
    0.18004405627691253,
    0.18004405627691253,
    0.19,
    0.19,
    0.19,
    0.19,
    0.17,
    0.17,
    0.17,
    0.17,
    0.17000000299639204,
    0.1899999490799933,
    0.17000001106667637,
    0.17000003820085105,
    0.17000002563711433,
    0.17000000308933078,
    0.18999985932689198,
    0.17000009130017255,
    0.17,
    0.1700000033200013,
    0.170000037303411,
    0.1700000597600435,
    0.17000003239029005,
    0.17,
    0.18999995321969076,
    0.17000003657633156,
    0.18999994444914525,
    0.17000004829092386,
    0.17000000221333347,
    0.19,
    0.19,
    0.19,
    0.18,
    0.17,
    0.18,
    0.17,
    0.1700000207500306,
    0.17995696226880267,
    0.17,
    0.17,
    0.17,
    0.17,
    0.17990855043369208,
    0.17000010578471508,
    0.17000002428193356,
    0.17000000741071752,
    0.17000000299639204,
    0.17000002862073801,
    0.17000004456387563,
    0.17000008803049377,
    0.17000000299639204,
    0.17000000636828966,
    0.18999994153845454,
    0.19,
    0.19,
    0.19,
    0.19,
    0.19,
    0.17,
    0.17,
    0.17,
    0.17,
    0.17,
    0.17000002296029362,
    0.17971112476951445,
    0.1700000442667381,
    0.17000002563711433,
    0.1700000059712294,
    0.17000001106667637,
    0.17000001119730548,
    0.1700000434762503,
    0.17000003626220475,
    0.1700000285450103,
    0.19,
    0.19,
    0.19,
    0.19,
    0.17,
    0.17,
    0.17,
    0.17,
    0.17000003330249863,
    0.1700000415000325,
    0.18634610155398826,
    0.18999994959182953,
    0.18,
    0.1700000033200013,
    0.19,
    0.19,
    0.19,
    0.19,
    0.18,
    0.18,
    0.18,
    0.18,
    0.18000001018635425,
    0.18000001163121376,
    0.18000003504277848,
    0.18000004387964033,
    0.170000037303411,
    0.18999993269057663,
    0.1800000394502106,
    0.1800000130677445,
    0.1899999492418725,
    0.18,
    0.18000001640001606,
    0.18,
    0.18000001522042794,
    0.19,
    0.18999987839995622,
    0.18,
    0.19,
    0.19,
    0.19,
    0.18999993729998935,
    0.18,
    0.18,
    0.18,
    0.1800000098400048,
    0.1899999490799933,
    0.1800000374857554,
    0.18,
    0.19,
    0.19,
    0.18000000019759035,
    0.18,
    0.19,
    0.18999999444615379,
    0.18000000013666667,
    0.18000001640001606,
    0.18999993729998935,
    0.19,
    0.18,
    0.19,
    0.18,
    0.19,
    0.19,
    0.18999987839995622,
    0.19,
    0.18,
    0.19,
    0.18,
    0.19,
    0.19,
    0.18,
    0.19053,
    0.18000001640001606,
    0.18000000054666673,
    0.18000012615431196,
    0.2,
    0.2,
    0.2,
    0.2,
    0.18,
    0.18,
    0.19,
    0.18000001640001606,
    0.18000001640001606,
    0.18999987839995622,
    0.18,
    0.19,
    0.19,
    0.19,
    0.18,
    0.18,
    0.19,
    0.19,
    0.18,
    0.18,
    0.18,
    0.2,
    0.2,
    0.2,
    0.18,
    0.1900942872989462,
    0.18000001396131562,
    0.19152542372881357,
    0.1899999978196721,
    0.19,
    0.18,
    0.18999997263999846,
    0.2,
    0.2,
    0.19534883720930232,
    0.17000000221333347,
    0.18927408523602057,
    0.17,
    0.18,
    0.17999998949999974,
    0.17000000221333347,
    0.17999999524799992,
    0.17000001633861453,
    0.18,
    0.1799999279999928,
    0.17000003432333266,
    0.17000003330249863,
    0.1700000042783549,
    0.17000006119829317,
    0.17000001930233635,
    0.17,
    0.17,
    0.1700000218421526,
    0.170000000010215,
    0.1700000418488253,
    0.1700000265110752,
    0.18,
    0.18,
    0.18,
    0.17999996440677665,
    0.1799999013698495,
    0.17000003516953474,
    0.17000000684066116,
    0.17000005763899162,
    0.17000005404658353,
    0.18,
    0.17,
    0.18,
    0.17999985742571434,
    0.18,
    0.17000009130017255,
    0.1700000131225502,
    0.17000001828197014,
    0.1700000033200013,
    0.17000003820085105,
    0.16999999496799995,
    0.1699999908199999,
    0.16000000126000002,
    0.16000000017015242,
    0.16,
    0.16,
    0.1500000850003315,
    0.15000001700002005,
    0.15,
    0.16999994219999076,
    0.1500000024285717,
    0.15,
    0.15000000001416666,
    0.15,
    0.1699999889499998,
    0.15,
    0.1500000019274379,
    0.16,
    0.17,
    0.17,
    0.17,
    0.1500000850003315,
    0.17,
    0.17,
    0.15,
    0.16003512007024015,
    0.1600351370560562,
    0.16003512319018623,
    0.15,
    0.15000002689874184,
    0.15,
    0.15000004028447284,
    0.1699999433333267,
    0.16999995107913318,
    0.15000003148152696,
    0.150000034274206,
    0.15,
    0.1500000065545979,
    0.15,
    0.15,
    0.15,
    0.17,
    0.17,
    0.15,
    0.15,
    0.15000003195494607,
    0.1500000205314104,
    0.15,
    0.16999995297871973,
    0.1500000381166415,
    0.15,
    0.15,
    0.15000002514795802,
    0.1699999138666529,
    0.17,
    0.17,
    0.16999999028571414,
    0.16,
    0.15,
    0.15,
    0.16999994219999076,
    0.1600000192000215,
    0.16,
    0.16000001671642589,
    0.16,
    0.16,
    0.16000001116279797,
    0.1600000384733394,
    0.1600000222516624,
    0.16000003082570108,
    0.1699999518218565,
    0.17,
    0.16000004015939262,
    0.16,
    0.16,
    0.16,
    0.16,
    0.16,
    0.16,
    0.16,
    0.16,
    0.17,
    0.17,
    0.17,
    0.16000000336000167,
    0.17,
    0.17,
    0.17,
    0.17,
    0.18,
    0.18,
    0.17,
    0.18,
    0.17,
    0.16,
    0.16,
    0.16,
    0.17,
    0.16,
    0.17,
    0.17,
    0.17,
    0.17,
    0.17,
    0.18,
    0.18,
    0.17,
    0.17,
    0.18,
    0.17,
    0.17999986909088528,
    0.17000000249000036,
    0.18,
    0.18,
    0.17,
    0.17,
    0.18,
    0.17,
    0.17,
    0.18,
    0.18,
    0.17219088621340947,
    0.16854693959866895,
    0.15,
    0.15,
    0.15,
    0.15,
    0.16003111716167032,
    0.1600310258987784,
    0.16003102441546702,
    0.15,
    0.16701063298839863,
    0.15,
    0.15,
    0.15,
    0.16,
    0.15,
    0.1500000021132925,
    0.16,
    0.16,
    0.16,
    0.16,
    0.16,
    0.16,
    0.16,
    0.16,
    0.17,
    0.1787695,
    0.16,
    0.16000004480005733,
    0.16000001154640747,
    0.16000001377051978,
    0.1600000582660603,
    0.1600000663160024,
    0.1600000283146217,
    0.16,
    0.16000001377051978,
    0.16000004581826263,
    0.16,
    0.16,
    0.16990090792943202,
    0.16,
    0.16000953405535184,
    0.16000956189912197,
    0.16998397131089316,
    0.17998654779869142,
    0.17000923215934313,
    0.17,
    0.17,
    0.18,
    0.17000922333640778,
    0.17994375,
    0.1700092246895179,
    0.1700092262515278,
    0.17000922909388186,
    0.18,
    0.1700490977779819,
    0.17000923308802696,
    0.170049155426666,
    0.16000902152566263,
    0.15,
    0.14001414667138223,
    0.1400142586491435,
    0.1400142586491435,
    0.1400142586491435,
    0.1400142586491435,
    0.1400142586491435,
    0.1400142586491435,
    0.1400142586491435,
    0.1400142586491435,
    0.14998593749246653,
    0.1400774546195738,
    0.14002150541678154,
    0.1400774964485094,
    0.14002150861254015,
    0.14002650528493182,
    0.14998649521529558,
    0.14997,
    0.1400264706737255,
    0.14002150769886682,
    0.14002514668901928,
    0.1400090010148624,
    0.14997298086236402,
    0.1400090022455322,
    0.15,
    0.14998578704602653,
    0.15,
    0.14999426,
    0.14,
    0.15,
    0.15,
    0.15,
    0.15,
    0.15,
    0.15,
    0.15,
    0.15,
    0.16000496627156566,
    0.15,
    0.1596803851941558,
    0.15005498990122568,
    0.15005505785097367,
    0.16004757117939986,
    0.15005498955992264,
    0.14,
    0.15,
    0.15,
    0.15,
    0.15,
    0.15,
    0.15,
    0.1495868400918133,
    0.16,
    0.15007746834804778,
    0.16,
    0.17,
    0.17,
    0.17,
    0.17,
    0.17,
    0.18,
    0.18,
    0.1800000098400048,
    0.18,
    0.18,
    0.19,
    0.19,
    0.19,
    0.19,
    0.19,
    0.2,
    0.19,
    0.19,
    0.2,
    0.2,
    0.22009072578183034,
    0.2,
    0.21975706881295348,
    0.21,
    0.2,
    0.23,
    0.2100250319412516,
    0.24,
    0.24000920459981714,
    0.23,
    0.21002504144193734,
    0.23,
    0.2,
    0.2,
    0.2600491470449875,
    0.19,
    0.2600491274112147,
    0.2600491447303474,
    0.25004392903260114,
    0.26,
    0.25004394174924255,
    0.21,
    0.20011689576496672,
    0.25008397483106365,
    0.24002201604926462,
    0.2400220583166747,
    0.2398739083752282,
    0.23,
    0.24,
    0.21,
    0.24,
    0.2399690635451505,
    0.22004264577002938,
    0.2200426090218612,
    0.22004262473954095,
    0.21002637331782356,
    0.19,
    0.2000269242610775,
    0.20002693228969382,
    0.21977285296806903,
    0.20002868432146648,
    0.20002875454049496,
    0.219772852143666,
    0.23987775869362696,
    0.23953972257250947,
    0.19,
    0.23980640357408786,
    0.23988156336360048,
    0.25,
    0.22,
    0.26990095419171606,
    0.2699068529607452,
    0.2696357825932684,
    0.240056501919344,
    0.24005643974371907,
    0.2400112155822941,
    0.260114681089526,
    0.2400909922236626,
    0.26978672722601327,
    0.26978677199274603,
    0.26068938881915615,
    0.2799999937777777,
    0.22,
    0.23005794082030007,
    0.22,
    0.23005794615123504,
    0.27999279798253546,
    0.23007095938582242,
    0.23007096632358387,
    0.23,
    0.23008236178892993,
    0.22,
    0.24,
    0.24000003040001094,
    0.2400164654226125,
    0.25,
    0.23,
    0.22000000375886664,
    0.2600506501266253,
    0.26005063582579446,
    0.25,
    0.2600097797166191,
    0.2600097726274957,
    0.23,
    0.24005835355478392,
    0.25,
    0.2401195672568397,
    0.28992670616836835,
    0.23,
    0.24,
    0.24,
    0.23000000015400002,
    0.24000398526506522,
    0.24000398854782476,
    0.23,
    0.23,
    0.2497805436247923,
    0.23000001232000472,
    0.23,
    0.23,
    0.23,
    0.23000001232000472,
    0.23,
    0.22,
    0.2399217875901869,
    0.23992178719764032,
    0.24,
    0.22971590753373258,
    0.22971590897151983,
    0.22971590751611706,
    0.23,
    0.23,
    0.23,
    0.2298323775693995,
    0.22983237588037264,
    0.23010010901491842,
    0.23010010546987264,
    0.22970217640320734,
    0.23006696184582556,
    0.22,
    0.2200170459773913,
    0.22001709037219785,
    0.22001709095512714,
    0.21,
    0.23979365071524752,
    0.23982418524871355,
    0.19002959766019503,
    0.1900296132402267,
    0.19002964525692018,
    0.25,
    0.23992388546574847,
    0.17,
    0.18006145158943138,
    0.18006149033819685,
    0.1700000033200013,
    0.18000426053748672,
    0.2397718297498903,
    0.18007651127178523,
    0.23989548338932437,
    0.2397398843930636,
    0.16,
    0.16,
    0.1500001133342249,
    0.15,
    0.1899345086396629
]
