[
    0.001,
    0.001,
    0.001,
    0.001,
    0.001,
    0.001,
    0.001,
    0.001,
    0.001,
    0.001,
    0.001,
    0.001,
    0.001,
    0.01,
    0.001,
    0.01,
    0.01,
    0.02,
    0.01,
    0.01,
    0.01,
    0.01,
    0.01,
    0.01,
    0.01,
    0.01,
    0.01,
    0.01,
    0.01,
    0.01,
    0.01,
    0.01,
    0.01,
    0.01,
    0.02,
    0.02,
    0.02,
    0.02,
    0.02,
    0.02,
    0.02,
    0.02,
    0.03,
    0.03,
    0.03,
    0.03,
    0.04,
    0.04,
    0.05,
    0.09,
    0.09,
    0.09,
    0.1,
    0.09,
    0.1,
    0.1,
    0.09,
    0.1,
    0.11,
    0.14110313362099455,
    0.1,
    0.1299999466999952,
    0.11,
    0.12,
    0.1,
    0.1,
    0.1,
    0.12,
    0.08,
    0.07,
    0.09,
    0.08,
    0.1,
    0.11,
    0.07,
    0.1,
    0.11,
    0.11,
    0.1299999789399992,
    0.1,
    0.1,
    0.12,
    0.12,
    0.12000000056446443,
    0.12000000035200002,
    0.12000003520017459,
    0.12,
    0.1200000000352,
    0.12,
    0.12,
    0.16,
    0.12,
    0.12,
    0.12,
    0.16,
    0.14,
    0.15,
    0.19,
    0.19,
    0.2,
    0.2,
    0.25,
    0.25,
    0.26,
    0.28,
    0.28,
    0.28,
    0.27,
    0.27,
    0.27,
    0.27,
    0.27,
    0.26999985419993294,
    0.22000000499200156,
    0.220000000039,
    0.28,
    0.28,
    0.28,
    0.28,
    0.28,
    0.28,
    0.29,
    0.28,
    0.29,
    0.29,
    0.29,
    0.29,
    0.28397622205203876,
    0.28,
    0.299999969999997,
    0.28,
    0.28,
    0.3,
    0.28,
    0.28,
    0.28,
    0.2997181428571429,
    0.25,
    0.29,
    0.29,
    0.31,
    0.29,
    0.32,
    0.32,
    0.32,
    0.32,
    0.32,
    0.32,
    0.32,
    0.35,
    0.36999997705999915,
    0.37,
    0.35,
    0.3500000130000006,
    0.37,
    0.37,
    0.35,
    0.36999996743999636,
    0.3699999767674406,
    0.369999996485,
    0.32,
    0.35,
    0.33,
    0.35,
    0.35000006500003683,
    0.36999996743999636,
    0.42,
    0.33158241342142686,
    0.29000002626156823,
    0.29,
    0.29,
    0.34,
    0.34,
    0.32,
    0.31,
    0.2900000094403314,
    0.3,
    0.32,
    0.3499999614999965,
    0.32,
    0.3,
    0.3200000063466668,
    0.33,
    0.32,
    0.28,
    0.28,
    0.37,
    0.37999999733999995,
    0.38,
    0.42,
    0.43,
    0.46000000757894993,
    0.44,
    0.42,
    0.44,
    0.42,
    0.43,
    0.44,
    0.4400000033122096,
    0.47999999918568154,
    0.4926108802614879,
    0.4,
    0.4199999811857691,
    0.42,
    0.42,
    0.44,
    0.45,
    0.44,
    0.46,
    0.4599999992784314,
    0.44000000336000006,
    0.43,
    0.45999999576799994,
    0.47999999808,
    0.44,
    0.43,
    0.46,
    0.48,
    0.48,
    0.47,
    0.45,
    0.43,
    0.48,
    0.4618918918918919,
    0.45,
    0.44,
    0.439999999296,
    0.44,
    0.42,
    0.43,
    0.44,
    0.44,
    0.45,
    0.45,
    0.45,
    0.45,
    0.45,
    0.45,
    0.44,
    0.44,
    0.46,
    0.459999998252,
    0.45,
    0.45,
    0.45,
    0.45,
    0.45,
    0.37,
    0.37,
    0.4,
    0.37,
    0.36,
    0.4,
    0.4,
    0.36999996743999636,
    0.3699999887149998,
    0.39,
    0.4,
    0.44,
    0.42,
    0.44,
    0.44,
    0.44,
    0.44,
    0.44476980074096323,
    0.44,
    0.44,
    0.45,
    0.46,
    0.4300000003209008,
    0.43,
    0.45999995951999545,
    0.46,
    0.46,
    0.48,
    0.46,
    0.46999999334620257,
    0.5,
    0.49,
    0.48,
    0.49,
    0.5399999988713826,
    0.5399999985599999,
    0.5,
    0.52,
    0.5199999835985657,
    0.5,
    0.5199999946734949,
    0.49,
    0.5,
    0.5,
    0.47,
    0.4700001219000939,
    0.49,
    0.5,
    0.49,
    0.5,
    0.5,
    0.48,
    0.5,
    0.5,
    0.4699999875849052,
    0.5,
    0.48,
    0.56,
    0.56,
    0.56,
    0.57,
    0.58,
    0.579999997912,
    0.6,
    0.66,
    0.66,
    0.7,
    0.73,
    0.75,
    0.73,
    0.73,
    0.73,
    0.7000000750000187,
    0.73,
    0.73,
    0.73,
    0.7299999997286357,
    0.7,
    0.7,
    0.7,
    0.7,
    0.7299999974449999,
    0.7,
    0.7,
    0.7299999452499129,
    0.71,
    0.7,
    0.7,
    0.7,
    0.7,
    0.7099999902793527,
    0.71,
    0.71,
    0.7,
    0.700000040178575,
    0.73,
    0.74,
    0.75,
    0.7599999763116767,
    0.77,
    0.73,
    0.77,
    0.79,
    0.83,
    0.849999995749999,
    0.82,
    0.8,
    0.82,
    0.82,
    0.81875,
    0.8099998582499539,
    0.8099999881463359,
    0.8,
    0.78,
    0.769999964461531,
    0.78,
    0.7700000839500113,
    0.81,
    0.8,
    0.82,
    0.8,
    0.82,
    0.82,
    0.82,
    0.76,
    0.75,
    0.75,
    0.73,
    0.74,
    0.71,
    0.7699999746582222,
    0.7899999802499955,
    0.7699999024664189,
    0.7899999983964814,
    0.79,
    0.76,
    0.77,
    0.8299999086998274,
    0.79,
    0.85,
    0.85,
    0.8700000210600008,
    0.88,
    0.89,
    0.9,
    0.91,
    0.91,
    0.92,
    0.91,
    0.95,
    0.96,
    0.95,
    0.95,
    0.95,
    0.9499999981,
    0.94,
    0.92,
    0.92,
    0.92,
    0.92,
    0.9299999986049996,
    0.9299999998169771,
    0.93,
    0.92,
    0.93,
    0.93,
    0.93,
    0.9299999986049996,
    0.9299999570766939,
    0.9299999981584156,
    0.93,
    0.92,
    0.929999999721,
    0.9299999994574095,
    0.93,
    0.88,
    0.87,
    0.86,
    0.85,
    0.84,
    0.8499999404999804,
    0.85,
    0.8699999931818181,
    0.85,
    0.82,
    0.8199999863332994,
    0.8,
    0.79,
    0.79,
    0.79,
    0.77,
    0.79,
    0.76,
    0.74,
    0.71,
    0.73,
    0.73,
    0.71,
    0.734265,
    0.73,
    0.72,
    0.72,
    0.72,
    0.72,
    0.72,
    0.72,
    0.71,
    0.71,
    0.71,
    0.71,
    0.71,
    0.71,
    0.7099999868120948,
    0.71,
    0.71,
    0.71,
    0.72,
    0.72,
    0.72,
    0.72,
    0.72,
    0.72,
    0.72,
    0.72,
    0.72,
    0.72,
    0.72,
    0.72,
    0.72,
    0.72,
    0.72,
    0.72,
    0.72,
    0.72,
    0.72,
    0.72,
    0.72,
    0.72,
    0.72,
    0.7099999605555358,
    0.73,
    0.7199999654399878,
    0.7799999992635555,
    0.79,
    0.79,
    0.79,
    0.79,
    0.79,
    0.79,
    0.79,
    0.79,
    0.79,
    0.79,
    0.7781656749721086,
    0.76,
    0.76,
    0.7300001458000671,
    0.7599999985720994,
    0.73,
    0.71,
    0.71,
    0.68,
    0.69,
    0.69,
    0.69,
    0.69,
    0.69,
    0.69,
    0.69,
    0.69,
    0.68999999954,
    0.69,
    0.69,
    0.69,
    0.69,
    0.69,
    0.69,
    0.69,
    0.71,
    0.7399999802666567,
    0.7599999918933329,
    0.75,
    0.71,
    0.73,
    0.75,
    0.77,
    0.8,
    0.76,
    0.7899999997131185,
    0.7300000194400006,
    0.7,
    0.7,
    0.68,
    0.68,
    0.68,
    0.7,
    0.7099994909428007,
    0.69,
    0.7099999886469852,
    0.7099999991716667,
    0.7099999952666666,
    0.709999998012,
    0.7099999918349997,
    0.7096341711062703,
    0.701636492471112,
    0.68,
    0.7,
    0.7,
    0.7,
    0.7099999431998909,
    0.7,
    0.7399999997615467,
    0.7399999911199997,
    0.7399993437729286,
    0.74,
    0.75,
    0.75,
    0.75,
    0.75,
    0.75,
    0.76,
    0.76,
    0.75,
    0.76,
    0.76,
    0.77,
    0.77,
    0.77,
    0.77,
    0.77,
    0.77,
    0.79,
    0.81,
    0.8,
    0.8,
    0.79,
    0.79,
    0.81,
    0.79,
    0.79,
    0.81,
    0.79,
    0.79,
    0.79,
    0.79,
    0.79,
    0.79,
    0.81,
    0.79,
    0.79,
    0.79,
    0.79,
    0.809999999271,
    0.78,
    0.8,
    0.77,
    0.7917006025831211,
    0.81,
    0.819999999016,
    0.8499999992916667,
    0.83,
    0.8300001259259493,
    0.82,
    0.8468311042408764,
    0.84,
    0.83,
    0.82,
    0.82,
    0.82,
    0.82,
    0.82,
    0.82,
    0.82,
    0.82,
    0.829999219799173,
    0.82,
    0.82,
    0.82,
    0.82,
    0.82,
    0.82,
    0.82,
    0.8200000720000072,
    0.8399997942855967,
    0.84,
    0.8200000129600004,
    0.8,
    0.7900000538695748,
    0.79,
    0.79,
    0.78,
    0.8,
    0.8,
    0.82,
    0.8668,
    0.859999999245614,
    0.84,
    0.8699999788501949,
    0.8699999993518062,
    0.85,
    0.84,
    0.86,
    0.869999999913,
    0.82,
    0.82,
    0.8199999923466642,
    0.81,
    0.8199999901599953,
    0.8,
    0.7812348460197075,
    0.78,
    0.77,
    0.770000003174,
    0.78,
    0.78,
    0.77,
    0.77,
    0.7799999979199999,
    0.7799999660868843,
    0.7799999964332665,
    0.789999977953448,
    0.75,
    0.77,
    0.7700001725000432,
    0.78,
    0.78,
    0.7700001725000432,
    0.7799999812799929,
    0.7799999997213228,
    0.7700001725000432,
    0.78,
    0.77,
    0.77,
    0.77,
    0.77,
    0.77,
    0.76,
    0.76,
    0.76,
    0.769999999236937,
    0.7699999969199998,
    0.77,
    0.76,
    0.76,
    0.7699999956687492,
    0.75,
    0.75,
    0.76,
    0.75,
    0.75,
    0.77,
    0.7692753426224186,
    0.75,
    0.75,
    0.75,
    0.75,
    0.76,
    0.76,
    0.76,
    0.76,
    0.76,
    0.76,
    0.76,
    0.76,
    0.77,
    0.76,
    0.76,
    0.76,
    0.76,
    0.76,
    0.76,
    0.76,
    0.76,
    0.76,
    0.76,
    0.76,
    0.76,
    0.7600000070924782,
    0.76,
    0.77,
    0.77,
    0.77,
    0.76999999967,
    0.77,
    0.769999999846,
    0.7699999997204621,
    0.77,
    0.7600000017114094,
    0.76,
    0.76,
    0.76,
    0.76,
    0.76,
    0.77,
    0.77,
    0.77,
    0.77,
    0.7799999998218543,
    0.7799999996109078,
    0.78,
    0.78,
    0.78,
    0.78,
    0.78,
    0.78,
    0.78,
    0.78,
    0.78,
    0.78,
    0.79,
    0.789999999684,
    0.7899999988438672,
    0.78999999911125,
    0.78,
    0.7899999978274999,
    0.7800000149600005,
    0.79,
    0.780000005020475,
    0.78,
    0.78,
    0.7899999995985546,
    0.79,
    0.79,
    0.79,
    0.79,
    0.79,
    0.79,
    0.79,
    0.79,
    0.790000132300049,
    0.79,
    0.8,
    0.8,
    0.8,
    0.8,
    0.8,
    0.7800000056320001,
    0.8,
    0.8,
    0.7899743300755467,
    0.7920792079207921,
    0.7899371076219386,
    0.7899371144373775,
    0.780000046933339,
    0.789937113689143,
    0.7800000880000235,
    0.7899751959263879,
    0.78,
    0.7899583244424011,
    0.789958317967973,
    0.8,
    0.8,
    0.79,
    0.78,
    0.79,
    0.8,
    0.7900000138600005,
    0.8,
    0.8,
    0.8,
    0.7900000485625039,
    0.8,
    0.8,
    0.7900001041463744,
    0.7900000478402399,
    0.7900001545283339,
    0.8,
    0.8,
    0.7900001289109396,
    0.8,
    0.79,
    0.7899999775142279,
    0.7899999967422667,
    0.7800000149600005,
    0.7899999796391652,
    0.7899999821670272,
    0.7899999681055715,
    0.7899999852533257,
    0.789999985296101,
    0.7899999769342904,
    0.7800000396107081,
    0.7800000689729887,
    0.7800001311538941,
    0.7800000149600005,
    0.7800000786592337,
    0.7899999850943306,
    0.7899999831516551,
    0.7800001181481941,
    0.79,
    0.7899999951681927,
    0.78999999911125,
    0.7800296170932939,
    0.78,
    0.789999984509789,
    0.7800001452000493,
    0.7899999826199865,
    0.780000018857144,
    0.789999999684,
    0.7899999949032256,
    0.79,
    0.78,
    0.7899999831516551,
    0.7800001428070501,
    0.7899999826199865,
    0.7899999999789333,
    0.7899999920999764,
    0.7899999920999764,
    0.7899999988714285,
    0.7899999833391831,
    0.780000143925274,
    0.7800000709677517,
    0.7899999616504129,
    0.7800001452000493,
    0.7899999802499955,
    0.79,
    0.7800000272800021,
    0.79,
    0.79,
    0.79,
    0.79,
    0.78,
    0.7800001245283489,
    0.7800001311538941,
    0.7899999631333104,
    0.78,
    0.7899999939230746,
    0.7899999730490185,
    0.7899999872122235,
    0.7899999922549005,
    0.78,
    0.7800001091729603,
    0.7800001508571831,
    0.7899999836832994,
    0.7800000729648365,
    0.7899999874823902,
    0.78,
    0.7899999764680808,
    0.7899999678861714,
    0.7800000437267129,
    0.7899999962200948,
    0.7899999999742696,
    0.7899999762568184,
    0.789999995722021,
    0.7800000544169668,
    0.7899999638313008,
    0.7899999648477602,
    0.780000143925274,
    0.7899999703286327,
    0.7899999986789296,
    0.7800000896815492,
    0.7800001452000493,
    0.7800001193798727,
    0.7899999920999764,
    0.7899999798542774,
    0.7800000364571472,
    0.78000033754537,
    0.789999948196661,
    0.7899999656521456,
    0.7899999288998998,
    0.7899999616504129,
    0.7899999872122235,
    0.77,
    0.7899999926340275,
    0.7899999989381717,
    0.7700000646190602,
    0.789999984509789,
    0.77,
    0.7700001272816065,
    0.7799549809534804,
    0.770000163653887,
    0.7799549928378231,
    0.7700001203738813,
    0.7799549939819953,
    0.7700001478571799,
    0.7700000131100005,
    0.7899999826199865,
    0.7700001725000432,
    0.770000003174,
    0.7899998647745543,
    0.77,
    0.7802835958047741,
    0.7802836689252519,
    0.7700001413761896,
    0.7799397282384318,
    0.7700001341667002,
    0.7799397157791894,
    0.7799397449690372,
    0.78,
    0.7799999978159999,
    0.7700000131100005,
    0.7799999999454,
    0.78,
    0.77,
    0.77,
    0.77,
    0.7799999207705582,
    0.78,
    0.779999778947252,
    0.7700000983815177,
    0.7799999725628082,
    0.77000008993592,
    0.770000121052674,
    0.7700000862500216,
    0.7799999547599936,
    0.78,
    0.78,
    0.78,
    0.7799999670712241,
    0.7700000642264214,
    0.7799999818955482,
    0.7799999589473273,
    0.78,
    0.7799999778198954,
    0.78,
    0.7700000458776626,
    0.78,
    0.779999966808505,
    0.7799999851144955,
    0.7799999616393304,
    0.7799999894594489,
    0.78,
    0.7700000841830308,
    0.7700001008024872,
    0.7799999979199999,
    0.77000011500004,
    0.7799999739033272,
    0.770000142058875,
    0.77,
    0.77,
    0.77,
    0.78,
    0.78,
    0.78,
    0.77,
    0.7700001407758973,
    0.7799999632460366,
    0.7799999979199999,
    0.7799999740720158,
    0.7799999752773266,
    0.770000127777816,
    0.7799999557894225,
    0.7700000131100005,
    0.7700000432330855,
    0.7799999688777834,
    0.7799999966878967,
    0.7799999474747157,
    0.7799999609999695,
    0.7700001059394094,
    0.7799999674999675,
    0.78,
    0.7700000979054299,
    0.7700000437239614,
    0.7799999624095951,
    0.7799999764654977,
    0.77,
    0.7799999715328425,
    0.78,
    0.7700001059394094,
    0.7799999702542321,
    0.7700000643621484,
    0.779999973180486,
    0.7799999717902208,
    0.7700000933529582,
    0.7700000544333386,
    0.7799999770588194,
    0.7799999833154995,
    0.7799999812799929,
    0.78,
    0.78,
    0.7799999927441827,
    0.7700001181507051,
    0.7700001413761896,
    0.7799999881368755,
    0.7700001022222478,
    0.7799999704964271,
    0.7799999558073554,
    0.77,
    0.7700009139097057,
    0.77,
    0.7799999865806396,
    0.7799999991085714,
    0.7799999991717547,
    0.7799999995319999,
    0.7799999844621455,
    0.78,
    0.7700000623886724,
    0.7799999953012035,
    0.7700000839500113,
    0.78,
    0.7799999984399996,
    0.7799999725244574,
    0.78,
    0.7799999717902208,
    0.78,
    0.7700000827439232,
    0.77,
    0.7700001035761809,
    0.7799999984399996,
    0.770000030820002,
    0.78,
    0.7799999812799929,
    0.770000030820002,
    0.7799998711922091,
    0.77,
    0.7799999812799929,
    0.7799999923529394,
    0.7799998893615608,
    0.7799999994519105,
    0.7799999798523842,
    0.7799999739999884,
    0.78,
    0.7799999604506951,
    0.7799999942961588,
    0.78,
    0.7799999290907543,
    0.7799999607547066,
    0.7799999739033272,
    0.7799999627684626,
    0.7799999786301156,
    0.7799999616393304,
    0.7799999624095951,
    0.7799999827941054,
    0.7799999632460366,
    0.7799999654612052,
    0.7799999939768271,
    0.779999993417716,
    0.7799999958510605,
    0.7799999838062232,
    0.7799999294472071,
    0.78,
    0.7799999378760012,
    0.77,
    0.7799999474999278,
    0.7799999452630657,
    0.7799999654612052,
    0.7799999257141917,
    0.7799999290907543,
    0.78,
    0.7799999735592781,
    0.7799999353845061,
    0.7799999995319999,
    0.779999995776173,
    0.7799999033625018,
    0.7799999869999785,
    0.7799999262991615,
    0.7899999920999764,
    0.7899999920999764,
    0.7899999852059845,
    0.7899999770105766,
    0.7899999920999764,
    0.7886702442654601,
    0.7700000393494003,
    0.7799998344133504,
    0.7799998521773878,
    0.7700001181507051,
    0.78,
    0.7700000827439232,
    0.77,
    0.77,
    0.77,
    0.77,
    0.76,
    0.77,
    0.77,
    0.77,
    0.77,
    0.76,
    0.77,
    0.77,
    0.77,
    0.76,
    0.77,
    0.77,
    0.77,
    0.76,
    0.7799999999736709,
    0.78,
    0.789603596396041,
    0.7799999963888873,
    0.779999940684325,
    0.7700000839500113,
    0.7799999395348416,
    0.7700000624163631,
    0.7799999725244574,
    0.7799999303570248,
    0.78,
    0.7700000740487928,
    0.7799999753359399,
    0.7700001725000432,
    0.7799999876190429,
    0.7799999552688037,
    0.7799999654612052,
    0.7700000811764818,
    0.7700001554630018,
    0.7799999937599991,
    0.78,
    0.7799999839451008,
    0.7700000882702841,
    0.7700001725000432,
    0.7799999960305324,
    0.770000163653887,
    0.7799999790040354,
    0.7799999592156351,
    0.7700000766666792,
    0.7700000702777954,
    0.7700001275454997,
    0.7799999866285641,
    0.78,
    0.770000048866859,
    0.7799999459999623,
    0.7799999886131306,
    0.7799999768888725,
    0.7700001343363236,
    0.770000030820002,
    0.78,
    0.7700000131100005,
    0.7799999937599991,
    0.7799999762091406,
    0.7700000715311125,
    0.7799999682926714,
    0.7799999937599991,
    0.7700001478571799,
    0.78,
    0.78,
    0.7700000660919604,
    0.7799999764654977,
    0.7799999585381806,
    0.7799999986628571,
    0.770000025579242,
    0.77,
    0.7799999849710957,
    0.7799999538157314,
    0.7700000605725262,
    0.779999989278347,
    0.7799999849710957,
    0.7700000463087311,
    0.779999996803278,
    0.78,
    0.7700001272816065,
    0.7799999984399996,
    0.78,
    0.78,
    0.7700001007299564,
    0.77,
    0.7799999705660203,
    0.7700001725000432,
    0.7799999744727235,
    0.770000163653887,
    0.770000054117653,
    0.78,
    0.7700000839500113,
    0.7799999866285641,
    0.7799999812799929,
    0.78,
    0.78,
    0.78,
    0.78,
    0.78,
    0.7700001489524263,
    0.78,
    0.78,
    0.7799999744727235,
    0.78,
    0.78,
    0.78,
    0.78,
    0.7799999979199999,
    0.7700000225790364,
    0.78,
    0.78,
    0.78,
    0.78,
    0.779999999675,
    0.78,
    0.78,
    0.78,
    0.78,
    0.78,
    0.78,
    0.78,
    0.770000030820002,
    0.78,
    0.78,
    0.7700001203738813,
    0.78,
    0.7799999596551049,
    0.78,
    0.7799999979199999,
    0.78,
    0.7799999984399996,
    0.770000142058875,
    0.78,
    0.78,
    0.78,
    0.78,
    0.78,
    0.78,
    0.79,
    0.7800001580582924,
    0.79,
    0.78,
    0.78,
    0.78,
    0.7899999288998998,
    0.789999999418305,
    0.7800305395317272,
    0.7899999288998998,
    0.7700001725000432,
    0.7802243053230666,
    0.7899999599274802,
    0.7799225580108937,
    0.7799225628669446,
    0.7799225089317214,
    0.7899999826199865,
    0.7899999989466665,
    0.7899999920999764,
    0.7834192744346141,
    0.78,
    0.7700000220586077,
    0.7800001508571831,
    0.7899999826199865,
    0.7800000337674445,
    0.7899999929822331,
    0.7899999989466665,
    0.7899999941608693,
    0.78999998930827,
    0.7899999826199865,
    0.7899999968399996,
    0.7899999984952379,
    0.78,
    0.78,
    0.78,
    0.78,
    0.78,
    0.78,
    0.78,
    0.7800000040613094,
    0.78,
    0.7899999826199865,
    0.7899999826199865,
    0.780000003168,
    0.7800000272800021,
    0.7800000108533335,
    0.7800000121000004,
    0.7899999998929539,
    0.7800001372477467,
    0.7899999865699948,
    0.7800001580582924,
    0.789999999842,
    0.7899999968399996,
    0.7800000101183544,
    0.7899999802499955,
    0.7899999172377886,
    0.7899999991964006,
    0.7899999329244707,
    0.7800001380392644,
    0.7800000073333335,
    0.7899999988714285,
    0.78,
    0.78,
    0.78,
    0.78,
    0.78,
    0.8,
    0.78,
    0.78,
    0.78,
    0.78,
    0.78,
    0.78,
    0.78,
    0.7899999920999764,
    0.799465956740897,
    0.7899999775142279,
    0.7800001452000493,
    0.7899999799307026,
    0.7899999967422667,
    0.7899999826199865,
    0.7899999920999764,
    0.7899999986980882,
    0.8023740761382616,
    0.78,
    0.78,
    0.8,
    0.7800001452000493,
    0.7899999916842095,
    0.8,
    0.78,
    0.7899999979088234,
    0.8,
    0.8,
    0.79,
    0.78
]
