[
    0.001,
    0.001,
    0.001,
    0.001,
    0.001,
    0.001,
    0.001,
    0.001,
    0.001,
    0.001,
    0.001,
    0.001,
    0.001,
    0.001,
    0.001,
    0.001,
    0.001,
    0.001,
    0.001,
    0.001,
    0.001,
    0.001,
    0.001,
    0.001,
    0.001,
    0.001,
    0.001,
    0.001,
    0.001,
    0.001,
    0.001,
    0.001,
    0.001,
    0.001,
    0.001,
    0.001,
    0.001,
    0.001,
    0.001,
    0.001,
    0.001,
    0.001,
    0.001,
    0.001,
    0.001,
    0.001,
    0.001,
    0.001,
    0.001,
    0.001,
    0.001,
    0.001,
    0.001,
    0.001,
    0.001,
    0.001,
    0.001,
    0.001,
    0.001,
    0.001,
    0.001,
    0.001,
    0.001,
    0.001,
    0.001,
    0.001,
    0.001,
    0.001,
    0.001,
    0.001,
    0.001,
    0.001,
    0.001,
    0.001,
    0.001,
    0.001,
    0.001,
    0.001,
    0.001,
    0.001,
    0.001,
    0.001,
    0.001,
    0.001,
    0.001,
    0.001,
    0.001,
    0.001,
    0.001,
    0.001,
    0.001,
    0.001,
    0.001,
    0.001,
    0.001,
    0.001,
    0.001,
    0.001,
    0.001,
    0.001,
    0.001,
    0.001,
    0.001,
    0.001,
    0.001,
    0.001,
    0.001,
    0.001,
    0.001,
    0.001,
    0.001,
    0.001,
    0.001,
    0.001,
    0.001,
    0.001,
    0.001,
    0.001,
    0.001,
    0.001,
    0.001,
    0.001,
    0.001,
    0.017,
    0.016999988740410706,
    0.01364126407075465,
    0.016,
    0.016999991763499873,
    0.004,
    0.002,
    0.01700000010337838,
    0.00487668186481837,
    0.004,
    0.002,
    0.002,
    0.001,
    0.001,
    0.002,
    0.002,
    0.0037557,
    0.002,
    0.002,
    0.002,
    0.004,
    0.002,
    0.009000000095744682,
    0.001,
    0.00900000006780822,
    0.001,
    0.009000000078260871,
    0.002,
    0.002,
    0.003,
    0.003,
    0.004,
    0.003,
    0.003,
    0.004,
    0.004,
    0.01,
    0.01,
    0.01,
    0.01,
    0.01,
    0.001,
    0.011592327307878398,
    0.001,
    0.01,
    0.01,
    0.01,
    0.01,
    0.01,
    0.01,
    0.01,
    0.01,
    0.01,
    0.01,
    0.01,
    0.01,
    0.02,
    0.02,
    0.02,
    0.02,
    0.02,
    0.03,
    0.02,
    0.02,
    0.02999999711999999,
    0.02,
    0.030000000485000556,
    0.03,
    0.030000000485000556,
    0.030000000485000556,
    0.03,
    0.02,
    0.029999994299999944,
    0.02,
    0.02,
    0.02,
    0.02,
    0.02,
    0.029999987423580565,
    0.02,
    0.02,
    0.029999971199998848,
    0.02,
    0.029999971199998848,
    0.03,
    0.02,
    0.02,
    0.02,
    0.02,
    0.02,
    0.02,
    0.02,
    0.02,
    0.02,
    0.02999999928,
    0.02,
    0.02,
    0.03,
    0.03,
    0.06,
    0.04,
    0.05,
    0.03,
    0.03,
    0.04,
    0.05,
    0.05,
    0.08,
    0.06,
    0.06,
    0.1,
    0.10999993872482522,
    0.11,
    0.11,
    0.11,
    0.11999990213590712,
    0.12,
    0.13,
    0.12000000044523147,
    0.13,
    0.12999999794599998,
    0.13,
    0.12,
    0.12,
    0.12,
    0.12,
    0.13,
    0.12,
    0.12000000033249894,
    0.13,
    0.12,
    0.12000004693345599,
    0.13999990336281304,
    0.1499999976,
    0.13,
    0.14999997599999904,
    0.14,
    0.14999988749997187,
    0.15,
    0.14999999399999994,
    0.15,
    0.14,
    0.13450813980525553,
    0.23999991839998694,
    0.2,
    0.21,
    0.21000001343000516,
    0.2080243034884361,
    0.16,
    0.16,
    0.16,
    0.16,
    0.17,
    0.16000000504000123,
    0.17,
    0.16000004271195273,
    0.16,
    0.16,
    0.17,
    0.19,
    0.19,
    0.19,
    0.19,
    0.19,
    0.19,
    0.2,
    0.19,
    0.19,
    0.19,
    0.19,
    0.19,
    0.19,
    0.23,
    0.19,
    0.21,
    0.19,
    0.2,
    0.19000004455008665,
    0.2,
    0.19,
    0.2,
    0.2,
    0.19,
    0.2,
    0.2,
    0.2,
    0.2,
    0.19,
    0.20999997395999803,
    0.19,
    0.190000000729,
    0.21,
    0.21,
    0.18,
    0.19,
    0.2,
    0.19,
    0.19,
    0.19,
    0.19,
    0.1900000068850003,
    0.19,
    0.20999985872723934,
    0.18000000027333335,
    0.20999986769995105,
    0.18,
    0.2099999426431622,
    0.1800000001497881,
    0.21,
    0.20999998613999954,
    0.2,
    0.2,
    0.20999999637749997,
    0.2,
    0.1699999870799997,
    0.16,
    0.17,
    0.20999991189653805,
    0.17,
    0.21,
    0.2099999922299999,
    0.2,
    0.18999987839995622,
    0.1700000033200013,
    0.19,
    0.15,
    0.17,
    0.1799998703999637,
    0.19,
    0.18999990376622003,
    0.15,
    0.18,
    0.19,
    0.18,
    0.19,
    0.18999999863199998,
    0.19,
    0.19,
    0.18,
    0.18999993459015072,
    0.18,
    0.19,
    0.209999998425,
    0.2,
    0.19,
    0.19,
    0.21,
    0.23,
    0.23,
    0.23,
    0.23,
    0.2,
    0.20095884710058656,
    0.23,
    0.25,
    0.25,
    0.2799999347572651,
    0.31,
    0.31,
    0.34859818846187995,
    0.39,
    0.36,
    0.39,
    0.4,
    0.4,
    0.4,
    0.4,
    0.43,
    0.44,
    0.45,
    0.46,
    0.47,
    0.48,
    0.4600000001543381,
    0.5227331886878511,
    0.51,
    0.51,
    0.47000006552728846,
    0.52,
    0.52745,
    0.52,
    0.5148979591836734,
    0.45,
    0.47,
    0.47,
    0.47,
    0.48,
    0.46,
    0.48,
    0.46,
    0.48,
    0.48,
    0.48,
    0.52,
    0.52,
    0.52,
    0.52,
    0.52,
    0.5199999812799988,
    0.52,
    0.52,
    0.53,
    0.53,
    0.53,
    0.5200000691200177,
    0.51,
    0.5,
    0.48999999656999993,
    0.48999999764573987,
    0.44000000785965176,
    0.44,
    0.42,
    0.5699998232997013,
    0.5300000349142882,
    0.58,
    0.55,
    0.55,
    0.55,
    0.57,
    0.57,
    0.57,
    0.56,
    0.5500002025001114,
    0.56,
    0.56,
    0.57,
    0.5500000894040149,
    0.56,
    0.56,
    0.57,
    0.5699999672413624,
    0.57,
    0.5699999555399857,
    0.569999999145,
    0.57,
    0.57,
    0.560000086699533,
    0.57,
    0.57,
    0.5600000876018322,
    0.57,
    0.57,
    0.5600000972376012,
    0.57,
    0.56,
    0.56,
    0.56,
    0.6,
    0.6157825751734772,
    0.6,
    0.6,
    0.6,
    0.6099999979663955,
    0.6,
    0.6,
    0.6,
    0.6,
    0.6,
    0.6,
    0.61,
    0.63,
    0.63,
    0.62,
    0.62,
    0.63,
    0.6230555555555556,
    0.6,
    0.61,
    0.56,
    0.55,
    0.5299999989494548,
    0.52,
    0.56,
    0.56,
    0.56,
    0.52,
    0.539999903020386,
    0.53,
    0.52,
    0.5300000478318747,
    0.53,
    0.53,
    0.5300001384049521,
    0.59,
    0.59,
    0.59,
    0.5999999433962051,
    0.64,
    0.64,
    0.6499999685990202,
    0.64,
    0.64,
    0.64,
    0.6294826958105647,
    0.6199999753233718,
    0.619999968999986,
    0.6199999393777568,
    0.6199999598380268,
    0.6199999387653877,
    0.61,
    0.6099999888414568,
    0.6199999224999451,
    0.6299999677674285,
    0.6,
    0.54,
    0.558,
    0.53,
    0.53,
    0.53,
    0.54,
    0.5499999931249997,
    0.5499999451827116,
    0.53,
    0.58,
    0.55,
    0.57,
    0.52,
    0.5,
    0.5,
    0.5,
    0.5,
    0.5,
    0.43,
    0.43,
    0.47,
    0.47999998079999695,
    0.48,
    0.48,
    0.49,
    0.49,
    0.49,
    0.48,
    0.49,
    0.49,
    0.5,
    0.5299999999582189,
    0.5299999986450525,
    0.5,
    0.5,
    0.5,
    0.5,
    0.51,
    0.53,
    0.53,
    0.53,
    0.53,
    0.5,
    0.49,
    0.49,
    0.52,
    0.51,
    0.5,
    0.53,
    0.53,
    0.54,
    0.54,
    0.55,
    0.55,
    0.54,
    0.54,
    0.55,
    0.55,
    0.55,
    0.56,
    0.57,
    0.56,
    0.56,
    0.59,
    0.59,
    0.59,
    0.59000004636907,
    0.6099999786499901,
    0.6400001296000829,
    0.62,
    0.63,
    0.63,
    0.64,
    0.63,
    0.64,
    0.64,
    0.6400001296000829,
    0.67,
    0.629999959190253,
    0.629999927923676,
    0.58,
    0.61,
    0.58,
    0.58,
    0.6699999202380098,
    0.6899999822571332,
    0.69,
    0.69,
    0.69,
    0.64,
    0.67,
    0.66,
    0.67,
    0.71,
    0.71,
    0.71,
    0.7241197849671255,
    0.7199999923199999,
    0.68,
    0.7199999409835388,
    0.7236415871885716,
    0.7,
    0.7,
    0.74,
    0.74,
    0.74,
    0.74,
    0.74,
    0.74,
    0.74,
    0.74,
    0.74,
    0.74,
    0.74,
    0.74,
    0.74,
    0.749999995292099,
    0.74,
    0.7100001288889211,
    0.7695431121416269,
    0.7200000986528661,
    0.759999998175635,
    0.71,
    0.67,
    0.67,
    0.67,
    0.67,
    0.67,
    0.67,
    0.67,
    0.65,
    0.65,
    0.67,
    0.67,
    0.67,
    0.67,
    0.6699999669854897,
    0.67,
    0.67,
    0.67,
    0.69,
    0.69,
    0.69,
    0.69,
    0.69,
    0.69,
    0.69,
    0.69,
    0.69,
    0.69,
    0.69,
    0.69,
    0.6899999098491221,
    0.69,
    0.69,
    0.69,
    0.69,
    0.69,
    0.69,
    0.69,
    0.69,
    0.69,
    0.69,
    0.69,
    0.69,
    0.69,
    0.69,
    0.69,
    0.69,
    0.69,
    0.69,
    0.69,
    0.69,
    0.689999998965,
    0.69,
    0.69,
    0.69,
    0.69,
    0.69,
    0.69,
    0.69,
    0.69,
    0.69,
    0.69,
    0.69,
    0.69,
    0.69,
    0.69,
    0.69,
    0.69,
    0.69,
    0.69,
    0.69,
    0.69,
    0.69,
    0.6899999759999904,
    0.69,
    0.69,
    0.69,
    0.69,
    0.69,
    0.69,
    0.68,
    0.69,
    0.69,
    0.69,
    0.6899999295160983,
    0.69,
    0.69,
    0.69,
    0.68,
    0.69,
    0.69,
    0.69,
    0.69,
    0.69,
    0.69,
    0.69,
    0.69,
    0.69,
    0.69,
    0.689999998965,
    0.69,
    0.69,
    0.69,
    0.69,
    0.69,
    0.69,
    0.69,
    0.69,
    0.69,
    0.69,
    0.69,
    0.69,
    0.69,
    0.69,
    0.69,
    0.69,
    0.69,
    0.69,
    0.69,
    0.69,
    0.69,
    0.69,
    0.69,
    0.7,
    0.7,
    0.7,
    0.7,
    0.7,
    0.7,
    0.68,
    0.7,
    0.69,
    0.69,
    0.69,
    0.69,
    0.69,
    0.69,
    0.69,
    0.69,
    0.69,
    0.69,
    0.69,
    0.6899999002409182,
    0.69,
    0.69,
    0.69,
    0.68,
    0.68,
    0.69,
    0.69,
    0.69,
    0.69,
    0.69,
    0.69,
    0.69,
    0.69,
    0.68,
    0.68,
    0.69,
    0.69,
    0.68,
    0.69,
    0.69,
    0.69,
    0.69,
    0.69,
    0.68,
    0.69,
    0.69,
    0.69,
    0.6899999800577925,
    0.69,
    0.69,
    0.69,
    0.69,
    0.68,
    0.69,
    0.69,
    0.69,
    0.69,
    0.69,
    0.69,
    0.69,
    0.69,
    0.69,
    0.68,
    0.69,
    0.69,
    0.69,
    0.69,
    0.68,
    0.69,
    0.69,
    0.69,
    0.69,
    0.69,
    0.69,
    0.69,
    0.69,
    0.6899999585999611,
    0.69,
    0.69,
    0.6899999585999611,
    0.69,
    0.69,
    0.69,
    0.69,
    0.6899999572856966,
    0.69,
    0.69,
    0.69,
    0.69,
    0.69,
    0.69,
    0.69,
    0.68,
    0.69,
    0.69,
    0.6899999822571332,
    0.7,
    0.7,
    0.7,
    0.7,
    0.7,
    0.7,
    0.7,
    0.6999999641025475,
    0.7,
    0.7,
    0.68,
    0.7,
    0.7,
    0.7,
    0.7,
    0.7,
    0.7,
    0.7,
    0.7,
    0.7,
    0.6999999713114649,
    0.7,
    0.7,
    0.7,
    0.7,
    0.7,
    0.7,
    0.6999997461138187,
    0.6999999950999999,
    0.7,
    0.68,
    0.7,
    0.69,
    0.68,
    0.67,
    0.66,
    0.6699994903413968,
    0.6699997945332137,
    0.6699994897688344,
    0.6699999195999292,
    0.6699998877296879,
    0.6699998297538625,
    0.65,
    0.65000035000035,
    0.65,
    0.66,
    0.6300001210063259,
    0.66,
    0.64,
    0.62,
    0.62,
    0.62,
    0.61,
    0.6,
    0.6,
    0.6,
    0.6,
    0.6,
    0.6,
    0.6,
    0.6,
    0.6,
    0.6,
    0.6,
    0.6,
    0.6,
    0.6,
    0.6,
    0.59,
    0.58,
    0.59,
    0.61,
    0.6,
    0.6,
    0.6135667525353345,
    0.59,
    0.5899999272332938,
    0.59,
    0.5899999272332938,
    0.6,
    0.6,
    0.6,
    0.5800000958695954,
    0.6,
    0.6,
    0.6,
    0.6,
    0.61,
    0.61,
    0.5800000363461681,
    0.5800000168000027,
    0.61,
    0.61,
    0.61,
    0.6099999366233557,
    0.61,
    0.61,
    0.61,
    0.61,
    0.61,
    0.64,
    0.6100000854494675,
    0.62,
    0.64,
    0.65,
    0.66,
    0.66,
    0.65,
    0.64,
    0.65,
    0.69,
    0.68,
    0.69,
    0.69,
    0.69,
    0.69,
    0.69,
    0.69,
    0.69,
    0.6899999413360136,
    0.69,
    0.69,
    0.69,
    0.65,
    0.6500000903756059,
    0.6984110737855823,
    0.69,
    0.69,
    0.69,
    0.69,
    0.670000217800074,
    0.69,
    0.69,
    0.6899999361632538,
    0.69,
    0.67,
    0.67,
    0.6518240232148409,
    0.65,
    0.65,
    0.6499999812138625,
    0.65,
    0.65,
    0.65,
    0.64,
    0.64,
    0.64,
    0.65,
    0.6393856655290102,
    0.629999931997509,
    0.629,
    0.62,
    0.6,
    0.62,
    0.6,
    0.6,
    0.6,
    0.6,
    0.6,
    0.6,
    0.6,
    0.5999999329608638,
    0.6,
    0.59999992105259,
    0.6,
    0.6,
    0.6,
    0.6,
    0.6,
    0.6,
    0.6,
    0.6,
    0.6,
    0.6,
    0.6,
    0.59,
    0.59,
    0.59,
    0.59,
    0.5899999280487541,
    0.59,
    0.59,
    0.5899999883179997,
    0.5899998980627915,
    0.59,
    0.5899998941703751,
    0.58,
    0.58,
    0.54,
    0.51,
    0.51,
    0.5299998780999061,
    0.51,
    0.5100000373895704,
    0.53,
    0.53,
    0.53,
    0.53,
    0.53,
    0.53,
    0.55,
    0.55,
    0.5500000605381355,
    0.55,
    0.569999983069299,
    0.5899999817525685,
    0.59,
    0.5899999429831748,
    0.5899999859523729,
    0.58,
    0.58,
    0.6,
    0.54,
    0.5399998958375307,
    0.54,
    0.54,
    0.54,
    0.5199999812799988,
    0.53,
    0.51,
    0.51,
    0.5,
    0.5,
    0.5099999955652155,
    0.51,
    0.51,
    0.51,
    0.5,
    0.5,
    0.5,
    0.5,
    0.5,
    0.51,
    0.51,
    0.52,
    0.5,
    0.52,
    0.5399999837999981,
    0.56,
    0.56,
    0.57,
    0.57,
    0.57,
    0.57,
    0.57,
    0.58,
    0.58,
    0.58,
    0.5700000702333453,
    0.58,
    0.58,
    0.59,
    0.59,
    0.5899996444869379,
    0.59,
    0.5899998465998865,
    0.5899998989725509,
    0.6,
    0.6099999104195309,
    0.5899999537254484,
    0.58,
    0.58,
    0.59,
    0.61,
    0.6,
    0.59,
    0.6199998214399086,
    0.61,
    0.61,
    0.6199998274780089,
    0.62,
    0.6199998657324276,
    0.61,
    0.6100001422641885,
    0.6100001260366215,
    0.62,
    0.6451336799675335,
    0.6100001292024905,
    0.6199999731601628,
    0.62,
    0.620000122444473,
    0.64,
    0.62,
    0.64,
    0.64,
    0.67,
    0.6700000965853847,
    0.6699999692660423,
    0.6699999842352852,
    0.679999998096,
    0.6899999496874513,
    0.6300001304487556,
    0.63,
    0.5900000798701489,
    0.6,
    0.6,
    0.6,
    0.6,
    0.6299999552132521,
    0.63,
    0.6299999977236751,
    0.6299999716499984,
    0.6299999973134958,
    0.6223520471721823,
    0.65,
    0.65,
    0.63,
    0.61,
    0.59,
    0.61,
    0.66,
    0.66,
    0.62,
    0.5600000082629112,
    0.609999859699892,
    0.61,
    0.61,
    0.65,
    0.65,
    0.65,
    0.65,
    0.58,
    0.55,
    0.55,
    0.530000011280002,
    0.6099999993899999,
    0.5999999606557274,
    0.6,
    0.61,
    0.6,
    0.5800000100800008,
    0.57,
    0.55,
    0.53,
    0.54,
    0.5,
    0.5,
    0.5,
    0.53,
    0.53,
    0.53,
    0.53,
    0.54,
    0.53,
    0.54,
    0.54,
    0.55,
    0.5398895361882422,
    0.5398895241989299,
    0.530000011280002,
    0.5499999731707265,
    0.5499999724999877,
    0.5490748898678414,
    0.5200000069120002,
    0.5499999987723214,
    0.54,
    0.54,
    0.54,
    0.54,
    0.54,
    0.53,
    0.5399999970241627,
    0.54,
    0.5399999942890714,
    0.5300000456944611,
    0.53999997839999,
    0.5399999083928317,
    0.539999962303661,
    0.5300000240340942,
    0.5399999654399953,
    0.54,
    0.5300000084600007,
    0.5399999654399953,
    0.5399999654399953,
    0.5399999654399953,
    0.539999964255313,
    0.53,
    0.539999999772973,
    0.54,
    0.54,
    0.54,
    0.5399999902799992,
    0.5399999971199999,
    0.53999997839999,
    0.53999997839999,
    0.54,
    0.5399999459999668,
    0.53,
    0.53,
    0.53,
    0.5399999654399953,
    0.5200000128924834,
    0.53,
    0.53,
    0.53,
    0.53,
    0.53,
    0.53,
    0.53,
    0.5299999893999994,
    0.5299999887374995,
    0.5299999936399998,
    0.52,
    0.5200000037661829,
    0.5200000172800011,
    0.53,
    0.529999994195238,
    0.53,
    0.53,
    0.53,
    0.53,
    0.53,
    0.53,
    0.5300000046338035,
    0.53,
    0.53,
    0.53,
    0.53,
    0.53,
    0.53,
    0.53,
    0.530000011280002,
    0.5399999992095151,
    0.53,
    0.53,
    0.5300000084600007,
    0.5300000084600007,
    0.5399999881199997,
    0.5399999985599999,
    0.5300000070500003,
    0.53,
    0.53999999664,
    0.54,
    0.5300000015777713,
    0.53,
    0.5399999895483839,
    0.5399999814910016,
    0.5399999691428501,
    0.5399999935199998,
    0.5300000067680002,
    0.5399998469999159,
    0.5300000043083336,
    0.5300000162363645,
    0.539999998488,
    0.5300000065800001,
    0.5399999968656716,
    0.54,
    0.5300000043083336,
    0.539999900307634,
    0.5300000008225,
    0.5300001642719467,
    0.5300000162363645,
    0.5300000047000002,
    0.5399999962980335,
    0.5300000075200004,
    0.54,
    0.5300000171214292,
    0.5399999978394598,
    0.5399999980195599,
    0.54,
    0.5399998469999159,
    0.54,
    0.5399999999481558,
    0.5399999654399953,
    0.53,
    0.5399997670584673,
    0.5399999902799992,
    0.5300001222000904,
    0.5399999654399953,
    0.5399999993454545,
    0.5299441649971122,
    0.52,
    0.52,
    0.5299441637156992,
    0.54,
    0.5200001728001106,
    0.5300219513651132,
    0.5300219667149723,
    0.53999978399989,
    0.5399998868570588,
    0.5300221251335371,
    0.5399998609899972,
    0.5399999902799992,
    0.5399999855999907,
    0.5399999345454426,
    0.54,
    0.53,
    0.53,
    0.53,
    0.53,
    0.53,
    0.53,
    0.53,
    0.53,
    0.53,
    0.5399999973044924,
    0.5300000343324999,
    0.5300000103096778,
    0.5399999915999997,
    0.5300001196364419,
    0.5300000208374478,
    0.5300000693442805,
    0.5300000252811784,
    0.5399999621563267,
    0.5399999744881852,
    0.5399999812986979,
    0.530000011280002,
    0.53,
    0.5399999437499912,
    0.5300000108184169,
    0.5399999901639329,
    0.5300001071163045,
    0.5300000015040001,
    0.54,
    0.5399998469999159,
    0.5300000246904348,
    0.5399999608064465,
    0.5399999506849248,
    0.539999995902439,
    0.5300000728169157,
    0.5300000030542364,
    0.5399999979452054,
    0.5300000032885531,
    0.54,
    0.54,
    0.5300000575174956,
    0.5399999837837794,
    0.5399999086566865,
    0.5300180144275214,
    0.530009,
    0.5300000008603009,
    0.5399881362153995,
    0.53998817425803,
    0.5399999913599932,
    0.539999903020386,
    0.54,
    0.5399999404511046,
    0.5300000375285284,
    0.5300000575980462,
    0.5399999953648049,
    0.5300000146045234,
    0.5399999799628913,
    0.5300000337812582,
    0.53999997839999,
    0.54,
    0.539999869354765,
    0.5300001222000904,
    0.5300001165600643,
    0.5399999985599999,
    0.539999869354765,
    0.5300000069920969,
    0.5399999708633056,
    0.5399999987124463,
    0.5300000116660699,
    0.5399999991131185,
    0.54,
    0.5399998903124366,
    0.54,
    0.53999997839999,
    0.5399999965028571,
    0.54,
    0.5399999610191029,
    0.53999978399989,
    0.54,
    0.54,
    0.54,
    0.53999999928,
    0.5399999884615363,
    0.539999955371886,
    0.5399999935070128,
    0.539999968301882,
    0.54,
    0.5399998910091464,
    0.54,
    0.5399999330972942,
    0.5399999855276362,
    0.539999978823525,
    0.5399999867832148,
    0.54,
    0.5399999959090902,
    0.5399999760817688,
    0.5399998231033537,
    0.5399998897499766,
    0.5399999806451551,
    0.5399999051045398,
    0.54,
    0.539999973947364,
    0.5399999328229427,
    0.5399998910091464,
    0.5399999999364706,
    0.54,
    0.5399999326912075,
    0.54,
    0.5300090059552361,
    0.53,
    0.5300290762181679,
    0.5300000048315877,
    0.5399999654399953,
    0.5399999942774565,
    0.5399999959375587,
    0.5399846287572256,
    0.5399183705727166,
    0.5300331031613477,
    0.5300289342134157,
    0.5399183355248026,
    0.5399822137702102,
    0.5300330350262831,
    0.5300330297419857,
    0.5399296003674402,
    0.530033000094256,
    0.5399687811522715,
    0.5399318434014292,
    0.5300330375259065,
    0.5300289238611137,
    0.5399358555562155,
    0.5399360598612709,
    0.5300289377579831,
    0.5300846496270879,
    0.5300289494631413,
    0.5399977753999777,
    0.5399153347787996,
    0.5300846349919225,
    0.5300289474028032,
    0.5399710921683197,
    0.5399710712656105,
    0.5300090071982143,
    0.5399999991774561,
    0.5399999959090902,
    0.5299999439837306,
    0.5299999650199954,
    0.5299922946206796,
    0.5299780848323141,
    0.5299847190270285,
    0.5200000035765385,
    0.520010097300936,
    0.5200090342222499,
    0.5299651116889145,
    0.5200100640451538,
    0.5200101167128408,
    0.5200090014314932,
    0.5200090334345074,
    0.5200090292967584,
    0.5200885866316115,
    0.5299114527484767,
    0.5200090372087497,
    0.5299999650199954,
    0.53,
    0.53,
    0.53,
    0.53,
    0.5329774866469951,
    0.5200000422907638,
    0.5299999986837747,
    0.52,
    0.5299998780999061,
    0.520000045933032,
    0.5200000254641964,
    0.5299999489449473,
    0.5299999824503301,
    0.5200000178697013,
    0.5299999650199954,
    0.5299999559382355,
    0.52,
    0.5299998617390462,
    0.53,
    0.5200000417391449,
    0.52,
    0.5299999650199954,
    0.5299999006249743,
    0.5200000166956545,
    0.5200000281524992,
    0.5299999830851009,
    0.52,
    0.53,
    0.5200000401673774,
    0.5200000269662982,
    0.5299998780999061,
    0.5299999878160887,
    0.5299998780999061,
    0.529999971534521,
    0.529999984155454,
    0.5299999700353321,
    0.52,
    0.52,
    0.5299998780999061,
    0.53,
    0.5200000185328214,
    0.52,
    0.5200000317880878,
    0.5200000338160512,
    0.5299999663492025,
    0.5200001728001106,
    0.5299999883724487,
    0.5299999955672726,
    0.5299999732640883,
    0.5200001542858025,
    0.5299999899299992,
    0.5299999525050766,
    0.52,
    0.5299999638636286,
    0.5299999232894596,
    0.5200000428571582,
    0.5299999571323406,
    0.5200000422493953,
    0.52,
    0.52,
    0.52,
    0.5299998815293686,
    0.5299999883399997,
    0.520000035687743,
    0.52,
    0.5299999650199954,
    0.5299999988332416,
    0.5299999879545418,
    0.5299998583167292,
    0.5299999973504906,
    0.529999819902799,
    0.5200000466019599,
    0.5200000037836655,
    0.52,
    0.5200001630189663,
    0.52000000516901,
    0.5299999883771881,
    0.5299999169067575,
    0.5200000644776274,
    0.529999948292667,
    0.5299999366472194,
    0.5299999782867753,
    0.5299999280542759,
    0.5200000446511794,
    0.52,
    0.52,
    0.5299998780999061,
    0.5200000526829371,
    0.5299999650199954,
    0.5299997771024808,
    0.5200001585322032,
    0.5299999899299992,
    0.5200001728001106,
    0.53,
    0.52,
    0.5299998389214596,
    0.52,
    0.5299999708373152,
    0.5200001542858025,
    0.52,
    0.52,
    0.5299999469999935,
    0.5200001122078388,
    0.5299998012498834,
    0.5299999647970374,
    0.5200000818957594,
    0.52,
    0.5299999987927104,
    0.52,
    0.5200000623826859,
    0.5299999308695409,
    0.53,
    0.53,
    0.52,
    0.52,
    0.529999970825663,
    0.5299999858288761,
    0.53,
    0.52,
    0.5299998780999061,
    0.5200000302839193,
    0.5299999945674999,
    0.520000019200003,
    0.5200001677670946,
    0.53,
    0.53,
    0.53,
    0.53,
    0.53,
    0.5299999520903863,
    0.5299999641230683,
    0.53,
    0.5299999893999994,
    0.5299999505333215,
    0.53,
    0.5200000579865897,
    0.53,
    0.53,
    0.52,
    0.52,
    0.52,
    0.52,
    0.5299999712285689,
    0.5200000172800011,
    0.53,
    0.53,
    0.52,
    0.52,
    0.53,
    0.52,
    0.5200000073115009,
    0.5399999902799992,
    0.5200000099082572,
    0.52,
    0.5200000066992327,
    0.53,
    0.5399999929474618,
    0.5399999985820568,
    0.5399998469999159,
    0.5399999654399953,
    0.5300000716357034,
    0.5300000625740025,
    0.5399999881199997,
    0.54,
    0.5399999924999997,
    0.5399999482428,
    0.54,
    0.5399999557097689,
    0.5399999777319551,
    0.5399999985599999,
    0.5399999654399953,
    0.5399999615201836,
    0.54,
    0.53,
    0.53,
    0.53,
    0.5399971608832808,
    0.5300529661845594,
    0.5300090025308593,
    0.5300000158791616,
    0.5399999654399953,
    0.5300531253982981,
    0.539999998488,
    0.5399491962428555,
    0.5300090162987482,
    0.5399999804229555,
    0.53,
    0.53,
    0.53,
    0.5399999654399953,
    0.53,
    0.53,
    0.54,
    0.539999900307634,
    0.53,
    0.5300000581443427,
    0.54,
    0.5399999482428,
    0.5399999602802061,
    0.5300000148661832,
    0.530000065096962,
    0.5399999749668802,
    0.5300001128000481,
    0.5399998997467694,
    0.5300001065333565,
    0.5300000575174956,
    0.530000021076237,
    0.54,
    0.5399999858515225,
    0.53,
    0.5399999683199934,
    0.5300000707722174,
    0.5300000688284706,
    0.53,
    0.5399999918490563,
    0.5399999837837794,
    0.5399999906249985,
    0.53,
    0.5300000130751886,
    0.53,
    0.54,
    0.54,
    0.53999978399989,
    0.5399998231033537,
    0.5300000593355604,
    0.5399999936283167,
    0.54,
    0.5399999982495948,
    0.5399999847692293,
    0.539999937473675,
    0.5300000087836577,
    0.53,
    0.5399999929641692,
    0.5300000217480766,
    0.5399999880253428,
    0.5399999740799909,
    0.5300001222000904,
    0.5300000389428651,
    0.5300000018377322,
    0.5300000129250004,
    0.530000158053184,
    0.530000059425314,
    0.5399999837837794,
    0.5399999744881852,
    0.5300000547744503,
    0.5300000389678544,
    0.5300000432894811,
    0.54,
    0.53,
    0.5399999560180931,
    0.5399998609899972,
    0.5399999902483049,
    0.5399999725090823,
    0.5300000303522545,
    0.5399999968846153,
    0.5300000142424286,
    0.5300000208374478,
    0.5300000126375309,
    0.54,
    0.5399998466086503,
    0.5399999985599999,
    0.5399999902799992,
    0.5399999872363628,
    0.5399999846999992,
    0.53,
    0.539999995773913,
    0.53999999848125,
    0.5399999881199997,
    0.5300000088167399,
    0.530000074210539,
    0.5300000337293787,
    0.5399999620735749,
    0.5399999980610409,
    0.53,
    0.53,
    0.5300001222000904,
    0.5300001222000904,
    0.5300000129250004,
    0.5300001222000904,
    0.5300001222000904,
    0.53999997839999,
    0.5399999903187248,
    0.5399990702063759,
    0.530000002544208,
    0.5399898511632079,
    0.5300131752305666,
    0.5300193793206256,
    0.5300639971489232,
    0.5300000154876171,
    0.54,
    0.5399974682596484,
    0.5399886863599247,
    0.5399886863346285,
    0.5300651571380515,
    0.5300639815153546,
    0.5300650944680804,
    0.5399999639999964,
    0.5399940363598023,
    0.5399348023262018,
    0.5399578535093766,
    0.5399578229641538,
    0.5399578838062655,
    0.5300193180115909,
    0.5300193180115909,
    0.5300259283255525,
    0.5300192589147752,
    0.5300260240208192,
    0.539957721268146,
    0.530048596112311,
    0.530025934264149,
    0.5399999825538454,
    0.5399906779601527,
    0.5399903277756044,
    0.5399903115911288,
    0.5399903093329397,
    0.5399903176129661,
    0.5300000171214292,
    0.5300339366515837,
    0.5300003153778227,
    0.5300000043083336,
    0.530000033426729,
    0.5300000162363645,
    0.5300000084600007,
    0.5399999554420294,
    0.54,
    0.5399998741746644,
    0.5399999909189185,
    0.5399999799628913,
    0.5399999941970146,
    0.5399999740799909,
    0.5300000144615408,
    0.5300000024087125,
    0.54,
    0.53000002885966,
    0.5300000115401808,
    0.5300000335714348,
    0.5399997962261075,
    0.5300000398458617,
    0.54,
    0.53,
    0.53,
    0.5399999172262598,
    0.5399999083928317,
    0.5399999654399953,
    0.5399999935199998,
    0.5300001222000904,
    0.5399999902799992,
    0.54,
    0.53999999664,
    0.5399999665634592,
    0.5300000470000068,
    0.5399999547305157,
    0.530000152845603,
    0.5399999353845955,
    0.54,
    0.5300000642735138,
    0.5300000728169157,
    0.5300000087523292,
    0.5300000581443427,
    0.539999968301882,
    0.5399999549999803,
    0.5399999654399953,
    0.5300000335714348,
    0.539999964255313,
    0.5300000731834049,
    0.5399999986499998,
    0.5399999455462011,
    0.5300000634017695,
    0.5399999691428501,
    0.53,
    0.53,
    0.5300000052696493,
    0.53,
    0.5399999921052622,
    0.5399999921052622,
    0.54,
    0.5399999632414817,
    0.54,
    0.53,
    0.53,
    0.5300045101716239,
    0.5300000150051504,
    0.5399998868570588,
    0.5300000738796118,
    0.5399999964916079,
    0.5300000033040424,
    0.5399999809187253,
    0.54,
    0.5399999960271055,
    0.5399999434413743,
    0.53,
    0.5300000130930388,
    0.53,
    0.54,
    0.54,
    0.54,
    0.5399999346397397,
    0.53,
    0.53,
    0.53,
    0.5300000048169841,
    0.5399999815609717,
    0.5300000308196802,
    0.53,
    0.53,
    0.53,
    0.5300000790654812,
    0.53,
    0.54,
    0.54,
    0.530000065096962,
    0.54,
    0.54,
    0.54,
    0.53,
    0.53,
    0.53,
    0.53,
    0.53,
    0.5399999902799992,
    0.54,
    0.53,
    0.53,
    0.53,
    0.54,
    0.5300000361538781,
    0.53,
    0.53,
    0.54,
    0.54,
    0.54,
    0.54,
    0.53,
    0.53,
    0.53,
    0.53,
    0.53,
    0.53,
    0.53,
    0.53,
    0.53,
    0.53,
    0.5300001642719467,
    0.5399999985599999,
    0.5399999945177663,
    0.54,
    0.5399994811759518,
    0.5399999815813932,
    0.5399999725090823,
    0.5300000344322382,
    0.5300000198846222,
    0.53,
    0.5399999654399953,
    0.54,
    0.54,
    0.539999982352936,
    0.54,
    0.53,
    0.5399999902799992,
    0.5399999405825116,
    0.53,
    0.530000022069568,
    0.54,
    0.5399999788695614,
    0.5300000167857183,
    0.5300000062568524,
    0.5399999839603886,
    0.53000002885966,
    0.54,
    0.54,
    0.54,
    0.54,
    0.54,
    0.54,
    0.53,
    0.53,
    0.53,
    0.53,
    0.53,
    0.5399999305714127,
    0.5399999839603886,
    0.5300000629897148,
    0.5399999466159545,
    0.54,
    0.5399999873789632,
    0.5399999657720812,
    0.53,
    0.53999997839999,
    0.54,
    0.5300001081000292,
    0.53,
    0.53,
    0.53,
    0.5300000022694048,
    0.5399999992192771,
    0.5300000148661832,
    0.54,
    0.53,
    0.53,
    0.53,
    0.53,
    0.54,
    0.55,
    0.54,
    0.55,
    0.55,
    0.55,
    0.55,
    0.53,
    0.53,
    0.53,
    0.53,
    0.53,
    0.53,
    0.54,
    0.5400205507603781,
    0.55,
    0.5499999498697832,
    0.5499999986318408,
    0.55,
    0.55,
    0.55,
    0.5499999990968801,
    0.55,
    0.54,
    0.55,
    0.55,
    0.55,
    0.54,
    0.54,
    0.54,
    0.54,
    0.54,
    0.5426320339583416,
    0.54,
    0.54,
    0.5399999964255319,
    0.5399999971199999,
    0.5399999827002254,
    0.5399999957508196,
    0.5399999803563467,
    0.53,
    0.54,
    0.5300000033597141,
    0.54,
    0.53,
    0.53,
    0.54,
    0.53,
    0.53,
    0.53,
    0.53,
    0.53,
    0.5399999654399953,
    0.53,
    0.53,
    0.54,
    0.53,
    0.54,
    0.5399999274857034,
    0.5399999990542907,
    0.5200000022296775,
    0.53,
    0.54,
    0.54,
    0.54,
    0.54,
    0.54,
    0.5200000204255354,
    0.5200000204255354,
    0.5200000204255354,
    0.5200000204255354,
    0.5200000204255354,
    0.52,
    0.53,
    0.5315566666666667,
    0.5399999989740932,
    0.53,
    0.5300000783333971,
    0.53999978399989,
    0.5399998741746644,
    0.5399999982660132,
    0.5300000048309731,
    0.53,
    0.53,
    0.53,
    0.53,
    0.5399994811759518,
    0.5399994811759518,
    0.54,
    0.53,
    0.5399998609899972,
    0.5399999997218884,
    0.5200000021586508,
    0.53,
    0.5399999985064823,
    0.5200000016776699,
    0.53999978399989,
    0.53999978399989,
    0.5200000950495802,
    0.5200000950495802,
    0.5200000950495802,
    0.5200000872727908,
    0.52,
    0.53999997839999,
    0.52,
    0.53999978399989,
    0.5200000950495802,
    0.5399998609899972,
    0.54,
    0.5399999881199997,
    0.5399998741746644,
    0.5200000059178084,
    0.53,
    0.54,
    0.54,
    0.54,
    0.54,
    0.54,
    0.5399999221621032,
    0.53,
    0.52,
    0.53,
    0.53,
    0.5399998469999159,
    0.5300000078333348,
    0.5300000078333348,
    0.5300000078333348,
    0.5300000078333348,
    0.5399999221621032,
    0.54,
    0.5399994811759518,
    0.53999978399989,
    0.54,
    0.5399994811759518,
    0.5399998609899972,
    0.5399994811759518,
    0.5399994811759518,
    0.5399998609899972,
    0.5399998609899972,
    0.5399998609899972,
    0.5399994811759518,
    0.5399994811759518,
    0.5399999953648049,
    0.52,
    0.5200002853842818,
    0.5200000094920546,
    0.53,
    0.52,
    0.53999999847,
    0.5300000783333971,
    0.539999895123944,
    0.5300002094060546,
    0.5300002094060546,
    0.5300000099995866,
    0.53,
    0.5300000783333971,
    0.5300002094060546,
    0.5300002094060546,
    0.5300000783333971,
    0.5300002094060546,
    0.53,
    0.54,
    0.53999978399989,
    0.5399999989740932,
    0.53,
    0.52,
    0.53,
    0.5200000022296775,
    0.54,
    0.5399999954378245,
    0.5399999815609717,
    0.52,
    0.53,
    0.53,
    0.53,
    0.5200000028406803,
    0.5399999991762712,
    0.54,
    0.5300000491860528,
    0.53,
    0.53,
    0.53,
    0.53,
    0.53,
    0.5399999995384616,
    0.520000000923077,
    0.54,
    0.54,
    0.54,
    0.54,
    0.54,
    0.5200000204255354,
    0.5200000204255354,
    0.5200000204255354,
    0.5200000204255354,
    0.5200000204255354,
    0.53,
    0.5200000022288147,
    0.5399999986719367,
    0.53,
    0.52,
    0.52,
    0.52,
    0.53,
    0.52,
    0.52,
    0.52,
    0.5399998583605768,
    0.5399999998243903,
    0.54,
    0.54,
    0.5399999999068965,
    0.54,
    0.5399999981581395,
    0.53,
    0.530000011280002,
    0.5399998714285255,
    0.53,
    0.54,
    0.54,
    0.53,
    0.5399999902799992,
    0.54,
    0.53,
    0.53,
    0.53,
    0.54,
    0.5403865201433689,
    0.53,
    0.54,
    0.539999963697451,
    0.53,
    0.52,
    0.5440937673570604,
    0.5399999526575254,
    0.53,
    0.5200000026564182,
    0.5399999991762712,
    0.536069735827254,
    0.52,
    0.52,
    0.52,
    0.5399999654399953,
    0.53999997839999,
    0.52,
    0.53,
    0.520000013245846,
    0.52,
    0.5399999980040482,
    0.52,
    0.5200002790704165,
    0.52,
    0.52,
    0.52,
    0.5200000022149213,
    0.5399999995384616,
    0.5200000522054482,
    0.52,
    0.52,
    0.52,
    0.5399999987581815,
    0.52,
    0.52,
    0.539999998820168,
    0.52,
    0.53,
    0.53,
    0.53,
    0.5399999647236116,
    0.53,
    0.5399999915999997,
    0.53,
    0.53,
    0.53,
    0.539999995773913,
    0.529952380952381,
    0.52,
    0.52,
    0.5200000016776699,
    0.5399999985064823,
    0.54,
    0.54,
    0.54,
    0.54,
    0.54,
    0.539999999298,
    0.52,
    0.520000000950495,
    0.5399999980040482,
    0.54,
    0.5399999980040482,
    0.520000000950495,
    0.53,
    0.5200000029854872,
    0.53,
    0.5399999995384616,
    0.54,
    0.54,
    0.54,
    0.54,
    0.54,
    0.5399999985064823,
    0.52,
    0.52,
    0.52,
    0.52,
    0.52,
    0.5200000016776699,
    0.539999810526216,
    0.54,
    0.5200001630189663,
    0.52,
    0.53,
    0.52,
    0.5374533333333333,
    0.53,
    0.54,
    0.53,
    0.530000011280002,
    0.54,
    0.52,
    0.5399999991762712,
    0.54,
    0.54,
    0.54,
    0.5399999436521308,
    0.54,
    0.52,
    0.52,
    0.52,
    0.52,
    0.54,
    0.5398391818104068,
    0.54,
    0.54,
    0.54,
    0.54,
    0.52,
    0.52,
    0.52,
    0.52,
    0.5200000151898754,
    0.5200000016776699,
    0.5399999989740932,
    0.52,
    0.54,
    0.54,
    0.54,
    0.54,
    0.52,
    0.52,
    0.52,
    0.52,
    0.53999999784,
    0.5200000016776699,
    0.5399999999068965,
    0.5399999846999992,
    0.5399999381927595,
    0.5200000923077633,
    0.53999999847,
    0.5200000008971962,
    0.54,
    0.52,
    0.54,
    0.54,
    0.5399999683199934,
    0.5200000121239341,
    0.52,
    0.52,
    0.5397871961790606,
    0.5299038224562242,
    0.5299038224562242,
    0.52,
    0.5200000018334295,
    0.52,
    0.52,
    0.52,
    0.52,
    0.5200000503790182,
    0.54,
    0.53,
    0.54,
    0.5200000480000192,
    0.5200000172800011,
    0.5399999961882349,
    0.54,
    0.54,
    0.54,
    0.54,
    0.5308015778014092,
    0.52,
    0.52,
    0.52,
    0.52,
    0.52,
    0.529999999261324,
    0.520000000923077,
    0.529999990724999,
    0.529999990724999,
    0.52,
    0.5200000172800011,
    0.5200000246857165,
    0.5299998780999061,
    0.5200000297213696,
    0.52,
    0.53,
    0.53,
    0.53,
    0.53,
    0.53,
    0.52,
    0.52,
    0.52,
    0.52,
    0.5299999518181424,
    0.53,
    0.53,
    0.53,
    0.53,
    0.52,
    0.52,
    0.52,
    0.52,
    0.52,
    0.5299999712285689,
    0.53,
    0.53,
    0.53,
    0.53,
    0.52,
    0.52,
    0.52,
    0.5200000691200177,
    0.52,
    0.5200001100918441,
    0.5299999505333215,
    0.53,
    0.52,
    0.52,
    0.53,
    0.54,
    0.54,
    0.5399999658947319,
    0.54,
    0.53,
    0.53,
    0.54,
    0.53,
    0.53,
    0.53,
    0.53,
    0.5399999971199999,
    0.53,
    0.54,
    0.539999971199992,
    0.54,
    0.53,
    0.54,
    0.53,
    0.53,
    0.54,
    0.53,
    0.53,
    0.5300001222000904,
    0.53,
    0.53,
    0.54,
    0.53,
    0.53,
    0.5399999881199997,
    0.54,
    0.53,
    0.54,
    0.53,
    0.53,
    0.530000158053184,
    0.54,
    0.53,
    0.5399998741746644,
    0.53,
    0.53,
    0.54,
    0.53,
    0.53,
    0.53,
    0.54,
    0.53,
    0.54,
    0.53,
    0.53,
    0.5399999989632,
    0.54,
    0.53,
    0.54,
    0.54,
    0.53,
    0.53,
    0.5200000159224527,
    0.53,
    0.53,
    0.5399999964,
    0.53,
    0.53,
    0.54,
    0.53,
    0.53,
    0.53,
    0.53,
    0.53,
    0.53,
    0.53,
    0.53,
    0.54,
    0.54,
    0.5499999455445059,
    0.5499999984285714,
    0.54,
    0.54,
    0.55,
    0.5400000032200002,
    0.55,
    0.54,
    0.5499999559999947,
    0.5400001589091805,
    0.5599999706036684,
    0.55,
    0.55,
    0.55,
    0.559999843199887,
    0.5500000005780594,
    0.54,
    0.54,
    0.54,
    0.5400000640506443,
    0.55,
    0.5560653846153846,
    0.5500002025001114,
    0.55,
    0.55,
    0.55,
    0.55,
    0.5599999663999852,
    0.55,
    0.55,
    0.56,
    0.55,
    0.5500000364077758,
    0.556953125,
    0.55,
    0.55,
    0.5599999827249318,
    0.5599999796363458,
    0.5500000202500012,
    0.55,
    0.5500000616438441,
    0.5599999951304337,
    0.56,
    0.56,
    0.56,
    0.56,
    0.5599908209672476,
    0.56,
    0.5600128698888439,
    0.5699908287879519,
    0.5702404947822172,
    0.5699947563972734,
    0.57,
    0.5699901141994068,
    0.5600306496623871,
    0.5600306522198889,
    0.5699900408081838,
    0.5699900680047542,
    0.5799230005913119,
    0.5700092314491104,
    0.5700090049845512,
    0.5700090096361493,
    0.5700090427739203,
    0.560009,
    0.560045,
    0.5699629699344853,
    0.5699895369571015,
    0.560009,
    0.569953746078733,
    0.5699537464899151,
    0.560009,
    0.5699902183602241,
    0.5699863134115297,
    0.560009,
    0.5699860938296876,
    0.560009,
    0.5699861430842953,
    0.5699901637921474,
    0.5699902182062506,
    0.5699902183284425,
    0.5600097902988718,
    0.5600098104282634,
    0.5600097828688979,
    0.5600098230403162,
    0.5600097835004718,
    0.5600138979875469,
    0.57,
    0.5699977062466549,
    0.5600139033350713,
    0.5600138824250838,
    0.5699743954041122,
    0.5600346362745782,
    0.5600090196926675,
    0.57,
    0.5600346872125863,
    0.5699987539827238,
    0.5699886518106531,
    0.5699885988417884,
    0.57,
    0.560009,
    0.569991881300465,
    0.5699910374591345,
    0.5699861123333896,
    0.5600096112772319,
    0.5699909469260628,
    0.5600691775557264,
    0.5601045094832592,
    0.5600090111431821,
    0.5699761192884129,
    0.5601043076108595,
    0.5600097741145733,
    0.5601125,
    0.5699909635282242,
    0.5699909469760642,
    0.560009034817045,
    0.57,
    0.5699999530776377,
    0.56,
    0.56,
    0.57,
    0.5699525217736203,
    0.5699525219045368,
    0.56,
    0.56,
    0.56,
    0.58,
    0.58,
    0.58,
    0.6200054726090114,
    0.58,
    0.620005471359772,
    0.640157422820073,
    0.6200906095693306,
    0.6200905983912919,
    0.63,
    0.6201872714275443,
    0.61,
    0.590099222571161,
    0.6332057028088609,
    0.6,
    0.5900000503508858,
    0.59,
    0.58,
    0.6,
    0.6,
    0.5900000527539555,
    0.6099999786499901,
    0.5900000553500202,
    0.6,
    0.6,
    0.610301351596133,
    0.5901076130211693,
    0.6,
    0.58,
    0.6299999577514738,
    0.62,
    0.6299999927678563,
    0.6099260785458729,
    0.6099260778489153,
    0.6099260791109816,
    0.6199999676521616,
    0.6100323226778144,
    0.6100323239129947,
    0.6101631130759207,
    0.6101630942531147,
    0.6101631393080502,
    0.6200432684959628,
    0.6200433322990502,
    0.5800412667319406,
    0.5800412560154531,
    0.59,
    0.5800414325689611,
    0.5800703580820165,
    0.57,
    0.57,
    0.5801336673684202,
    0.6098885040073599,
    0.5801337429598249,
    0.5801337135436754,
    0.619940329632967,
    0.5800853805001281,
    0.5800853975934821,
    0.5800853706390745,
    0.676981282212039,
    0.6699999195999292,
    0.67,
    0.67,
    0.67,
    0.7001721222431299,
    0.7001719674822164,
    0.7001720545832089,
    0.6903298756491673,
    0.6999497932663911,
    0.6800691814077165,
    0.6800691372298395,
    0.6800691329321366,
    0.6801593459908457,
    0.6899519229024779,
    0.6899519226389825,
    0.67,
    0.6899519227378513,
    0.699928263968069,
    0.6800446907448494,
    0.6800446976798895,
    0.6800502937884549,
    0.6800502834730512,
    0.6999162790309246,
    0.6999162790475869,
    0.68,
    0.6898928995726372,
    0.6898928972812387,
    0.6999575113653302,
    0.6900266336416317,
    0.6900266497040184,
    0.69,
    0.7199855414372831,
    0.690020177264132,
    0.6900201935880519,
    0.69002019250617,
    0.7199855409776807,
    0.7000389951267121,
    0.7199855421345405,
    0.7000388878948158,
    0.7000388488879731,
    0.7199548532731377,
    0.6902754241542655,
    0.6902755213228515,
    0.7399923721850995,
    0.7399923722312942,
    0.7399923717359591,
    0.6902049634763782,
    0.6902049824990193
]
