[
    0.999,
    0.999,
    0.999,
    0.999,
    0.999,
    0.999,
    0.999,
    0.997,
    0.999,
    0.999,
    0.999,
    0.999,
    0.999,
    0.999,
    0.999,
    0.999,
    0.999,
    0.999,
    0.998,
    0.998,
    0.998,
    0.998,
    0.998,
    0.996,
    0.996,
    0.996,
    0.996,
    0.996,
    0.996,
    0.996,
    0.996,
    0.996,
    0.996,
    0.999,
    0.997,
    0.999,
    0.999,
    0.997,
    0.997,
    0.997,
    0.997,
    0.997,
    0.997,
    0.997,
    0.997,
    0.993,
    0.994,
    0.994,
    0.994,
    0.996,
    0.996,
    0.997,
    0.998,
    0.998,
    0.997,
    0.997,
    0.995,
    0.995,
    0.995,
    0.995,
    0.995,
    0.996,
    0.996,
    0.996,
    0.996,
    0.994,
    0.994,
    0.99,
    0.99,
    0.99,
    0.99,
    0.99,
    0.99,
    0.99,
    0.995,
    0.995,
    0.995,
    0.995,
    0.995,
    0.995,
    0.995,
    0.995,
    0.995,
    0.994,
    0.994,
    0.994,
    0.9929999008103212,
    0.9930971739473705,
    0.993,
    0.9935903318312167,
    0.993,
    0.994,
    0.994,
    0.992,
    0.993,
    0.993,
    0.993,
    0.993,
    0.993,
    0.993,
    0.992,
    0.992,
    0.992,
    0.992,
    0.993,
    0.9925488408781681,
    0.9929503524570569,
    0.99,
    0.99,
    0.991,
    0.99
]
