[
    0.001,
    0.001,
    0.001,
    0.001,
    0.001,
    0.001,
    0.001,
    0.001,
    0.001,
    0.001,
    0.001,
    0.001,
    0.001,
    0.001,
    0.001,
    0.001,
    0.001,
    0.001,
    0.001,
    0.001,
    0.001,
    0.001,
    0.001,
    0.001,
    0.001,
    0.001,
    0.001,
    0.001,
    0.001,
    0.001,
    0.001,
    0.001,
    0.001,
    0.001,
    0.002,
    0.002,
    0.002,
    0.002,
    0.002,
    0.003,
    0.001,
    0.001,
    0.001,
    0.001,
    0.001,
    0.001,
    0.001,
    0.001,
    0.003,
    0.001,
    0.001,
    0.001,
    0.001,
    0.001,
    0.001,
    0.001,
    0.002,
    0.004,
    0.002,
    0.002,
    0.002,
    0.002,
    0.002,
    0.001,
    0.003,
    0.004,
    0.002,
    0.003,
    0.003,
    0.003,
    0.004,
    0.002,
    0.002,
    0.002,
    0.002,
    0.004,
    0.002,
    0.004,
    0.004,
    0.005,
    0.005,
    0.005,
    0.004,
    0.004,
    0.004,
    0.004,
    0.004,
    0.004,
    0.004671033333333333,
    0.002,
    0.003,
    0.003,
    0.003,
    0.003,
    0.003,
    0.00325,
    0.004,
    0.001,
    0.004,
    0.001,
    0.003,
    0.003,
    0.003,
    0.003,
    0.003,
    0.003,
    0.003,
    0.003,
    0.003,
    0.003,
    0.003,
    0.003,
    0.003,
    0.003,
    0.003,
    0.003,
    0.003,
    0.003,
    0.003,
    0.003,
    0.003,
    0.003,
    0.003,
    0.003,
    0.003,
    0.003,
    0.003,
    0.003,
    0.003,
    0.003,
    0.003,
    0.003,
    0.003,
    0.003,
    0.003,
    0.003075025,
    0.001,
    0.001,
    0.003,
    0.003,
    0.003,
    0.003,
    0.003,
    0.003,
    0.003,
    0.003,
    0.003,
    0.003,
    0.003,
    0.003,
    0.003,
    0.003,
    0.003,
    0.003,
    0.003,
    0.003,
    0.004,
    0.004,
    0.005,
    0.005,
    0.0069,
    0.005,
    0.005,
    0.005,
    0.005,
    0.005,
    0.005,
    0.005,
    0.005,
    0.005,
    0.005,
    0.005,
    0.005,
    0.005,
    0.005,
    0.005,
    0.005,
    0.005,
    0.005,
    0.005,
    0.005,
    0.005,
    0.005,
    0.005,
    0.005,
    0.005,
    0.005,
    0.005,
    0.005,
    0.005,
    0.005,
    0.005,
    0.005,
    0.005,
    0.005,
    0.005,
    0.005,
    0.005,
    0.005,
    0.005,
    0.005,
    0.005,
    0.005,
    0.005,
    0.005,
    0.005,
    0.005,
    0.005,
    0.005,
    0.005,
    0.005,
    0.005,
    0.005,
    0.005,
    0.005,
    0.005,
    0.005,
    0.005,
    0.005,
    0.005,
    0.005,
    0.005,
    0.005,
    0.005,
    0.005,
    0.005,
    0.005,
    0.005,
    0.005,
    0.005,
    0.005,
    0.005,
    0.005,
    0.005,
    0.005,
    0.005,
    0.005,
    0.005,
    0.005,
    0.005,
    0.005,
    0.005,
    0.005,
    0.005,
    0.005,
    0.005,
    0.005,
    0.005,
    0.005,
    0.005,
    0.005,
    0.005,
    0.005,
    0.005,
    0.0052,
    0.006,
    0.005,
    0.005,
    0.005,
    0.005,
    0.005,
    0.005,
    0.005,
    0.005,
    0.005,
    0.005,
    0.005,
    0.005,
    0.005,
    0.005,
    0.005,
    0.005,
    0.005,
    0.005,
    0.005,
    0.005,
    0.005,
    0.005,
    0.005,
    0.005,
    0.005,
    0.005,
    0.005,
    0.005,
    0.004,
    0.004,
    0.004,
    0.00895355,
    0.006,
    0.005,
    0.005,
    0.005,
    0.006,
    0.005,
    0.005,
    0.005,
    0.005,
    0.005,
    0.005,
    0.005,
    0.005,
    0.005,
    0.005,
    0.005,
    0.005,
    0.005,
    0.005,
    0.005,
    0.005,
    0.005,
    0.005,
    0.005,
    0.005,
    0.005,
    0.005,
    0.005,
    0.005,
    0.005,
    0.005,
    0.005,
    0.005,
    0.005,
    0.005,
    0.005,
    0.005,
    0.005,
    0.005,
    0.005,
    0.005,
    0.005,
    0.005,
    0.005,
    0.005,
    0.005,
    0.005,
    0.005,
    0.005,
    0.005,
    0.005,
    0.005,
    0.005,
    0.005,
    0.005,
    0.005,
    0.005,
    0.005,
    0.005,
    0.005,
    0.005,
    0.005,
    0.005,
    0.005,
    0.005,
    0.005,
    0.005,
    0.005,
    0.005,
    0.005,
    0.005,
    0.005,
    0.005,
    0.005,
    0.005,
    0.005,
    0.005,
    0.005,
    0.005,
    0.005,
    0.005819291666666667,
    0.005,
    0.005,
    0.004,
    0.005,
    0.005,
    0.005,
    0.005,
    0.004,
    0.004,
    0.004,
    0.004,
    0.005,
    0.004,
    0.004,
    0.0057261379662135806,
    0.005,
    0.003,
    0.002,
    0.002,
    0.004,
    0.003,
    0.003,
    0.003,
    0.003,
    0.002,
    0.003,
    0.003,
    0.003,
    0.003,
    0.005,
    0.003,
    0.005,
    0.005,
    0.005,
    0.005,
    0.005,
    0.005,
    0.005,
    0.007,
    0.003,
    0.003,
    0.004,
    0.004,
    0.003,
    0.004,
    0.003,
    0.004,
    0.004,
    0.005,
    0.005,
    0.005,
    0.005,
    0.005,
    0.006,
    0.005,
    0.005,
    0.006,
    0.007,
    0.004,
    0.004,
    0.004,
    0.004,
    0.004,
    0.004,
    0.005,
    0.005,
    0.005,
    0.005,
    0.006,
    0.006,
    0.005,
    0.005,
    0.005,
    0.005,
    0.006,
    0.006,
    0.006,
    0.006,
    0.006,
    0.006,
    0.006,
    0.006,
    0.006,
    0.006,
    0.006,
    0.006,
    0.006,
    0.006,
    0.006,
    0.005,
    0.006,
    0.005,
    0.006,
    0.006,
    0.006,
    0.006,
    0.006,
    0.005,
    0.005,
    0.005,
    0.006,
    0.006,
    0.006,
    0.006,
    0.006,
    0.006,
    0.006,
    0.006,
    0.006,
    0.006,
    0.006,
    0.006,
    0.006,
    0.006,
    0.005,
    0.006,
    0.005,
    0.006,
    0.006,
    0.006,
    0.006,
    0.006,
    0.006,
    0.006,
    0.006,
    0.006,
    0.006,
    0.006,
    0.006,
    0.006,
    0.006,
    0.006,
    0.006,
    0.006,
    0.006,
    0.006,
    0.006,
    0.006,
    0.006,
    0.006,
    0.006,
    0.006,
    0.006,
    0.006,
    0.006,
    0.007,
    0.006,
    0.006,
    0.006,
    0.006,
    0.006,
    0.006,
    0.005,
    0.005,
    0.005,
    0.005,
    0.006,
    0.006,
    0.006,
    0.006,
    0.006,
    0.006,
    0.006,
    0.006,
    0.006,
    0.006,
    0.006,
    0.005,
    0.006,
    0.006,
    0.006,
    0.006,
    0.006,
    0.006,
    0.006,
    0.006,
    0.006,
    0.006,
    0.006,
    0.006,
    0.006,
    0.005,
    0.005,
    0.005,
    0.006,
    0.005,
    0.006,
    0.006,
    0.006,
    0.006,
    0.006,
    0.006,
    0.006,
    0.006,
    0.006,
    0.005,
    0.006,
    0.006,
    0.006,
    0.006,
    0.006,
    0.006,
    0.006,
    0.006654255319148936,
    0.006,
    0.004,
    0.004,
    0.006,
    0.004,
    0.006,
    0.006,
    0.006,
    0.006,
    0.006,
    0.007,
    0.006,
    0.006,
    0.009,
    0.01,
    0.01,
    0.01,
    0.01,
    0.01,
    0.009643153153153153,
    0.009,
    0.008,
    0.008,
    0.008,
    0.007,
    0.007,
    0.007,
    0.007,
    0.008,
    0.00861184,
    0.006,
    0.006,
    0.006,
    0.007,
    0.007,
    0.008,
    0.007,
    0.007,
    0.008,
    0.007,
    0.008,
    0.008,
    0.007,
    0.006,
    0.006,
    0.008,
    0.008,
    0.008576,
    0.006,
    0.006,
    0.008,
    0.008,
    0.008,
    0.008,
    0.008,
    0.008,
    0.008,
    0.008,
    0.008,
    0.008,
    0.008,
    0.008,
    0.006,
    0.006,
    0.008,
    0.008,
    0.007,
    0.007,
    0.007,
    0.008,
    0.008,
    0.008,
    0.008,
    0.008,
    0.007,
    0.008,
    0.006,
    0.008,
    0.008,
    0.008,
    0.007,
    0.007,
    0.008,
    0.008,
    0.007,
    0.008,
    0.008,
    0.008,
    0.008,
    0.008,
    0.006,
    0.008,
    0.008,
    0.008,
    0.008,
    0.008,
    0.008,
    0.008,
    0.008,
    0.008,
    0.008,
    0.008,
    0.007,
    0.008,
    0.007,
    0.007,
    0.008,
    0.007,
    0.007,
    0.008,
    0.008,
    0.008,
    0.007,
    0.007,
    0.008,
    0.007,
    0.009,
    0.009,
    0.009,
    0.008,
    0.006,
    0.006,
    0.006,
    0.005,
    0.008,
    0.006,
    0.006,
    0.00886281717465666,
    0.008,
    0.008,
    0.005,
    0.005,
    0.005,
    0.005,
    0.005,
    0.005,
    0.005,
    0.005,
    0.005,
    0.005,
    0.006,
    0.007,
    0.006,
    0.007,
    0.007,
    0.006,
    0.006,
    0.008,
    0.008,
    0.008,
    0.008,
    0.008,
    0.008,
    0.008,
    0.008,
    0.008,
    0.008,
    0.008,
    0.008,
    0.008,
    0.008,
    0.008,
    0.008,
    0.008,
    0.009,
    0.006000001858160997,
    0.006,
    0.006,
    0.006,
    0.006,
    0.006,
    0.007,
    0.007,
    0.007,
    0.007,
    0.007,
    0.007,
    0.007,
    0.007,
    0.007,
    0.007,
    0.008,
    0.008,
    0.008,
    0.007,
    0.008,
    0.007000000493212492,
    0.007000000005224118,
    0.002,
    0.01,
    0.00967741935483871
]
