[
    0.999,
    0.999,
    0.999,
    0.999,
    0.999,
    0.999,
    0.998,
    0.998,
    0.999,
    0.9989705882352942,
    0.998,
    0.998,
    0.998,
    0.998,
    0.998,
    0.998,
    0.999,
    0.997,
    0.997,
    0.995,
    0.995,
    0.9969999999052253,
    0.997,
    0.996,
    0.999,
    0.999,
    0.999,
    0.998,
    0.998,
    0.996,
    0.996,
    0.9979999067441181,
    0.9979999650789254,
    0.998,
    0.997,
    0.99699999998006,
    0.997,
    0.998,
    0.997,
    0.998,
    0.997,
    0.998,
    0.997,
    0.998,
    0.997,
    0.998,
    0.997,
    0.998,
    0.997,
    0.998,
    0.997,
    0.998,
    0.997,
    0.998,
    0.997,
    0.998,
    0.997,
    0.998,
    0.997,
    0.998,
    0.997,
    0.998,
    0.997,
    0.998,
    0.997,
    0.998,
    0.997,
    0.998,
    0.997,
    0.998,
    0.997,
    0.998,
    0.997,
    0.998,
    0.997,
    0.998,
    0.997,
    0.998,
    0.997,
    0.998,
    0.997,
    0.998,
    0.997,
    0.998,
    0.997,
    0.998,
    0.997,
    0.998,
    0.997,
    0.998,
    0.997,
    0.998,
    0.997,
    0.998,
    0.997,
    0.998,
    0.997,
    0.998,
    0.997,
    0.998,
    0.997,
    0.998,
    0.997,
    0.998,
    0.997,
    0.998,
    0.997,
    0.998,
    0.997,
    0.998,
    0.997,
    0.998,
    0.997,
    0.998,
    0.997,
    0.998,
    0.997,
    0.998,
    0.997,
    0.998,
    0.997,
    0.998,
    0.997,
    0.998,
    0.997,
    0.998,
    0.997,
    0.998,
    0.997,
    0.998,
    0.997,
    0.998,
    0.997,
    0.998,
    0.997,
    0.998,
    0.997,
    0.998,
    0.997,
    0.998,
    0.997,
    0.998,
    0.997,
    0.998,
    0.997,
    0.998,
    0.997,
    0.998,
    0.996,
    0.996,
    0.997,
    0.998,
    0.997,
    0.998,
    0.997,
    0.998,
    0.997,
    0.998,
    0.997,
    0.998,
    0.997,
    0.998,
    0.997,
    0.998,
    0.997,
    0.998,
    0.997,
    0.998,
    0.997,
    0.998,
    0.997,
    0.998,
    0.997,
    0.998,
    0.997,
    0.998,
    0.997,
    0.998,
    0.997,
    0.998,
    0.997,
    0.998,
    0.997,
    0.998,
    0.997,
    0.998,
    0.997,
    0.998,
    0.997,
    0.998,
    0.997,
    0.998,
    0.997,
    0.998,
    0.997,
    0.998,
    0.997,
    0.998,
    0.997,
    0.998,
    0.997,
    0.998,
    0.997,
    0.998,
    0.997,
    0.998,
    0.997,
    0.998,
    0.997,
    0.998,
    0.997,
    0.998,
    0.997,
    0.998,
    0.997,
    0.998,
    0.997,
    0.998,
    0.997,
    0.998,
    0.997,
    0.998,
    0.997,
    0.998,
    0.997,
    0.998,
    0.997,
    0.998,
    0.997,
    0.998,
    0.997,
    0.998,
    0.997,
    0.998,
    0.997,
    0.998,
    0.997,
    0.998,
    0.997,
    0.998,
    0.997,
    0.998,
    0.997,
    0.998,
    0.997,
    0.998,
    0.997,
    0.998,
    0.997,
    0.998,
    0.997,
    0.998,
    0.997,
    0.998,
    0.997,
    0.998,
    0.997,
    0.998,
    0.997,
    0.998,
    0.997,
    0.998,
    0.997,
    0.998,
    0.997,
    0.998,
    0.997,
    0.998,
    0.997,
    0.998,
    0.999,
    0.9989,
    0.997,
    0.997,
    0.997,
    0.997,
    0.996,
    0.996,
    0.996,
    0.996,
    0.996,
    0.996,
    0.995,
    0.995,
    0.996,
    0.996,
    0.995,
    0.996,
    0.995,
    0.995,
    0.995,
    0.996,
    0.996,
    0.995,
    0.995,
    0.996,
    0.996,
    0.996,
    0.996,
    0.996,
    0.996,
    0.996,
    0.996,
    0.996,
    0.995,
    0.994,
    0.995,
    0.995,
    0.995,
    0.995,
    0.995,
    0.995,
    0.995,
    0.995,
    0.995,
    0.995,
    0.993,
    0.98,
    0.976,
    0.979,
    0.995,
    0.994,
    0.995,
    0.998,
    0.998
]
