[
    0.01,
    0.01,
    0.01,
    0.01,
    0.02,
    0.01,
    0.01,
    0.01,
    0.01,
    0.01,
    0.01,
    0.1,
    0.02,
    0.02,
    0.03,
    0.03,
    0.01,
    0.11999995967999742,
    0.09831793530112899,
    0.04,
    0.10476189588208604,
    0.07,
    0.07,
    0.1,
    0.04,
    0.05,
    0.1,
    0.1299986980110139,
    0.11999995270935494,
    0.09000000072800014,
    0.09,
    0.09,
    0.14,
    0.13,
    0.1,
    0.09,
    0.1,
    0.0900000000728,
    0.09000000288889094,
    0.09000000068250016,
    0.13999997871999897,
    0.13999997871999897,
    0.1399999010344674,
    0.1699999758599986,
    0.03,
    0.1,
    0.02,
    0.02,
    0.03,
    0.04,
    0.07,
    0.02,
    0.14999997599999904,
    0.12,
    0.12000003520017459,
    0.13999997871999897,
    0.1,
    0.11,
    0.08,
    0.12999999024999975,
    0.14,
    0.1759329010132254,
    0.11000000044500002,
    0.13,
    0.16,
    0.32,
    0.24,
    0.23,
    0.1700000010826088,
    0.31,
    0.31,
    0.16,
    0.23000001064227973,
    0.23,
    0.3,
    0.299999819999928,
    0.2900000013016667,
    0.3,
    0.3,
    0.3,
    0.3,
    0.25913344191338883,
    0.2443307142857143,
    0.26,
    0.26,
    0.27,
    0.24,
    0.2600000325600181,
    0.26,
    0.26,
    0.26,
    0.24,
    0.2600000007141134,
    0.26,
    0.32,
    0.2599998647999351,
    0.23,
    0.24788055408371812,
    0.25,
    0.25,
    0.25,
    0.19,
    0.2506799136509663,
    0.18000000098400004,
    0.25,
    0.2,
    0.18,
    0.39,
    0.38,
    0.41,
    0.39000014030010804,
    0.43902439024390244,
    0.3900000244000039,
    0.39000002288783014,
    0.39,
    0.4299998279998968,
    0.4,
    0.38000000013226665,
    0.37,
    0.36,
    0.41,
    0.38,
    0.41,
    0.405,
    0.3553800526872277,
    0.3299999590799969,
    0.26000003575311936,
    0.3,
    0.3299999811899992,
    0.25,
    0.32999978219992593,
    0.32999999445599987,
    0.32999999445599987,
    0.35,
    0.35,
    0.41,
    0.34,
    0.34,
    0.34000000417998294,
    0.470000000265,
    0.55,
    0.55,
    0.6,
    0.59,
    0.6298233344789232,
    0.6,
    0.6,
    0.6,
    0.629999998236,
    0.61,
    0.63,
    0.6,
    0.6,
    0.59,
    0.61,
    0.73,
    0.72,
    0.64,
    0.6,
    0.6,
    0.63,
    0.62,
    0.66,
    0.7399999880161937,
    0.7,
    0.66,
    0.7,
    0.66,
    0.66,
    0.66,
    0.7299999886233753,
    0.75,
    0.71,
    0.7299999868313707,
    0.7,
    0.69,
    0.67,
    0.68,
    0.7299999988394275,
    0.7,
    0.69,
    0.68,
    0.7099999998746187,
    0.75,
    0.7099999578384623,
    0.7299999903947362,
    0.74,
    0.6599998732799737,
    0.73,
    0.75,
    0.79,
    0.78,
    0.81,
    0.8499999983,
    0.79,
    0.77,
    0.78,
    0.77,
    0.77,
    0.77,
    0.77,
    0.77,
    0.82284127974632,
    0.81,
    0.84999999989375,
    0.8075,
    0.77,
    0.75,
    0.7399999997188716,
    0.74,
    0.7399999427960476,
    0.7399999938333329,
    0.74,
    0.739999953149346,
    0.74,
    0.75,
    0.75,
    0.7,
    0.75,
    0.7693744412628328,
    0.69,
    0.690000003162,
    0.7549875885396073,
    0.69,
    0.7,
    0.69,
    0.66,
    0.6,
    0.6,
    0.61,
    0.62,
    0.62,
    0.66,
    0.65,
    0.59,
    0.61,
    0.6600000306000049,
    0.66,
    0.6477064220183486,
    0.63,
    0.62,
    0.61,
    0.6,
    0.5900000009346504,
    0.6,
    0.6,
    0.6,
    0.58,
    0.58,
    0.6,
    0.58,
    0.58,
    0.59,
    0.58,
    0.59,
    0.5800000111048166,
    0.56,
    0.58,
    0.57,
    0.5714935575585264,
    0.56,
    0.55,
    0.545,
    0.53,
    0.55,
    0.53,
    0.53,
    0.53,
    0.52,
    0.52,
    0.52,
    0.52,
    0.5,
    0.51,
    0.49,
    0.48,
    0.5,
    0.51,
    0.5100000019600001,
    0.49,
    0.51,
    0.51,
    0.51,
    0.45166666666666666,
    0.42115613619284353,
    0.42,
    0.5399999998620209,
    0.53,
    0.5,
    0.47,
    0.47,
    0.5199999812799988,
    0.52,
    0.5,
    0.5396666666666666,
    0.53,
    0.47,
    0.47,
    0.48,
    0.47,
    0.47,
    0.51,
    0.57,
    0.57,
    0.54,
    0.46,
    0.46,
    0.56,
    0.55,
    0.57,
    0.48,
    0.5100000304888938,
    0.54,
    0.54,
    0.55,
    0.52,
    0.5286486486486487,
    0.52,
    0.51,
    0.51,
    0.5,
    0.47,
    0.46,
    0.46,
    0.47,
    0.5336881461146002,
    0.495,
    0.47,
    0.4784933333333333,
    0.4699999988050847,
    0.5,
    0.45,
    0.46,
    0.45,
    0.4700000136042792,
    0.5,
    0.47000000519607893,
    0.47,
    0.5,
    0.4709636386997302,
    0.48,
    0.49,
    0.47,
    0.4799999951999998,
    0.48,
    0.48,
    0.48,
    0.51,
    0.47,
    0.48,
    0.52,
    0.49,
    0.49,
    0.48999998137999884,
    0.56,
    0.54,
    0.6,
    0.58,
    0.6,
    0.62,
    0.6,
    0.59,
    0.6499999024999659,
    0.62,
    0.64,
    0.6200000258400035,
    0.63,
    0.6300000325600037,
    0.66,
    0.63,
    0.63,
    0.63,
    0.6599999603999865,
    0.66,
    0.7,
    0.77,
    0.769999997075949,
    0.7699999972578345,
    0.75,
    0.75,
    0.76,
    0.77,
    0.77,
    0.78,
    0.77,
    0.7800000272800021,
    0.7700003852503179,
    0.78,
    0.77,
    0.7699998613999326,
    0.77,
    0.7997777749992706,
    0.78,
    0.77,
    0.69,
    0.7,
    0.69,
    0.67,
    0.69,
    0.68,
    0.68,
    0.6700000080930933,
    0.68,
    0.7,
    0.69,
    0.64,
    0.6200000988000731,
    0.6200000191596656,
    0.6200000167647076,
    0.64,
    0.6200000339892696,
    0.6200000283500737,
    0.66375,
    0.6597538226536914,
    0.6100000057655756,
    0.65,
    0.66,
    0.64,
    0.66,
    0.6700000409200031,
    0.6700000188100008,
    0.6700000409200031,
    0.64,
    0.59,
    0.56,
    0.56,
    0.56,
    0.57,
    0.6343939084278267,
    0.5899998111999345,
    0.5899999998112,
    0.5899998465998865,
    0.57,
    0.5899999704999955,
    0.5300000064457144,
    0.5799999961386332,
    0.5674284038039842,
    0.5499999972499999,
    0.5,
    0.47,
    0.5,
    0.5,
    0.51,
    0.5399999488420831,
    0.55,
    0.58,
    0.6,
    0.62,
    0.6200001358940811,
    0.6354609929078014,
    0.62,
    0.62,
    0.6,
    0.6199999593442459,
    0.6,
    0.6,
    0.61,
    0.629999998236,
    0.6299999942669999,
    0.6,
    0.63,
    0.629999988969359,
    0.62,
    0.6299999499337456,
    0.63,
    0.6299999981052629,
    0.62,
    0.63,
    0.6100000097500002,
    0.61,
    0.629999901719976,
    0.6299999553191442,
    0.629999913989343,
    0.6299999997975,
    0.6299999969293256,
    0.6299999990549999,
    0.6299999035713941,
    0.6,
    0.62,
    0.6699999959745252,
    0.7,
    0.7,
    0.7099999940336122,
    0.72,
    0.75,
    0.75,
    0.75,
    0.7599998540799696,
    0.77,
    0.75,
    0.75,
    0.75,
    0.76,
    0.77,
    0.75,
    0.75,
    0.76,
    0.77,
    0.73,
    0.76,
    0.8099999931149997,
    0.7900000295704086,
    0.79,
    0.77,
    0.7600000191369614,
    0.76,
    0.76,
    0.75,
    0.7899999631333104,
    0.7899999803654861,
    0.76,
    0.75,
    0.75,
    0.75,
    0.75,
    0.75,
    0.7000001451613371,
    0.75,
    0.7199998195299772,
    0.75,
    0.75,
    0.7623762367934516,
    0.71,
    0.71,
    0.7,
    0.75,
    0.77,
    0.77,
    0.779013806186026,
    0.71,
    0.72,
    0.7,
    0.7,
    0.7699998080579076,
    0.7699999986679039,
    0.71,
    0.7597457103731107,
    0.7399999959299999,
    0.720000019600001,
    0.72,
    0.72,
    0.72,
    0.72,
    0.67,
    0.7199998079999232,
    0.68,
    0.7,
    0.7199999740799984,
    0.7,
    0.7328115464195151,
    0.7199997407998341,
    0.7399999959299999,
    0.739999998816,
    0.7199999961980194,
    0.7,
    0.6700000237980781,
    0.67,
    0.72,
    0.7,
    0.67,
    0.67,
    0.69,
    0.66,
    0.64,
    0.6699999195999292,
    0.67,
    0.68,
    0.67,
    0.68,
    0.6654666666666667,
    0.65,
    0.65,
    0.69,
    0.69,
    0.7,
    0.7000000671641892,
    0.7,
    0.6819487602081443,
    0.6700001197945591,
    0.68,
    0.67,
    0.6799999945599995,
    0.68,
    0.6700000175298819,
    0.67,
    0.6699999839199988,
    0.660000003264,
    0.6200000032088889,
    0.65,
    0.64,
    0.66,
    0.619999986359999,
    0.63,
    0.64,
    0.62,
    0.6200000167200009,
    0.62,
    0.63,
    0.62,
    0.62,
    0.62,
    0.57,
    0.56,
    0.56,
    0.5699999954456053,
    0.56,
    0.56,
    0.62,
    0.62,
    0.6,
    0.6,
    0.6,
    0.6,
    0.6,
    0.5900000042487047,
    0.5900000031160001,
    0.56,
    0.56,
    0.56,
    0.56,
    0.55,
    0.56,
    0.5799999986363181,
    0.58,
    0.58,
    0.58,
    0.5999999859484765,
    0.56,
    0.58,
    0.58,
    0.58,
    0.6,
    0.614056128568002,
    0.6,
    0.6,
    0.6,
    0.6,
    0.61,
    0.62,
    0.65,
    0.6778668524425091,
    0.62,
    0.6499999945833332,
    0.6100000005336744,
    0.63,
    0.63,
    0.63,
    0.63,
    0.64,
    0.65,
    0.64,
    0.66,
    0.66,
    0.65,
    0.64,
    0.6300000105916034,
    0.64,
    0.62,
    0.62,
    0.62,
    0.62,
    0.62,
    0.64,
    0.64,
    0.6299,
    0.64,
    0.6199999970080429,
    0.6199999906854453,
    0.61,
    0.61,
    0.6102074074074074,
    0.6100000287523663,
    0.6100001319549417,
    0.61,
    0.61999999752,
    0.6299999976899999,
    0.6299999965620736,
    0.6299999993242094,
    0.59,
    0.56,
    0.0300000001326496,
    0.5900000553500202,
    0.59,
    0.4,
    0.59,
    0.6,
    0.59,
    0.59,
    0.63,
    0.61,
    0.61,
    0.61,
    0.62,
    0.6299999914949993,
    0.6299886583137307,
    0.6100000743721135,
    0.61,
    0.6199999297332944,
    0.6299804366158607,
    0.62,
    0.62,
    0.62,
    0.62,
    0.62,
    0.619999994213333,
    0.62,
    0.62,
    0.6299772839637162,
    0.62997729047226,
    0.6299771938135167,
    0.6299909999482147,
    0.62,
    0.61,
    0.6100000020771644,
    0.6199999046153076,
    0.62,
    0.61999999814,
    0.6199999999132867,
    0.6199999815841498,
    0.6199999969070294,
    0.6199998511998869,
    0.6100000226200032,
    0.6100000100750006,
    0.6199999951656912,
    0.6100000060775518,
    0.61,
    0.61,
    0.61,
    0.6199999824941171,
    0.619999589516947,
    0.6100000429464366,
    0.6199999618461504,
    0.610000001755,
    0.619999968635292,
    0.6199998511998869,
    0.6199999813999993,
    0.6199999926518517,
    0.619999999132,
    0.6199999757194887,
    0.61999999814,
    0.61999999814,
    0.6199999966027393,
    0.6199999834666644,
    0.6199998649503907,
    0.6100000097500002,
    0.61,
    0.6,
    0.61,
    0.61,
    0.61,
    0.61,
    0.6100000113129777,
    0.62,
    0.62,
    0.629999998236,
    0.63,
    0.63,
    0.62,
    0.6,
    0.57,
    0.58,
    0.58,
    0.59,
    0.61,
    0.61,
    0.6,
    0.6,
    0.62,
    0.6,
    0.57,
    0.62,
    0.62,
    0.59,
    0.6,
    0.58,
    0.62,
    0.61,
    0.6,
    0.58,
    0.59,
    0.6,
    0.6,
    0.61,
    0.5500000002391472,
    0.61,
    0.61,
    0.57,
    0.6,
    0.56,
    0.59,
    0.58,
    0.57,
    0.6,
    0.61,
    0.6,
    0.61,
    0.6,
    0.63,
    0.59,
    0.6,
    0.61,
    0.64,
    0.6300000246091028,
    0.64,
    0.63,
    0.63,
    0.64,
    0.64,
    0.64,
    0.64,
    0.64,
    0.6200000529616836,
    0.6200000343326528,
    0.6299999926499996,
    0.6299999664213131,
    0.6299999539024284,
    0.6299999933713282,
    0.6299998103678233,
    0.6200000457306666,
    0.63,
    0.6299999952324322,
    0.6299999615492801,
    0.63,
    0.6200000249358079,
    0.63,
    0.63,
    0.6299999903399989,
    0.6300001755932858,
    0.62,
    0.61,
    0.61,
    0.63,
    0.63,
    0.62,
    0.62,
    0.610000001018697,
    0.63,
    0.64,
    0.630000004292,
    0.64,
    0.63,
    0.64,
    0.63,
    0.63,
    0.64,
    0.64,
    0.64,
    0.64,
    0.6499999971739129,
    0.64,
    0.64,
    0.63,
    0.64,
    0.63,
    0.63,
    0.6300000009225819,
    0.63,
    0.63,
    0.64,
    0.64,
    0.64,
    0.64,
    0.64,
    0.64,
    0.64,
    0.6499999955681814,
    0.64,
    0.64,
    0.64,
    0.65,
    0.65,
    0.65,
    0.6599999955999996,
    0.65,
    0.65,
    0.65,
    0.65,
    0.65,
    0.66,
    0.66,
    0.66,
    0.66,
    0.66,
    0.66,
    0.66,
    0.66,
    0.66,
    0.66,
    0.67,
    0.66,
    0.66,
    0.66,
    0.66,
    0.66,
    0.67,
    0.66,
    0.66,
    0.66,
    0.66,
    0.66,
    0.66,
    0.6699999195999292,
    0.66,
    0.66,
    0.66,
    0.66,
    0.66,
    0.67,
    0.67,
    0.67,
    0.67,
    0.67,
    0.67,
    0.67,
    0.67,
    0.67,
    0.67,
    0.68,
    0.6899488623497653,
    0.68,
    0.68,
    0.68,
    0.68,
    0.68,
    0.68,
    0.6899238979063904,
    0.6800000011295103,
    0.6800436046511628,
    0.6800672227647447,
    0.6800120369132004,
    0.6800760777683854,
    0.6800672324449192,
    0.6899239192992909,
    0.6899981240669434,
    0.6899928357340266,
    0.6899505790317624,
    0.68,
    0.68,
    0.68,
    0.6898891380156694,
    0.68,
    0.68,
    0.6800109422492401,
    0.6800507042253521,
    0.6898758005892102,
    0.6899491907515328,
    0.6899491265757153,
    0.6899847833071487,
    0.6800000092749207,
    0.6800095888147063,
    0.6800710900473934,
    0.6800097271503417,
    0.6800649831059179,
    0.6899999917199968,
    0.6899999868899976,
    0.6800650642776016,
    0.6899999993928,
    0.6899758957639186,
    0.6899349896621441,
    0.6800650387885677,
    0.6899999891243416,
    0.6899999585999611,
    0.6800096279872687,
    0.6899999998336147,
    0.6899999585999611,
    0.6899999585999611,
    0.6899999868899976,
    0.6899999917199968,
    0.6899999951699998,
    0.689999997042857,
    0.68,
    0.6899999585999611,
    0.689999998529725,
    0.6899999214632959,
    0.6899999585999611,
    0.68,
    0.6899999546478797,
    0.6899999424999856,
    0.68,
    0.68999999954,
    0.68,
    0.6899999585999611,
    0.68,
    0.6899999585999611,
    0.68,
    0.6899999917199968,
    0.6899999942499953,
    0.68,
    0.6899999917199968,
    0.6899999585999611,
    0.68,
    0.689999996826,
    0.6899999868899976,
    0.6899999585999611,
    0.6899999585999611,
    0.6899999051248944,
    0.6700371290906136,
    0.6899999917199968,
    0.689987359446921,
    0.6899683234909155,
    0.6899683234909155,
    0.6700129535136012,
    0.6899823433341774,
    0.6700121838141095,
    0.6899823433341774,
    0.6700121838141095,
    0.6700120472983334,
    0.67002783379723,
    0.6700359389367826,
    0.69,
    0.6899999707272563,
    0.6899999762886525,
    0.6700360163574837,
    0.683648,
    0.68,
    0.68,
    0.68,
    0.6899999130250749,
    0.670056075472596,
    0.670024115791394,
    0.6899999558127781,
    0.689999975502945,
    0.68,
    0.6899999585999611,
    0.69,
    0.68,
    0.68,
    0.68,
    0.6899999585999611,
    0.6899999954704585,
    0.68,
    0.68,
    0.6899998619997091,
    0.6899999868899976,
    0.68,
    0.68,
    0.69,
    0.68,
    0.6899998973553023,
    0.6899999900333323,
    0.6899999969812496,
    0.689999681066807,
    0.6899878679421048,
    0.6803323807442169,
    0.6899837626493579,
    0.670056146142159,
    0.6899883759953503,
    0.6899879024415017,
    0.6700241161157574,
    0.6899878858048271,
    0.6899879024415017,
    0.6700241723913377,
    0.689987818252887,
    0.6884824529078329,
    0.6899758209392552,
    0.6700241723913377,
    0.6817689911360911,
    0.6700241723913377,
    0.6799999637333111,
    0.679999972935311,
    0.67,
    0.67,
    0.689991,
    0.6899909858170153,
    0.6899909128105911,
    0.6700001072500188,
    0.6799999844571343,
    0.68,
    0.68,
    0.68,
    0.6899999951699998,
    0.6899999917199968,
    0.6899999585999611,
    0.69,
    0.68,
    0.6899999585999611,
    0.68,
    0.6899999917199968,
    0.68,
    0.68,
    0.6900102892420258,
    0.6900718849840256,
    0.6900102478735881,
    0.6901486537627752,
    0.6800000072061704,
    0.68,
    0.68,
    0.69,
    0.69,
    0.7,
    0.7,
    0.6999999766666597,
    0.7,
    0.6901486699153578,
    0.6999999695652055,
    0.7,
    0.6900104528579825,
    0.6900000834615562,
    0.6999999824999917,
    0.6999999766666597,
    0.6900000599333417,
    0.7,
    0.6999999562499754,
    0.7,
    0.7,
    0.7,
    0.7,
    0.7,
    0.71,
    0.71,
    0.71,
    0.71,
    0.7100000359600027,
    0.71,
    0.7099999188570748,
    0.71,
    0.7099999868142831,
    0.7,
    0.7,
    0.69,
    0.69,
    0.6899999558127781,
    0.68,
    0.6899999613083954,
    0.68,
    0.6899999951699998,
    0.68,
    0.68,
    0.68,
    0.68,
    0.68,
    0.6899999959749997,
    0.69,
    0.6899999585999611,
    0.6899999424999856,
    0.6899999993339768,
    0.6899998521425368,
    0.69,
    0.68,
    0.68,
    0.6899999572856966,
    0.6899999718367243,
    0.69,
    0.6799997813513743,
    0.6700374012792656,
    0.6799880956671356,
    0.6799880972276492,
    0.6799959165791334,
    0.6799896460105181,
    0.6700001257143127,
    0.6765006503336312,
    0.6699999755729112,
    0.67,
    0.6699999839199988,
    0.67,
    0.6700711471823071,
    0.6700092365462605,
    0.67,
    0.6700712523628088,
    0.6700093651435823,
    0.68,
    0.6700093342473924,
    0.6700093827410364,
    0.6799998536322529,
    0.6799999727999957,
    0.67,
    0.6700000031361121,
    0.6799999945599995,
    0.67,
    0.6799998198106596,
    0.6799999714399984,
    0.679999997758604,
    0.6700000936774532,
    0.670000002178,
    0.6700002070588966,
    0.6700000633600132,
    0.6799999920213332,
    0.6799999006153609,
    0.6799999980300561,
    0.679993228899153,
    0.6799901809319683,
    0.6700001230177784,
    0.67,
    0.6799902573092271,
    0.6799902933300978,
    0.6799810579435622,
    0.670000094651209,
    0.6700001137162539,
    0.6700001547788255,
    0.67,
    0.679964252915721,
    0.670000217800074,
    0.6600096973273761,
    0.6799901809319683,
    0.6700766403740704,
    0.6700766406642191,
    0.6799903079941848,
    0.6700767370172137,
    0.6799902580164348,
    0.6799901809319683,
    0.6799998911999086,
    0.6799999945599995,
    0.6799999972799999,
    0.6799974513692975,
    0.6799906705000123,
    0.6799906705000123,
    0.6799908643473324,
    0.6799908540658702,
    0.66,
    0.6799906705000123,
    0.6799908520591318,
    0.6600000121338294,
    0.6799908602339235,
    0.676345720105698,
    0.6699999195999292,
    0.6600000100470118,
    0.6600000146944863,
    0.6600000110195817,
    0.6699999195999292,
    0.6699999195999292,
    0.6699999195999292,
    0.6699999195999292,
    0.6699999195999292,
    0.6699999195999292,
    0.6699999195999292,
    0.6699999195999292,
    0.6699999195999292,
    0.66,
    0.66,
    0.67,
    0.6699999195999292,
    0.66,
    0.6600000124666673,
    0.6699999839199988,
    0.6699999195999292,
    0.6699999981727272,
    0.6699999916249987,
    0.66999998556923,
    0.6699999966499998,
    0.6699999839199988,
    0.6699999981727272,
    0.6600000124666673,
    0.6699999195999292,
    0.6600000162153851,
    0.6600000152625562,
    0.6600815507394113,
    0.6699999195999292,
    0.6799906705000123,
    0.6799183008535712,
    0.6799661286092897,
    0.6700001072500188,
    0.6700000168000007,
    0.679966164864302,
    0.6700000393338936,
    0.6700217056492828,
    0.670021714325325,
    0.6700408129291021,
    0.6700409413609373,
    0.6799661376524826,
    0.67,
    0.670043687228917,
    0.6700000425981462,
    0.6700437213831498,
    0.670043687228917,
    0.6799795686108986,
    0.6799909921180033,
    0.6799908881038756,
    0.6799886121890376,
    0.6799791646292282,
    0.6799582886345709,
    0.679944396855882,
    0.6799429886244281,
    0.6799141402706471,
    0.67,
    0.67,
    0.67,
    0.67,
    0.67,
    0.67,
    0.6700208092564744,
    0.67,
    0.6700196121692836,
    0.6700857142857143,
    0.67,
    0.67,
    0.67,
    0.67,
    0.6799790838224654,
    0.6799790838224654,
    0.6799791563583647,
    0.6799790838224654,
    0.6700208890492293,
    0.6799790838224654,
    0.6700196678336975,
    0.6700196678336975,
    0.6700196678336975,
    0.6700759493670886,
    0.6700198768973749,
    0.6799783126853192,
    0.6799803525619167,
    0.6799803525619167,
    0.6799240204793146,
    0.6700760951184221,
    0.6799238483766785,
    0.6799803258697813,
    0.6799803308055694,
    0.6799802533339498,
    0.6799802533339498,
    0.6799908881038756,
    0.6799908881038756,
    0.67,
    0.67,
    0.67,
    0.67,
    0.6799909921180033,
    0.6799909921180033,
    0.6799909921180033,
    0.6799909921180033,
    0.6799908881038756,
    0.6799909833150529,
    0.6799908881038756,
    0.67,
    0.6700093918335537,
    0.670009377934197,
    0.67,
    0.6799998911999086,
    0.6799999991996469,
    0.68,
    0.6799995224423544,
    0.6700269299820467,
    0.6700090094652796,
    0.6799998911999086,
    0.6799998911999086,
    0.6799998911999086,
    0.6799998911999086,
    0.670009013704692,
    0.6700091884909345,
    0.6799998911999086,
    0.6799999727999957,
    0.679999999048,
    0.6799999773332963,
    0.6799999941379298,
    0.6799999939149876,
    0.6799998911999086,
    0.6799998911999086,
    0.6799998911999086,
    0.6700000552423059,
    0.6799998911999086,
    0.6700000693150856,
    0.6700000786448779,
    0.6700001772222911,
    0.6799998911999086,
    0.6799998911999086,
    0.6799998911999086,
    0.6799999817857107,
    0.6700000280746287,
    0.6799998911999086,
    0.6799998911999086,
    0.679999999536311,
    0.679999997215017,
    0.6799999727999957,
    0.68,
    0.6799999945599995,
    0.6799999941714282,
    0.6799999853538453,
    0.679999970134672,
    0.6799738504701113,
    0.6799872325584447,
    0.6799872325584447,
    0.679969384063839,
    0.6799872325584447,
    0.6799871799579404,
    0.6799826869217451,
    0.6600000162153851,
    0.6600000124666673,
    0.68,
    0.6600000174669286,
    0.6600224834437086,
    0.6600225416401537,
    0.6600268823802433,
    0.6600269870847523,
    0.6600269764797828,
    0.6600339879088426,
    0.6600270624819775,
    0.6799999963733332,
    0.6799999873066652,
    0.68,
    0.6799999941714282,
    0.6799976964705204,
    0.6799774896032733,
    0.6799999954666659,
    0.679999985163634,
    0.68,
    0.6600450420454416,
    0.6600543987994748,
    0.6600450220531107,
    0.6600450420454416,
    0.6600450110155166,
    0.6601024373013069,
    0.6799999945599995,
    0.68,
    0.68,
    0.68,
    0.68,
    0.6799999876081979,
    0.68,
    0.68,
    0.68,
    0.68,
    0.6799999693521054,
    0.6799998911999086,
    0.68,
    0.68,
    0.6799892840473639,
    0.6600153653100975,
    0.68,
    0.660061181249115,
    0.6600767027323177,
    0.6600155283718556,
    0.68,
    0.6600153653100975,
    0.6600153653100975,
    0.6600000468149595,
    0.6600153177437015,
    0.68,
    0.68,
    0.68,
    0.68,
    0.6600766733228663,
    0.6799863593931127,
    0.68,
    0.6600611283695761,
    0.660076857394198,
    0.68,
    0.6799999945599995,
    0.68,
    0.68,
    0.6702210476997308,
    0.68,
    0.68,
    0.68,
    0.67,
    0.68,
    0.6799999522806931,
    0.68,
    0.6799999973839864,
    0.68,
    0.68,
    0.6700001230177784,
    0.6799999727999957,
    0.68,
    0.68,
    0.68,
    0.6799999693521054,
    0.670000217800074,
    0.68,
    0.6799999998471911,
    0.6799999794149659,
    0.6799846701833194,
    0.6799846704194582,
    0.67,
    0.670000217800074,
    0.6799846323319416,
    0.6700000804375307,
    0.670000217800074,
    0.6799846087131785,
    0.6799731532972768,
    0.6799230381360749,
    0.6600770266227939,
    0.6600770266227939,
    0.6799229419277382,
    0.6600611510004669,
    0.6600611631487819,
    0.6799388159265791,
    0.6799393221542132,
    0.6600611958447199,
    0.6600610627199034,
    0.6799387792995055,
    0.6600240969788475,
    0.6600129841241478,
    0.6799999945599995,
    0.679956787377606,
    0.6600770547945205,
    0.6600241948637421,
    0.6799229419277382,
    0.6799229102633446,
    0.6799999858333262,
    0.6600242291883289,
    0.6600242291883289,
    0.6799998911999086,
    0.6600241749087601,
    0.6799999979060816,
    0.68,
    0.6799872037861598,
    0.68,
    0.6799904173028516,
    0.6600241264722625,
    0.6799834548375611,
    0.6600000527917439,
    0.6600382921563439,
    0.6600382097166908,
    0.6600382097166908,
    0.679977972707076,
    0.67996172214356,
    0.679967977498653,
    0.6799617371778204,
    0.660000002765751,
    0.6600090097024344,
    0.6600220432609349,
    0.6600222481663282,
    0.6799779414714616,
    0.6799779777769568,
    0.6600090417622017,
    0.6600090417622017,
    0.6600090679320815,
    0.6600668539065065,
    0.6600667269215234,
    0.679975832848267,
    0.6799333025230132,
    0.6799909921180033,
    0.6799909921180033,
    0.6714689204396044,
    0.6600090301619649,
    0.6799909588365949,
    0.670000066683959,
    0.6799909681560804,
    0.670000079750014,
    0.6700000553235365,
    0.6700000553235365,
    0.6700000553235365,
    0.67,
    0.6700000553235365,
    0.67,
    0.67,
    0.67,
    0.67,
    0.660000087014237,
    0.6600000952000368,
    0.67,
    0.6600000058285717,
    0.6600000185454552,
    0.6699999949749997,
    0.669999951856262,
    0.6600000589333428,
    0.6600000589333428,
    0.669999962479987,
    0.6600000306000049,
    0.6600000589333428,
    0.660000057800019,
    0.660000057800019,
    0.660000170000085,
    0.660000057800019,
    0.6600000306000049,
    0.6600000589333428,
    0.6600000306000049,
    0.6600000589333428,
    0.6600000367200034,
    0.6699999915133323,
    0.6699999195999292,
    0.6699999195999292,
    0.6600000795321916,
    0.6699999932999956,
    0.6699999932999956,
    0.6699999195999292,
    0.669999962479987,
    0.6699999195999292,
    0.6699999195999292,
    0.6699999195999292,
    0.6699999195999292,
    0.6699999986599999,
    0.6699999932999956,
    0.669999962479987,
    0.6699999932999956,
    0.6699999195999292,
    0.6699999195999292,
    0.6699999932999956,
    0.6699999932999956,
    0.6699999195999292,
    0.6699999731999944,
    0.6699999195999292,
    0.6699999949749997,
    0.6699999195999292,
    0.6699999195999292,
    0.6699999932999956,
    0.6699999932999956,
    0.6699999932999956,
    0.6699999195999292,
    0.6699999932999956,
    0.6699999195999292,
    0.6699999932999956,
    0.6699999973199998,
    0.6699999839199988,
    0.6699999971859999,
    0.67,
    0.660000170000085,
    0.6600001220513165,
    0.6699999892628172,
    0.660000003264,
    0.660000170000085,
    0.66,
    0.66,
    0.66,
    0.66,
    0.67,
    0.67,
    0.67,
    0.67,
    0.6699999986599999,
    0.67,
    0.66,
    0.6600000494017233,
    0.66999999933,
    0.67,
    0.6699999195999292,
    0.660000057800019,
    0.67,
    0.6600000088400002,
    0.660000170000085,
    0.67,
    0.66999999933,
    0.67,
    0.66,
    0.6600001207477335,
    0.6699999882456084,
    0.66,
    0.6600001320389118,
    0.6699999932999956,
    0.6699999792017699,
    0.6699999195999292,
    0.66,
    0.660000170000085,
    0.6600000647619204,
    0.6699999999732,
    0.6699999694528703,
    0.6699999749532252,
    0.6699999874374963,
    0.6599999950522087,
    0.6599999603999865,
    0.65,
    0.6599999841599988,
    0.6500000105000002,
    0.6500001225000797,
    0.6699999949749997,
    0.6599998077668596,
    0.6500001372549827,
    0.66,
    0.6599998239998793,
    0.6599999603999865,
    0.65,
    0.6500000106101951,
    0.66,
    0.659999991199999,
    0.6599999545806288,
    0.66,
    0.6500000562249132,
    0.65999999912,
    0.6699999949749997,
    0.66,
    0.6599998808550718,
    0.6500001661919118,
    0.65,
    0.6500000751534042,
    0.66,
    0.6599999620447184,
    0.65,
    0.6500000010990978,
    0.65,
    0.6599999989957734,
    0.650000052575122,
    0.66,
    0.66,
    0.66,
    0.66,
    0.6699999195999292,
    0.67,
    0.6699999981302325,
    0.6699999534924009,
    0.67,
    0.6699999636856191,
    0.6699999839199988,
    0.6600000863492301,
    0.669999937257489,
    0.6699999956647057,
    0.6599083234222578,
    0.6699999985706666,
    0.6500001320755049,
    0.67,
    0.6699999352265532,
    0.669999979384607,
    0.6500000994318464,
    0.650000070000021,
    0.6500000864197674,
    0.6699999762212853,
    0.6699999932999956,
    0.6600001052903579,
    0.6699999195999292,
    0.6699999496531684,
    0.6600001037288405,
    0.66,
    0.6699998726999733,
    0.66,
    0.6500000984375338,
    0.66,
    0.65,
    0.6598485662944817,
    0.6598485578150304,
    0.6699999195999292,
    0.66,
    0.66,
    0.6599999942608671,
    0.65,
    0.66,
    0.66,
    0.6899883447186871,
    0.67,
    0.68,
    0.6904089219330855,
    0.6899444547460901,
    0.690217148329592,
    0.6902171478111362,
    0.6902171475521394,
    0.69,
    0.69,
    0.69,
    0.68,
    0.679877094972067,
    0.6798770757110135,
    0.6798770734300632,
    0.6799259485090176,
    0.669991427850152,
    0.669991448259425,
    0.6699913661850228,
    0.6799259692452628,
    0.6399107285865316,
    0.6399107465232134,
    0.6399684198948254,
    0.6399684092391063,
    0.620085967907829,
    0.620085968112483,
    0.6398979467520971,
    0.6398979426688869,
    0.65,
    0.6899999585999611,
    0.6899999585999611,
    0.6899999585999611,
    0.6899999585999611,
    0.6899999585999611,
    0.6899999585999611,
    0.6899999585999611,
    0.6899999585999611,
    0.6899999585999611,
    0.6899999585999611,
    0.6899999585999611,
    0.6899999585999611,
    0.6899999585999611,
    0.6899999585999611,
    0.6899999585999611,
    0.5800000064407086,
    0.6848589880956661,
    0.6799998911999086,
    0.68,
    0.58,
    0.6699280706019053,
    0.6302202850671967,
    0.6302202851274178,
    0.6401433296582139,
    0.6300801900801901,
    0.6698786827656327,
    0.6698786234458219,
    0.6102541603655582,
    0.6698614559809303,
    0.669861437403776,
    0.6100355871886121,
    0.6101216,
    0.6799999637333111,
    0.5830903790087464,
    0.5700000038700002,
    0.58,
    0.65,
    0.67,
    0.6801807468519584,
    0.6801807466673392,
    0.6701593512527567,
    0.6701593510153679,
    0.6701593516854144,
    0.68,
    0.69,
    0.68,
    0.68,
    0.68,
    0.68,
    0.68,
    0.6200761425959781,
    0.6799427473931687,
    0.6799427243371351,
    0.6799427167381196,
    0.6698630747528921,
    0.6599028287691459,
    0.6599027825436673,
    0.6200761421559805,
    0.6698630523007743,
    0.6201429817632609,
    0.620142980998367,
    0.6201429814713822,
    0.6799173443396056,
    0.620029178850746,
    0.6200291789068257,
    0.6300542300819688,
    0.6200291799540814,
    0.62,
    0.61,
    0.62,
    0.6403438239722998,
    0.6403438235279256,
    0.6403438228463493,
    0.6899560454434458,
    0.6300931156276115,
    0.68995603860639,
    0.6899560273983296,
    0.68,
    0.6100001521000927,
    0.6999999339621458
]
