[
    0.999,
    0.999,
    0.999,
    0.999,
    0.999,
    0.999,
    0.999,
    0.999,
    0.999,
    0.999,
    0.999,
    0.9989999995953655,
    0.998,
    0.999,
    0.998,
    0.998,
    0.995,
    0.995,
    0.99,
    0.99,
    0.989,
    0.98,
    0.9889999999809166,
    0.9889999998763739,
    0.988,
    0.988,
    0.988,
    0.9879999998023992,
    0.98899999997033,
    0.9889999996538485,
    0.99,
    0.99,
    0.99,
    0.99,
    0.99,
    0.99,
    0.99,
    0.99,
    0.9899216861672143,
    0.9889999999690937,
    0.9889999996538485,
    0.98899999997033,
    0.988999997362584,
    0.99,
    0.9892310450175825,
    0.987999996047755,
    0.988,
    0.9610000076612971,
    0.97000000288,
    0.961,
    0.9849999999100456,
    0.985,
    0.985,
    0.985,
    0.985,
    0.985,
    0.985,
    0.985,
    0.985,
    0.962,
    0.985,
    0.984999999951711,
    0.971,
    0.9859999992111953,
    0.96,
    0.98,
    0.97,
    0.96,
    0.96,
    0.96,
    0.96,
    0.98,
    0.98,
    0.98,
    0.98,
    0.98,
    0.98,
    0.98,
    0.98,
    0.98,
    0.98,
    0.98,
    0.98,
    0.98,
    0.98,
    0.98,
    0.9880670103092783,
    0.9814930718853747,
    0.9710005724048432,
    0.94,
    0.93,
    0.95,
    0.96,
    0.9300000257894746,
    0.9503587859659108,
    0.93,
    0.93,
    0.95,
    0.93,
    0.93,
    0.9300000126000002,
    0.93999958840206,
    0.94,
    0.9300000637000058,
    0.95,
    0.95,
    0.93,
    0.94,
    0.9300000637000058,
    0.9300000126000002,
    0.9300000126000002,
    0.93,
    0.94,
    0.94,
    0.9400000540000054,
    0.94000000054,
    0.95,
    0.9300000126000002,
    0.95,
    0.95,
    0.95,
    0.95,
    0.95,
    0.95,
    0.95,
    0.95,
    0.95,
    0.95,
    0.9300000637000058,
    0.95,
    0.93,
    0.9491581494220708,
    0.9399999623995127,
    0.93,
    0.9299999953499987,
    0.9,
    0.9246511757771446,
    0.91,
    0.91,
    0.9,
    0.91,
    0.909999999922,
    0.91,
    0.92,
    0.92,
    0.92,
    0.9100000810000081,
    0.92,
    0.9100000081,
    0.9,
    0.9199994479992272,
    0.8900000470646799,
    0.9,
    0.91,
    0.9299999996945311,
    0.9,
    0.92,
    0.92,
    0.92,
    0.92,
    0.92,
    0.93,
    0.9100000810000081,
    0.9299999906998978,
    0.9299999906998978,
    0.9299999906998978,
    0.9299999906998978,
    0.9299999906998978,
    0.9100000193314247,
    0.92,
    0.92,
    0.9299999998782403,
    0.92,
    0.9,
    0.92,
    0.92,
    0.92,
    0.9299994501455078,
    0.9299997116995128,
    0.9299997116995128,
    0.9299997116995128,
    0.9299997116995128,
    0.9299997116995128,
    0.9299997116995128,
    0.9299997116995128,
    0.9299999750759986,
    0.92,
    0.9299999991816,
    0.92,
    0.9199999876510063,
    0.91,
    0.91,
    0.91,
    0.9100000810000081,
    0.9100000138026733,
    0.91,
    0.91,
    0.91,
    0.91,
    0.92,
    0.9291341586816683,
    0.92,
    0.9210342835090454,
    0.91999978398405,
    0.9199909969672033,
    0.9199975404524786,
    0.9000314685314685,
    0.9,
    0.9000128095644748,
    0.9,
    0.9158668588142462,
    0.9,
    0.9000090092527973,
    0.900030262273033,
    0.9,
    0.92,
    0.9000090301874527,
    0.91,
    0.9199999751350014,
    0.91,
    0.91,
    0.91,
    0.91,
    0.92,
    0.9299999999072781,
    0.9100000218918924,
    0.9199969911408448,
    0.9100000167223385,
    0.9199965049786629,
    0.9199821081754359,
    0.9,
    0.9,
    0.91,
    0.87,
    0.87,
    0.87,
    0.8699999779047274,
    0.87,
    0.87,
    0.87,
    0.87,
    0.87,
    0.87,
    0.87,
    0.87,
    0.87,
    0.87,
    0.91,
    0.910017881978939,
    0.9100171365127528,
    0.91,
    0.919981144159809,
    0.9100172173228548,
    0.910017133066819,
    0.9100189593427428,
    0.9199978892048453,
    0.9199822557812458,
    0.9199822623056472,
    0.91000900180036,
    0.9199822759961608,
    0.9199909978672377,
    0.9199909958184385,
    0.9199909882572915,
    0.9199909953003396,
    0.919990987382887,
    0.9199909840703242,
    0.9199909924597615,
    0.9199909864615314,
    0.9199909870751399,
    0.9199909854890622,
    0.9199909942878639,
    0.9199909851450869,
    0.9199909840573639,
    0.9199909846026503,
    0.9,
    0.9195878786248839,
    0.9099998534041899,
    0.9099999110919116,
    0.9099997063180096,
    0.9099998304347089,
    0.9099997586520281,
    0.9,
    0.9000459887583036,
    0.9099997682757981,
    0.9199216564073867,
    0.9,
    0.9,
    0.9,
    0.9,
    0.9,
    0.91,
    0.9,
    0.9,
    0.9,
    0.9,
    0.9,
    0.9,
    0.9,
    0.9,
    0.9199177716385851,
    0.91,
    0.919890091562942,
    0.9100000810000081,
    0.9198900999300611,
    0.9199228120131292,
    0.9199228042593942,
    0.9199227921368586,
    0.9,
    0.9199212935813998,
    0.9199099841266652,
    0.9199099846150107,
    0.91,
    0.9,
    0.91,
    0.91,
    0.9100224943764059,
    0.91,
    0.91,
    0.91,
    0.91,
    0.91,
    0.91,
    0.91991719944377,
    0.9199546793164216,
    0.9100090010099011,
    0.9100161961635229,
    0.9100453400503778,
    0.9100090024908459,
    0.9100162891880845,
    0.9100299900033322,
    0.9100162244140204,
    0.9100539892021595,
    0.9100090222369245,
    0.92,
    0.9199857972589068,
    0.9198345277903659,
    0.9199460077025877,
    0.9100090518955346,
    0.9199909906053833,
    0.91,
    0.91,
    0.91,
    0.91,
    0.910009,
    0.9199997429448427,
    0.91,
    0.9100000154800004,
    0.9199909840703242,
    0.91,
    0.91,
    0.910010148125775,
    0.9199999877333048,
    0.92,
    0.9100101260833628,
    0.92,
    0.92,
    0.92,
    0.92,
    0.92,
    0.92,
    0.92,
    0.92,
    0.92,
    0.92,
    0.92,
    0.92,
    0.92,
    0.92,
    0.92,
    0.92,
    0.9100224917077572,
    0.91,
    0.9100000204382831,
    0.91008100810081,
    0.910015015015015,
    0.92,
    0.92,
    0.9199999995769628,
    0.92,
    0.92,
    0.9199999944157764,
    0.92,
    0.92,
    0.92,
    0.92,
    0.92,
    0.92,
    0.92,
    0.92,
    0.9299999906998978,
    0.9299999906998978,
    0.9299999906998978,
    0.9299999906998978,
    0.9100225447737262,
    0.9299999906998978,
    0.9299999906998978,
    0.9299999906998978,
    0.9299999906998978,
    0.92,
    0.9199879866666667,
    0.9199994722774313,
    0.91,
    0.91,
    0.9100208940969006,
    0.91,
    0.9100132391879965,
    0.9100000130908678,
    0.91,
    0.91,
    0.91,
    0.91,
    0.9199867521889782,
    0.92,
    0.9199912147983308,
    0.9199909840703242,
    0.9100209417469596,
    0.9199909700891936,
    0.9199999959693315,
    0.92,
    0.9199999767088024,
    0.9199999971137237,
    0.9100139823158618,
    0.9199999969736832,
    0.9100139919248653,
    0.910063069376314,
    0.92,
    0.9299811278835358,
    0.92,
    0.9299811166956589,
    0.9299811278351783,
    0.9299811166956589,
    0.9299811166956589,
    0.9299860454756604,
    0.9299860472123902,
    0.9100206520454345,
    0.9299860454756604,
    0.9100837209302326,
    0.9100837209302326,
    0.9100893457605223,
    0.9100207628811452,
    0.9100720576461169,
    0.9100725298023398,
    0.9299869429115075,
    0.9299719175091414,
    0.9299162562240582,
    0.9299162562240582,
    0.9299281673395505,
    0.92,
    0.910089389352579,
    0.9299281673395505,
    0.92,
    0.9299281673395505,
    0.9299281673395505,
    0.9299793544067182,
    0.9299196417794304,
    0.9299151539707126,
    0.9299107744812226,
    0.9299107744812226,
    0.9299107744812226,
    0.9299107744812226,
    0.9299793544067182,
    0.929979358322141,
    0.9299793544067182,
    0.9299793544067182,
    0.9299793544067182,
    0.9299793544067182,
    0.92,
    0.9299666103454461,
    0.9299274408131787,
    0.9299274654763565,
    0.9100290564727558,
    0.910020261143629,
    0.910029042014709,
    0.9299710966171633,
    0.9299709540968943,
    0.9299709103353867,
    0.9100752508361204,
    0.9100103336882133,
    0.9100761974686808,
    0.9299896677786282,
    0.9299896677786282,
    0.9299896677786282,
    0.9299896677786282,
    0.9299896677786282,
    0.9299896677786282,
    0.9299896677786282,
    0.9299896697699905,
    0.9299896677786282,
    0.9299999813999167,
    0.9199994368485342,
    0.9199241613383813,
    0.9199241613383813,
    0.9100757684348006,
    0.9199241613383813,
    0.9199241736156809,
    0.9199902480984942,
    0.9199902480984942,
    0.9199902480984942,
    0.9199999815999912,
    0.9199999815999912,
    0.92,
    0.9199999815999912,
    0.9199999815999912,
    0.9199999815999912,
    0.9199999815999912,
    0.9199999815999912,
    0.92,
    0.91,
    0.91,
    0.91,
    0.91,
    0.91,
    0.9100837209302326,
    0.9100598006644518,
    0.91,
    0.910009000018643,
    0.91,
    0.9299162323918777,
    0.9299162562240582,
    0.9299162562240582,
    0.9299162562240582,
    0.9299401765595896,
    0.9299401765595896,
    0.9299401765595896,
    0.9299401765595896,
    0.9299909976601356,
    0.9299909976601356,
    0.9100090152986504,
    0.9299909976601356,
    0.9100090791930794,
    0.9299909976601356,
    0.9299909976601356,
    0.9299909976601356,
    0.9299909976601356,
    0.9299909976601356,
    0.9299999570766939,
    0.9299999813999167,
    0.9299999813999167,
    0.9299999813999167,
    0.9299999813999167,
    0.9299999813999167,
    0.9299999813999167,
    0.9299999813999167,
    0.9299999813999167,
    0.9299999813999167,
    0.9299999813999167,
    0.9299999813999167,
    0.9299999906998978,
    0.9299999743446337,
    0.9100000154800004,
    0.92,
    0.91,
    0.9100000256291403,
    0.9299999813999167,
    0.929999996612015,
    0.929999996612015,
    0.92,
    0.9199999815999912,
    0.9199999815999912,
    0.9199999815999912,
    0.9199999815999912,
    0.9199999815999912,
    0.92,
    0.9199999815999912,
    0.9199999815999912,
    0.9199999963163134,
    0.9199999815999912,
    0.9199999815999912,
    0.9199999815999912,
    0.919999996319999,
    0.9199999815999912,
    0.92,
    0.92,
    0.9199999815999912,
    0.91,
    0.91,
    0.91,
    0.91,
    0.91,
    0.91,
    0.91,
    0.91,
    0.91,
    0.91,
    0.91,
    0.91,
    0.91,
    0.91,
    0.91,
    0.91,
    0.91,
    0.91,
    0.91,
    0.91,
    0.91,
    0.9,
    0.9,
    0.9,
    0.9,
    0.9,
    0.9,
    0.9,
    0.9,
    0.9,
    0.9,
    0.9,
    0.9,
    0.9,
    0.9,
    0.91,
    0.91,
    0.9099999694629448,
    0.9099999627047973,
    0.91,
    0.9,
    0.91,
    0.91,
    0.91,
    0.9099999976115473,
    0.9099999469901914,
    0.9099999927777549,
    0.9099999653332687,
    0.91,
    0.91,
    0.91,
    0.91,
    0.91,
    0.91,
    0.9,
    0.91,
    0.9,
    0.9,
    0.9099999776960461,
    0.9099999562499179,
    0.9,
    0.91,
    0.91,
    0.91,
    0.91,
    0.9,
    0.9,
    0.91,
    0.91,
    0.91,
    0.91,
    0.91,
    0.91,
    0.91,
    0.91,
    0.91,
    0.91,
    0.9099999762608083,
    0.9,
    0.9,
    0.9,
    0.9,
    0.9,
    0.91,
    0.91,
    0.91,
    0.91,
    0.91,
    0.91,
    0.91,
    0.91,
    0.9199994479992272,
    0.92,
    0.92,
    0.9100000810000081,
    0.92,
    0.92,
    0.92,
    0.9100000810000081,
    0.9199999957456594,
    0.92,
    0.91,
    0.92,
    0.92,
    0.91,
    0.91,
    0.92,
    0.92,
    0.9199999947428512,
    0.9199999955121919,
    0.9100000510000051,
    0.91,
    0.92,
    0.919999996319999,
    0.91,
    0.9199999815999912,
    0.92,
    0.9199999877333048,
    0.9100000154800004,
    0.9199999815999912,
    0.9100000154800004,
    0.9199999877333048,
    0.910000074423087,
    0.9100000154800004,
    0.9199999877333048,
    0.9100000760194271,
    0.910000074423087,
    0.92,
    0.910000074423087,
    0.9100000728571532,
    0.91,
    0.92,
    0.92,
    0.9100000776470679,
    0.92,
    0.91,
    0.91,
    0.91,
    0.91,
    0.91,
    0.910000074423087,
    0.9,
    0.91,
    0.9,
    0.91,
    0.9,
    0.91,
    0.91,
    0.91,
    0.910000074423087,
    0.9100000728571532,
    0.910000074423087,
    0.9100000810000081,
    0.9199999997056,
    0.92,
    0.92,
    0.919999999736955,
    0.9199999996771929,
    0.919999999716923,
    0.9199999877333048,
    0.9,
    0.91,
    0.9,
    0.9199999693330788,
    0.9,
    0.9,
    0.91,
    0.91,
    0.91,
    0.92,
    0.9,
    0.92
]
