[
    0.001,
    0.001,
    0.001,
    0.002,
    0.001,
    0.001,
    0.001,
    0.001,
    0.001,
    0.001,
    0.002,
    0.002,
    0.002,
    0.004,
    0.002,
    0.01,
    0.01,
    0.01,
    0.01,
    0.01,
    0.01,
    0.01,
    0.01,
    0.01,
    0.01,
    0.01,
    0.01,
    0.02,
    0.02,
    0.02,
    0.02,
    0.02,
    0.04,
    0.0300000000058217,
    0.04,
    0.03,
    0.03,
    0.03,
    0.03,
    0.03,
    0.03,
    0.03,
    0.03,
    0.04,
    0.04,
    0.04,
    0.03,
    0.03,
    0.04,
    0.04,
    0.04,
    0.06,
    0.07,
    0.04,
    0.1,
    0.1,
    0.1,
    0.08,
    0.1,
    0.12,
    0.1500000009824319,
    0.14,
    0.14,
    0.12136868915284092,
    0.09,
    0.09,
    0.09,
    0.09,
    0.09,
    0.1,
    0.09,
    0.1,
    0.1,
    0.1,
    0.1,
    0.13,
    0.1100000890004361,
    0.1299999789399992,
    0.12999989859997768,
    0.11000000024277143,
    0.12,
    0.11,
    0.14,
    0.1699999758599986,
    0.1699999758599986,
    0.16999988609996242,
    0.18,
    0.1799998703999637,
    0.17817662432383152,
    0.15,
    0.15,
    0.15,
    0.15,
    0.1499999977495499,
    0.18626666666666666,
    0.15,
    0.18,
    0.17,
    0.16,
    0.17,
    0.11000000279830277,
    0.13,
    0.17,
    0.2,
    0.21,
    0.21,
    0.21,
    0.21,
    0.21,
    0.21,
    0.21,
    0.21,
    0.21,
    0.22,
    0.21,
    0.21,
    0.22,
    0.21,
    0.21,
    0.25,
    0.25,
    0.26,
    0.25,
    0.26,
    0.26,
    0.26,
    0.26,
    0.27,
    0.26,
    0.26,
    0.25,
    0.25,
    0.27450980015378695,
    0.23,
    0.24,
    0.25,
    0.25,
    0.25,
    0.28,
    0.28,
    0.28,
    0.28,
    0.28,
    0.28,
    0.28,
    0.28,
    0.28,
    0.28,
    0.28,
    0.28,
    0.28,
    0.2799999854399993,
    0.28,
    0.28,
    0.28,
    0.28,
    0.28,
    0.28,
    0.28,
    0.29133333333333333,
    0.29,
    0.31,
    0.31,
    0.32,
    0.37,
    0.44,
    0.43,
    0.369999978608136,
    0.4,
    0.4,
    0.35933406269324075,
    0.31,
    0.2952285971021871,
    0.2899999640399973,
    0.28,
    0.28,
    0.23,
    0.25,
    0.29,
    0.2979225523900292,
    0.28999998890182976,
    0.29,
    0.3,
    0.27,
    0.27,
    0.27,
    0.27,
    0.27,
    0.27,
    0.28,
    0.28,
    0.27,
    0.27,
    0.27,
    0.2600000004736,
    0.2799999846874993,
    0.2899999595208306,
    0.28999996316531984,
    0.29,
    0.26,
    0.32,
    0.33,
    0.35,
    0.37,
    0.37,
    0.37,
    0.37,
    0.37,
    0.37,
    0.37,
    0.37,
    0.37,
    0.37,
    0.37,
    0.37,
    0.38,
    0.37,
    0.36,
    0.32,
    0.32,
    0.31,
    0.3099999946266666,
    0.27,
    0.29,
    0.27,
    0.28,
    0.28000000192000013,
    0.28000000192000013,
    0.2999999924999998,
    0.28,
    0.3,
    0.2800000005897611,
    0.3,
    0.27,
    0.27,
    0.29,
    0.32,
    0.29,
    0.29,
    0.32,
    0.33,
    0.32,
    0.32,
    0.3,
    0.3,
    0.3,
    0.31,
    0.3,
    0.31,
    0.32,
    0.32,
    0.3145333200847907,
    0.32,
    0.32,
    0.32,
    0.32,
    0.32,
    0.32,
    0.32,
    0.31000005750001436,
    0.32,
    0.31000000828000324,
    0.32,
    0.32999999101666644,
    0.3,
    0.3,
    0.3,
    0.3,
    0.35634028386953814,
    0.35,
    0.35,
    0.37,
    0.37999997076922887,
    0.38,
    0.42,
    0.3799999757222204,
    0.42,
    0.39997793359114253,
    0.42,
    0.4,
    0.41,
    0.41,
    0.41,
    0.41,
    0.41,
    0.41,
    0.42999999401056654,
    0.41,
    0.4399999894399992,
    0.41,
    0.43999996479999576,
    0.41,
    0.41,
    0.42,
    0.42,
    0.42,
    0.44,
    0.4699998777999096,
    0.4600000013500002,
    0.45000000302857723,
    0.49627791563275436,
    0.51,
    0.5132775227214335,
    0.5,
    0.4800000024266667,
    0.46,
    0.46000001188000034,
    0.44719424258578605,
    0.43,
    0.4037817154038482,
    0.39,
    0.3700000651724275,
    0.370000003600001,
    0.3899998478999072,
    0.37,
    0.4,
    0.4074696087766022,
    0.3899999961974999,
    0.4,
    0.37,
    0.37,
    0.37000005460003166,
    0.36,
    0.36,
    0.36,
    0.35,
    0.32000000453333405,
    0.34,
    0.34,
    0.34950328407224956,
    0.34,
    0.33,
    0.33,
    0.34,
    0.33217391304347826,
    0.32971042308768506,
    0.32999978219992593,
    0.3339929093773152,
    0.349999929999979,
    0.320000004180024,
    0.32,
    0.33,
    0.34,
    0.34999983064510665,
    0.3799999741599966,
    0.3899998478999072,
    0.38246317955221787,
    0.37,
    0.38999999407710256,
    0.4,
    0.4,
    0.3815031942878617,
    0.4,
    0.35,
    0.3799999011999269,
    0.36,
    0.38,
    0.36,
    0.36,
    0.3789886878625663,
    0.34,
    0.36,
    0.3706463675906162,
    0.35000000447247714,
    0.36,
    0.36999997705999915,
    0.35,
    0.34000000121379315,
    0.36,
    0.37999998327999907,
    0.3200000037690533,
    0.33,
    0.35,
    0.34,
    0.346278,
    0.32,
    0.320000001888889,
    0.3399999632799966,
    0.32,
    0.32,
    0.32,
    0.32000000163200004,
    0.34,
    0.34,
    0.3100000027152779,
    0.32,
    0.34,
    0.34,
    0.34,
    0.32000000163200004,
    0.34,
    0.32,
    0.32000000163200004,
    0.34,
    0.34,
    0.32,
    0.320000001888889,
    0.31,
    0.31000000796153926,
    0.32,
    0.34,
    0.32000000797654415,
    0.3399999632799966,
    0.339999829999915,
    0.320000023583821,
    0.34,
    0.3200000172152003,
    0.3,
    0.3,
    0.28,
    0.3,
    0.3,
    0.31,
    0.31,
    0.31,
    0.31,
    0.34,
    0.33,
    0.32,
    0.31,
    0.27,
    0.31,
    0.31,
    0.31,
    0.32,
    0.3299999862923072,
    0.32999978219992593,
    0.3200001088000914,
    0.3200000606369566,
    0.33,
    0.31000005750001436,
    0.34,
    0.34,
    0.34,
    0.35,
    0.33,
    0.31,
    0.33,
    0.34,
    0.31000000105873016,
    0.32,
    0.33,
    0.31,
    0.33,
    0.3100000038109164,
    0.32,
    0.35,
    0.35,
    0.33,
    0.3200000016001569,
    0.33,
    0.3200000010826589,
    0.35,
    0.3200000001994866,
    0.33,
    0.33,
    0.34,
    0.31000000483000023,
    0.31,
    0.32,
    0.34,
    0.33,
    0.28,
    0.29,
    0.32,
    0.32,
    0.33,
    0.3300000188202348,
    0.34,
    0.34,
    0.3399999986650134,
    0.32,
    0.3200000131400982,
    0.34,
    0.3399999632799966,
    0.32,
    0.28,
    0.27,
    0.2993062730627306,
    0.28,
    0.28,
    0.28,
    0.28,
    0.28,
    0.28,
    0.28,
    0.28,
    0.2845731707317073,
    0.28,
    0.26000000888000036,
    0.26000000616666713,
    0.27,
    0.26000000023284425,
    0.26,
    0.260000001184,
    0.260000001184,
    0.260000001184,
    0.2600000352381029,
    0.260000001184,
    0.260000001184,
    0.260000001184,
    0.26999999891020765,
    0.260000001184,
    0.260000001184,
    0.26000002458473315,
    0.260000001184,
    0.26000004484850686,
    0.260000001184,
    0.26000000044848487,
    0.260000001184,
    0.2600000516825853,
    0.01,
    0.2600000106347737,
    0.26000900330413523,
    0.29,
    0.29,
    0.28,
    0.27450495637924005,
    0.2600091463143905,
    0.26000900913482916,
    0.27,
    0.2700000001986935,
    0.26999992733989253,
    0.26,
    0.26000900002685595,
    0.26,
    0.2600090009868795,
    0.2600090066116228,
    0.2600090048450485,
    0.2600000028991188,
    0.27,
    0.26000000833803044,
    0.26,
    0.2600000004138703,
    0.27,
    0.27,
    0.27,
    0.26000011840006,
    0.2600000003135593,
    0.27,
    0.27,
    0.2699998790399574,
    0.2600000029600002,
    0.26,
    0.26999904651159873,
    0.26000000023176006,
    0.26000900090009,
    0.2600000024666667,
    0.2699992310061876,
    0.2600000028637774,
    0.2600000004200667,
    0.26,
    0.2699908608028338,
    0.2600000014800001,
    0.2600000029600002,
    0.26000001003389955,
    0.26000000592000067,
    0.26,
    0.26,
    0.2600000014723439,
    0.2600000020910331,
    0.26000900158254037,
    0.26000901059860126,
    0.2699931711666301,
    0.26,
    0.26000000569353715,
    0.2600090016100967,
    0.26000900397787574,
    0.2600090173597922,
    0.2699999953891625,
    0.26999521243565544,
    0.2600000029909977,
    0.26,
    0.26,
    0.260009,
    0.2600000086549719,
    0.26000000004369045,
    0.26000900288715934,
    0.269999866310616,
    0.2699977230225526,
    0.26000903148493726,
    0.2600091033100026,
    0.2600000001022256,
    0.26,
    0.26,
    0.26,
    0.2600000021548524,
    0.26,
    0.26,
    0.26000000061666667,
    0.26999714027222177,
    0.26,
    0.26,
    0.26,
    0.2600157645822386,
    0.26,
    0.2600000009863583,
    0.26,
    0.26004433497536944,
    0.26001419782300045,
    0.26000000062973116,
    0.26000901043750957,
    0.26997227411464814,
    0.269955465402338,
    0.2600141201653681,
    0.2600090052906082,
    0.2600304206073864,
    0.2600153660410493,
    0.26003041176547775,
    0.2699849923328331,
    0.2600141189320227,
    0.2600141218961465,
    0.27,
    0.269997841619987,
    0.2600141283699793,
    0.26003,
    0.2600090033938535,
    0.26998237759999705,
    0.2699909850001094,
    0.26000900455831183,
    0.260000006226767,
    0.26000900601756965,
    0.2699999959461756,
    0.26000900319903575,
    0.2699998777357891,
    0.26000900002647065,
    0.2699976840112726,
    0.2600091033100026,
    0.26999770518639976,
    0.26001506276150627,
    0.26000975833468865,
    0.26,
    0.2600000023676665,
    0.26,
    0.26,
    0.260041390794702,
    0.26004145260218303,
    0.26004136035197667,
    0.2699585375989302,
    0.2600097274371875,
    0.2600097248610143,
    0.26006950010220603,
    0.2699902695501989,
    0.2600695327736793,
    0.26999975657049163,
    0.2699632635178385,
    0.260069650461455,
    0.2600695387342885,
    0.26000011546113866,
    0.2699573590815101,
    0.2600135840251382,
    0.26000000237356735,
    0.26,
    0.26,
    0.26,
    0.26,
    0.26995742657126814,
    0.2600136065629409,
    0.2600425129900803,
    0.26002664298401423,
    0.2600135912412001,
    0.26001998757941325,
    0.2600199741344401,
    0.2600135939706389,
    0.26002669492822045,
    0.27,
    0.27,
    0.26999999104736827,
    0.26998784217687105,
    0.26002682584965886,
    0.26998777642110977,
    0.2699894223996243,
    0.2600121518531576,
    0.26000000286330316,
    0.2600266983091071,
    0.2699956428102292,
    0.26001214903809516,
    0.2600351976397916,
    0.2699876804498215,
    0.26996871100759395,
    0.2600352272915067,
    0.26996463950852645,
    0.2699879004916345,
    0.26001209189842805,
    0.26,
    0.2600171768414987,
    0.26000000068509704,
    0.26998622869633104,
    0.26995123865899967,
    0.26004864623788826,
    0.2600171723540077,
    0.2600486049568374,
    0.2600486302438052,
    0.2600807362179577,
    0.2699827939930976,
    0.26008071805312966,
    0.26997484387582626,
    0.26000900020303125,
    0.260000000206835,
    0.26,
    0.2600091463143905,
    0.26,
    0.26999094630058285,
    0.2699999369999937,
    0.269999996328,
    0.2600000103600019,
    0.2699930940095512,
    0.26,
    0.26,
    0.25,
    0.26,
    0.26,
    0.2600000023575233,
    0.2699828304241737,
    0.2600000037445231,
    0.26001284660627383,
    0.26001284895430316,
    0.2600128683890871,
    0.26001284895430316,
    0.2600128683890871,
    0.2600128787384342,
    0.2600128683890871,
    0.26003094238176433,
    0.2600000045225611,
    0.26000900883435735,
    0.2600310343449711,
    0.2600090352987143,
    0.26002146649097696,
    0.2600275231918245,
    0.2600090111081871,
    0.2699723008142373,
    0.260027556587571,
    0.260027556587571,
    0.260027556587571,
    0.2600433433073106,
    0.26002147485815325,
    0.26004335412491303,
    0.26999783666666666,
    0.2699685724899241,
    0.2600090352987143,
    0.26000901196277115,
    0.260020684900023,
    0.2600090172489303,
    0.2600308338514332,
    0.2600090352987143,
    0.2699258980935481,
    0.26991834482582894,
    0.2600090095908985,
    0.26007378925961955,
    0.26007382247164323,
    0.2600092602203559,
    0.26007945129196586,
    0.2600832616418896,
    0.2600833221420768,
    0.2600833221420768,
    0.2600792973413526,
    0.2699205622990777,
    0.2600792973413526,
    0.2600792973413526,
    0.2600792973413526,
    0.2600090352987143,
    0.27,
    0.2600090352987143,
    0.26000907952917235,
    0.2600090032312967,
    0.2600090913255364,
    0.27,
    0.2600001415653134,
    0.26999985419993294,
    0.26,
    0.269999987450444,
    0.26000000054266664,
    0.2699999992845,
    0.2699866411492685,
    0.26000010257454786,
    0.2600000014800001,
    0.269991,
    0.25000900976113377,
    0.2500090123923019,
    0.269898198,
    0.26,
    0.25,
    0.26,
    0.25,
    0.25999996463999775,
    0.2599999927199999,
    0.2599998647999351,
    0.25,
    0.25999999661999995,
    0.25,
    0.25,
    0.25,
    0.25,
    0.25,
    0.25,
    0.25,
    0.25,
    0.25,
    0.26,
    0.26,
    0.26,
    0.26,
    0.260009,
    0.26,
    0.26,
    0.26000000230795695,
    0.269999132,
    0.26,
    0.2699908149032919,
    0.26,
    0.26,
    0.26,
    0.26,
    0.26,
    0.26,
    0.26,
    0.26,
    0.26,
    0.26,
    0.26,
    0.26,
    0.26,
    0.2600000061396532,
    0.26,
    0.26,
    0.2600000029600002,
    0.26,
    0.2600000325600181,
    0.26,
    0.26,
    0.26,
    0.26,
    0.26,
    0.26,
    0.26,
    0.27,
    0.2600000325600181,
    0.27,
    0.260000001607298,
    0.26000000888000036,
    0.26,
    0.26,
    0.26,
    0.26,
    0.26,
    0.26,
    0.26,
    0.26,
    0.2600000042774591,
    0.26,
    0.26,
    0.26,
    0.26,
    0.26,
    0.26,
    0.26,
    0.26,
    0.26,
    0.26,
    0.26002001336126973,
    0.2600200136072049,
    0.26,
    0.26,
    0.26,
    0.26,
    0.26999985419993294,
    0.26,
    0.2799999731199972,
    0.26,
    0.26,
    0.26,
    0.27,
    0.26,
    0.26,
    0.26000000592000067,
    0.26999985419993294,
    0.26,
    0.26000900001565813,
    0.26,
    0.2600163498098859,
    0.2600164276517338,
    0.26999484997668305,
    0.2600163490359498,
    0.2600164276517338,
    0.2600163487837194,
    0.26999094630058285,
    0.260009,
    0.2600091463143905,
    0.2600090352987143,
    0.260009,
    0.2600090352987143,
    0.260009,
    0.26,
    0.26,
    0.26,
    0.26,
    0.26,
    0.26,
    0.26,
    0.26,
    0.26,
    0.26,
    0.26,
    0.26,
    0.26,
    0.26,
    0.26,
    0.27,
    0.26,
    0.26,
    0.26,
    0.26,
    0.26,
    0.26,
    0.26,
    0.26,
    0.26,
    0.26,
    0.26,
    0.26,
    0.260000001184,
    0.26999985419993294,
    0.260000000222,
    0.26000000888000036,
    0.2600000115111122,
    0.2600000056923085,
    0.26000000616666713,
    0.27,
    0.27,
    0.26,
    0.26,
    0.26,
    0.26,
    0.27,
    0.26,
    0.26,
    0.26,
    0.26,
    0.27,
    0.2700000912500342,
    0.2700000912500342,
    0.270000007861539,
    0.2700000912500342,
    0.2700000912500342,
    0.27000001241000104,
    0.2700000912500342,
    0.2700000912500342,
    0.2700000025550001,
    0.27000000584000033,
    0.2700000912500342,
    0.27000001241000104,
    0.2700000786155576,
    0.27000000420749337,
    0.27000000009125,
    0.27000000584000033,
    0.2700000912500342,
    0.2700000912500342,
    0.2700000912500342,
    0.2700000912500342,
    0.2700000113707172,
    0.2700000912500342,
    0.27,
    0.279999843199931,
    0.2700000025550001,
    0.2700000912500342,
    0.2700000912500342,
    0.27,
    0.28,
    0.27,
    0.27,
    0.27,
    0.27,
    0.27,
    0.27,
    0.2700000912500342,
    0.2700000912500342,
    0.27000018980014046,
    0.2700000912500342,
    0.28,
    0.27,
    0.28,
    0.2700000284415635,
    0.27,
    0.27,
    0.27,
    0.29,
    0.28,
    0.28,
    0.28,
    0.28,
    0.28,
    0.2900000081650003,
    0.29,
    0.29,
    0.29,
    0.29,
    0.29,
    0.29,
    0.29,
    0.2900000000923,
    0.29000002982001066,
    0.29000005756761477,
    0.29,
    0.29,
    0.29,
    0.29,
    0.299999819999928,
    0.29000014413552583,
    0.3,
    0.3,
    0.299999819999928,
    0.29000000426000033,
    0.29,
    0.29,
    0.29,
    0.29,
    0.29,
    0.29,
    0.290000008520001,
    0.29,
    0.29999982524265056,
    0.299999819999928,
    0.29,
    0.29,
    0.29,
    0.29,
    0.29,
    0.29,
    0.29,
    0.29,
    0.29,
    0.29,
    0.29999982524265056,
    0.2900000729907149,
    0.299999819999928,
    0.2900000153833356,
    0.29000000559055555,
    0.29000002982001066,
    0.29000002982001066,
    0.3,
    0.29999997313432675,
    0.2900000037368426,
    0.2900000497000131,
    0.299999819999928,
    0.3,
    0.299999819999928,
    0.2999998598130186,
    0.29,
    0.29999999699999996,
    0.29999992499998124,
    0.2900001183333925,
    0.29000005680010904,
    0.2999999819999993,
    0.29000003136547303,
    0.3,
    0.29999998262548194,
    0.29000001936367104,
    0.29000000007779964,
    0.29,
    0.3,
    0.290000026258897,
    0.2900000497000131,
    0.29,
    0.3,
    0.3,
    0.3,
    0.2900000223270477,
    0.30999993644998125,
    0.30000002333334036,
    0.3,
    0.29,
    0.3,
    0.3,
    0.30000002301118367,
    0.3099998294999233,
    0.30999996217999704,
    0.31,
    0.30999996217999704,
    0.30000002800000447,
    0.30999985990377477,
    0.30999993644998125,
    0.30999995315555223,
    0.3,
    0.3,
    0.30999998356999925,
    0.3000001147541736,
    0.3099998525241988,
    0.30000012962972566,
    0.30999985990377477,
    0.3,
    0.3,
    0.30999985990377477,
    0.3,
    0.3099998525241988,
    0.3,
    0.3,
    0.3,
    0.3,
    0.31,
    0.3,
    0.3099998294999233,
    0.3,
    0.3,
    0.3,
    0.31,
    0.3,
    0.3099998525241988,
    0.3,
    0.3099999007999656,
    0.3099998294999233,
    0.30999992923910813,
    0.30000001029412054,
    0.3,
    0.30000002800000447,
    0.3000001129033897,
    0.31,
    0.3000000070000006,
    0.3,
    0.3099999906999997,
    0.30999998356999925,
    0.3,
    0.3,
    0.3099998294999233,
    0.3000000630631142,
    0.3099999755263134,
    0.3099998525241988,
    0.3000000028000002,
    0.30999998945999985,
    0.3099998212612033,
    0.30000006730775053,
    0.3,
    0.3,
    0.3,
    0.30999990624388507,
    0.3099998749579286,
    0.3000000093333357,
    0.3099998742452154,
    0.3,
    0.3099998294999233,
    0.29989897232314205,
    0.3,
    0.3,
    0.30999984499992556,
    0.3,
    0.3000000106829469,
    0.3,
    0.30000002800000447,
    0.3,
    0.30000000127915794,
    0.30999996217999704,
    0.3,
    0.30978205929564884,
    0.3,
    0.3,
    0.3099479372871422,
    0.3,
    0.3099479494967733,
    0.31,
    0.3599998668906937,
    0.3546558307134949,
    0.30000000636363744,
    0.3,
    0.3099998294999233,
    0.3,
    0.3395355154149124,
    0.28,
    0.27,
    0.3099771929931579,
    0.3098091619618324,
    0.3098091850182716,
    0.3,
    0.30000002800000447,
    0.3100000414000389,
    0.3200039972554926,
    0.32999989219996334,
    0.32000399681211206,
    0.31,
    0.31,
    0.31973469947069394,
    0.3197346085625127
]
