[
    0.999,
    0.999,
    0.999,
    0.999,
    0.999,
    0.999,
    0.999,
    0.999,
    0.999,
    0.999,
    0.999,
    0.999,
    0.999,
    0.999,
    0.999,
    0.999,
    0.999,
    0.999,
    0.999,
    0.999,
    0.999,
    0.999,
    0.999,
    0.999,
    0.999,
    0.999,
    0.999,
    0.999,
    0.999,
    0.999,
    0.999,
    0.998,
    0.999,
    0.998,
    0.9989999969657326,
    0.99899999645355,
    0.998,
    0.999,
    0.998,
    0.998,
    0.998,
    0.998,
    0.998,
    0.998,
    0.998,
    0.998,
    0.999,
    0.998,
    0.999,
    0.999,
    0.998,
    0.998,
    0.992,
    0.997,
    0.998,
    0.9966148221086317,
    0.994,
    0.991,
    0.997,
    0.998,
    0.996,
    0.995,
    0.996,
    0.996,
    0.994,
    0.994,
    0.994,
    0.994,
    0.99,
    0.99,
    0.99,
    0.99,
    0.98,
    0.98,
    0.98,
    0.98,
    0.98,
    0.98,
    0.96,
    0.96,
    0.9699999999941783,
    0.96,
    0.96,
    0.97,
    0.97,
    0.97,
    0.97,
    0.96,
    0.96,
    0.96,
    0.96,
    0.95,
    0.94,
    0.96,
    0.94,
    0.96,
    0.95,
    0.96,
    0.95,
    0.9499999786249994,
    0.95,
    0.95,
    0.94,
    0.93,
    0.93,
    0.93,
    0.9514648316785994,
    0.95,
    0.9499995249992875,
    0.91,
    0.924128,
    0.9,
    0.87,
    0.86,
    0.88,
    0.849999999424587,
    0.86,
    0.88,
    0.88,
    0.87,
    0.91,
    0.91,
    0.91,
    0.91,
    0.91,
    0.9099999908999992,
    0.9,
    0.9,
    0.87,
    0.87,
    0.87,
    0.8899999109995639,
    0.8700000210600008,
    0.8700001014000223,
    0.8899999997572285,
    0.87,
    0.8689795918367347,
    0.8300000241400014,
    0.83,
    0.82,
    0.8200001296000363,
    0.82,
    0.85,
    0.85,
    0.85,
    0.85,
    0.8500000022504501,
    0.81,
    0.85,
    0.85,
    0.85,
    0.8541017604120635,
    0.8499999799082307,
    0.8599999922599997,
    0.83,
    0.8,
    0.79,
    0.79,
    0.74,
    0.7497246350627531,
    0.74,
    0.74,
    0.75,
    0.7200000082782609,
    0.73,
    0.7615384606142012,
    0.7299999696675871,
    0.75,
    0.72,
    0.72,
    0.72,
    0.72,
    0.7299998101998596,
    0.72,
    0.72,
    0.72,
    0.72,
    0.72,
    0.72,
    0.7399999994585366,
    0.72,
    0.72,
    0.72,
    0.7200000145600007,
    0.72,
    0.72,
    0.72,
    0.72,
    0.72,
    0.72,
    0.72,
    0.71,
    0.7,
    0.71,
    0.72,
    0.6952631578947368,
    0.69,
    0.6623529411764706,
    0.63,
    0.57,
    0.6199999892392908,
    0.6300000213918641,
    0.64,
    0.6,
    0.6,
    0.6,
    0.6,
    0.64,
    0.64,
    0.68,
    0.7,
    0.7,
    0.71,
    0.71,
    0.73,
    0.7100000359600027,
    0.72,
    0.72,
    0.72,
    0.7,
    0.7199995391993733,
    0.71,
    0.7100000110981702,
    0.71,
    0.72,
    0.72,
    0.73,
    0.73,
    0.73,
    0.73,
    0.73,
    0.73,
    0.73,
    0.7399999995263999,
    0.71,
    0.7200000153125007,
    0.7100000404791694,
    0.7100000368346802,
    0.71,
    0.74,
    0.68,
    0.67,
    0.65,
    0.67,
    0.63,
    0.63,
    0.63,
    0.63,
    0.63,
    0.63,
    0.63,
    0.62,
    0.63,
    0.64,
    0.68,
    0.68,
    0.69,
    0.6900000053733334,
    0.7326732092931996,
    0.71,
    0.7299326565883311,
    0.7199999980799999,
    0.7199999980799999,
    0.7000000075000001,
    0.72,
    0.7,
    0.7195203192083803,
    0.73,
    0.71,
    0.71,
    0.71,
    0.7099205032673157,
    0.6786666666666666,
    0.68,
    0.709999999105856,
    0.7,
    0.7,
    0.6987951807228916,
    0.68,
    0.68,
    0.69,
    0.68,
    0.69,
    0.68,
    0.68,
    0.68,
    0.68,
    0.68,
    0.68,
    0.68,
    0.6899999424999856,
    0.68,
    0.6899999917199968,
    0.68,
    0.7029085095065966,
    0.6700000089833336,
    0.7,
    0.7,
    0.7,
    0.67,
    0.6400000061296661,
    0.63,
    0.6200000292307711,
    0.62,
    0.58,
    0.6200000242777796,
    0.62,
    0.58,
    0.6,
    0.6,
    0.61,
    0.58,
    0.6,
    0.59,
    0.59,
    0.59,
    0.59,
    0.59,
    0.5700000059894335,
    0.5600000105600008,
    0.59,
    0.58,
    0.58,
    0.58,
    0.52,
    0.5300001222000904,
    0.5399999986499998,
    0.5478730891282227,
    0.51,
    0.5,
    0.49,
    0.48,
    0.5,
    0.48000000116084385,
    0.5,
    0.5199999975733333,
    0.49,
    0.5199999937599997,
    0.5,
    0.519999989599995,
    0.54,
    0.5399999881199997,
    0.56,
    0.6,
    0.61,
    0.6,
    0.6,
    0.61,
    0.61,
    0.6299999348275725,
    0.629999996399999,
    0.6100001521000927,
    0.63,
    0.6,
    0.61,
    0.6,
    0.6,
    0.6100001515092065,
    0.64,
    0.6,
    0.63,
    0.63,
    0.6299999453999683,
    0.64,
    0.64,
    0.6799999954666659,
    0.6899999585999611,
    0.66,
    0.66,
    0.65,
    0.66,
    0.66,
    0.66,
    0.6899998222085257,
    0.66,
    0.67,
    0.66,
    0.65,
    0.68,
    0.6700000016699801,
    0.670000217800074,
    0.6600000571681572,
    0.67,
    0.6899999424999856,
    0.6899999568749893,
    0.650000070000021,
    0.65,
    0.6699999195999292,
    0.6721514335991571,
    0.6500001693548934,
    0.6200000258400035,
    0.6100001521000927,
    0.65,
    0.63,
    0.6100000015343723,
    0.63,
    0.6100000059228975,
    0.6,
    0.56,
    0.58,
    0.58,
    0.54,
    0.62,
    0.61,
    0.6,
    0.65,
    0.64,
    0.64,
    0.64,
    0.64,
    0.6578947368421053,
    0.6487025909000362,
    0.6586826336261609,
    0.64,
    0.6786427112656921,
    0.65,
    0.66,
    0.65,
    0.65,
    0.66,
    0.679999998368,
    0.689999804868746,
    0.6600000367200034,
    0.68,
    0.679999998368,
    0.66,
    0.66,
    0.66,
    0.6886227520993939,
    0.66,
    0.66,
    0.66,
    0.6799999891199997,
    0.66,
    0.679999998368,
    0.66,
    0.68,
    0.679999998368,
    0.66,
    0.66,
    0.679999998368,
    0.687250990046983,
    0.66,
    0.6799999920234558,
    0.6600000367200034,
    0.660000170000085,
    0.6799999764161789,
    0.66,
    0.6799999827847997,
    0.7,
    0.7,
    0.7199999965439999,
    0.7,
    0.7,
    0.7,
    0.69,
    0.69,
    0.7099999502999869,
    0.69,
    0.69,
    0.66,
    0.67,
    0.68,
    0.69,
    0.69,
    0.69,
    0.69,
    0.68,
    0.6899999635833312,
    0.6700000137076928,
    0.670000217800074,
    0.6799998911999086,
    0.6799999393630434,
    0.67,
    0.6899999424999856,
    0.66,
    0.66,
    0.66,
    0.65,
    0.66,
    0.67,
    0.6699999615866638,
    0.69,
    0.67,
    0.66,
    0.6873255806020416,
    0.685627373779005,
    0.65,
    0.65,
    0.67,
    0.6799999983998432,
    0.67,
    0.6799999989173411,
    0.65,
    0.6767852698009412,
    0.67,
    0.6899999951699998,
    0.67,
    0.68,
    0.67,
    0.7128712869875502,
    0.67,
    0.6699999811797652,
    0.66,
    0.66,
    0.6600000013835939,
    0.66,
    0.68,
    0.6799999868599018,
    0.66,
    0.6600000367200034,
    0.68,
    0.7279335427343363,
    0.7,
    0.7,
    0.7,
    0.71,
    0.7399999911199997,
    0.7399999938333329,
    0.73,
    0.7399999998250592,
    0.739999998816,
    0.739999998816,
    0.739999998816,
    0.7399999647618971,
    0.739999998816,
    0.739999998816,
    0.739999998816,
    0.7300000010897923,
    0.739999998816,
    0.739999998816,
    0.7399999754152669,
    0.739999998816,
    0.7399999551514932,
    0.739999998816,
    0.7399999995515152,
    0.739999998816,
    0.7399999483174147,
    0.7399916641415684,
    0.730009,
    0.7200000073040621,
    0.7399908536856095,
    0.7399909908651708,
    0.7299999998547119,
    0.739999998816,
    0.73,
    0.73,
    0.73,
    0.7300090055007302,
    0.73,
    0.73,
    0.73,
    0.73,
    0.73,
    0.73,
    0.7399999959299999,
    0.73999938,
    0.7399909990131205,
    0.7399909933883771,
    0.7399909951549515,
    0.7399999971008813,
    0.73,
    0.7399999916619696,
    0.74,
    0.7399999995861297,
    0.73,
    0.73,
    0.73,
    0.73,
    0.73,
    0.73999988159994,
    0.7399999996864407,
    0.73,
    0.73,
    0.73,
    0.7300001209600426,
    0.7399999970399999,
    0.74,
    0.7300000006157871,
    0.730009,
    0.7399966980981039,
    0.7399999975333333,
    0.7300000006985959,
    0.7300090065408693,
    0.7399999971362226,
    0.7399999995799333,
    0.74,
    0.7300091391971661,
    0.73999999852,
    0.7399999970399999,
    0.7399999899661005,
    0.7399999940799994,
    0.74,
    0.7399999985276561,
    0.7399957326245801,
    0.7399909894013987,
    0.7300000210082578,
    0.730009,
    0.74,
    0.7399964724576105,
    0.7399909960221243,
    0.7399909826402078,
    0.7300000046108375,
    0.7300000069212442,
    0.7300090018003601,
    0.7399999970090023,
    0.74,
    0.739999991345028,
    0.7399998196947799,
    0.730000133689384,
    0.730000001725977,
    0.730009,
    0.7399909685150627,
    0.7399908966899974,
    0.7399999998977743,
    0.74,
    0.7399999985431637,
    0.7399999993833333,
    0.73,
    0.73,
    0.7300000031739183,
    0.7300157673440785,
    0.7300142095086043,
    0.73,
    0.74,
    0.7399975327934019,
    0.74,
    0.7399945010499605,
    0.7300444013303803,
    0.7300142280447923,
    0.730044534597662,
    0.7399877661516444,
    0.739969608769123,
    0.7399695882345222,
    0.7300304209480014,
    0.73,
    0.7399858810679774,
    0.7399858781038535,
    0.73,
    0.73,
    0.73,
    0.73,
    0.73,
    0.73,
    0.73,
    0.73,
    0.7300090176866112,
    0.7300141226478708,
    0.73,
    0.73,
    0.73,
    0.73,
    0.7300000043831169,
    0.7399858716300207,
    0.7399811171491322,
    0.7300090174664662,
    0.73003,
    0.7300090149998907,
    0.7399909954416882,
    0.7399964589820907,
    0.7300000077484543,
    0.73,
    0.7399909968009643,
    0.730000122264211,
    0.7399909999735294,
    0.73,
    0.730000019868205,
    0.73,
    0.73000900090009,
    0.73,
    0.7399908966899974,
    0.73,
    0.7300413922883109,
    0.7300150627615063,
    0.73000001584147,
    0.7300097598712558,
    0.73,
    0.7399969426779546,
    0.739958547397817,
    0.7399586396480233,
    0.7300414624010698,
    0.7399902725628125,
    0.7399875653316754,
    0.7300097304498011,
    0.7399304672263207,
    0.7300000004954674,
    0.7300199997321476,
    0.7300696594427245,
    0.7300266350991418,
    0.7300200507474178,
    0.7300425832424261,
    0.739930349538545,
    0.7399304612657115,
    0.7399998845388613,
    0.7300426409184899,
    0.7399996192405138,
    0.7300425734287318,
    0.7399690893513886,
    0.7399842750369038,
    0.7399800258655599,
    0.7399767056235026,
    0.7300266903914591,
    0.7399731741503411,
    0.7300135856974528,
    0.7300267040347985,
    0.739989533957852,
    0.7300121580707573,
    0.7300135143243266,
    0.7399713248802664,
    0.7300123195501784,
    0.7300122636284516,
    0.7300352295174688,
    0.7399647727084933,
    0.7300353604914736,
    0.7300120995083655,
    0.7399982459029159,
    0.7300101399752056,
    0.7300485975724914,
    0.7300171867817755,
    0.7300487613410003,
    0.7399785341860461,
    0.7399513950431627,
    0.7399375621952439,
    0.7300172060069023,
    0.7399192819468703,
    0.7300807174887892,
    0.7300101421911006,
    0.7399983574626418,
    0.7399908536856095,
    0.74,
    0.7300090536994172,
    0.739999989639998,
    0.730012876751101,
    0.74,
    0.74,
    0.7300128904507862,
    0.75,
    0.7399999991549496,
    0.7300128734481527,
    0.730021471982037,
    0.7399974426754468,
    0.7399871510456969,
    0.7399871316109129,
    0.7399871510456969,
    0.7399871316109129,
    0.7399871212615659,
    0.7399871316109129,
    0.7300309862375076,
    0.7300214903711739,
    0.7300275332901898,
    0.7399855697091375,
    0.7399693356400667,
    0.7399909647012857,
    0.7399787264983112,
    0.7300276991857627,
    0.7399724434124291,
    0.7399724434124291,
    0.7399724434124291,
    0.7399653609532861,
    0.739956645875087,
    0.7300433330166827,
    0.7300206902676408,
    0.7300308430431802,
    0.7300740383549139,
    0.7300206994023364,
    0.7399909647012857,
    0.7399825234115737,
    0.7399753789102984,
    0.7399909647012857,
    0.7300741019064519,
    0.7300827048395149,
    0.7300832562442183,
    0.7300793796019318,
    0.7399677692805072,
    0.7399261775283568,
    0.7399264157683709,
    0.7399166778579233,
    0.7399166778579233,
    0.7399207026586474,
    0.7300794377009223,
    0.7399207026586474,
    0.7399207026586474,
    0.7399207026586474,
    0.7399909647012857,
    0.7399909647012857,
    0.7399909204708276,
    0.7399909967687033,
    0.7399909086744636,
    0.7399998584346866,
    0.74,
    0.7399999994573333,
    0.7300198500220556,
    0.7399998974254521,
    0.73999999852,
    0.730009,
    0.7499909902388663,
    0.7499909876076981,
    0.74,
    0.7300090055007302,
    0.7479319681081809,
    0.74,
    0.75,
    0.7400000353600023,
    0.75,
    0.74,
    0.7400000045675676,
    0.75,
    0.75,
    0.75,
    0.75,
    0.75,
    0.75,
    0.75,
    0.75,
    0.75,
    0.74,
    0.74,
    0.74,
    0.739997,
    0.74,
    0.7399999999704,
    0.73,
    0.73,
    0.7300090060237514,
    0.74,
    0.7300091850967081,
    0.74,
    0.74,
    0.74,
    0.74,
    0.74,
    0.74,
    0.74,
    0.74,
    0.74,
    0.74,
    0.74,
    0.73999999852,
    0.74,
    0.7399999970399999,
    0.74,
    0.7399999674399819,
    0.74,
    0.74,
    0.74,
    0.74,
    0.74,
    0.74,
    0.74,
    0.73,
    0.73,
    0.7399999674399819,
    0.73,
    0.73,
    0.7399999983927019,
    0.7399999911199997,
    0.74,
    0.74,
    0.74,
    0.74,
    0.74,
    0.74,
    0.74,
    0.74,
    0.7399999957225409,
    0.74,
    0.74,
    0.74,
    0.74,
    0.74,
    0.74,
    0.74,
    0.74,
    0.74,
    0.7399857264076708,
    0.739979986392795,
    0.74,
    0.74,
    0.74,
    0.74,
    0.7300001458000671,
    0.73,
    0.7299999087499658,
    0.74,
    0.7200000268800028,
    0.74,
    0.74,
    0.74,
    0.73,
    0.73,
    0.74,
    0.74,
    0.7399999940799994,
    0.73,
    0.73,
    0.7300002778203655,
    0.74,
    0.7399929573842617,
    0.7399835723482662,
    0.7300000100482132,
    0.7300090060758102,
    0.7399836509640502,
    0.7399835723482662,
    0.7399836512162806,
    0.7300090536994172,
    0.739991,
    0.7399908536856095,
    0.7399909647012857,
    0.739991,
    0.7399909647012857,
    0.739991,
    0.74,
    0.74,
    0.74,
    0.74,
    0.74,
    0.74,
    0.74,
    0.74,
    0.74,
    0.74,
    0.74,
    0.74,
    0.74,
    0.74,
    0.73,
    0.74,
    0.73,
    0.74,
    0.74,
    0.74,
    0.74,
    0.74,
    0.74,
    0.74,
    0.74,
    0.74,
    0.74,
    0.74,
    0.74,
    0.739999998816,
    0.7300001458000671,
    0.739999999778,
    0.7399999911199997,
    0.7399999884888878,
    0.7399999943076915,
    0.7399999938333329,
    0.73,
    0.7391395,
    0.7299999087499658,
    0.7299999087499658,
    0.729999992138461,
    0.7299999087499658,
    0.7299999087499658,
    0.729999987589999,
    0.7299999087499658,
    0.7299999087499658,
    0.7299999974449999,
    0.7299999941599996,
    0.7299999087499658,
    0.729999987589999,
    0.7299999213844425,
    0.7299999957925066,
    0.72999999990875,
    0.7299999941599996,
    0.7299999087499658,
    0.7299999087499658,
    0.7299999087499658,
    0.7299999087499658,
    0.7299999886292827,
    0.7299999087499658,
    0.720000156800069,
    0.7299999974449999,
    0.7299999087499658,
    0.7299999087499658,
    0.73,
    0.72,
    0.72,
    0.72,
    0.73,
    0.73,
    0.7299999087499658,
    0.7299999087499658,
    0.7299998101998596,
    0.7299999087499658,
    0.72,
    0.73,
    0.7267982450262042,
    0.71,
    0.72,
    0.72,
    0.7099999918349997,
    0.71,
    0.71,
    0.71,
    0.71,
    0.71,
    0.71,
    0.7099999999077,
    0.7099999701799893,
    0.7099999424323853,
    0.71,
    0.71,
    0.700000180000072,
    0.7099998558644741,
    0.7,
    0.7,
    0.7,
    0.700000180000072,
    0.7099999957399997,
    0.71,
    0.71,
    0.71,
    0.71,
    0.7099999914799989,
    0.71,
    0.7000001747573494,
    0.700000180000072,
    0.71,
    0.71,
    0.71,
    0.71,
    0.71,
    0.7000001747573494,
    0.709999927009285,
    0.700000180000072,
    0.7099999846166645,
    0.7099999944094445,
    0.7099999701799893,
    0.7099999701799893,
    0.7,
    0.7000000268656732,
    0.7099999962631575,
    0.7099999502999869,
    0.700000180000072,
    0.7,
    0.700000180000072,
    0.7000001401869814,
    0.71,
    0.700000003,
    0.7000000750000187,
    0.7099998816666075,
    0.7099999431998909,
    0.7000000200848034,
    0.709999968634527,
    0.7,
    0.709999980636329,
    0.7099999999387931,
    0.7,
    0.709999973741103,
    0.7099999502999869,
    0.71,
    0.7,
    0.7022875998094374,
    0.6900000635500187,
    0.6999999766666597,
    0.7,
    0.71,
    0.7,
    0.6999999929999994,
    0.6999999698924679,
    0.7,
    0.6900001705000767,
    0.7,
    0.7,
    0.6999997892975813,
    0.7,
    0.7,
    0.6999999970212766,
    0.7,
    0.7,
    0.7,
    0.690000037820003,
    0.69,
    0.6999999719999955,
    0.6999997549998408,
    0.6999995655169118,
    0.690000037820003,
    0.6999999363636132,
    0.7,
    0.7,
    0.7,
    0.6999999369368858,
    0.6999999719999955,
    0.6900001400962252,
    0.6900000635500187,
    0.6900000468444478,
    0.7,
    0.6900000194723629,
    0.69,
    0.6999998852458263,
    0.6900001474758012,
    0.6999998703702743,
    0.6900001400962252,
    0.7,
    0.7,
    0.6900001400962252,
    0.7,
    0.6900001474758012,
    0.7,
    0.7,
    0.7,
    0.69,
    0.7,
    0.6900001705000767,
    0.7,
    0.7,
    0.7,
    0.69,
    0.7,
    0.6900001474758012,
    0.7,
    0.6900000992000344,
    0.6900001705000767,
    0.6900000707608919,
    0.6999999897058795,
    0.7,
    0.6999999719999955,
    0.6999998870966103,
    0.69,
    0.69,
    0.6999999929999994,
    0.7,
    0.6900000093000004,
    0.6900000164300008,
    0.7,
    0.6900001705000767,
    0.6999999369368858,
    0.6900000244736866,
    0.6900001474758012,
    0.6999999971999998,
    0.6900000248119691,
    0.6999999326922495,
    0.7,
    0.6999999906666643,
    0.7,
    0.7001010276768579,
    0.7,
    0.7,
    0.7,
    0.6999999929999994,
    0.6999999719999955,
    0.69999999944,
    0.6999999929999994,
    0.7,
    0.6902179407043512,
    0.7,
    0.6900520627128578,
    0.7,
    0.6900520505032267,
    0.69,
    0.6400001331093064,
    0.64000008347829,
    0.65,
    0.6999999936363626,
    0.65,
    0.7,
    0.6900001705000767,
    0.67,
    0.65,
    0.66,
    0.68,
    0.68,
    0.67,
    0.6900000533482435,
    0.6901912669333423,
    0.6901908380381676,
    0.6901908149817284,
    0.7,
    0.6999999719999955,
    0.6899999585999611,
    0.6799960027445073,
    0.6700001078000366,
    0.6799960031878879,
    0.6802653005293061,
    0.6802653914374873
]
