[
    0.001,
    0.001,
    0.001,
    0.001,
    0.001,
    0.001,
    0.001,
    0.001,
    0.002,
    0.029,
    0.01,
    0.01,
    0.01,
    0.029,
    0.029,
    0.01,
    0.01,
    0.01,
    0.01,
    0.03,
    0.03,
    0.01,
    0.02,
    0.02,
    0.03,
    0.03,
    0.03,
    0.03,
    0.040006540354448714,
    0.04000654033708542,
    0.06,
    0.06,
    0.06,
    0.17986288848263254,
    0.18,
    0.164,
    0.13,
    0.08,
    0.11,
    0.13,
    0.11,
    0.1,
    0.1,
    0.12880395651185877,
    0.1,
    0.1,
    0.1,
    0.1,
    0.1,
    0.1,
    0.1,
    0.1,
    0.1,
    0.11,
    0.11,
    0.13,
    0.13,
    0.13,
    0.1,
    0.12,
    0.11,
    0.11,
    0.11,
    0.11,
    0.11,
    0.11,
    0.11,
    0.11,
    0.11,
    0.11,
    0.11,
    0.12,
    0.12,
    0.1100000053400005,
    0.11,
    0.11,
    0.11,
    0.12,
    0.11,
    0.12,
    0.11,
    0.11,
    0.11,
    0.1,
    0.12,
    0.12,
    0.13,
    0.13,
    0.14,
    0.14,
    0.11,
    0.11,
    0.11,
    0.11,
    0.11,
    0.11,
    0.11,
    0.11,
    0.11,
    0.11,
    0.11,
    0.11,
    0.11,
    0.11,
    0.11,
    0.11,
    0.11,
    0.11,
    0.12,
    0.13,
    0.13,
    0.13,
    0.12,
    0.12,
    0.13,
    0.13,
    0.13,
    0.13,
    0.13,
    0.13,
    0.13,
    0.14,
    0.17,
    0.18,
    0.14,
    0.18,
    0.18,
    0.19,
    0.21,
    0.21,
    0.21,
    0.21,
    0.2,
    0.21,
    0.21,
    0.22,
    0.22,
    0.22,
    0.22,
    0.22,
    0.22,
    0.22,
    0.22,
    0.22,
    0.22,
    0.21,
    0.21,
    0.21,
    0.21,
    0.22,
    0.22,
    0.21,
    0.21,
    0.22,
    0.21,
    0.21,
    0.21,
    0.21,
    0.21,
    0.21,
    0.22,
    0.21,
    0.21,
    0.21,
    0.21,
    0.22,
    0.21,
    0.21,
    0.21,
    0.21,
    0.21,
    0.22,
    0.22,
    0.21,
    0.21,
    0.21,
    0.22,
    0.2,
    0.2,
    0.17,
    0.17,
    0.19,
    0.19,
    0.19,
    0.19,
    0.19,
    0.19,
    0.19,
    0.18833333333333332,
    0.18,
    0.18,
    0.16,
    0.17,
    0.17,
    0.17,
    0.17,
    0.17,
    0.17,
    0.17,
    0.17,
    0.17,
    0.17,
    0.17,
    0.17,
    0.17,
    0.17,
    0.17,
    0.17,
    0.17,
    0.17,
    0.15,
    0.17,
    0.17,
    0.17,
    0.17,
    0.17,
    0.17,
    0.15,
    0.15,
    0.17,
    0.17,
    0.17,
    0.17,
    0.17,
    0.15,
    0.16,
    0.16,
    0.19,
    0.21,
    0.21,
    0.21,
    0.21,
    0.22,
    0.22,
    0.23,
    0.23,
    0.23,
    0.23,
    0.23,
    0.23,
    0.23,
    0.23,
    0.23,
    0.23,
    0.23,
    0.24,
    0.23,
    0.23,
    0.23,
    0.24,
    0.23,
    0.23,
    0.23,
    0.23,
    0.23,
    0.23,
    0.23,
    0.1997429198457519,
    0.1997429198457519,
    0.21,
    0.24,
    0.24,
    0.26,
    0.25005962062136583,
    0.25005962060488107,
    0.25005962060488107,
    0.25005962060488107,
    0.26,
    0.25,
    0.26,
    0.25,
    0.24,
    0.24,
    0.24,
    0.24,
    0.24,
    0.23,
    0.23,
    0.23,
    0.22,
    0.23,
    0.22,
    0.2,
    0.23,
    0.23,
    0.23,
    0.1,
    0.23,
    0.23,
    0.22,
    0.22,
    0.22,
    0.22,
    0.22,
    0.22,
    0.22,
    0.22,
    0.21999989988022514,
    0.19,
    0.2,
    0.23,
    0.23,
    0.23,
    0.24,
    0.21,
    0.21,
    0.23,
    0.23,
    0.21,
    0.21,
    0.21,
    0.21,
    0.21,
    0.21,
    0.21,
    0.21,
    0.21,
    0.21,
    0.21,
    0.21,
    0.21,
    0.21,
    0.21,
    0.21,
    0.21,
    0.21,
    0.21,
    0.21,
    0.21,
    0.24,
    0.2501155401502022,
    0.24,
    0.24,
    0.21,
    0.22,
    0.3,
    0.2939,
    0.31007969222313825,
    0.3,
    0.32999996947136173,
    0.35,
    0.4,
    0.41002793904682794,
    0.4,
    0.41002794039116547,
    0.44,
    0.44,
    0.43,
    0.42,
    0.41002794039116547,
    0.43,
    0.42,
    0.43,
    0.43,
    0.49,
    0.5,
    0.53,
    0.53,
    0.51,
    0.5199999862433848,
    0.5199999978197063,
    0.53,
    0.55,
    0.55,
    0.55,
    0.55,
    0.55,
    0.55,
    0.55,
    0.55,
    0.56,
    0.55,
    0.55,
    0.57,
    0.5799430305901233,
    0.57,
    0.57,
    0.5600000293333411,
    0.55,
    0.55,
    0.55,
    0.56,
    0.55,
    0.57,
    0.57,
    0.57,
    0.56,
    0.56,
    0.58,
    0.57,
    0.58,
    0.58,
    0.6099999957876564,
    0.57,
    0.57,
    0.57,
    0.57,
    0.57,
    0.57,
    0.57,
    0.57,
    0.57,
    0.57,
    0.57,
    0.57,
    0.55,
    0.55,
    0.55,
    0.55,
    0.55,
    0.55,
    0.55,
    0.55,
    0.53,
    0.5,
    0.4699408969239195,
    0.4701624411271063,
    0.4701624408728163,
    0.48,
    0.48,
    0.48,
    0.48,
    0.4900334798074911,
    0.5139754284114203,
    0.5,
    0.5300150829562594,
    0.5399999902799992,
    0.54,
    0.5299939864765364,
    0.5284991,
    0.5199999812799988,
    0.52,
    0.52,
    0.52,
    0.5300067335537638,
    0.5300801464553955,
    0.5300067436249929,
    0.5300801035908227,
    0.5300801056179054,
    0.5399938764633174,
    0.520000000192,
    0.520000000029001,
    0.54,
    0.5400828729281768,
    0.52,
    0.53,
    0.54,
    0.52,
    0.540006002156343,
    0.52,
    0.54,
    0.53,
    0.52,
    0.52,
    0.5499607946659297,
    0.5400060075227433,
    0.54,
    0.54,
    0.54,
    0.5399990570890998,
    0.5200000097959192,
    0.5335262703196357,
    0.53,
    0.52,
    0.52,
    0.53,
    0.52,
    0.52,
    0.52,
    0.52,
    0.52,
    0.53,
    0.52,
    0.5300068465978484,
    0.530048596112311,
    0.530006858617821,
    0.530048596112311,
    0.53999831,
    0.5399939833864354,
    0.5300187460945637,
    0.53,
    0.53,
    0.53,
    0.53,
    0.53,
    0.54,
    0.5400088235303546,
    0.5400060000013753,
    0.54,
    0.540008914636149,
    0.540006,
    0.5401,
    0.55,
    0.5499845291065829,
    0.5400060399221521,
    0.5499904269780352,
    0.5300105765839558,
    0.5455375670640912,
    0.5300060037034587,
    0.5399909879650953,
    0.5399939960666437,
    0.530000011280002,
    0.53,
    0.5300561447286338,
    0.540115228900654,
    0.5499938494873362,
    0.5401283880171184,
    0.5400062942282314,
    0.5400062941516891,
    0.5499969991830211,
    0.55,
    0.56,
    0.55,
    0.55,
    0.56,
    0.56,
    0.56,
    0.55,
    0.55,
    0.55,
    0.56,
    0.56,
    0.55,
    0.560006,
    0.56,
    0.56,
    0.569993895359276,
    0.57,
    0.57,
    0.57,
    0.57,
    0.570006,
    0.57,
    0.57,
    0.57,
    0.57,
    0.57,
    0.58,
    0.5799999982599999,
    0.5799999860799989,
    0.5799999089255589,
    0.5699973853860894,
    0.560009616738536,
    0.5600390000033796,
    0.5699963634199782,
    0.5699903827612446,
    0.5600066393687064,
    0.560102622576967,
    0.5600348129559016,
    0.5699933654132128,
    0.569996503419979,
    0.5699939614827644,
    0.5600347356271047,
    0.5698919307306382,
    0.57,
    0.5799621292437185,
    0.5600001936001084,
    0.5600000604292021,
    0.5600001936001084,
    0.57,
    0.57,
    0.57,
    0.57,
    0.5700060000099031,
    0.5700060887198725,
    0.5700520532099479,
    0.5700060025989274,
    0.5700092284999873,
    0.579990743884519,
    0.5799907416258435,
    0.5700092668545396,
    0.57000925021502,
    0.5700092454270782,
    0.5700092332781013,
    0.570006,
    0.5799939982215062,
    0.5799939932714923,
    0.5699977735875399,
    0.57,
    0.5600907261047293,
    0.5600906772179775,
    0.5600912321959838,
    0.5601022727272728,
    0.5699086756427635,
    0.5699939673734026,
    0.56,
    0.560006,
    0.56,
    0.55,
    0.56,
    0.56,
    0.56,
    0.55,
    0.56,
    0.55,
    0.5599986606003773,
    0.569999534086527,
    0.55,
    0.5699997560809658,
    0.5598319551700072,
    0.5500001716102495,
    0.5699998366241465,
    0.5600000232087925,
    0.5600000776470737,
    0.5699998437900392,
    0.5600000409302526,
    0.5699999024323612,
    0.560000043915551,
    0.5699999932828272,
    0.5600000968808015,
    0.5699999776956483,
    0.5600000452571511,
    0.5600004400011315,
    0.56,
    0.57,
    0.57,
    0.57,
    0.57,
    0.57,
    0.58,
    0.58,
    0.57,
    0.5699999925899997,
    0.56,
    0.56,
    0.56,
    0.56,
    0.56,
    0.56,
    0.56,
    0.56,
    0.5600000218112499,
    0.5699999467582175,
    0.5600000230711641,
    0.56,
    0.5799999348314497,
    0.5799999643859515,
    0.5600000070400001,
    0.56,
    0.56,
    0.56,
    0.56,
    0.57,
    0.57,
    0.5700001720001032,
    0.57,
    0.57,
    0.57,
    0.57,
    0.57,
    0.57,
    0.57,
    0.5800001322223031,
    0.58,
    0.5800000733981167,
    0.5899999543890195,
    0.58,
    0.58,
    0.58,
    0.58,
    0.58,
    0.5800000694736989,
    0.59,
    0.59,
    0.59,
    0.59,
    0.59,
    0.59,
    0.59,
    0.59,
    0.6,
    0.6,
    0.6,
    0.6,
    0.6,
    0.6,
    0.6,
    0.6,
    0.6,
    0.6,
    0.6,
    0.6,
    0.6099998205881122,
    0.609999859699892,
    0.619999954074035,
    0.6,
    0.6199999658715302,
    0.6103025084777667,
    0.6103026061135479,
    0.610302398738055,
    0.6199998916503991,
    0.6199998916503991,
    0.6,
    0.6,
    0.619999942056026,
    0.619999954074035,
    0.6175226666666667,
    0.609999903084037,
    0.6099998656879797,
    0.6,
    0.609999903084037,
    0.6099998205881122,
    0.6,
    0.609999859699892,
    0.6,
    0.6,
    0.6,
    0.6099994201974228,
    0.6099997829806377,
    0.609999982232993,
    0.6,
    0.6,
    0.609999491666149,
    0.609999859699892,
    0.6099998205881122,
    0.6,
    0.6,
    0.6099994201974228,
    0.6,
    0.6,
    0.609999903084037,
    0.6099998205881122,
    0.609999903084037,
    0.6,
    0.6,
    0.6,
    0.6099946503415669,
    0.6,
    0.6,
    0.6,
    0.6,
    0.6,
    0.6099945633441474,
    0.6099946969922432,
    0.6,
    0.609994686770286,
    0.6,
    0.6,
    0.619999954074035,
    0.619999986359999,
    0.619999942056026,
    0.6,
    0.6199998916503991,
    0.6199998511998869,
    0.6199999046153076,
    0.6199999298112625,
    0.6,
    0.6199998784312772,
    0.6199999173332656,
    0.6,
    0.6199998649503907,
    0.6,
    0.6,
    0.6,
    0.6,
    0.6,
    0.6,
    0.6199998511998869,
    0.6199999046153076,
    0.6199999658715302,
    0.6,
    0.6,
    0.6199998916503991,
    0.6199999298112625,
    0.6199999298112625,
    0.6,
    0.6,
    0.6,
    0.6,
    0.6199999046153076,
    0.6199999046153076,
    0.6199998649503907,
    0.6,
    0.6,
    0.6,
    0.6,
    0.619999942056026,
    0.6199999550905375,
    0.6199998649503907,
    0.6,
    0.6199998649503907,
    0.6199998511998869,
    0.6199998511998869,
    0.6,
    0.6199999441441156,
    0.6,
    0.6199999621694874,
    0.6199998916503991,
    0.6,
    0.6199999173332656,
    0.6199999730922157,
    0.6199998784312772,
    0.6,
    0.6,
    0.6101865477611532,
    0.6101862592415277,
    0.619999942056026,
    0.610186101344891,
    0.6199999658715302,
    0.6101862187202252,
    0.610186283324967,
    0.6199998511998869,
    0.6101862048379546,
    0.6199999173332656,
    0.6199998784312772,
    0.6,
    0.6199999658715302,
    0.6,
    0.6199998784312772,
    0.6199998641094326,
    0.6199999046153076,
    0.6,
    0.6,
    0.6,
    0.6,
    0.6199999658715302,
    0.619999964161838,
    0.6199999768656682,
    0.6199999173332656,
    0.6199998511998869,
    0.6199998916503991,
    0.6199999298112625,
    0.6199998511998869,
    0.6199998511998869,
    0.6199999658715302,
    0.6199999046153076,
    0.6199999663956476,
    0.619999942056026,
    0.6199998649503907,
    0.6199999788395839,
    0.6199999298112625,
    0.6199999173332656,
    0.6199998516237135,
    0.6199999658715302,
    0.6199999789830456,
    0.6199998916503991,
    0.619999942056026,
    0.6199999721348275,
    0.6199999658715302,
    0.619999942056026,
    0.6199999173332656,
    0.6199999658715302,
    0.6199998916503991,
    0.6199998511998869,
    0.6199999658715302,
    0.6199999265184728,
    0.6199998511998869,
    0.6199999916216189,
    0.619999942056026,
    0.6199999658715302,
    0.619999954074035,
    0.6199999298112625,
    0.6199999173332656,
    0.6199999686309446,
    0.6199998916503991,
    0.619999948901075,
    0.6199999173332656,
    0.6199999298112625,
    0.6199999173332656,
    0.6199998784312772,
    0.619999942056026,
    0.6199998784312772,
    0.6199999173332656,
    0.6199998916503991,
    0.6199998784312772,
    0.619999954074035,
    0.6199999298112625,
    0.6199998916503991,
    0.617922924954754,
    0.609999982232993,
    0.6099998656879797,
    0.6099999419047121,
    0.6099998656879797,
    0.6099999216891728,
    0.6099994201974228,
    0.609999982232993,
    0.6099999360299453,
    0.609999982232993,
    0.6099999355775433,
    0.6099997829806377,
    0.6099997829806377,
    0.609999859699892,
    0.6099998656879797,
    0.6099998656879797,
    0.6099999701398564,
    0.6099995223579634,
    0.6099999767766447,
    0.609999859699892,
    0.609999491666149,
    0.6099994201974228,
    0.6099997829806377,
    0.6099999071280097,
    0.6099999905993136,
    0.609999491666149,
    0.6099995223579634,
    0.6099999419047121,
    0.6099998205881122,
    0.609999859699892,
    0.6099999993899999,
    0.6,
    0.609999859699892,
    0.609999491666149,
    0.6099997829806377,
    0.6099998656879797,
    0.6099998205881122,
    0.609999982232993,
    0.609999903084037,
    0.609999491666149,
    0.6099998205881122,
    0.609999491666149,
    0.6099997829806377,
    0.609999903084037,
    0.6099999419047121,
    0.6099998656879797,
    0.609999859699892,
    0.6099999419047121,
    0.6099999836398409,
    0.6099997938027414,
    0.6099998656879797,
    0.609999491666149,
    0.6099998205881122,
    0.609999903084037,
    0.61,
    0.609999982232993,
    0.6099999823884497,
    0.6099998656879797,
    0.6099994201974228,
    0.609999491666149,
    0.609999982232993,
    0.609999901804798,
    0.609999903084037,
    0.609999969552492,
    0.609999859699892,
    0.609999982232993,
    0.6099999502040566,
    0.609999788613516,
    0.6099998362034443,
    0.6099999419047121,
    0.609999982232993,
    0.609999982232993,
    0.609999788613516,
    0.609999903084037,
    0.609999788613516,
    0.609999885338195,
    0.6099999715051818,
    0.6099999681343141,
    0.6099999245817727,
    0.6099999731277427,
    0.6099999941486797,
    0.6099999493074554,
    0.61,
    0.6099999755534268,
    0.6099999223112573,
    0.6099999240466429,
    0.6099999570740692,
    0.61,
    0.6099999763951082,
    0.6099999938999998,
    0.6099999969423552,
    0.6099999364583135,
    0.6,
    0.6099999888511722,
    0.609999859699892,
    0.6099999993899999,
    0.6,
    0.609999924049793,
    0.6099999986275,
    0.609999999499918,
    0.6,
    0.6,
    0.6,
    0.6099999973478255,
    0.6,
    0.6,
    0.6,
    0.609999859699892,
    0.6,
    0.6,
    0.6,
    0.6,
    0.6,
    0.6,
    0.6,
    0.6,
    0.6,
    0.6,
    0.6,
    0.6,
    0.6,
    0.6,
    0.6101205227955748,
    0.6101205398365657,
    0.6,
    0.6148844835460568,
    0.6199999750077452,
    0.6199999875617267,
    0.6199999977948016,
    0.6,
    0.6,
    0.6098610492093349,
    0.61999999814,
    0.6,
    0.619999968999986,
    0.6199999918688519,
    0.6,
    0.6199999791596602,
    0.6199999697560934,
    0.6,
    0.6,
    0.6101540540540541,
    0.6199998511998869,
    0.61,
    0.61,
    0.61,
    0.61,
    0.6,
    0.6,
    0.6,
    0.6,
    0.6099999862590499,
    0.6099999072799399,
    0.6,
    0.6,
    0.6,
    0.6099170189976193,
    0.6,
    0.6199998511998869,
    0.6,
    0.6199999297332944,
    0.6199999705200521,
    0.6199999436363537,
    0.6,
    0.6,
    0.6,
    0.6,
    0.6,
    0.61999998622222,
    0.6,
    0.6199999754107589,
    0.6138174620779088,
    0.6,
    0.6099997829806377,
    0.6099997779384826,
    0.6,
    0.6099994620904055,
    0.6099999566578864,
    0.61,
    0.6199998759999295,
    0.6100000226200032,
    0.6100000121564889,
    0.6100000442000098,
    0.6199998511998869,
    0.610000131250082,
    0.609999859699892,
    0.6,
    0.6,
    0.6,
    0.61,
    0.6,
    0.6099999389999654,
    0.6,
    0.61,
    0.6,
    0.6,
    0.6,
    0.6,
    0.6177538430282017,
    0.6099284834865484,
    0.61,
    0.6,
    0.6199999995866666,
    0.6,
    0.6,
    0.6112891274241006,
    0.6,
    0.6,
    0.6,
    0.6,
    0.6,
    0.59,
    0.5800001764001023,
    0.5899999704999955,
    0.5800000100800008,
    0.5899998465998865,
    0.5800001764001023,
    0.5800000546000202,
    0.58,
    0.58,
    0.58,
    0.5800001764001023,
    0.59,
    0.5899944513118779,
    0.5899409719866937,
    0.5800000636303585,
    0.58,
    0.5899409727944146,
    0.5800000100800008,
    0.58,
    0.58,
    0.5900525448422829,
    0.5900525444624034,
    0.5900525451138121,
    0.58,
    0.5800001764001023,
    0.59,
    0.5900000553500202,
    0.59,
    0.5899479891492355,
    0.5800000168000027,
    0.5899479725869019,
    0.59,
    0.562,
    0.58,
    0.5400001150000288,
    0.5400000858667079,
    0.5499999931249997,
    0.5400000032200002,
    0.55,
    0.5499999963333333,
    0.549999994607843,
    0.5400000039019794,
    0.51,
    0.5,
    0.5079681203258677,
    0.41000015340011353,
    0.41000015340011353,
    0.5799998259997042,
    0.5,
    0.5,
    0.5799999982599999,
    0.37000000850500075,
    0.38002154884285566,
    0.38002154832397456,
    0.5,
    0.5,
    0.5,
    0.5799998259997042,
    0.35
]
