[
    0.001,
    0.001,
    0.001,
    0.001,
    0.001,
    0.001,
    0.002,
    0.002,
    0.005,
    0.005,
    0.003,
    0.003000000003,
    0.001,
    0.007000000042,
    0.006,
    0.006,
    0.006000000024,
    0.002,
    0.002,
    0.003,
    0.01,
    0.009000000009,
    0.011,
    0.014000000280000006,
    0.011000000011482651,
    0.006,
    0.0140000000448,
    0.009,
    0.002,
    0.003,
    0.003,
    0.0140000000056,
    0.009,
    0.008481898,
    0.006,
    0.003,
    0.003,
    0.005,
    0.003000000003669249,
    0.005,
    0.004827783661835999,
    0.004,
    0.004,
    0.004,
    0.003,
    0.01,
    0.01,
    0.01,
    0.01,
    0.011,
    0.012,
    0.01,
    0.01,
    0.01,
    0.012,
    0.01100000000596342,
    0.02,
    0.02,
    0.02,
    0.02,
    0.02,
    0.02,
    0.022,
    0.02,
    0.022000000013692,
    0.029999971199998848,
    0.03,
    0.03,
    0.04,
    0.04,
    0.03,
    0.03,
    0.03,
    0.03,
    0.03,
    0.03,
    0.03,
    0.03,
    0.03,
    0.03,
    0.03,
    0.03,
    0.03,
    0.03,
    0.03,
    0.03,
    0.03,
    0.03,
    0.03,
    0.03,
    0.03,
    0.03,
    0.03,
    0.03,
    0.03,
    0.03,
    0.03,
    0.03,
    0.03,
    0.03,
    0.03,
    0.03,
    0.03,
    0.03,
    0.03,
    0.03,
    0.03,
    0.03,
    0.03,
    0.03,
    0.03,
    0.03,
    0.03,
    0.03,
    0.03,
    0.03,
    0.03,
    0.03,
    0.03,
    0.03,
    0.03,
    0.03,
    0.02,
    0.03,
    0.03,
    0.03,
    0.029999971199998848,
    0.03,
    0.03,
    0.03,
    0.03,
    0.03,
    0.03,
    0.03,
    0.03,
    0.03,
    0.03,
    0.03,
    0.03,
    0.03,
    0.03,
    0.03,
    0.03,
    0.03,
    0.03,
    0.03,
    0.03,
    0.03,
    0.03,
    0.03,
    0.04,
    0.03,
    0.03,
    0.03,
    0.04,
    0.04,
    0.03,
    0.04,
    0.04,
    0.04,
    0.05,
    0.05,
    0.08,
    0.08,
    0.09,
    0.1,
    0.1,
    0.1,
    0.10999999130999982,
    0.1,
    0.1,
    0.08,
    0.10999995214999689,
    0.1,
    0.1,
    0.1,
    0.1,
    0.09,
    0.09,
    0.08,
    0.09,
    0.09,
    0.08,
    0.08,
    0.1,
    0.09,
    0.08,
    0.1,
    0.1,
    0.1,
    0.11,
    0.11,
    0.11,
    0.11000000044500002,
    0.11,
    0.11,
    0.11,
    0.13,
    0.13,
    0.130000000087,
    0.130000000232,
    0.16,
    0.13000000040290213,
    0.13,
    0.14,
    0.15,
    0.2,
    0.2,
    0.1673015492668142,
    0.17,
    0.17,
    0.16,
    0.15001873381866412,
    0.13,
    0.1369581272303898,
    0.12000000011733333,
    0.13,
    0.13,
    0.13,
    0.13,
    0.13,
    0.1299999022018187,
    0.12000003520017459,
    0.12,
    0.1200000001408,
    0.12,
    0.12,
    0.12,
    0.12,
    0.14,
    0.13,
    0.1399999585599957,
    0.13000000015025906,
    0.13000000047850002,
    0.13,
    0.1399999852999997,
    0.13000000002092268,
    0.1300000029000024,
    0.13,
    0.13,
    0.13,
    0.13,
    0.139999997648,
    0.13999988239998118,
    0.1300000135937517,
    0.13,
    0.13,
    0.13999998879999978,
    0.130000000087,
    0.13,
    0.12,
    0.13761466829391442,
    0.1,
    0.09000000024278969,
    0.09,
    0.12,
    0.12,
    0.11,
    0.1044656,
    0.09,
    0.09,
    0.09,
    0.09,
    0.08,
    0.07,
    0.05,
    0.07,
    0.05,
    0.06,
    0.07,
    0.08,
    0.07,
    0.07038292658021035,
    0.07,
    0.08,
    0.07,
    0.08,
    0.0700000000580645,
    0.07,
    0.09,
    0.09,
    0.1099999954705882,
    0.1,
    0.08,
    0.07000000465000138,
    0.08,
    0.08,
    0.0800000017033572,
    0.1,
    0.09,
    0.1,
    0.10999999376666661,
    0.09,
    0.09,
    0.1,
    0.09000000008390895,
    0.09,
    0.1,
    0.10999995214999689,
    0.11,
    0.1,
    0.1,
    0.1,
    0.09,
    0.1,
    0.1,
    0.1,
    0.09,
    0.11,
    0.09000000002274774,
    0.11,
    0.09,
    0.09000000075833346,
    0.06,
    0.07,
    0.06,
    0.07,
    0.06000000007211632,
    0.07,
    0.09,
    0.08,
    0.08,
    0.09,
    0.09,
    0.09,
    0.09,
    0.1,
    0.11,
    0.08,
    0.08,
    0.08,
    0.08,
    0.08,
    0.09,
    0.1,
    0.1,
    0.13999994259999485,
    0.15,
    0.1100000890004361,
    0.12,
    0.17000000199279724,
    0.18,
    0.17,
    0.18,
    0.15,
    0.15,
    0.13000000023237238,
    0.14,
    0.14,
    0.13,
    0.15,
    0.14,
    0.13,
    0.13000000005368528,
    0.14,
    0.15,
    0.14,
    0.16,
    0.15,
    0.15,
    0.15,
    0.15,
    0.14,
    0.13,
    0.14,
    0.14,
    0.16,
    0.13,
    0.1699999912874999,
    0.16,
    0.18,
    0.2062628901416197,
    0.18,
    0.19,
    0.18,
    0.18,
    0.19,
    0.2,
    0.2,
    0.22999991604998868,
    0.2,
    0.2,
    0.2,
    0.2,
    0.2,
    0.19,
    0.2,
    0.2,
    0.2,
    0.2,
    0.2,
    0.2,
    0.2,
    0.20999986769995105,
    0.2,
    0.2,
    0.2,
    0.2,
    0.2,
    0.21,
    0.2,
    0.23,
    0.24,
    0.24,
    0.24,
    0.24,
    0.25,
    0.26,
    0.25,
    0.25,
    0.25,
    0.28,
    0.26,
    0.3409090909090909,
    0.32,
    0.32,
    0.32,
    0.329999998922,
    0.34,
    0.3599999979541303,
    0.34,
    0.3400000153250794,
    0.33,
    0.32,
    0.3492326192326192,
    0.35829906,
    0.32,
    0.33,
    0.32,
    0.32,
    0.34,
    0.33,
    0.33,
    0.33,
    0.3300000057958482,
    0.33,
    0.3200000147826097,
    0.33,
    0.33,
    0.33,
    0.33,
    0.32,
    0.31,
    0.32,
    0.33,
    0.32,
    0.31,
    0.31,
    0.29,
    0.3,
    0.29271848519054355,
    0.26000000888000036,
    0.279999955199996,
    0.28,
    0.27,
    0.27,
    0.28,
    0.28,
    0.28,
    0.28,
    0.28,
    0.28,
    0.3,
    0.30999996217999704,
    0.28,
    0.2777255003899142,
    0.26,
    0.27,
    0.25,
    0.28,
    0.28,
    0.31,
    0.3,
    0.29,
    0.32,
    0.34999999299999984,
    0.35,
    0.32,
    0.3619955541606459,
    0.32,
    0.34,
    0.3333333333333333,
    0.3,
    0.30999998945999985,
    0.31,
    0.33,
    0.33,
    0.29,
    0.3299999811899992,
    0.31,
    0.32,
    0.33,
    0.32,
    0.329999997822,
    0.31,
    0.31,
    0.31,
    0.31,
    0.31000000828000324,
    0.31,
    0.32718545316970515,
    0.31,
    0.31,
    0.31,
    0.32999999669999996,
    0.31,
    0.31,
    0.31,
    0.3289036478924073,
    0.31,
    0.31000001311000236,
    0.32,
    0.3145142857142857,
    0.31,
    0.32,
    0.3399999443636286,
    0.33,
    0.33,
    0.33000000067,
    0.33,
    0.33,
    0.33,
    0.34,
    0.34,
    0.36,
    0.37,
    0.37,
    0.37,
    0.37,
    0.35999993759999,
    0.35,
    0.36,
    0.35,
    0.35,
    0.35,
    0.35,
    0.35,
    0.35,
    0.35,
    0.36,
    0.35,
    0.35,
    0.36,
    0.34,
    0.35,
    0.34,
    0.34,
    0.34,
    0.34,
    0.34,
    0.33,
    0.33,
    0.34,
    0.32,
    0.34,
    0.34,
    0.34,
    0.34,
    0.34,
    0.34,
    0.35918367346938773,
    0.34,
    0.34,
    0.34,
    0.33,
    0.35,
    0.35,
    0.35,
    0.35,
    0.35,
    0.35,
    0.35,
    0.32,
    0.35,
    0.35,
    0.35,
    0.34,
    0.34,
    0.34,
    0.36934809139602687,
    0.3542771734724112,
    0.34,
    0.34,
    0.3494176331820786,
    0.34,
    0.3499999842499991,
    0.34,
    0.35,
    0.35,
    0.35,
    0.38,
    0.38,
    0.38,
    0.38,
    0.37,
    0.38,
    0.35,
    0.35,
    0.35,
    0.37,
    0.35,
    0.37,
    0.36,
    0.37,
    0.37,
    0.37,
    0.35,
    0.35,
    0.3697202484194036,
    0.35,
    0.35,
    0.35,
    0.3500000004479052,
    0.36,
    0.36,
    0.36,
    0.3699999549641952,
    0.36,
    0.36,
    0.37,
    0.37,
    0.37,
    0.37,
    0.37,
    0.38,
    0.37,
    0.37,
    0.37,
    0.37,
    0.37,
    0.37000000850500075,
    0.37,
    0.37,
    0.4,
    0.4,
    0.4,
    0.4,
    0.39751214657846984,
    0.4,
    0.37,
    0.37,
    0.39,
    0.38,
    0.39,
    0.4,
    0.39,
    0.39,
    0.39,
    0.39,
    0.39,
    0.39,
    0.39,
    0.38,
    0.38,
    0.38,
    0.39603960396039606,
    0.37,
    0.37,
    0.39,
    0.37,
    0.37000000176400005,
    0.3877840852276762,
    0.35,
    0.36,
    0.34,
    0.34,
    0.34,
    0.34,
    0.34,
    0.34,
    0.34,
    0.34,
    0.34,
    0.31,
    0.31,
    0.33,
    0.33,
    0.33,
    0.35964305406708136,
    0.33,
    0.33,
    0.3413732924435594,
    0.33,
    0.33,
    0.33,
    0.32,
    0.33,
    0.33,
    0.33,
    0.32,
    0.32,
    0.31,
    0.2959204813265687,
    0.28,
    0.2799999514666589,
    0.27,
    0.2799999731199972,
    0.2868596180463422,
    0.29,
    0.28,
    0.3,
    0.31,
    0.31,
    0.31,
    0.31,
    0.31,
    0.31,
    0.31,
    0.31,
    0.31,
    0.31,
    0.31,
    0.31,
    0.31,
    0.31,
    0.31,
    0.31,
    0.31,
    0.31,
    0.31,
    0.31,
    0.31,
    0.31,
    0.31,
    0.31,
    0.31,
    0.31,
    0.31,
    0.31,
    0.31,
    0.31,
    0.31,
    0.31,
    0.31,
    0.31,
    0.31,
    0.31,
    0.31,
    0.31000000483000023,
    0.31,
    0.31,
    0.31,
    0.31,
    0.31,
    0.31,
    0.32,
    0.31,
    0.31,
    0.31,
    0.31,
    0.32,
    0.31,
    0.31,
    0.31,
    0.31,
    0.31,
    0.31,
    0.31,
    0.31,
    0.31,
    0.31,
    0.31,
    0.31,
    0.31,
    0.31,
    0.31,
    0.31,
    0.32,
    0.31,
    0.31,
    0.32,
    0.32,
    0.3100000414000389,
    0.31,
    0.32,
    0.31,
    0.3000000000707071,
    0.29,
    0.29,
    0.3260815350992409,
    0.3,
    0.24209580838323352,
    0.2761764705882353,
    0.23139845657229466,
    0.23,
    0.23999999183999987,
    0.23999999183999987,
    0.24,
    0.23,
    0.23,
    0.22,
    0.23999991839998694,
    0.23999999652765955,
    0.22000002148760864,
    0.24,
    0.230006,
    0.22000000092269398,
    0.22,
    0.22000600287973576,
    0.23000000654500125,
    0.23000000654500125,
    0.24,
    0.23,
    0.2399998559999424,
    0.24,
    0.2399999990463576,
    0.24,
    0.23983462295081967,
    0.22999996917999796,
    0.23,
    0.229999998597,
    0.22999975625,
    0.22999399949609967,
    0.2299999750833319,
    0.22,
    0.22,
    0.22,
    0.22010357888583365,
    0.22,
    0.22,
    0.2299999998735,
    0.229999999218,
    0.22999764721820629,
    0.22999402705511737,
    0.22000000131754782,
    0.22,
    0.22,
    0.2200000174888006,
    0.23,
    0.23,
    0.22000000624000088,
    0.229999998597,
    0.22999999309999986,
    0.23,
    0.22,
    0.22,
    0.22,
    0.22,
    0.23,
    0.22,
    0.22,
    0.22,
    0.23,
    0.23001758155889823,
    0.23,
    0.22,
    0.23001402837722268,
    0.24,
    0.240012,
    0.24,
    0.240006,
    0.2400000005655374,
    0.24999399879975995,
    0.24999550008099855,
    0.24000600316853932,
    0.24,
    0.24000600571514366,
    0.24000600212907774,
    0.24,
    0.24,
    0.240045,
    0.24,
    0.24,
    0.24000600069977865,
    0.24002037573793297,
    0.24,
    0.24,
    0.2499939963941766,
    0.24998619739234504,
    0.24000600080555004,
    0.24999396264459467,
    0.2499997,
    0.24,
    0.25002339485556485,
    0.25,
    0.25002339485556485,
    0.25,
    0.25,
    0.25000806957827093,
    0.2599991494127809,
    0.25997208835391483,
    0.25,
    0.2500936524453694,
    0.2599939369389654,
    0.260006,
    0.26,
    0.25999123795149576,
    0.250009,
    0.25,
    0.2500100446478396,
    0.25001005455521974,
    0.2500101248734391,
    0.25998701839558624,
    0.2500100390902117,
    0.250006,
    0.25,
    0.25999531738024223,
    0.259999927199984,
    0.2600060016149624,
    0.26,
    0.26,
    0.2600060235569918,
    0.26998855517370135,
    0.25001058867153825,
    0.250048596112311,
    0.26998922753781696,
    0.2500106873583925,
    0.2699893834753397,
    0.25,
    0.2600696419271834,
    0.269994,
    0.26006963045025866,
    0.2500586018749148,
    0.25,
    0.25,
    0.2500586079432324,
    0.2600175140026117,
    0.2600128871714139,
    0.26,
    0.26002368526565106,
    0.26,
    0.26998416839755773,
    0.26997627087772197,
    0.2699824834067628,
    0.26001754104874786,
    0.26,
    0.26,
    0.26,
    0.2600090012342471,
    0.26,
    0.26,
    0.260006,
    0.26003331014556774,
    0.26,
    0.2699689102016053,
    0.26000900865168,
    0.260006,
    0.27,
    0.259994,
    0.259994,
    0.25000618745514097,
    0.26,
    0.26,
    0.260006,
    0.26,
    0.2600000008457143,
    0.26,
    0.2599991,
    0.2599988549806104,
    0.2500558474245549,
    0.2500558806127145,
    0.2599491917329612,
    0.2599491071129165,
    0.25999396430366695,
    0.250032596889909,
    0.25000600360334896,
    0.25,
    0.2500119680851064,
    0.25001250180806495,
    0.25000600454397925,
    0.26,
    0.26,
    0.26,
    0.2599999854632584,
    0.2599999827720732,
    0.2599874426023365,
    0.2599806847994705,
    0.2500125890923818,
    0.2500060034242782,
    0.25995163883933214,
    0.25,
    0.24999970161841145,
    0.2499939953574717,
    0.2499940626410123,
    0.24000000178823533,
    0.24000009120017146,
    0.24,
    0.24,
    0.240006,
    0.24,
    0.24,
    0.24,
    0.24,
    0.24,
    0.24,
    0.24999700003599956,
    0.24000000178823533,
    0.25,
    0.25,
    0.25011673157807085,
    0.25,
    0.25995491339727705,
    0.25,
    0.25,
    0.25,
    0.25,
    0.25,
    0.25,
    0.25,
    0.25,
    0.25,
    0.25,
    0.25,
    0.25,
    0.25,
    0.25,
    0.250045005789263,
    0.25004518486798144,
    0.25004518486798144,
    0.2599939701386868,
    0.25,
    0.25,
    0.26,
    0.26001211196404855,
    0.26,
    0.26,
    0.26,
    0.26,
    0.2600060015866774,
    0.26,
    0.2699878807184384,
    0.26002117741375785,
    0.2600060014202314,
    0.2699999632763049,
    0.2699813770433452,
    0.2600060018340558,
    0.269989715041016,
    0.27931075002886774,
    0.28,
    0.2699878223794152,
    0.2600097254458392,
    0.2699785367054734,
    0.26,
    0.2600485825315284,
    0.26,
    0.26004859145344217,
    0.2699503469429548,
    0.26001210960487736,
    0.2600518887881908,
    0.2600000003791924,
    0.2600518833765695,
    0.2600122232594355,
    0.2600127423022018,
    0.2600154311355563,
    0.2600155100826637,
    0.26001664503871336,
    0.26001543245966713,
    0.26004864574309916,
    0.2600167680027054,
    0.2699991947819421,
    0.2699749685109311,
    0.26004861429425835,
    0.2600486972644088,
    0.2699870071426697,
    0.2600127461334701,
    0.2600127771254921,
    0.26998660543572117,
    0.26,
    0.2600126477465752,
    0.26,
    0.26001265155614917,
    0.2600573979591837,
    0.2600940481061852,
    0.26996883778072,
    0.26990926990819025,
    0.26,
    0.2600060022867106,
    0.260014463121611,
    0.26,
    0.2600000030844049,
    0.2600060170187162,
    0.2600940481061852,
    0.26001318711813753,
    0.2600132089751213,
    0.26000600297837045,
    0.2600905721957443,
    0.2600905520363863,
    0.2600060120645311,
    0.26,
    0.2662772362677758,
    0.2599976582010692,
    0.250006000286317,
    0.250090011568132,
    0.2500134509041997,
    0.25,
    0.26998653441997733,
    0.26998636837462914,
    0.2500901768365891,
    0.264666808944625,
    0.2500060029906659,
    0.2500321313816494,
    0.25002045454731403,
    0.25001154142146914,
    0.25,
    0.25998829246661653,
    0.250012506042087,
    0.2599998647999351,
    0.2599999640883928,
    0.26129026919874443,
    0.25001256231470587,
    0.25999999029333304,
    0.25999474,
    0.2500446871985476,
    0.25006746628709636,
    0.25000772975057817,
    0.25999995839999623,
    0.2599999902117645,
    0.2599766021058105,
    0.2500674751991615,
    0.2599531803432308,
    0.25013493261465225,
    0.25002689513149357,
    0.2599954089907821,
    0.2500269915707888,
    0.25017964071856286,
    0.2599999163218179,
    0.25995028932583725,
    0.25002690003228006,
    0.25999996575609374,
    0.259982,
    0.259999178492511,
    0.25998396167556465,
    0.25,
    0.25,
    0.2501171570924649,
    0.25013533834586466,
    0.25011705675085255,
    0.25988287838030083,
    0.2599921196349137,
    0.25,
    0.250007799636017,
    0.25,
    0.2599939939652099,
    0.250006,
    0.2500060004235792,
    0.25,
    0.2500060937035355,
    0.25999994378377694,
    0.25,
    0.25,
    0.25,
    0.25,
    0.25,
    0.25,
    0.25,
    0.25,
    0.25,
    0.25,
    0.25,
    0.24000000054044449,
    0.25,
    0.25,
    0.25,
    0.26,
    0.2599998647999351,
    0.269999998299,
    0.26,
    0.26,
    0.26,
    0.27,
    0.2699999563561595,
    0.27,
    0.2699999681399974,
    0.26999985419993294,
    0.2699999681399974,
    0.2699998955999708,
    0.2699999965963636,
    0.2699999162999841,
    0.2699999681399974,
    0.26999998734374936,
    0.26,
    0.26000004111119446,
    0.26000000418966795,
    0.27,
    0.2600001565387295,
    0.2699999895599997,
    0.27,
    0.27,
    0.27,
    0.26,
    0.26999985419993294,
    0.26000005426668077,
    0.26000008422770116,
    0.2699998701922453,
    0.2699999681399974,
    0.26000008422770116,
    0.26000008705900535,
    0.26,
    0.2600000822223044,
    0.26,
    0.26,
    0.2699999369999937,
    0.26,
    0.2699999369999937,
    0.2699998777357891,
    0.2600000166500059,
    0.26000008422770116,
    0.26999985419993294,
    0.2600000022042554,
    0.26000000170834947,
    0.2600000103600019,
    0.2600000103600019,
    0.27,
    0.26,
    0.27,
    0.2699999925352939,
    0.2699999369999937,
    0.26000007104005,
    0.2799999731199972,
    0.27,
    0.2769502178750834,
    0.26999998055999946,
    0.26,
    0.27,
    0.27,
    0.26,
    0.269999941846144,
    0.27,
    0.28,
    0.27999999287272714,
    0.2700000025550001,
    0.27999999287272714,
    0.2700000025550001,
    0.2799999928319999,
    0.270000006138753,
    0.2700000011471429,
    0.2799999514666589,
    0.279999994854054,
    0.27,
    0.279999994854054,
    0.27,
    0.2799999928319999,
    0.2700000011471429,
    0.27,
    0.26999985419993294,
    0.26,
    0.26,
    0.2600000133231367,
    0.26,
    0.2799999731199972,
    0.27956389437238,
    0.2697626833909763,
    0.28,
    0.27294953073433664,
    0.26999985419993294,
    0.26999985419993294,
    0.2699999162999841,
    0.26999985419993294,
    0.26,
    0.26977543538038495,
    0.27,
    0.27,
    0.27999999159999983,
    0.27,
    0.27,
    0.29,
    0.28,
    0.28,
    0.2899999640399973,
    0.28,
    0.28,
    0.28,
    0.3,
    0.29,
    0.29,
    0.29,
    0.3,
    0.3,
    0.28,
    0.299999819999928,
    0.29,
    0.28,
    0.28,
    0.28,
    0.27999990479998477,
    0.2700000025550001,
    0.27999999159999983,
    0.27,
    0.27,
    0.27,
    0.26000000040848714,
    0.27,
    0.28008872191825424,
    0.2800887229450138,
    0.2899999955533333,
    0.2800887375788898,
    0.28,
    0.28,
    0.2970192631843138,
    0.2700000912500342,
    0.28999987168135916,
    0.2737239138199352,
    0.2698207431998365,
    0.269820686611511,
    0.2698208687477885,
    0.2698207120521747,
    0.2799998766101193,
    0.279999843199931,
    0.28,
    0.27999999686399996,
    0.2799998309433388,
    0.279999843199931,
    0.2699998814018104,
    0.2699998297296837,
    0.26000006379320795,
    0.28,
    0.26000010257454786,
    0.279999843199931,
    0.2600001415653134,
    0.2600001571682473,
    0.2700566663520674,
    0.2700567882327426,
    0.27999984727267174,
    0.26,
    0.2600001415653134,
    0.2799998309433388,
    0.2799998358620237,
    0.27999986693062456,
    0.2799998309433388,
    0.2600000407340548,
    0.2600000407340548,
    0.2600001565387295,
    0.26000006379320795,
    0.279999843199931,
    0.26,
    0.2700651749922659,
    0.27999986693062456,
    0.2799998688287721,
    0.28,
    0.2799998564102073,
    0.2700652819071319,
    0.27999983689314056,
    0.27006529615522434,
    0.2799998133332748,
    0.2799998688287721,
    0.27006516203909725,
    0.2799999731199972,
    0.260000126495813,
    0.28,
    0.26000010257454786,
    0.26,
    0.2799998564102073,
    0.2799998564102073,
    0.27999985345788364,
    0.26,
    0.2799998309433388,
    0.2600001415653134,
    0.26910388136608976,
    0.25,
    0.25,
    0.25,
    0.25,
    0.2600001119328502,
    0.2699998487068509,
    0.2600000553272538,
    0.2699998814018104,
    0.25,
    0.2600001741179475,
    0.2600000407340548,
    0.28,
    0.27999986693062456,
    0.2799998599999354,
    0.26999985831676576,
    0.2699998739999388,
    0.25,
    0.27,
    0.28,
    0.28,
    0.28,
    0.26,
    0.25,
    0.25994400373308446,
    0.25001400560616405,
    0.25986967672429256,
    0.2598696782042079,
    0.250071210594346,
    0.2598696777452165,
    0.26999985419993294,
    0.26991686417901006,
    0.2,
    0.21008285417237585,
    0.2100828510296015,
    0.2,
    0.2,
    0.2,
    0.2638232110754254,
    0.2498408384691523,
    0.19,
    0.2,
    0.25989917967108817,
    0.27,
    0.26,
    0.20000331797387924,
    0.20000331762675833,
    0.1900000057176477,
    0.19,
    0.19,
    0.2,
    0.19000003170822896,
    0.2,
    0.2,
    0.1900000460535245,
    0.19,
    0.19000001378723674,
    0.268410335854212,
    0.1900000161730473,
    0.24986692632262253,
    0.1900000156774241,
    0.1900000105081091,
    0.2000617460000151,
    0.2599998647999351,
    0.20006173052710027,
    0.19000001425220125,
    0.1900000077142875,
    0.1900000051592373,
    0.20004198741847007,
    0.2,
    0.1900000565117554,
    0.2,
    0.1900000565117554,
    0.2,
    0.19000006177970866,
    0.2599998647999351,
    0.19000001444708825,
    0.19,
    0.19,
    0.19000000488687854,
    0.19000000588378005,
    0.19,
    0.20006523913832785,
    0.20006525948783213,
    0.22,
    0.19000002577274988,
    0.2596122775540713,
    0.25961227721424335,
    0.2,
    0.19000002464504967,
    0.2,
    0.19,
    0.19000003093080856,
    0.20003090040682023,
    0.20003090596103515,
    0.2598739493846015,
    0.1900000147272822,
    0.19000000075630258,
    0.19000001359712534,
    0.19000001432044647,
    0.1900000123287688,
    0.25992857142857145,
    0.19000002273684546,
    0.1900000051592373,
    0.25990307840102167,
    0.26999985419993294,
    0.279999955199996,
    0.19000002093440557,
    0.19,
    0.19000002786697792,
    0.19000000695279262,
    0.2,
    0.1900000133516518,
    0.2,
    0.2,
    0.19000000075630258,
    0.19000000706395445,
    0.18000005890825335,
    0.18,
    0.28999993967998844,
    0.18000001640001606,
    0.2899999274999819,
    0.32,
    0.18,
    0.1700000033200013,
    0.17000009130017255,
    0.32,
    0.32,
    0.32,
    0.1700000442667381,
    0.17000009130017255,
    0.1700000033200013,
    0.32,
    0.1700000033200013,
    0.18,
    0.18,
    0.18,
    0.18,
    0.18,
    0.18,
    0.33,
    0.33,
    0.33,
    0.33,
    0.33,
    0.18,
    0.17000000249000036,
    0.3299999922449998,
    0.33,
    0.33,
    0.33,
    0.33,
    0.33,
    0.17,
    0.17,
    0.17,
    0.17,
    0.17,
    0.17,
    0.17,
    0.17,
    0.17,
    0.17,
    0.17,
    0.17000005139320556,
    0.33,
    0.33,
    0.33,
    0.33,
    0.33,
    0.33,
    0.33,
    0.33,
    0.33,
    0.33,
    0.17,
    0.17,
    0.17,
    0.17,
    0.17,
    0.33,
    0.33,
    0.33,
    0.33,
    0.33,
    0.17,
    0.17,
    0.17,
    0.17,
    0.17,
    0.33,
    0.33,
    0.33,
    0.33,
    0.33,
    0.17,
    0.17,
    0.17,
    0.17,
    0.17,
    0.31983961500929947,
    0.31983961461901345,
    0.3198396148998143,
    0.1800034145349876,
    0.17000004220353074,
    0.32999978219992593,
    0.17000009130017255,
    0.2,
    0.2,
    0.17000009130017255,
    0.17000009130017255,
    0.17000009130017255,
    0.17000000249000036,
    0.339999829999915,
    0.17,
    0.1600000197647403,
    0.3399999818900338,
    0.16,
    0.16,
    0.17000009130017255,
    0.17000009130017255,
    0.17000009130017255,
    0.17000009130017255,
    0.17000009130017255,
    0.17000009130017255,
    0.17000009130017255,
    0.12000003520017459,
    0.5
]
