[
    0.001,
    0.001,
    0.001,
    0.001,
    0.001,
    0.002,
    0.002,
    0.002,
    0.002,
    0.003,
    0.0289999723629987,
    0.021,
    0.021,
    0.01,
    0.01,
    0.01,
    0.01,
    0.01,
    0.02566735112936345,
    0.01,
    0.01,
    0.01,
    0.01,
    0.01,
    0.02,
    0.02,
    0.01,
    0.04,
    0.01,
    0.01,
    0.04,
    0.03,
    0.01,
    0.02,
    0.02,
    0.02,
    0.03,
    0.03,
    0.02,
    0.02,
    0.06,
    0.05,
    0.06,
    0.06,
    0.06,
    0.05,
    0.06,
    0.08,
    0.05,
    0.04,
    0.08,
    0.08,
    0.05,
    0.04,
    0.08181817445454538,
    0.05,
    0.08,
    0.08999999189999992,
    0.07,
    0.07,
    0.06,
    0.07,
    0.06000000001919288,
    0.06,
    0.0899999599499978,
    0.08,
    0.08,
    0.08,
    0.08,
    0.07,
    0.11,
    0.08000000368000108,
    0.2929949220020098,
    0.23935,
    0.22999982749995687,
    0.22,
    0.21,
    0.2,
    0.2,
    0.17,
    0.18999987839995622,
    0.17000000074700003,
    0.17,
    0.16,
    0.24,
    0.23,
    0.23,
    0.27,
    0.21,
    0.26999985419993294,
    0.27,
    0.27,
    0.27,
    0.27,
    0.27,
    0.27,
    0.27,
    0.26999998055999946,
    0.28,
    0.28,
    0.28,
    0.28,
    0.3,
    0.31,
    0.3,
    0.28,
    0.2800000032107027,
    0.28,
    0.25,
    0.25,
    0.25,
    0.27,
    0.27,
    0.28,
    0.29,
    0.29,
    0.29,
    0.29,
    0.3,
    0.31,
    0.31,
    0.32,
    0.34,
    0.34,
    0.3269314479794829,
    0.27000000002433333,
    0.25,
    0.25,
    0.260000001184,
    0.25,
    0.21,
    0.21,
    0.19000000016170243,
    0.19,
    0.19000001025316604,
    0.2,
    0.21999985479995063,
    0.2,
    0.2,
    0.2,
    0.2125,
    0.2,
    0.16,
    0.18547623215888323,
    0.225,
    0.19,
    0.20999997395999803,
    0.19,
    0.20999986769995105,
    0.21,
    0.1800000023952597,
    0.21,
    0.22,
    0.25,
    0.25,
    0.25,
    0.21,
    0.22,
    0.2600000029600002,
    0.26,
    0.26,
    0.26,
    0.29,
    0.299999969999997,
    0.28000002880001323,
    0.299999969999997,
    0.3,
    0.3,
    0.29,
    0.29,
    0.29,
    0.29,
    0.29,
    0.28,
    0.2800000110271607,
    0.28,
    0.28,
    0.29,
    0.29,
    0.3,
    0.3099998294999233,
    0.32,
    0.29,
    0.2800000087849525,
    0.32,
    0.3099998294999233,
    0.3,
    0.29,
    0.3,
    0.3,
    0.29,
    0.29,
    0.3,
    0.3,
    0.3,
    0.31,
    0.3,
    0.3,
    0.29,
    0.28,
    0.28,
    0.28,
    0.29,
    0.29,
    0.31,
    0.29,
    0.29,
    0.29,
    0.29,
    0.28999998462999926,
    0.29,
    0.29,
    0.31,
    0.3299999590799969,
    0.31,
    0.31,
    0.31,
    0.33,
    0.33,
    0.33,
    0.3200000018630137,
    0.35,
    0.3499998774999204,
    0.35999992079997784,
    0.36893499970521937,
    0.34999999701365186,
    0.31,
    0.28,
    0.31,
    0.34,
    0.34,
    0.32,
    0.34,
    0.32,
    0.28,
    0.29,
    0.29,
    0.25,
    0.25,
    0.24941197232810955,
    0.22,
    0.2399999855999994,
    0.23,
    0.22,
    0.23,
    0.23,
    0.23,
    0.23,
    0.23,
    0.23,
    0.23,
    0.23,
    0.23,
    0.2399998559999424,
    0.21000000938125166,
    0.21,
    0.21,
    0.2100000008586957,
    0.2,
    0.22,
    0.21,
    0.19,
    0.17,
    0.15,
    0.14,
    0.1,
    0.11,
    0.1,
    0.09,
    0.1,
    0.1497560975609756,
    0.16,
    0.13,
    0.13,
    0.13,
    0.13,
    0.13,
    0.13,
    0.13,
    0.13,
    0.13,
    0.15,
    0.15,
    0.15,
    0.15,
    0.15,
    0.15,
    0.15,
    0.15,
    0.15,
    0.15,
    0.16,
    0.16,
    0.14,
    0.14,
    0.14,
    0.14,
    0.14,
    0.13,
    0.13,
    0.13,
    0.13,
    0.13,
    0.13,
    0.13,
    0.13,
    0.14352167056074766,
    0.13,
    0.13,
    0.14,
    0.14,
    0.14,
    0.14,
    0.13,
    0.14,
    0.14999988749997187,
    0.14,
    0.13,
    0.14,
    0.14,
    0.14,
    0.14,
    0.14,
    0.14,
    0.14,
    0.14,
    0.15,
    0.15,
    0.15,
    0.15,
    0.15,
    0.15,
    0.15,
    0.16,
    0.15,
    0.16,
    0.16,
    0.15,
    0.149999939999994,
    0.149999939999994,
    0.12,
    0.15,
    0.15,
    0.15,
    0.13,
    0.12,
    0.12,
    0.13,
    0.12999999505999993,
    0.13,
    0.13000000870001732,
    0.16,
    0.169999997212,
    0.15,
    0.17,
    0.15,
    0.18,
    0.19,
    0.19,
    0.19,
    0.19,
    0.19,
    0.19,
    0.2,
    0.18,
    0.18,
    0.18,
    0.18,
    0.18,
    0.18,
    0.18,
    0.18,
    0.18,
    0.18,
    0.18,
    0.18,
    0.18,
    0.18,
    0.18,
    0.18,
    0.18,
    0.19,
    0.19,
    0.18,
    0.19000052071581067,
    0.19,
    0.19,
    0.19,
    0.19,
    0.19,
    0.18,
    0.18,
    0.18,
    0.18,
    0.21,
    0.21000000790002363,
    0.21,
    0.21,
    0.22,
    0.22,
    0.21,
    0.24,
    0.24,
    0.23,
    0.25,
    0.24000000555758833,
    0.25,
    0.25,
    0.25,
    0.2400000012208837,
    0.26,
    0.26,
    0.26,
    0.26,
    0.26,
    0.26,
    0.26,
    0.26,
    0.26,
    0.26,
    0.26,
    0.26,
    0.26,
    0.26,
    0.26,
    0.26,
    0.26,
    0.26,
    0.26,
    0.26,
    0.26,
    0.26,
    0.26,
    0.26,
    0.26,
    0.26,
    0.26,
    0.26,
    0.26,
    0.26,
    0.26,
    0.2599999522162121,
    0.24000003040001094,
    0.25,
    0.22,
    0.23,
    0.23,
    0.25,
    0.21000000068893004,
    0.29,
    0.289999866599928,
    0.28,
    0.27,
    0.28,
    0.27000000043863126,
    0.27,
    0.28,
    0.28,
    0.3,
    0.3,
    0.32,
    0.32,
    0.32,
    0.32,
    0.32,
    0.32,
    0.32,
    0.32,
    0.32,
    0.32,
    0.33679741042948114,
    0.32,
    0.32,
    0.32,
    0.32,
    0.32,
    0.32,
    0.32,
    0.32,
    0.32,
    0.32,
    0.32,
    0.32,
    0.32,
    0.32,
    0.32,
    0.32,
    0.32999978219992593,
    0.32,
    0.32,
    0.33,
    0.33,
    0.33,
    0.33,
    0.34,
    0.3395,
    0.3693160732502621,
    0.36,
    0.36,
    0.37,
    0.37,
    0.36,
    0.35,
    0.37,
    0.39,
    0.38,
    0.37,
    0.36,
    0.36,
    0.36,
    0.3699999887149998,
    0.345,
    0.34,
    0.34,
    0.34,
    0.34,
    0.34,
    0.34,
    0.34000003960001346,
    0.34,
    0.34,
    0.34,
    0.38,
    0.38,
    0.38,
    0.38,
    0.38,
    0.38,
    0.38,
    0.38,
    0.38,
    0.35,
    0.35,
    0.34,
    0.34,
    0.34,
    0.37,
    0.37,
    0.36,
    0.36,
    0.37,
    0.3699999817534231,
    0.36,
    0.3799999011999269,
    0.36,
    0.36,
    0.35,
    0.36,
    0.3600612397146482,
    0.36006123702737597,
    0.36006123810645385,
    0.35000000886278265,
    0.3600268817204301,
    0.36000600000226335,
    0.3600060261844627,
    0.3600482063695555,
    0.36004820574729296,
    0.3699887017745774,
    0.35,
    0.35,
    0.36,
    0.3700060009144928,
    0.37000857233999906,
    0.35,
    0.35,
    0.35,
    0.35,
    0.35,
    0.36,
    0.37000857269695014,
    0.370006,
    0.37999399771417136,
    0.3799999741599966,
    0.3801120751988431,
    0.38999648780859464,
    0.37988641452429467,
    0.37,
    0.37,
    0.3700060004040272,
    0.37,
    0.389981847442496,
    0.37,
    0.3700701480904131,
    0.3899441950750818,
    0.38000600371331056,
    0.37,
    0.3800166975881262,
    0.38,
    0.38,
    0.38,
    0.37,
    0.3800112877630968,
    0.37000001583851166,
    0.3800112596679881,
    0.38001125422495585,
    0.3800060052953222,
    0.3800557620817844,
    0.389998104664748,
    0.38999399495421017,
    0.38000601022233793,
    0.38,
    0.38,
    0.380006,
    0.38000000845272663,
    0.39,
    0.3899999859599991,
    0.37999669359124977,
    0.37998123206305684,
    0.3799917829825711,
    0.3799909486065528,
    0.379994,
    0.37000000264302063,
    0.37,
    0.37,
    0.37,
    0.3700000571454695,
    0.3798212472617059,
    0.37982126028116814,
    0.38,
    0.38,
    0.38,
    0.38,
    0.38,
    0.38,
    0.3800711462450593,
    0.38998878049279445,
    0.38000001668647954,
    0.38,
    0.38,
    0.3800062344161268,
    0.38,
    0.3801754385964912,
    0.38000623643149906,
    0.38997067893847537,
    0.38,
    0.38,
    0.3898959581610236,
    0.3800162249864792,
    0.3800000024569613,
    0.38010392609699767,
    0.38001326651921175,
    0.38,
    0.38001095561203796,
    0.3800070197543245,
    0.389986728439111,
    0.38001095902243504,
    0.3800413223140496,
    0.3800070220141552,
    0.3899999911079998,
    0.38999999364505833,
    0.38999984890238515,
    0.3899925881425395,
    0.38998033945277755,
    0.3800000372000052,
    0.38,
    0.38,
    0.38,
    0.38,
    0.38,
    0.38,
    0.38,
    0.38000014880011307,
    0.38000003100001395,
    0.3800000018600001,
    0.38,
    0.38000825158309487,
    0.38000825204456107,
    0.38000600000071355,
    0.38,
    0.38002789832610046,
    0.38000600582654603,
    0.38004953219592735,
    0.38000606179910446,
    0.38000601807572026,
    0.3899497712266455,
    0.38,
    0.3799999011999269,
    0.37999999411612895,
    0.3799992292177779,
    0.37999573751177057,
    0.3799868604075377,
    0.37005844247437353,
    0.3799396382974025,
    0.37,
    0.3700850683983464,
    0.3700068058578852,
    0.37008510097370134,
    0.37999395601502695,
    0.3700068663534808,
    0.3700060214830488,
    0.3700061791945417,
    0.37999993361444945,
    0.3700757584447717,
    0.37,
    0.37,
    0.37001487253255533,
    0.37,
    0.37001179399816536,
    0.3701057579318449,
    0.38,
    0.3800000394132101,
    0.38,
    0.38,
    0.38,
    0.38,
    0.38,
    0.38,
    0.3800000406045518,
    0.38,
    0.38,
    0.37999993208508964,
    0.3799999950599998,
    0.37996942637976505,
    0.3700758054702089,
    0.3700796505652621,
    0.37013178771940136,
    0.3799243026896428,
    0.3799975713197647,
    0.37998981353686684,
    0.379976090069221,
    0.3701318333575683,
    0.3799850500032643,
    0.3700245785530224,
    0.370014988634873,
    0.3799696731322309,
    0.3700243320957945,
    0.37014358009572007,
    0.37014364518392456,
    0.37014364518392456,
    0.37997562726738177,
    0.3700244431004939,
    0.3700243308184201,
    0.37010740710163614,
    0.3701074500990315,
    0.37992205795987616,
    0.37983463502792925,
    0.37991315584834373,
    0.3799284560931048,
    0.3799283678731063,
    0.3700065171296648,
    0.3700933614821693,
    0.37005625,
    0.3799064377531548,
    0.37009339176909173,
    0.3700065171054092,
    0.37000674723448435,
    0.3700063503423389,
    0.379861327685043,
    0.3700067142681809,
    0.3701385153595817,
    0.3700853185076735,
    0.3701384877891776,
    0.37991443558525306,
    0.3799144029007906,
    0.37992908818862425,
    0.3700062605648685,
    0.37007102984362344,
    0.3700709793814536,
    0.37007097251937704,
    0.37991369841257194,
    0.3700063078633539,
    0.3700063459573558,
    0.3701533219761499,
    0.3798941100016304,
    0.37015384897598225,
    0.37000600000133205,
    0.3701538897898629,
    0.37000605750601484,
    0.3799999376656057,
    0.36988895612729233,
    0.3600288147445472,
    0.3699649098033678,
    0.3600060031442908,
    0.36,
    0.37,
    0.36,
    0.36,
    0.36,
    0.36,
    0.36,
    0.36,
    0.35000000650000057,
    0.35,
    0.35,
    0.35,
    0.35,
    0.35,
    0.35,
    0.35,
    0.34999699899998,
    0.3399859725355061,
    0.330068027748482,
    0.33992369995396676,
    0.33004059146404985,
    0.33008520472558056,
    0.33004056352188277,
    0.33008517038040075,
    0.3399593690876603,
    0.3399593174242774,
    0.3300405478111725,
    0.33005377047162626,
    0.3399552682569249,
    0.330053250343419,
    0.3300572214205749,
    0.33005337863112855,
    0.3300571802302849,
    0.33994273318990004,
    0.33005719710699105,
    0.3300571904367971,
    0.33005728766607106,
    0.33008168140844113,
    0.3398896038360393,
    0.33008170690231964,
    0.33018003784303424,
    0.3301800209061522,
    0.3300815989101406,
    0.33988540393124234,
    0.3301145038167939,
    0.3300817881395367,
    0.3399183304529382,
    0.3399467210581618,
    0.33994666231534504,
    0.33005338320145894,
    0.3300533142670555,
    0.33005326757123055,
    0.3300532303644514,
    0.339983451132997,
    0.3300165194958475,
    0.339983357522333,
    0.33997738039864284,
    0.3300414582579947,
    0.33,
    0.33000115154938225,
    0.33006486813834846,
    0.3300417383774634,
    0.33993508577440057,
    0.3300648751190817,
    0.3399584827887702,
    0.33995841837857005,
    0.3300414677492421,
    0.33004145612124836,
    0.33004147069548395,
    0.33999397155894495,
    0.33999394393240084,
    0.33000000679054275,
    0.34002700270027003,
    0.34000000218106147,
    0.340006,
    0.34999387510106084,
    0.3499998774999204,
    0.3400000469903031,
    0.34,
    0.3499999669811274,
    0.3400000108196742,
    0.3399987786624714,
    0.3399937600889866,
    0.34008527400012134,
    0.3400134557641753,
    0.3400134531565308,
    0.330000182727389,
    0.33000001608000123,
    0.3499999177350269,
    0.3300000068367358,
    0.34999988068176846,
    0.3452221163847859,
    0.3300000804000707,
    0.3300000804000707,
    0.3300000804000707,
    0.33000000317535616,
    0.33000000547684216,
    0.330000039942313,
    0.3399999344953954,
    0.33999995059827665,
    0.33,
    0.33,
    0.33,
    0.33,
    0.3399999881739128,
    0.33999993910447035,
    0.33999995686566103,
    0.3399998958063995,
    0.34,
    0.3399998315595619,
    0.3399998994782032,
    0.3399999665354298,
    0.33999984393436994,
    0.33999987487994593,
    0.3399998442747616,
    0.3399999421999809,
    0.3399999560544125,
    0.339999922416073,
    0.3399998230893791,
    0.3499998715595623,
    0.33999997641618207,
    0.3399999435471579,
    0.34,
    0.34,
    0.34005886228816057,
    0.34005902523883313,
    0.34005890637147046,
    0.34005902523883313,
    0.3499999562499945,
    0.3499998774999204,
    0.3499998349055825,
    0.34005902523883313,
    0.34,
    0.33999996060974863,
    0.3399999043749522,
    0.33999987487994593,
    0.339999829999915,
    0.33999979471691144,
    0.339999829999915,
    0.33999998753333277,
    0.3399998083635702,
    0.339999829999915,
    0.3399999845571532,
    0.339999829999915,
    0.3399999443636286,
    0.33,
    0.33,
    0.33999999514285706,
    0.33,
    0.33,
    0.33,
    0.3299999922449998,
    0.32,
    0.320000000160472,
    0.3299999590799969,
    0.32,
    0.32,
    0.3200001088000914,
    0.32,
    0.32000000294461534,
    0.32,
    0.32,
    0.32,
    0.32,
    0.32,
    0.32,
    0.32,
    0.3200001088000914,
    0.3200000054400005,
    0.32,
    0.32999999387142853,
    0.3299999911578945,
    0.32000014315811576,
    0.32,
    0.32,
    0.32,
    0.32,
    0.32,
    0.32999978219992593,
    0.32000002720000437,
    0.3299999590799969,
    0.32,
    0.32,
    0.3299999295999915,
    0.32999978219992593,
    0.32,
    0.32,
    0.32,
    0.3200000054400005,
    0.32,
    0.3299999793945121,
    0.32999999669999996,
    0.33,
    0.3200001088000914,
    0.32,
    0.32,
    0.32,
    0.31,
    0.31,
    0.31,
    0.32,
    0.32,
    0.32,
    0.33,
    0.31,
    0.33,
    0.31,
    0.33,
    0.33,
    0.41987002282075814,
    0.4097889328652539,
    0.41986998225903666,
    0.32,
    0.41995677534734605,
    0.4199567515477042,
    0.40917019995370646,
    0.3781094469988365,
    0.34001501002251505,
    0.34001501014527713,
    0.3400150093952108,
    0.3401115107913669,
    0.32,
    0.37147977040840885,
    0.34008797180420464,
    0.34004302929838837,
    0.3400430294101734,
    0.33,
    0.32,
    0.33,
    0.34980980799937533,
    0.34980981227959285,
    0.3697939002139893,
    0.36394677530749514,
    0.34007596504134857,
    0.3400759647985392,
    0.36999987273881624,
    0.3200000030064557,
    0.33,
    0.37595023632897556,
    0.35992777765367356,
    0.3599277728364856,
    0.3599276174270088,
    0.3300000804000707,
    0.32,
    0.32,
    0.32,
    0.3598514450249701,
    0.35985130916338337,
    0.36979085296832365,
    0.3799999011999269,
    0.3796202199597678,
    0.330030013745448,
    0.3300300146821781,
    0.3300300136582525,
    0.33002259248799776,
    0.31,
    0.32006849455340625,
    0.31,
    0.32006849340449206,
    0.3200684932611599,
    0.3100545536317988,
    0.36987511863375344,
    0.36987506023872374,
    0.36987507785488916,
    0.37978725828430276,
    0.3100351742355759,
    0.3699024098284473,
    0.32004597001322016,
    0.32004597040825594,
    0.3200459699711558,
    0.3799999741599966,
    0.29000005680010904,
    0.29000005680010904,
    0.39603960396039606,
    0.4,
    0.29,
    0.29,
    0.29,
    0.29,
    0.29,
    0.4,
    0.4,
    0.4,
    0.4,
    0.4,
    0.29,
    0.29,
    0.29,
    0.29,
    0.29,
    0.4,
    0.4,
    0.4,
    0.4,
    0.4,
    0.4,
    0.4,
    0.4,
    0.4,
    0.4,
    0.29,
    0.29,
    0.29,
    0.29,
    0.29,
    0.29000002982001066,
    0.4099998236998995,
    0.40999990238092915,
    0.4,
    0.25,
    0.21000000790002363
]
