[
    0.999,
    0.999,
    0.999,
    0.999,
    0.999,
    0.999,
    0.999,
    0.999,
    0.999,
    0.999,
    0.999,
    0.999,
    0.999,
    0.999,
    0.999,
    0.999,
    0.999,
    0.999,
    0.999,
    0.999,
    0.998,
    0.998,
    0.999,
    0.998,
    0.998,
    0.9970000029880001,
    0.9970000014925,
    0.995,
    0.996700497334827,
    0.991,
    0.99,
    0.99,
    0.968,
    0.975,
    0.9899999969969661,
    0.975,
    0.975,
    0.9701028458213257,
    0.9699625965201973,
    0.9299999999284946,
    0.95,
    0.95,
    0.971,
    0.974,
    0.9831512622520031,
    0.98,
    0.991,
    0.981,
    0.9949999855724996,
    0.9941551403208242,
    0.99,
    0.982,
    0.982,
    0.996,
    0.99,
    0.982,
    0.9955399638524451,
    0.9899999880306617,
    0.9810000182970007,
    0.9851362844196584,
    0.982,
    0.994,
    0.994,
    0.9822134252175604,
    0.982,
    0.994,
    0.9783100377420394,
    0.977999999709792,
    0.977999999679927,
    0.9779999994523199,
    0.96,
    0.95,
    0.8900000018456727,
    0.931,
    0.9300000042466667,
    0.92,
    0.92,
    0.92,
    0.918348623853211,
    0.909109655,
    0.89,
    0.91,
    0.911,
    0.9,
    0.9,
    0.912,
    0.912,
    0.912,
    0.912,
    0.912,
    0.912,
    0.912,
    0.912,
    0.912,
    0.9120000021321143,
    0.95,
    0.912,
    0.93,
    0.93,
    0.93,
    0.93,
    0.93,
    0.93,
    0.93,
    0.93,
    0.93,
    0.93,
    0.93,
    0.93,
    0.93,
    0.93,
    0.9399999999644478,
    0.9399999998229505,
    0.95,
    0.9499999984372063,
    0.952,
    0.951,
    0.981,
    0.985,
    0.981,
    0.981,
    0.985,
    0.98,
    0.9909917783357223,
    0.985,
    0.99,
    0.99,
    0.9942975573960073,
    0.99,
    0.9939999962930619,
    0.995,
    0.995,
    0.941,
    0.991,
    0.9910000044505001,
    0.9910000089100001,
    0.991,
    0.993,
    0.9889999999699117,
    0.9889999999781292,
    0.9856347820719948,
    0.96,
    0.95,
    0.9589999985246146,
    0.9589999985246146,
    0.9589999721884168,
    0.9589999999940062,
    0.9589999983393918,
    0.939,
    0.9389999997183,
    0.9399999962399888,
    0.92,
    0.931,
    0.93,
    0.94,
    0.9599999965439999,
    0.9400000023096664,
    0.95,
    0.9688831451612904,
    0.9310000612720069,
    0.94,
    0.94,
    0.9550000425250024,
    0.955,
    0.95,
    0.955,
    0.96,
    0.96,
    0.96,
    0.96,
    0.96,
    0.96,
    0.96,
    0.97,
    0.96,
    0.9590494417558968,
    0.9589999482939109,
    0.9589999948528416,
    0.95,
    0.96,
    0.9615127779424738,
    0.9589998585474502,
    0.95,
    0.95,
    0.95,
    0.968,
    0.911,
    0.9483533237031216,
    0.94,
    0.9399955777046549,
    0.921,
    0.92,
    0.94,
    0.95,
    0.951,
    0.951,
    0.96,
    0.9620618409117935,
    0.969999999922104,
    0.97,
    0.97,
    0.97,
    0.97,
    0.97,
    0.97,
    0.98,
    0.99,
    0.98,
    0.99,
    0.99,
    0.9700000057000001,
    0.97,
    0.99,
    0.9876836398512032,
    0.96,
    0.96,
    0.95,
    0.9701152370795121,
    0.96,
    0.94,
    0.9353233784312242,
    0.92,
    0.92,
    0.92,
    0.9199999997521218,
    0.92,
    0.9299999999225,
    0.92,
    0.88,
    0.88,
    0.88,
    0.8699999964131578,
    0.84,
    0.84,
    0.83,
    0.84,
    0.84,
    0.85,
    0.84,
    0.85,
    0.85,
    0.84,
    0.88,
    0.84,
    0.84,
    0.85,
    0.84,
    0.84,
    0.8499999149996685,
    0.8499999876989782,
    0.85,
    0.86,
    0.87,
    0.86,
    0.86,
    0.88,
    0.85,
    0.85,
    0.86,
    0.85,
    0.85,
    0.88,
    0.879941102842714,
    0.86,
    0.8600000373333359,
    0.87,
    0.87,
    0.87,
    0.87,
    0.85,
    0.85,
    0.85,
    0.85,
    0.8772270310134689,
    0.85,
    0.86,
    0.8799999999648092,
    0.860000021280001,
    0.8799999945846153,
    0.8691220987882232,
    0.85,
    0.850000024000001,
    0.85,
    0.850000024000001,
    0.85,
    0.83,
    0.82,
    0.8,
    0.8,
    0.8,
    0.8,
    0.81,
    0.8,
    0.81953635,
    0.82,
    0.8100000025237579,
    0.81,
    0.83,
    0.83,
    0.82,
    0.8100000119700005,
    0.83,
    0.82,
    0.8,
    0.8,
    0.8,
    0.8363257384363181,
    0.81,
    0.8,
    0.8,
    0.8,
    0.81,
    0.83,
    0.8100000120170943,
    0.81,
    0.8099998736399692,
    0.7800000001262896,
    0.79,
    0.79,
    0.79,
    0.78,
    0.79,
    0.7900000090384889,
    0.79,
    0.8,
    0.81,
    0.809999999271,
    0.76,
    0.77,
    0.77,
    0.76,
    0.77,
    0.76,
    0.77,
    0.77,
    0.79,
    0.78,
    0.790000026040002,
    0.8,
    0.77,
    0.78,
    0.7700000063518933,
    0.8,
    0.8,
    0.8,
    0.82,
    0.82,
    0.81,
    0.83,
    0.83,
    0.84,
    0.83,
    0.83,
    0.83,
    0.83,
    0.83,
    0.8300001139000376,
    0.84,
    0.83,
    0.83,
    0.83,
    0.84,
    0.8200000502202688,
    0.82,
    0.83,
    0.83,
    0.81,
    0.82,
    0.8,
    0.83,
    0.85,
    0.85,
    0.87,
    0.89,
    0.88,
    0.89,
    0.89,
    0.88,
    0.9,
    0.88,
    0.8799999964799989,
    0.89,
    0.889999999555,
    0.8899999109995639,
    0.8600000051800001,
    0.9,
    0.8600000014873799,
    0.8914364420336436,
    0.8700060468844483,
    0.870006057023819,
    0.8700060066051006,
    0.8700390117035111,
    0.88,
    0.88,
    0.8799987511127394,
    0.8700060364883644,
    0.8700000693333426,
    0.8699969602810051,
    0.8699942266487466,
    0.86,
    0.8600063718167286,
    0.8699900251804493,
    0.8699579557196442,
    0.8699387147693096,
    0.8600000023763912,
    0.8600630756390862,
    0.86,
    0.86,
    0.86,
    0.8600060044212365,
    0.8699579731960702,
    0.8600060547411598,
    0.8789114617281001,
    0.86,
    0.86,
    0.86,
    0.860033284222205,
    0.86,
    0.86,
    0.8600060050469028,
    0.86,
    0.86,
    0.87,
    0.86,
    0.86,
    0.8600420308018694,
    0.86,
    0.8699946933962264,
    0.8600331992031034,
    0.8600060293208607,
    0.869997623099691,
    0.8699939361301374,
    0.8699939987925585,
    0.8699939979075678,
    0.87,
    0.87,
    0.87,
    0.87,
    0.8700060037157792,
    0.87,
    0.87,
    0.87,
    0.87,
    0.8700585276229406,
    0.87,
    0.8700130128164755,
    0.88,
    0.8799999988916877,
    0.879999999648,
    0.8799886511972763,
    0.8799415577547464,
    0.8700130565450636,
    0.88,
    0.879999998557377,
    0.8799999999648541,
    0.88,
    0.88,
    0.8799982,
    0.8701169792511635,
    0.870006013434494,
    0.879998546719936,
    0.879943906505367,
    0.8700061006197986,
    0.8799999993714285,
    0.88,
    0.8700001946497278,
    0.870006,
    0.88,
    0.87999604001782,
    0.8799982,
    0.88,
    0.8700661178673798,
    0.8700000061020668,
    0.8700660792608104,
    0.8799889518051144,
    0.87,
    0.879986149015706,
    0.87,
    0.87,
    0.87,
    0.87,
    0.87,
    0.87,
    0.87,
    0.87,
    0.87,
    0.87,
    0.87,
    0.87,
    0.87,
    0.870006056128987,
    0.87,
    0.8700138461538461,
    0.8700793125215524,
    0.8799812016310299,
    0.8700791959037488,
    0.8700060071954936,
    0.8799939913968208,
    0.87,
    0.8700117071163972,
    0.8700081930145205,
    0.879999998671698,
    0.8799999988266666,
    0.8799994042691727,
    0.8799918150754832,
    0.8799917632606225,
    0.8700117317297905,
    0.8700779896013865,
    0.8700123203285421,
    0.8799999988266666,
    0.8799999988645161,
    0.88,
    0.88,
    0.8799986930018298,
    0.8799918527666788,
    0.8799798829570341,
    0.879937276391554,
    0.8700117630766954,
    0.8799789507772021,
    0.8799918519771627,
    0.8700201296669068,
    0.8700117816468124,
    0.8799952971793293,
    0.8799780643245856,
    0.8798536268187765,
    0.8700514285714286,
    0.8701465798045602,
    0.8700186303327092,
    0.8799485118764285,
    0.8799485053619716,
    0.870018689182735,
    0.870019171859935,
    0.8700300716702626,
    0.8700191870935302,
    0.8700303457039882,
    0.8799786863207301,
    0.8799663127790209,
    0.8700828729281768,
    0.8700283776572445,
    0.8700060183608149,
    0.8799171113936637,
    0.8799171117583394,
    0.8700284051670001,
    0.8700060364883644,
    0.8700060760382664,
    0.8799939988783727,
    0.8799896196423775,
    0.8701764836714673,
    0.8700000380173891,
    0.8701762510224021,
    0.8799939925716741,
    0.8700000013995188,
    0.870006,
    0.87,
    0.8799999994289885,
    0.8700148217790061,
    0.8700000134808377,
    0.8700149041059994,
    0.8799917145290727,
    0.8700000372068988,
    0.87,
    0.8700000402850976,
    0.8799909888742516,
    0.8700075660106729,
    0.8700000180824908,
    0.8700076721548615,
    0.8799910004128713,
    0.8700000030892985,
    0.8700389948006932,
    0.8700180072028811,
    0.8700090064995322,
    0.8799689763980344,
    0.8700090330753026,
    0.8799425806220745,
    0.8700060097866688,
    0.8700573248407644,
    0.8799425570052207,
    0.8700061743853242,
    0.870083718669553,
    0.8700837008370084,
    0.870087401748035,
    0.8799999647998255,
    0.8799873643411843,
    0.8700060707208336,
    0.8799999972818531,
    0.8799999647998255,
    0.88,
    0.8699939999965037,
    0.8699910035691347,
    0.8699881547231845,
    0.8699579768580737,
    0.8699641005185481,
    0.8699641005185481,
    0.8699641005185481,
    0.8699506082475152,
    0.8699282295276021,
    0.8699282295276021,
    0.8699282295276021,
    0.8699282295276021,
    0.8699477651546894,
    0.86,
    0.86,
    0.8600098867274136,
    0.8600522344747533,
    0.8600135603435287,
    0.8699881501806125,
    0.8699800839695058,
    0.8600098595065809,
    0.8698434541170167,
    0.8699839296439953,
    0.8600099561018781,
    0.8699800782568146,
    0.8600099561018781,
    0.869994,
    0.869946308547189,
    0.8699463079357594,
    0.8699463070890413,
    0.86,
    0.8600000091600201,
    0.87,
    0.87,
    0.8700001014000223,
    0.8700000241928261,
    0.87,
    0.8700221784130113,
    0.8700000194357482,
    0.8701578947368421,
    0.8799652212885949,
    0.879985345286292,
    0.8799853394369147,
    0.87,
    0.8700064659547021,
    0.8700060028201131,
    0.87,
    0.8600000014638765,
    0.8700146508220739,
    0.8799794677953454,
    0.8700879765395895,
    0.8700064878597001,
    0.8700846660395108,
    0.8799152465069541,
    0.8700064781692504,
    0.8799996658172293,
    0.870036,
    0.8701682242990654,
    0.8700060190191838,
    0.8700196549464949,
    0.8799937578942983,
    0.8799768887528152,
    0.8799591106907216,
    0.87000600840069,
    0.8600554590444807,
    0.8601228746963852,
    0.8601220326287504,
    0.8600368333717014,
    0.86006,
    0.8600365813382108,
    0.8799782788335071,
    0.8600142564107077,
    0.8600349514563107,
    0.86,
    0.8600147396003931,
    0.86,
    0.87024231678487,
    0.879965012381182,
    0.8767094445431217,
    0.8699703725103767,
    0.8600000006903135,
    0.86,
    0.8699703757308804,
    0.8699703600209141,
    0.8799817419858161,
    0.8799817322057057,
    0.8799671795359469,
    0.86,
    0.86,
    0.87,
    0.86,
    0.87,
    0.870006008625493,
    0.8700252407160887,
    0.8700860420650096,
    0.8799747726041298,
    0.8700253112961894,
    0.8799747270752926,
    0.8799939994872826,
    0.8799939808231136,
    0.870006012352524,
    0.879989584422476,
    0.8799410084008472,
    0.8700186334306427,
    0.8799409785550256,
    0.8700166358595194,
    0.8700060807466006,
    0.8700064185203726,
    0.8701188311659185,
    0.8700590163934426,
    0.8799932064320657,
    0.879977570565686,
    0.8798812155607615,
    0.8798811798949061,
    0.8799833555022493,
    0.8700064246731158,
    0.8700061006197986,
    0.8700060068959123,
    0.8701170351105332,
    0.8799999859199946,
    0.8700061006197986,
    0.88,
    0.879999999648,
    0.8799999859199946,
    0.8799793296697225,
    0.8699999507546037,
    0.8699999912999827,
    0.87,
    0.87,
    0.8699999997524125,
    0.8699999984031369,
    0.869999999962752,
    0.869999998259999,
    0.8699999912999827,
    0.8699976,
    0.869994,
    0.8699939361301374,
    0.8699939996507844,
    0.860079292680296,
    0.869994,
    0.8699868228624236,
    0.8699210520894606,
    0.8699210154424184,
    0.8600061465721041,
    0.8601256234660037,
    0.8699939999606862,
    0.8699123394004282,
    0.8698744769874477,
    0.869874475564826,
    0.8600061149390144,
    0.8699939981678617,
    0.869999971707295,
    0.8699996089511083,
    0.8699938787200087,
    0.8600061145458251,
    0.869987296719215,
    0.8699747489576605,
    0.8600084110895663,
    0.860025195968645,
    0.8600060191411303,
    0.869974788029795,
    0.8699747424200737,
    0.869974795787715,
    0.8699748006330155,
    0.860025195968645,
    0.8699974810499358,
    0.8699748007848177,
    0.869974788029795,
    0.8699915523566837,
    0.8600084300537246,
    0.86009,
    0.8699915984890331,
    0.869962086744603,
    0.8600084,
    0.8699249513493011,
    0.860075,
    0.8600060079852985,
    0.8699249513493011,
    0.8699249513493011,
    0.860006,
    0.8699999912999827,
    0.8699999970999976,
    0.87,
    0.87,
    0.8600060004292122,
    0.85,
    0.8600947368421052,
    0.87,
    0.8699843395840208,
    0.8699026836885878,
    0.8600062780269059,
    0.8601238954948819,
    0.8600215005375135,
    0.8601245809473252,
    0.8600060386757012,
    0.86,
    0.8599982972033715,
    0.859974722428324,
    0.8500338324012426,
    0.859993998841528,
    0.850006640959292,
    0.860380090306424,
    0.8500060560085166,
    0.8600901119511273,
    0.8600355783537791,
    0.8601259748604125,
    0.86,
    0.8600060055133129,
    0.869999998782,
    0.8699999987058384,
    0.8699999999304,
    0.8699994609831285,
    0.8699939361301374,
    0.8699785163787647,
    0.869955552434001,
    0.8699099859291849,
    0.8698937207643983,
    0.8698739110200637,
    0.8600900237651323,
    0.860035599078341,
    0.86004221218517,
    0.8699846679250269,
    0.8600422140884937,
    0.8699578155978762,
    0.8600421850059983,
    0.8600060338294243,
    0.8600061149390144,
    0.8699939361301374,
    0.8600420168067227,
    0.8600060034223069,
    0.860000052540535,
    0.8699999446360652,
    0.8699990368822855,
    0.8699801818457952,
    0.8699670814093247,
    0.8600060346752102,
    0.8699802123160301,
    0.8700594131676807,
    0.8799718525679985,
    0.8799726502585817,
    0.8782871953850755,
    0.8600060156033613,
    0.8600090041336645,
    0.8601125,
    0.8699711803781591,
    0.860009,
    0.869990989791814,
    0.8699667626220897,
    0.8600060075382943,
    0.8601261512958407,
    0.8600061149390144,
    0.8699962303319142,
    0.8699928066034829,
    0.869992812815231,
    0.8598199903138523,
    0.85003385003385,
    0.85018,
    0.8599663423036521,
    0.8599939994843027,
    0.86,
    0.85,
    0.8500000077155203,
    0.85,
    0.85,
    0.86,
    0.86,
    0.86,
    0.86,
    0.86,
    0.86,
    0.87,
    0.87,
    0.87,
    0.87,
    0.87,
    0.8700198182626983,
    0.870019205544529,
    0.87,
    0.87,
    0.87,
    0.87,
    0.8700629008467738,
    0.8701320733525142,
    0.8799802018312538,
    0.879958370923144,
    0.8799699894614647,
    0.8799699753343676,
    0.8700299700299701,
    0.8700233396589614,
    0.8700087319297565,
    0.8700235867378765,
    0.8700237855886775,
    0.8700235920125414,
    0.8700235867378765,
    0.8799912640847384,
    0.8799912640847384,
    0.8799912640847384,
    0.8799987778046059,
    0.8700235867378765,
    0.8700233788128546,
    0.8700233788128546,
    0.8799766966012277,
    0.8799766966012277,
    0.8799766966012277,
    0.879976698114073,
    0.8799843973567025,
    0.8700188837599664,
    0.8700091146830802,
    0.8700224831376467,
    0.87997715455944,
    0.8799699753343676,
    0.870008897371136,
    0.8700090249952529,
    0.8700089783867762,
    0.8700089783867762,
    0.8700089783867762,
    0.8799815603780122,
    0.8799815603780122,
    0.8799815603780122,
    0.8700184426229508,
    0.8700089015196094,
    0.8799945741916688,
    0.8799799647957927,
    0.8799699753343676,
    0.8700300060955974,
    0.8700300060955974,
    0.8700300060955974,
    0.8799506107608585,
    0.8799158839741993,
    0.879955918173234,
    0.8700060371540326,
    0.870006722767193,
    0.8700840336134453,
    0.8700067293774807,
    0.8700300065083649,
    0.8700468018720748,
    0.8799531733160906,
    0.8700300443868371,
    0.8700067946500755,
    0.8700067946500755,
    0.8700067946500755,
    0.8799932880496685,
    0.8799932880496685,
    0.8799932880496685,
    0.8799932064320657,
    0.8799932803706392,
    0.8799999647998255,
    0.8700060797203328,
    0.8700060797203328,
    0.8700060797203328,
    0.8700060072985916,
    0.88,
    0.88,
    0.88,
    0.8799999201649392,
    0.8799996127997831,
    0.8799960750240565,
    0.8799939916713301,
    0.8700060067253049,
    0.8700305533211556,
    0.8700299900033323,
    0.8799995071992903,
    0.8799984488157678,
    0.8799700493364058,
    0.8799700498369342,
    0.8799904972758867,
    0.870030603817284,
    0.8701001112347052,
    0.8700312635180306,
    0.870030603817284,
    0.8799939920396526,
    0.8799524865277167,
    0.8798908454914972,
    0.8701165803108808,
    0.8700060292918216,
    0.879883256739266,
    0.8700061006197986,
    0.8799939746188584,
    0.8799939808231136,
    0.8799939913968208,
    0.87,
    0.87,
    0.870006,
    0.879962289598921,
    0.879962289598921,
    0.8799854682383209,
    0.8794201517194935,
    0.8600076315894205,
    0.8600076315894205,
    0.8600076315894205,
    0.8699924400604795,
    0.8699924400604795,
    0.8699924400604795,
    0.8600267777447188,
    0.8600061553180073,
    0.8699879233493993,
    0.8600062317270504,
    0.8600062317270504,
    0.8600062317270504,
    0.8699939930366425,
    0.8699939930366425,
    0.8699939930366425,
    0.8699939927719357,
    0.8699999912999827,
    0.8600060166238319,
    0.8699905208421401,
    0.86,
    0.86,
    0.8699474463959328,
    0.8600000298130548,
    0.8601140684410646,
    0.8600974025974026,
    0.860006012113743,
    0.8601734104046243,
    0.8698838518007788,
    0.8699828370118334,
    0.8600060083272094,
    0.8600060237850862,
    0.8699438200250945,
    0.860024374027207,
    0.8600060202828074,
    0.879993570587758,
    0.8799939691039778,
    0.8699999835283798,
    0.86,
    0.8799939899832043,
    0.8747894849281671,
    0.8501567944250871,
    0.8603957915831664,
    0.8500000105695212,
    0.8698713936708933,
    0.850000001125,
    0.8500000045,
    0.85,
    0.850000117986397,
    0.8500000045,
    0.85,
    0.86,
    0.86,
    0.86,
    0.86,
    0.8600000138711006,
    0.86,
    0.86,
    0.8698714125367775,
    0.8601284907641914,
    0.869994,
    0.8600060171501028,
    0.8600060088514226,
    0.8600060032420155,
    0.8601125,
    0.8698875,
    0.860006,
    0.8691295666361647,
    0.86,
    0.850006,
    0.8599953846153846,
    0.85,
    0.8501351351351352,
    0.85,
    0.8500067289719626,
    0.8500554123231119,
    0.86,
    0.86,
    0.8599690404191394,
    0.8500555095058904,
    0.86,
    0.8599433258750717,
    0.8599227611969177,
    0.8599149045068416,
    0.85009,
    0.8500558482934447,
    0.8500554595243436,
    0.8500060455874194,
    0.8502178606719966,
    0.8500061727887013,
    0.850217865073792,
    0.8599999139995786,
    0.8599999139995786,
    0.86,
    0.84,
    0.83997671,
    0.84,
    0.84,
    0.84,
    0.8301246105178113,
    0.8399196230035308,
    0.8399721210562041,
    0.8399073149674411,
    0.839955063379075,
    0.8399749132066779,
    0.8300756826673794,
    0.839961103077349,
    0.8300275760768281,
    0.83,
    0.8300277089106023,
    0.8300000027312691,
    0.83,
    0.8300071033938438,
    0.8300509626274065,
    0.83,
    0.8300914638803464,
    0.8399490553844206,
    0.8399706615732663,
    0.8301512605042016,
    0.8301201602136181,
    0.8300915611076434,
    0.83992129935851,
    0.8398486250783161,
    0.8398796686638461,
    0.8302508817424324,
    0.8302508520749246,
    0.8200060236935487,
    0.8299918333680415,
    0.83,
    0.830006,
    0.8299940554821664,
    0.8299982,
    0.8200417022268558,
    0.8500067813583313,
    0.8500524272470812,
    0.8599258047305127,
    0.8598799944279442,
    0.8500792766496675,
    0.8500065046236068,
    0.8501202537036725,
    0.8500791600211094,
    0.8599928792447183,
    0.8599224349575844,
    0.8500060422174217,
    0.8599939955213228,
    0.85,
    0.85,
    0.8500635740697972,
    0.8400865807511341,
    0.8400865882584461,
    0.8402264647955888,
    0.8599999139995786,
    0.8402264354717007,
    0.84,
    0.83,
    0.82,
    0.83,
    0.8699999912999827,
    0.8699999912999827,
    0.8699999912999827,
    0.869999998259999,
    0.83,
    0.8200000193558799,
    0.8403227957002901,
    0.8403228427099659,
    0.8499736668690296,
    0.8399407006792062,
    0.8499736668843466,
    0.8399407007403641,
    0.8300848456390878,
    0.839940700748985,
    0.82,
    0.8599430641601882,
    0.84,
    0.8501012960263536,
    0.8499028339826765,
    0.84,
    0.8499028329390078,
    0.84,
    0.8499028334270856,
    0.869999998259999,
    0.8699999419997332,
    0.869999999768,
    0.8699800588898909,
    0.8699800595179854,
    0.8699800597095687,
    0.8699668543813536,
    0.8699693872448914,
    0.8699693861327814,
    0.8699693873737356,
    0.8100184783426269,
    0.8203261601292808,
    0.8100184203285345,
    0.82,
    0.8402330713892461,
    0.8302814862404573,
    0.8302814345991562,
    0.8302815090183742,
    0.82,
    0.860320490435976,
    0.8603204787107396,
    0.8699999912999827,
    0.8399669111708132,
    0.8499643281176223,
    0.8399669114350095,
    0.8499643281137425,
    0.8401314763545191,
    0.8400243870997428,
    0.85,
    0.8403230919510414,
    0.84,
    0.8402143146301526,
    0.840214323417462,
    0.8699999988817474,
    0.8699999914891259,
    0.8753823511710992,
    0.8699999906852229,
    0.8699999917924451,
    0.8599449991911646,
    0.8599450044881632,
    0.8599450044952389,
    0.87,
    0.88,
    0.7800000144656098,
    0.81,
    0.88,
    0.8799999966571697,
    0.8799999910659854,
    0.88,
    0.8799999970617689,
    0.8799999932046267,
    0.8799999937142824,
    0.8734082260395378,
    0.87311603105494,
    0.84,
    0.84,
    0.8302586185274392,
    0.8715248629819362,
    0.8302587155744577,
    0.84,
    0.8100217833739974,
    0.8571750449577072,
    0.8399131010291626,
    0.83,
    0.8599869152412459,
    0.8599869152650904,
    0.8,
    0.8752,
    0.8599900744170581,
    0.8599552013787279,
    0.8499925345278089,
    0.79,
    0.8599552010117606,
    0.8599552013405813,
    0.8799999950070887,
    0.79,
    0.78,
    0.78,
    0.81,
    0.8001934612499518,
    0.8001935747482238,
    0.859993591767922,
    0.8599935917567898,
    0.8656716404989975,
    0.8000097142866551,
    0.869999998259999,
    0.75,
    0.87,
    0.8899999809284901,
    0.6500001225000797,
    0.75,
    0.61,
    0.76,
    0.88,
    0.8903831367170909,
    0.9,
    0.9,
    0.9,
    0.9,
    0.91,
    0.91,
    0.88,
    0.5600001936001084,
    0.5500002025001114
]
