[
    0.001,
    0.001,
    0.001,
    0.001,
    0.001,
    0.006237291518530993,
    0.002,
    0.002,
    0.002,
    0.002,
    0.002,
    0.002,
    0.003,
    0.01,
    0.01,
    0.01,
    0.02,
    0.01,
    0.01,
    0.01,
    0.02810984574285989,
    0.003,
    0.003000000017303034,
    0.01,
    0.02999999711999999,
    0.01,
    0.01,
    0.02,
    0.01,
    0.02,
    0.01,
    0.01,
    0.01,
    0.01,
    0.02,
    0.02,
    0.02,
    0.02,
    0.02999999897142857,
    0.02,
    0.03,
    0.04,
    0.04,
    0.05,
    0.05,
    0.08999999189999992,
    0.05,
    0.08,
    0.08000000147200005,
    0.13,
    0.11,
    0.11,
    0.17,
    0.2,
    0.2,
    0.17,
    0.17000000298292914,
    0.25,
    0.29,
    0.29,
    0.21,
    0.19898420136759482,
    0.21,
    0.21,
    0.21,
    0.21,
    0.21,
    0.23,
    0.23,
    0.25,
    0.30999998356999925,
    0.25,
    0.25,
    0.26,
    0.24,
    0.24,
    0.24,
    0.25,
    0.1800000015891479,
    0.19,
    0.2,
    0.15,
    0.15,
    0.15,
    0.16,
    0.2,
    0.2,
    0.2,
    0.2,
    0.21,
    0.2299999455666614,
    0.2,
    0.2,
    0.2,
    0.2,
    0.2,
    0.2,
    0.2,
    0.2,
    0.16,
    0.18,
    0.18000000061312998,
    0.16,
    0.12000001173336056,
    0.12,
    0.05,
    0.1,
    0.11,
    0.07,
    0.06,
    0.07,
    0.07,
    0.06000000008920946,
    0.07,
    0.07,
    0.05,
    0.07,
    0.1,
    0.1,
    0.1,
    0.094028,
    0.1,
    0.08,
    0.08,
    0.0899999189999919,
    0.08,
    0.08,
    0.1,
    0.08,
    0.1199999519999952,
    0.11999989919998387,
    0.08000000066498025,
    0.10204081632653061,
    0.1,
    0.09,
    0.09,
    0.08,
    0.11,
    0.08,
    0.1,
    0.1,
    0.15,
    0.15,
    0.15,
    0.15,
    0.15,
    0.16,
    0.18,
    0.18,
    0.18,
    0.17,
    0.17,
    0.20999986769995105,
    0.16,
    0.19,
    0.17,
    0.19,
    0.16,
    0.16,
    0.21,
    0.21,
    0.2,
    0.19000004455008665,
    0.17,
    0.18,
    0.17,
    0.17,
    0.17000009130017255,
    0.18,
    0.19,
    0.18,
    0.17,
    0.18,
    0.17,
    0.2,
    0.2,
    0.2,
    0.2,
    0.2,
    0.2,
    0.2,
    0.21,
    0.21,
    0.21,
    0.21,
    0.21,
    0.21,
    0.21,
    0.21,
    0.21,
    0.22999996917999796,
    0.20999989359998297,
    0.2,
    0.2,
    0.2,
    0.2,
    0.21,
    0.21,
    0.20999998517084217,
    0.21,
    0.19,
    0.18999995693332875,
    0.19,
    0.19,
    0.2,
    0.2,
    0.2,
    0.2,
    0.18,
    0.18,
    0.18,
    0.18,
    0.1799999830285706,
    0.18,
    0.18,
    0.18,
    0.18,
    0.16,
    0.16,
    0.16,
    0.16,
    0.13,
    0.13,
    0.13,
    0.13,
    0.15,
    0.16,
    0.16,
    0.16,
    0.16,
    0.16,
    0.15384615384615385,
    0.1698113196012816,
    0.13,
    0.17,
    0.17,
    0.16,
    0.14,
    0.13999997008218998,
    0.1500000001731937,
    0.14000000137600016,
    0.18999998802999957,
    0.149999939999994,
    0.2,
    0.2,
    0.2,
    0.22999998688999942,
    0.2,
    0.2,
    0.2,
    0.2,
    0.2,
    0.2,
    0.21,
    0.21999991639998998,
    0.22,
    0.22439016892324753,
    0.18,
    0.18000000168082003,
    0.22999982749995687,
    0.22999999753272726,
    0.2100000057399626,
    0.23,
    0.26,
    0.25,
    0.25,
    0.25,
    0.28,
    0.28,
    0.26237113402061857,
    0.25,
    0.25,
    0.24,
    0.23000000931451678,
    0.24,
    0.25,
    0.25,
    0.25,
    0.24,
    0.22,
    0.2,
    0.2,
    0.2,
    0.19,
    0.18,
    0.16,
    0.15,
    0.1417584446303401,
    0.13999994259999485,
    0.1,
    0.11,
    0.13,
    0.13,
    0.13,
    0.13,
    0.14999988749997187,
    0.14999997187499825,
    0.130000000087,
    0.13,
    0.15,
    0.13,
    0.14930027537142773,
    0.13000000174000104,
    0.13,
    0.14,
    0.13,
    0.13,
    0.13,
    0.14,
    0.13000000107746004,
    0.14,
    0.14,
    0.13,
    0.13,
    0.13,
    0.13,
    0.14999997599999904,
    0.13000001153409949,
    0.13,
    0.1499999994,
    0.130000000087,
    0.130000000087,
    0.15,
    0.13,
    0.13000000047850002,
    0.12,
    0.11,
    0.11,
    0.11,
    0.11000000014833333,
    0.11,
    0.11,
    0.11000000044500002,
    0.1,
    0.16,
    0.16,
    0.15,
    0.13,
    0.13,
    0.15,
    0.15,
    0.08,
    0.1,
    0.16999992456248633,
    0.15,
    0.10993620713119216,
    0.08,
    0.06,
    0.08,
    0.08,
    0.08,
    0.10694444180478394,
    0.05,
    0.11,
    0.12,
    0.12,
    0.09,
    0.08,
    0.08,
    0.08,
    0.08,
    0.05,
    0.05,
    0.08,
    0.06,
    0.07,
    0.07,
    0.0899999189999919,
    0.08,
    0.0700000010954064,
    0.07000000015148376,
    0.08,
    0.08,
    0.08,
    0.08,
    0.0899999599499978,
    0.09,
    0.1,
    0.1199999519999952,
    0.08,
    0.1,
    0.1099999456470537,
    0.12,
    0.08,
    0.08,
    0.1,
    0.1,
    0.1,
    0.07000000048173427,
    0.11,
    0.16,
    0.14999988749997187,
    0.14999999739865597,
    0.13,
    0.16999988609996242,
    0.13,
    0.13,
    0.13999997871999897,
    0.09000000158709413,
    0.14,
    0.14,
    0.14150943166607333,
    0.22374132647670036,
    0.13,
    0.17999999087999985,
    0.15,
    0.13999994259999485,
    0.16,
    0.15,
    0.15,
    0.15,
    0.16,
    0.16,
    0.16,
    0.15,
    0.15,
    0.15,
    0.15,
    0.15,
    0.15,
    0.1485,
    0.15,
    0.15,
    0.15,
    0.13,
    0.14999999819999998,
    0.13,
    0.14,
    0.15,
    0.15,
    0.12,
    0.12,
    0.1200000001408,
    0.1499999932594367,
    0.1,
    0.09,
    0.12,
    0.14999999718749998,
    0.10999999130999982,
    0.1,
    0.1,
    0.1,
    0.12,
    0.1,
    0.09,
    0.09,
    0.08,
    0.08,
    0.07,
    0.08,
    0.08,
    0.08,
    0.08,
    0.08,
    0.07000000000989667,
    0.08,
    0.08000900000632113,
    0.1,
    0.08999415687906404,
    0.08999993839182117,
    0.08,
    0.08,
    0.08,
    0.08,
    0.08,
    0.08000000007244082,
    0.080009,
    0.07,
    0.07,
    0.07,
    0.08,
    0.07000000007900088,
    0.07,
    0.08,
    0.07,
    0.08,
    0.07,
    0.07,
    0.08,
    0.08000000282911701,
    0.08,
    0.08000000049066668,
    0.09,
    0.09,
    0.09,
    0.09,
    0.09,
    0.09,
    0.09,
    0.09,
    0.09,
    0.09,
    0.09,
    0.09,
    0.09000000198473304,
    0.09,
    0.09000000000333802,
    0.09000000143194448,
    0.1,
    0.09,
    0.1,
    0.09,
    0.09,
    0.1,
    0.1,
    0.09,
    0.1,
    0.09,
    0.1,
    0.09,
    0.09,
    0.09000000004142712,
    0.09,
    0.09,
    0.0900000022290277,
    0.09,
    0.09000000095113668,
    0.09,
    0.09000000302954703,
    0.1,
    0.09,
    0.10000900090344325,
    0.1,
    0.1,
    0.1,
    0.1,
    0.1,
    0.1,
    0.09999895668287921,
    0.1,
    0.09999199352365024,
    0.09,
    0.0900000025790025,
    0.09000900195411128,
    0.09000900109841299,
    0.09999287789483387,
    0.09,
    0.09001169896230204,
    0.09,
    0.09000900000234172,
    0.09,
    0.09,
    0.09000900547073631,
    0.09001412333546964,
    0.09998586164523526,
    0.09000900138023674,
    0.09,
    0.08998198359927935,
    0.08001505654293602,
    0.08000900119307794,
    0.09174311926605505,
    0.08999992576946286,
    0.0899909208069206,
    0.08999520260452264,
    0.08,
    0.08,
    0.08000000070041884,
    0.08,
    0.08,
    0.08,
    0.08000001559325311,
    0.08000000054117652,
    0.08,
    0.08,
    0.08000001840000884,
    0.08,
    0.08,
    0.08000000069433973,
    0.08000900230143192,
    0.08,
    0.08,
    0.08000900145623098,
    0.0899995898361599,
    0.07,
    0.08,
    0.08,
    0.07000001860008333,
    0.08000000060327879,
    0.08014084507042253,
    0.08,
    0.08,
    0.07000000062569385,
    0.07,
    0.08000000195819863,
    0.08000920009653745,
    0.08000919990977695,
    0.08,
    0.080009,
    0.07999962479708952,
    0.07999098594168311,
    0.07000900233986437,
    0.08,
    0.08,
    0.08,
    0.08,
    0.08,
    0.08,
    0.07999158966931047,
    0.07000000021897815,
    0.07004047081548417,
    0.07,
    0.07004046888731484,
    0.07000000930010221,
    0.08,
    0.08995838210389537,
    0.07000002618781376,
    0.08004287949296968,
    0.08001619950657282,
    0.08,
    0.08001970340453257,
    0.08001620270300028,
    0.08001971839192373,
    0.0800202529312171,
    0.08001621467588708,
    0.08997967357141379,
    0.08999099577716528,
    0.08999098470134956,
    0.08000000525714883,
    0.09,
    0.09,
    0.08000900303279662,
    0.08000901592967574,
    0.08,
    0.07999164239907273,
    0.07999098277469033,
    0.07000900033828619,
    0.07999412481979022,
    0.07001494884176183,
    0.07010067180695766,
    0.07000900126039773,
    0.07010067120334913,
    0.07001494827848141,
    0.07999098372712603,
    0.07000900233986437,
    0.07000900045354819,
    0.07999485831809872,
    0.07,
    0.0700000014191932,
    0.07000000105283029,
    0.07,
    0.07000000217082654,
    0.07,
    0.07000000062000002,
    0.08000900207674755,
    0.07,
    0.07,
    0.07000000489726277,
    0.07,
    0.07,
    0.08,
    0.08,
    0.07,
    0.08,
    0.07,
    0.07,
    0.08,
    0.08000901592967574,
    0.08000901592967574,
    0.08000900943796774,
    0.0800270033347648,
    0.0800270105420232,
    0.0800270105420232,
    0.0899910026995501,
    0.08000901592967574,
    0.08000900092017849,
    0.08997459015825353,
    0.08000000071042485,
    0.08000000070769234,
    0.08000000074559592,
    0.08007778738115817,
    0.08990736477330011,
    0.08,
    0.08000001840000884,
    0.08000900248362344,
    0.08000000109974896,
    0.08000900329718182,
    0.08001480591643553,
    0.08001486697461667,
    0.08002664488251464,
    0.08002671605088194,
    0.08016576055963198,
    0.08001480674177376,
    0.08016579174665432,
    0.08001480808461069,
    0.08999594617739973,
    0.08000900032122071,
    0.08000901592967574,
    0.0899846871242914,
    0.08,
    0.08001369246643994,
    0.08,
    0.08001376311797181,
    0.08001376311797181,
    0.08001371078552118,
    0.08001369248758532,
    0.080009,
    0.0899909208069206,
    0.08,
    0.07001978329221144,
    0.08,
    0.0899801350657166,
    0.08000001226669512,
    0.08000001226669512,
    0.08,
    0.08000001840000884,
    0.07001713665947415,
    0.08,
    0.08,
    0.07001581761620274,
    0.07001582370449523,
    0.08,
    0.07001582370449523,
    0.07016729865620701,
    0.07001766550070207,
    0.0700090127093481,
    0.07016731476264067,
    0.07001767282306687,
    0.07001771623337069,
    0.08,
    0.07001771623337069,
    0.07000900189108034,
    0.07,
    0.070009,
    0.07,
    0.07,
    0.07,
    0.08,
    0.07000000930010221,
    0.07000001860008333,
    0.07,
    0.07000000041750852,
    0.07,
    0.07,
    0.07,
    0.07,
    0.07999937306091319,
    0.07,
    0.07,
    0.07000000070543634,
    0.07,
    0.07,
    0.07,
    0.0799806742521058,
    0.07000000697500693,
    0.07,
    0.07,
    0.07,
    0.06000900195922977,
    0.07852500331608966,
    0.06,
    0.06,
    0.06,
    0.060009,
    0.06,
    0.06999984489764968,
    0.06000900094560496,
    0.06,
    0.060009000900635524,
    0.06999744202675051,
    0.06,
    0.060000003760011265,
    0.06,
    0.06000000037600005,
    0.06,
    0.06000000093882684,
    0.060030436304423916,
    0.06,
    0.0699910026058969,
    0.06000000009399531,
    0.06,
    0.06,
    0.06,
    0.06000900090009001,
    0.06,
    0.06998496246958033,
    0.06006293706293706,
    0.06,
    0.06997901609223459,
    0.0600000004452867,
    0.06000000106214713,
    0.06,
    0.06000000040736738,
    0.06000000189899114,
    0.06,
    0.06002097591835657,
    0.06002097533818597,
    0.0600209742150219,
    0.06997304497462986,
    0.06000000108326178,
    0.0600113107988866,
    0.06000001336645541,
    0.06000900147528265,
    0.06001135517638123,
    0.0600113081921373,
    0.060011314405580655,
    0.060044055180824916,
    0.06004405765017594,
    0.06001130803111172,
    0.060018303864277846,
    0.06001808376031101,
    0.060009001813570946,
    0.0600183268941543,
    0.060018032814506475,
    0.060141065830721006,
    0.06001803512965021,
    0.06998196914564962,
    0.060009001047684724,
    0.0699999966842105,
    0.06000900882713651,
    0.0699960685708193,
    0.06999093616470284,
    0.06000904285769343,
    0.060009005181269226,
    0.06999689189206497,
    0.06000000037600005,
    0.06,
    0.06000000105945345,
    0.06,
    0.060000037600487305,
    0.06000000031035909,
    0.060015742812627955,
    0.06,
    0.06001576621564893,
    0.06996743732144853,
    0.06009,
    0.060000000825813,
    0.06016544117647059,
    0.06000000024175821,
    0.06001735295062797,
    0.060021082220660577,
    0.06,
    0.060009000626751414,
    0.06001734860628299,
    0.06001735650815145,
    0.0600090005550323,
    0.06999370056694898,
    0.060009001517940364,
    0.060016735222843044,
    0.06,
    0.06999993629999426,
    0.0699981981399964,
    0.060030812670500214,
    0.060009001566050976,
    0.06003677973028198,
    0.060030801583334126,
    0.06998738980955685,
    0.06000900146147093,
    0.06999903225806452,
    0.06,
    0.06001499003471352,
    0.06998852293091946,
    0.06001499063275281,
    0.06996730976579453,
    0.06001846308890006,
    0.06,
    0.06001848023996112,
    0.06001845513458179,
    0.06001473527202341,
    0.0600202565833896,
    0.06001013837526788,
    0.06000000018967417,
    0.06001473341025537,
    0.06013120232180061,
    0.060131225134472395,
    0.06001474981562731,
    0.06001474054662162,
    0.060014748479209956,
    0.06999993629999426,
    0.06999668861070035,
    0.06001477668592398,
    0.06998520021491077,
    0.06998520021491077,
    0.060010189540493086,
    0.06997819329024597,
    0.06007778738115817,
    0.06002135126638083,
    0.06001014690960427,
    0.06002042669087608,
    0.06996012098203722,
    0.060021356635126775,
    0.06002135856673051,
    0.06002133842638791,
    0.06012096774193548,
    0.060048234943759014,
    0.06014246057716748,
    0.06014240762113859,
    0.06004823861382602,
    0.06004823169115604,
    0.06004823861382602,
    0.06004823861382602,
    0.06998994569989946,
    0.06004823247425958,
    0.06993454919214195,
    0.06001016133588197,
    0.06001014676758494,
    0.0600101377920654,
    0.060080215807813614,
    0.06997843518244573,
    0.06000000017281972,
    0.060010502207924046,
    0.060023207932148236,
    0.060023216118790135,
    0.06002323625658141,
    0.06998945392203805,
    0.06006293706293706,
    0.06001050372169131,
    0.06999684709686015,
    0.0699774819468436,
    0.06996845818750726,
    0.0600314912713559,
    0.060000000007834946,
    0.06001260509429033,
    0.06006289455410255,
    0.06001260554989553,
    0.0600629811056683,
    0.06998402348596831,
    0.06993699859055826,
    0.060061645237372153,
    0.06000005276237409,
    0.06993825075727465,
    0.06006166051001513,
    0.06994000518927411,
    0.06000000051520986,
    0.060000037600487305,
    0.0600000001876198,
    0.06005996045540639,
    0.06006000642926028,
    0.06005996832394174,
    0.06005996832394174,
    0.06005998102564295,
    0.06993794265839236,
    0.060000037600487305,
    0.06000000083359355,
    0.0600628529669745,
    0.06006285071545169,
    0.060062863744482234,
    0.06006285071545169,
    0.06995795872266433,
    0.060000002797620286,
    0.06004197990315226,
    0.060000000968179194,
    0.060041989186147206,
    0.060041997533537866,
    0.060041997533537866,
    0.060041986689623184,
    0.06995047037059318,
    0.0600521436848204,
    0.06,
    0.06001517514914391,
    0.06003839590443686,
    0.06005217391304348,
    0.06001518060640989,
    0.06001536901767437,
    0.060015389333878046,
    0.060015388849894546,
    0.060023407202216064,
    0.06002745734621279,
    0.06001537200234485,
    0.06002174214155897,
    0.06997623448640085,
    0.06002747235531581,
    0.06002340930181694,
    0.060056998769600356,
    0.06006000036144796,
    0.06005719305794607,
    0.060060010731846206,
    0.06999993629999426,
    0.06999014257846183,
    0.06997640044714942,
    0.06994300694079429,
    0.06006000021994629,
    0.06006001866105373,
    0.06996707635273819,
    0.06002340710288396,
    0.0699447473222828,
    0.06002172352661132,
    0.060042302359018494,
    0.06005625,
    0.060009001883863586,
    0.06007407407407407,
    0.06992854274785043,
    0.06005625003877271,
    0.060056251435576614,
    0.06004229323484495,
    0.0699576759943568,
    0.060009004893372755,
    0.06004774535809019,
    0.06999994046728471,
    0.06999923725331127,
    0.06995219392334477,
    0.06000904285769343,
    0.060141065830721006,
    0.06007053380732638,
    0.06000900001769778,
    0.06999099195807387,
    0.06007053985434095,
    0.06993822939816587,
    0.060070551809899245,
    0.060009005123554685,
    0.06999993629999426,
    0.07,
    0.06000904285769343,
    0.06999357228935679,
    0.06999093616470284,
    0.06999093928280005,
    0.0699991,
    0.06,
    0.06,
    0.060000037600487305,
    0.06,
    0.060000037600487305,
    0.06,
    0.060000037600487305,
    0.06000000037600005,
    0.060000037600487305,
    0.060000037600487305,
    0.060000003760011265,
    0.06000000940000696,
    0.06,
    0.07,
    0.060009,
    0.06,
    0.06,
    0.06,
    0.06,
    0.06002129678074646,
    0.06,
    0.06001070791410055,
    0.06,
    0.06,
    0.06,
    0.06,
    0.06,
    0.0600212999211026,
    0.06002130621416326,
    0.0699999084718366,
    0.06997866255851211,
    0.06996648254983101,
    0.06001070801927443,
    0.060010715897127385,
    0.06001070801927443,
    0.06001070792306297,
    0.06016917293233083,
    0.06,
    0.06,
    0.06,
    0.06,
    0.06,
    0.06,
    0.060009000000794635,
    0.06,
    0.060084666349599504,
    0.06008467512565733,
    0.06010575793184489,
    0.06000902659746588,
    0.06998738980955685,
    0.06999969971333313,
    0.060009005181269226,
    0.060009005181269226,
    0.060009005181269226,
    0.060009005181269226,
    0.06001691411388837,
    0.060012089356750835,
    0.06997479703740145,
    0.060147062500010215,
    0.060012088834752654,
    0.06003522516345708,
    0.060168864087602004,
    0.060035233742691554,
    0.06999999390999992,
    0.06016889018378673,
    0.06999993629999426,
    0.06999994019416779,
    0.06999993629999426,
    0.06993994265865902,
    0.060169507992695694,
    0.06003658739397971,
    0.06016954727869099,
    0.06999994166666126,
    0.06998996468649364,
    0.06016950825126243,
    0.06003524259993132,
    0.06003522996765573,
    0.06006494065111871,
    0.06001024865523834,
    0.07,
    0.07,
    0.06006496863421117,
    0.06999994144230037,
    0.06006496863421117,
    0.069999998726,
    0.06006494040549921,
    0.07,
    0.07,
    0.06999549569995496,
    0.069994,
    0.06001025237421866,
    0.06998440166504385,
    0.06000000188000263,
    0.06996851416862412,
    0.06000000238882042,
    0.06,
    0.0600314912713559,
    0.06996785919828898,
    0.06,
    0.06,
    0.06000000001721394,
    0.06,
    0.06,
    0.06,
    0.06,
    0.06,
    0.06000000001930257,
    0.06003314992867583,
    0.06008050788055995,
    0.060080434588903456,
    0.060033162195848706,
    0.060033162195848706,
    0.060033162195848706,
    0.060033158329991745,
    0.060033158329991745,
    0.06999096674005408,
    0.06000000094000056,
    0.06,
    0.060000037600487305,
    0.06999993629999426,
    0.07,
    0.060000037600487305,
    0.0600000036119123,
    0.06999998739999974,
    0.06999993629999426,
    0.07,
    0.07,
    0.07,
    0.07,
    0.07,
    0.07,
    0.07,
    0.07002517482517483,
    0.0700090011360804,
    0.07,
    0.07001400344484743,
    0.07000900159988944,
    0.08,
    0.08,
    0.07000900233986437,
    0.08,
    0.08,
    0.07000900233986437,
    0.07999417988990291,
    0.079998198,
    0.07000000027823779,
    0.07001101186834699,
    0.07007194244604316,
    0.07992285518611535,
    0.07000901313706835,
    0.0701676075445276,
    0.07000900477969897,
    0.07,
    0.070009,
    0.07,
    0.07999756034106813,
    0.07999095355039551,
    0.07000001116000433,
    0.07335548172757475,
    0.060000037600487305,
    0.06000000346225442,
    0.06000000346225442,
    0.07,
    0.07,
    0.07,
    0.07,
    0.07,
    0.08,
    0.08,
    0.07,
    0.07000004227310966,
    0.07,
    0.07000000490334606,
    0.07000001004321596,
    0.07000001094119436,
    0.07000003184946668,
    0.07000000254445998,
    0.07000000360465534,
    0.07000000447115812,
    0.07000000644937851,
    0.07000001116000433,
    0.07000001197427447,
    0.07,
    0.07000000224096817,
    0.07000001116000433,
    0.07000000697500693,
    0.07000000515236311,
    0.07,
    0.07000003316122656,
    0.07,
    0.07000000719537308,
    0.07000001878791637,
    0.07000000682986865,
    0.07,
    0.07000000159246902,
    0.07000000054705921,
    0.07000000170329981,
    0.07000000465000138,
    0.07000001116000433,
    0.07000000074400017,
    0.07,
    0.07,
    0.07,
    0.07,
    0.08,
    0.06000000002352123,
    0.08,
    0.08,
    0.08000000033454548,
    0.08000000334545727,
    0.08,
    0.08,
    0.08,
    0.08,
    0.08000000032280703,
    0.08,
    0.08,
    0.08000000216162911,
    0.09,
    0.09000000015826087,
    0.08,
    0.08000000034716982,
    0.08000000036078432,
    0.08,
    0.08000000034392526,
    0.1099999684666652,
    0.05,
    0.05,
    0.06,
    0.06,
    0.10999990319998838,
    0.06,
    0.06000000144615429,
    0.060000003418185226,
    0.06000000268571447,
    0.060000005013337986,
    0.11999993142856163,
    0.060000037600487305,
    0.06000001457372227,
    0.11999989919998387,
    0.06,
    0.06,
    0.06000001287678271,
    0.06,
    0.06,
    0.06,
    0.05,
    0.05,
    0.05,
    0.05,
    0.05,
    0.05,
    0.05,
    0.05,
    0.05
]
