[
    0.001,
    0.001,
    0.001,
    0.002,
    0.002,
    0.002,
    0.002,
    0.002,
    0.003,
    0.0030000000129371406,
    0.004,
    0.004,
    0.005,
    0.005,
    0.006,
    0.01,
    0.005,
    0.006,
    0.01,
    0.01,
    0.01,
    0.01,
    0.01,
    0.01,
    0.05,
    0.05,
    0.04,
    0.05,
    0.04,
    0.043,
    0.05,
    0.04,
    0.04,
    0.05,
    0.05,
    0.05,
    0.03,
    0.02,
    0.01,
    0.029999971199998848,
    0.01,
    0.01,
    0.01,
    0.01,
    0.01,
    0.02,
    0.01,
    0.01,
    0.01,
    0.02,
    0.02,
    0.02,
    0.02,
    0.029999994299999944,
    0.02,
    0.03,
    0.02,
    0.03,
    0.03,
    0.04,
    0.030000001940002324,
    0.04,
    0.04,
    0.05,
    0.05,
    0.05,
    0.05,
    0.05,
    0.05,
    0.08000000038534036,
    0.08,
    0.06,
    0.08,
    0.07,
    0.060000000012249165,
    0.07000000005344725,
    0.07,
    0.05,
    0.05,
    0.04,
    0.04,
    0.049666666666666665,
    0.05,
    0.05,
    0.05,
    0.05,
    0.05,
    0.05,
    0.06,
    0.06,
    0.06,
    0.07,
    0.07,
    0.07,
    0.07,
    0.07,
    0.07,
    0.08,
    0.08,
    0.08,
    0.08,
    0.07000000001131063,
    0.07,
    0.08,
    0.08,
    0.06,
    0.06,
    0.06,
    0.06,
    0.06000000124709792,
    0.07,
    0.07,
    0.07,
    0.08,
    0.07000000039613807,
    0.07,
    0.08,
    0.06,
    0.07,
    0.07,
    0.07,
    0.06,
    0.06,
    0.07,
    0.07,
    0.07,
    0.07,
    0.07,
    0.06,
    0.07,
    0.07,
    0.07,
    0.08,
    0.1,
    0.1,
    0.1,
    0.1,
    0.1,
    0.12,
    0.12,
    0.12,
    0.12,
    0.12,
    0.12000001408000541,
    0.12,
    0.12,
    0.12,
    0.13,
    0.12,
    0.12,
    0.12,
    0.13,
    0.12999989859997768,
    0.13,
    0.130000000087,
    0.1300000005178914,
    0.13,
    0.13000000118928012,
    0.1300000000696,
    0.13,
    0.13,
    0.12,
    0.13,
    0.12,
    0.13,
    0.13,
    0.14,
    0.13999997871999897,
    0.12,
    0.12000000003069304,
    0.13,
    0.13,
    0.13,
    0.169999998623,
    0.21,
    0.16,
    0.16,
    0.22,
    0.19894999894999896,
    0.19963537644067741,
    0.19,
    0.19,
    0.17107700098110581,
    0.16,
    0.17,
    0.2,
    0.2,
    0.2,
    0.2,
    0.2,
    0.22,
    0.23,
    0.23,
    0.22999998688999942,
    0.24,
    0.21,
    0.21,
    0.2100000000470991,
    0.22,
    0.29,
    0.25,
    0.26,
    0.25,
    0.26,
    0.26,
    0.25,
    0.25,
    0.25,
    0.25,
    0.25,
    0.24,
    0.2402554,
    0.22,
    0.25,
    0.24,
    0.25,
    0.25,
    0.29806450638917764,
    0.26,
    0.27,
    0.26,
    0.28,
    0.3,
    0.3,
    0.3,
    0.3,
    0.28000003456001216,
    0.2800000088615397,
    0.29,
    0.29000003081597625,
    0.289999947799992,
    0.26,
    0.27,
    0.25,
    0.27,
    0.2941855693152684,
    0.29,
    0.29,
    0.26999998397802116,
    0.26,
    0.26,
    0.27999999159999983,
    0.26000000290512554,
    0.27,
    0.26000000020207215,
    0.28,
    0.28,
    0.28,
    0.279999843199931,
    0.26000000407000007,
    0.279999843199931,
    0.26000000011384616,
    0.26,
    0.29883454347578264,
    0.27,
    0.27000000058400003,
    0.27,
    0.27000001460000134,
    0.2700000051920352,
    0.289999998115,
    0.28999999586749997,
    0.2318999918999919,
    0.2,
    0.2,
    0.26,
    0.24,
    0.2810363516893272,
    0.2745098021453287,
    0.31885192287655467,
    0.26,
    0.24,
    0.23,
    0.22,
    0.22,
    0.22,
    0.22,
    0.21,
    0.21,
    0.20999999843666667,
    0.20999999659333332,
    0.2,
    0.1900000007174491,
    0.19,
    0.19,
    0.19,
    0.19,
    0.2,
    0.19,
    0.19,
    0.19,
    0.19,
    0.18999999784666666,
    0.18999998802999957,
    0.19,
    0.19,
    0.19,
    0.2,
    0.19,
    0.17000000232400023,
    0.18,
    0.18,
    0.17000000001506496,
    0.18,
    0.17,
    0.17000000265600052,
    0.1600000005597202,
    0.16,
    0.14,
    0.13969824,
    0.14,
    0.14,
    0.14000000014333333,
    0.15,
    0.16,
    0.16,
    0.1899999939199999,
    0.16,
    0.19,
    0.16,
    0.16,
    0.16,
    0.16,
    0.2,
    0.25,
    0.24,
    0.23,
    0.2,
    0.2,
    0.215,
    0.2,
    0.2,
    0.2,
    0.1800000037701152,
    0.18000000164000013,
    0.18999998802999957,
    0.18000001640001606,
    0.1700000003110765,
    0.18,
    0.1998001998001998,
    0.17,
    0.17,
    0.16,
    0.15,
    0.13,
    0.13,
    0.1400000860004214,
    0.14,
    0.14,
    0.16,
    0.16000000019988697,
    0.16,
    0.16,
    0.17,
    0.16011627906976744,
    0.16,
    0.16,
    0.17,
    0.2,
    0.24,
    0.24,
    0.24,
    0.24,
    0.24000003040001094,
    0.25,
    0.29,
    0.31,
    0.32,
    0.3100000155806473,
    0.31,
    0.32,
    0.32,
    0.32,
    0.32,
    0.3499999774193526,
    0.36,
    0.35,
    0.35,
    0.3587225344915687,
    0.3399999632799966,
    0.3399999421999809,
    0.3304740506392593,
    0.310000000276,
    0.3100000138793111,
    0.32,
    0.32,
    0.30000000853658737,
    0.3299999590799969,
    0.31,
    0.30000000104322844,
    0.34,
    0.3100000030005931,
    0.36,
    0.4099998236998995,
    0.36857142857142855,
    0.37,
    0.38,
    0.34,
    0.3400000087562195,
    0.37,
    0.37,
    0.32,
    0.32,
    0.34999991599998653,
    0.34,
    0.34,
    0.349999929999979,
    0.34,
    0.33,
    0.33000000134,
    0.33000000985294264,
    0.33,
    0.33,
    0.33,
    0.339999829999915,
    0.33,
    0.33,
    0.33,
    0.33,
    0.33,
    0.31,
    0.33,
    0.33,
    0.33,
    0.33,
    0.32,
    0.32,
    0.32,
    0.33,
    0.32,
    0.34,
    0.34,
    0.34,
    0.34,
    0.35,
    0.35,
    0.39,
    0.38,
    0.38,
    0.38,
    0.38,
    0.4,
    0.4,
    0.37,
    0.47,
    0.48,
    0.48,
    0.48,
    0.52,
    0.5,
    0.5,
    0.48,
    0.48,
    0.45,
    0.46000000648000017,
    0.4600000016950673,
    0.46,
    0.47999982719988943,
    0.47,
    0.47,
    0.47,
    0.4728996946217113,
    0.4699998918999708,
    0.4600000097200008,
    0.47,
    0.4600000345600047,
    0.47,
    0.46,
    0.46,
    0.46000001188000034,
    0.4699998777999096,
    0.47,
    0.45,
    0.45,
    0.45,
    0.42483981939367876,
    0.39,
    0.38,
    0.39,
    0.39,
    0.4,
    0.4,
    0.38,
    0.39,
    0.38,
    0.38,
    0.38,
    0.38,
    0.4,
    0.4,
    0.41,
    0.41,
    0.41,
    0.4,
    0.4,
    0.4,
    0.4,
    0.4,
    0.4,
    0.4,
    0.4,
    0.4,
    0.4,
    0.4,
    0.4,
    0.4,
    0.4,
    0.41,
    0.42,
    0.42,
    0.42,
    0.42,
    0.41,
    0.449999997975,
    0.4300000020853659,
    0.47,
    0.4600000097200008,
    0.45,
    0.43,
    0.430000000775352,
    0.43,
    0.43,
    0.44,
    0.43999999843937043,
    0.44,
    0.44,
    0.44,
    0.44,
    0.44,
    0.44,
    0.44,
    0.44,
    0.44,
    0.4390849613396166,
    0.38,
    0.38,
    0.3675085984113534,
    0.33999998182178137,
    0.37,
    0.37,
    0.36,
    0.36,
    0.36,
    0.36,
    0.39,
    0.38166666666666665,
    0.37,
    0.37,
    0.37000003845071994,
    0.33,
    0.33,
    0.33,
    0.33,
    0.33,
    0.33,
    0.33,
    0.3329684,
    0.33,
    0.33,
    0.33,
    0.33,
    0.33,
    0.33,
    0.33,
    0.34,
    0.33,
    0.33,
    0.33,
    0.34,
    0.34000003960001346,
    0.35,
    0.35,
    0.37,
    0.37,
    0.36,
    0.36,
    0.37,
    0.3880596936734237,
    0.38,
    0.38,
    0.38,
    0.38,
    0.37,
    0.37,
    0.37,
    0.37,
    0.37,
    0.37,
    0.37,
    0.37,
    0.37,
    0.38,
    0.39,
    0.37,
    0.39,
    0.37,
    0.37,
    0.38,
    0.39,
    0.39,
    0.39,
    0.39,
    0.41,
    0.4,
    0.42,
    0.4465056467042374,
    0.42,
    0.45903216881681647,
    0.41000000986622387,
    0.42,
    0.4299998279998968,
    0.43,
    0.45,
    0.44,
    0.44,
    0.44,
    0.44,
    0.44,
    0.45,
    0.44,
    0.45,
    0.44,
    0.44,
    0.45,
    0.44,
    0.44,
    0.45,
    0.48,
    0.48,
    0.48,
    0.48,
    0.5,
    0.46480519480519483,
    0.44,
    0.43,
    0.44,
    0.44,
    0.44,
    0.44,
    0.44,
    0.45,
    0.44,
    0.45,
    0.45,
    0.47,
    0.46,
    0.46,
    0.46,
    0.46,
    0.46,
    0.46,
    0.47058823529411764,
    0.46,
    0.4866666666666667,
    0.5,
    0.46,
    0.5,
    0.5,
    0.49842105263157893,
    0.44,
    0.44,
    0.44,
    0.44,
    0.4799999951999998,
    0.48999982849988855,
    0.47,
    0.44,
    0.4299999841965804,
    0.44,
    0.43,
    0.44,
    0.47,
    0.48,
    0.5,
    0.49,
    0.49,
    0.5,
    0.4900000081194186,
    0.5,
    0.49,
    0.47,
    0.49,
    0.49,
    0.49,
    0.48717514124293787,
    0.46,
    0.42,
    0.42,
    0.4,
    0.4,
    0.41,
    0.44,
    0.4,
    0.4,
    0.4,
    0.380000000057836,
    0.42,
    0.43,
    0.42,
    0.45,
    0.45,
    0.45,
    0.45,
    0.44,
    0.44,
    0.4300000019676376,
    0.44,
    0.45,
    0.45,
    0.44,
    0.44,
    0.44,
    0.44,
    0.43,
    0.43,
    0.43,
    0.43,
    0.43,
    0.45,
    0.4300000003109232,
    0.45,
    0.46,
    0.49,
    0.5,
    0.5,
    0.5,
    0.49,
    0.5099999952399998,
    0.5,
    0.52,
    0.52,
    0.51,
    0.5200000019200001,
    0.52,
    0.54,
    0.54,
    0.52,
    0.54,
    0.52,
    0.53,
    0.56,
    0.55,
    0.57,
    0.58,
    0.6,
    0.6,
    0.61,
    0.6,
    0.62,
    0.61,
    0.59,
    0.55,
    0.56,
    0.54,
    0.54,
    0.53,
    0.5200000001069495,
    0.53,
    0.48,
    0.48000000111428576,
    0.51,
    0.46,
    0.503894,
    0.46,
    0.46,
    0.4599997607998852,
    0.42,
    0.43,
    0.4100000028162292,
    0.43,
    0.41,
    0.41,
    0.3900000010768929,
    0.4,
    0.4,
    0.43,
    0.43,
    0.44,
    0.44,
    0.44,
    0.4499997974998886,
    0.47,
    0.47,
    0.47,
    0.47,
    0.47,
    0.47,
    0.47000000406714637,
    0.48,
    0.48,
    0.48000000416000005,
    0.48,
    0.4899991415117024,
    0.48999395102165016,
    0.48,
    0.490006,
    0.49,
    0.49999910000162,
    0.4900060043343203,
    0.49,
    0.49,
    0.49,
    0.4999991120015771,
    0.49999425006612425,
    0.49,
    0.490006,
    0.49,
    0.49,
    0.499997,
    0.5,
    0.499994,
    0.4900000089250003,
    0.49,
    0.49000000983265246,
    0.4900000089250003,
    0.5,
    0.5001347305792606,
    0.5000060004286878,
    0.50009,
    0.5000060499280059,
    0.5099939934700362,
    0.4900000204000033,
    0.49000601311375097,
    0.4900000095054434,
    0.4900374843815077,
    0.49000600354272184,
    0.49004594235397075,
    0.4900060036499254,
    0.49000901664509405,
    0.49000912042827394,
    0.49000600432809865,
    0.49999399948504136,
    0.5004761904761905,
    0.48,
    0.5,
    0.48000000218313926,
    0.49,
    0.5000060000230205,
    0.49,
    0.48,
    0.48,
    0.49,
    0.48,
    0.500006,
    0.509999998776,
    0.49000600839709096,
    0.4999981012658228,
    0.5,
    0.490006,
    0.49,
    0.490006,
    0.5,
    0.5000070810391094,
    0.5,
    0.5,
    0.5,
    0.5,
    0.5,
    0.5,
    0.5,
    0.5,
    0.5,
    0.5,
    0.5,
    0.5,
    0.5,
    0.5,
    0.5,
    0.5,
    0.5,
    0.5,
    0.5,
    0.51,
    0.51,
    0.51,
    0.5200392687643342,
    0.51,
    0.51,
    0.51,
    0.51,
    0.51,
    0.52,
    0.51,
    0.52,
    0.5200060015742012,
    0.51,
    0.51,
    0.52,
    0.52,
    0.5200863769611497,
    0.5200060167990566,
    0.5200865572750871,
    0.5299999505333215,
    0.5299982311944996,
    0.5201359516616314,
    0.520006118062817,
    0.520006019549044,
    0.5299952610423264,
    0.5200060008542411,
    0.5200060735251741,
    0.5200060156414498,
    0.5200060483121006,
    0.5200197068822637,
    0.5200196594340283,
    0.5299977174595856,
    0.5200060078781885,
    0.5200092027537239,
    0.5200060268991352,
    0.5200092100641983,
    0.520006004535725,
    0.5199946982710342,
    0.5100089858756937,
    0.5100000037361627,
    0.5199939989341718,
    0.519941228087945,
    0.5199412291636165,
    0.519941229634334,
    0.51005,
    0.5200356687898089,
    0.52,
    0.5200172805392158,
    0.5200060016345046,
    0.52,
    0.52,
    0.520086459190482,
    0.52,
    0.52,
    0.5299827172607097,
    0.5200172985800189,
    0.5299477757612674,
    0.5200864553314121,
    0.5200060092531557,
    0.5200060095259627,
    0.5199912628222618,
    0.5199680054033539,
    0.5100954422259687,
    0.5100246507806081,
    0.5198293880178853,
    0.5101698151584209,
    0.5199939642860452,
    0.51,
    0.5100000429381516,
    0.5100000089698413,
    0.520090264568373,
    0.5200903019603752,
    0.5200902641659707,
    0.5200081324900682,
    0.5200060066311146,
    0.5200081652576971,
    0.5200229533282326,
    0.5200081396837056,
    0.5200081262628287,
    0.5200060008307519,
    0.5201418457572559,
    0.5200061650584304,
    0.5299999883399997,
    0.5199096742083883,
    0.5199096743004952,
    0.5299999899299992,
    0.5200501191067287,
    0.5299809093452903,
    0.5100898223732181,
    0.5100060148748811,
    0.510091235830799,
    0.5101239669421488,
    0.5100883506633448,
    0.5299886163397559,
    0.5298760250294242,
    0.5100883869800501,
    0.5263412698412698,
    0.5100060220271937,
    0.5249923495859652,
    0.5100515480726138,
    0.5100515343904842,
    0.5100060091546932,
    0.5100000018148149,
    0.51000000025725,
    0.510000019228475,
    0.51,
    0.5199999452631157,
    0.519999951525418,
    0.5100000260386522,
    0.5199999675723779,
    0.5100000261601683,
    0.51,
    0.51,
    0.51,
    0.51,
    0.5102228836278241,
    0.5100000084280002,
    0.51,
    0.509976812409778,
    0.5099768118060801,
    0.5099768129750369,
    0.51,
    0.51,
    0.51,
    0.51,
    0.51,
    0.51,
    0.51,
    0.5100000080500005,
    0.51,
    0.51,
    0.51,
    0.51,
    0.51,
    0.5100000042316111,
    0.5100000061250002,
    0.5100000069176474,
    0.52,
    0.52,
    0.52,
    0.52,
    0.52,
    0.52,
    0.52,
    0.5100000271877074,
    0.5200000744827792,
    0.52,
    0.52,
    0.52,
    0.52,
    0.5200000049985537,
    0.5299997376498675,
    0.5299999966531348,
    0.53,
    0.53,
    0.53,
    0.53,
    0.53,
    0.53,
    0.53,
    0.53,
    0.53,
    0.53,
    0.53,
    0.53,
    0.53,
    0.53,
    0.53,
    0.53,
    0.5299999939668398,
    0.5299998780999061,
    0.52,
    0.5299999053571034,
    0.52,
    0.5299999757714228,
    0.52,
    0.52,
    0.51,
    0.5,
    0.5,
    0.496944786772446,
    0.49,
    0.49,
    0.49,
    0.49,
    0.49,
    0.49,
    0.49,
    0.49,
    0.49,
    0.49,
    0.48,
    0.48999996588606753,
    0.48999999198909877,
    0.48,
    0.48,
    0.4899999894135772,
    0.4800000257243849,
    0.48,
    0.48,
    0.4899999956525799,
    0.48,
    0.4800000545318499,
    0.48,
    0.4800000122713898,
    0.4899999719999916,
    0.48,
    0.48999999713240666,
    0.49,
    0.48,
    0.48,
    0.480000012199415,
    0.48,
    0.4800000468328139,
    0.48999996588606753,
    0.4800000030784411,
    0.48999999477797423,
    0.48999982849988855,
    0.4800000414342679,
    0.48,
    0.4899999283720797,
    0.48999996829944165,
    0.4800000385185246,
    0.48,
    0.48,
    0.4800000059327716,
    0.48,
    0.4899999994305636,
    0.4800000032452539,
    0.48,
    0.4800000187200012,
    0.48,
    0.48,
    0.48000000295391615,
    0.48000012235303235,
    0.4899999702026978,
    0.4800000621739225,
    0.4899999969951817,
    0.4899999915719998,
    0.4800000756364214,
    0.48000004879766367,
    0.4800000010090475,
    0.48,
    0.4899999603072547,
    0.49,
    0.49,
    0.49,
    0.48999999387499976,
    0.48999992763075767,
    0.4899999940064902,
    0.48,
    0.48,
    0.47,
    0.47,
    0.4700000026320001,
    0.47,
    0.48,
    0.49,
    0.48,
    0.49,
    0.48,
    0.48,
    0.48,
    0.48,
    0.4799999973374422,
    0.48,
    0.46000002769231274,
    0.47999994683075875,
    0.47,
    0.47,
    0.4600000059703231,
    0.4799999879999988,
    0.4701202925412748,
    0.46000000118942747,
    0.46,
    0.4744751800458749,
    0.46995407539657613,
    0.47538501578251957,
    0.4698740950183215,
    0.469874094503163,
    0.4698740949859865,
    0.46,
    0.46000000167528443,
    0.4600000002344259,
    0.4600001768966463,
    0.46000008735295916,
    0.4600000646154045,
    0.4699999365982304,
    0.46000006723737186,
    0.4699999380061241,
    0.46,
    0.4706795682609038,
    0.4600000688695964,
    0.46,
    0.460000003950574,
    0.46997743906179645,
    0.47999991724132224,
    0.460000037696339,
    0.46000003983607896,
    0.47999996913182486,
    0.46999997733502075,
    0.46000000274416397,
    0.46,
    0.48,
    0.47999982719988943,
    0.47999999774436086,
    0.4783653442363539,
    0.46,
    0.46,
    0.46000001405343915,
    0.47,
    0.4600000025088081,
    0.4700000018503003,
    0.4799999983965258,
    0.47,
    0.47000000872029396,
    0.47000004286765934,
    0.48,
    0.47000006791089266,
    0.47999996714828497,
    0.4700000054325001,
    0.4700000041897241,
    0.47,
    0.4700001219000939,
    0.4700000318981536,
    0.47000004167076864,
    0.47999998068410155,
    0.48,
    0.4700000349800047,
    0.47,
    0.47000000856807234,
    0.47999982719988943,
    0.4700000291743371,
    0.4700000349800047,
    0.4700000214864929,
    0.4799999802061823,
    0.48,
    0.48,
    0.48,
    0.47999990769223666,
    0.47000005601626943,
    0.4799999245414636,
    0.4799999961752987,
    0.47000000250084467,
    0.48,
    0.4799999665763982,
    0.47999998079999695,
    0.48,
    0.48,
    0.48,
    0.47,
    0.48,
    0.4799999952761071,
    0.460000002087629,
    0.46000005023257684,
    0.4799999583614394,
    0.47,
    0.46000003410219437,
    0.47,
    0.47000003306043325,
    0.4799999783295672,
    0.4865954027295426,
    0.47000009290838723,
    0.4799999692526655,
    0.47,
    0.4700000032684577,
    0.4700000447684008,
    0.4799999355223727,
    0.47000002784420647,
    0.48,
    0.47000004326532024,
    0.47000008833338874,
    0.47000004226994824,
    0.48,
    0.470000096363695,
    0.4700000252380978,
    0.4799999598139475,
    0.4700000208297026,
    0.4700000876978588,
    0.47999996714828497,
    0.4700000312357455,
    0.4799999437133433,
    0.4799999675675588,
    0.4799999592452769,
    0.47999999808,
    0.48,
    0.4799999743315453,
    0.4700000266064297,
    0.47000000233480277,
    0.48,
    0.4700000284654789,
    0.4799999675675588,
    0.47,
    0.47,
    0.47999982719988943,
    0.47,
    0.4899999893090892,
    0.48999982849988855,
    0.48999996071268925,
    0.4700000211265193,
    0.47000004946667856,
    0.47,
    0.48011054578288714,
    0.47,
    0.48011052297919354,
    0.48999998039999687,
    0.4801105840884673,
    0.47000004127049705,
    0.47000023382514555,
    0.47,
    0.49,
    0.48999994415439757,
    0.4800862372161238,
    0.48008625154754103,
    0.47988979736935655,
    0.4700001219000939,
    0.47986229501693106,
    0.47986229508152023,
    0.48254250969592494,
    0.47999982719988943,
    0.4700000011336899,
    0.47999999491764694,
    0.47999999127272663,
    0.470000019352698,
    0.4700000139305593,
    0.47,
    0.48,
    0.4700001219000939,
    0.4700000481818576,
    0.4700000349800047,
    0.4700001508462269,
    0.4799999519999808,
    0.47000018864416054,
    0.47,
    0.470000004710902,
    0.47,
    0.47,
    0.470000002197561,
    0.47,
    0.48,
    0.4700001219000939,
    0.48,
    0.4799999951999998,
    0.47,
    0.4700000110416672,
    0.47,
    0.47,
    0.47,
    0.47,
    0.47000006214094187,
    0.47,
    0.47,
    0.4700000349800047,
    0.47999982719988943,
    0.47,
    0.47,
    0.47,
    0.46999998871999804,
    0.47,
    0.47,
    0.47,
    0.47,
    0.48,
    0.4800000495238284,
    0.48999982849988855,
    0.47000000022997485,
    0.48,
    0.48999982849988855,
    0.48,
    0.48,
    0.48000000196805703,
    0.48,
    0.4800000187200012,
    0.48000001432901673,
    0.48,
    0.48999982849988855,
    0.48,
    0.48,
    0.4900215888291721,
    0.48,
    0.4800000171475703,
    0.49012074643249176,
    0.49,
    0.49,
    0.5,
    0.49,
    0.5,
    0.46,
    0.46,
    0.6899826269167895,
    0.6999849699319902,
    0.5201538595854527,
    0.5,
    0.510113525183961,
    0.51,
    0.46,
    0.4700917186802061,
    0.4700917341054539,
    0.5,
    0.51,
    0.5,
    0.47,
    0.5198640412564464,
    0.46006397559688694,
    0.48,
    0.45,
    0.4400000040239523,
    0.45000003666667643,
    0.4400001568001129,
    0.4400001568001129,
    0.4200000139200011,
    0.4200001740002958,
    0.4200001740002958,
    0.65,
    0.75,
    0.5
]
