[
    0.001,
    0.001,
    0.001,
    0.002,
    0.002,
    0.002,
    0.002,
    0.002,
    0.002,
    0.002,
    0.002,
    0.002,
    0.002,
    0.005,
    0.002,
    0.002,
    0.002,
    0.0030000000075,
    0.002,
    0.002,
    0.002,
    0.002,
    0.002,
    0.004,
    0.004,
    0.004,
    0.004,
    0.004,
    0.004,
    0.004,
    0.004,
    0.004,
    0.004,
    0.01,
    0.015,
    0.01,
    0.01,
    0.01,
    0.011,
    0.02,
    0.011,
    0.02,
    0.02,
    0.01,
    0.01,
    0.01,
    0.01,
    0.01990566037735849,
    0.02999999943,
    0.02,
    0.02,
    0.02,
    0.029999971199998848,
    0.03,
    0.02,
    0.03,
    0.03,
    0.03,
    0.03,
    0.04,
    0.04,
    0.04,
    0.06,
    0.04,
    0.04,
    0.05,
    0.05,
    0.07,
    0.05,
    0.07,
    0.08,
    0.07,
    0.07,
    0.08,
    0.07,
    0.08,
    0.08,
    0.08,
    0.07,
    0.08999997879451974,
    0.07000000027900002,
    0.08,
    0.08,
    0.09,
    0.09,
    0.08,
    0.08,
    0.08000001226669512,
    0.09,
    0.08,
    0.08,
    0.0806755090807161,
    0.08,
    0.08579598164487265,
    0.08,
    0.08,
    0.08,
    0.08,
    0.09,
    0.08000000781316839,
    0.08000000002170118,
    0.08999999066249981,
    0.08,
    0.08,
    0.09,
    0.07,
    0.06,
    0.06,
    0.07,
    0.07,
    0.06,
    0.06,
    0.09,
    0.07,
    0.07,
    0.0899999189999919,
    0.07499998687499967,
    0.07,
    0.07,
    0.07,
    0.08999999066249981,
    0.08999998451999956,
    0.08999998451999956,
    0.09,
    0.1,
    0.09,
    0.1,
    0.1,
    0.1,
    0.1,
    0.10999998151999942,
    0.11,
    0.12,
    0.12,
    0.12,
    0.12,
    0.12,
    0.14,
    0.14,
    0.14,
    0.15,
    0.15,
    0.14000000157125458,
    0.1436386768447837,
    0.15,
    0.13,
    0.12,
    0.11,
    0.12,
    0.13,
    0.11,
    0.12,
    0.15,
    0.14,
    0.13,
    0.12,
    0.12,
    0.11,
    0.11,
    0.12,
    0.11,
    0.12,
    0.14534515476585497,
    0.13,
    0.13,
    0.14,
    0.14,
    0.15045480512885617,
    0.15,
    0.15,
    0.140000001528889,
    0.15,
    0.14,
    0.15,
    0.16,
    0.15937706336376675,
    0.16,
    0.14000000292517106,
    0.14000000252755337,
    0.17,
    0.18,
    0.1800000060421065,
    0.17,
    0.2117420569052385,
    0.2,
    0.210000000316,
    0.22,
    0.22000000624000088,
    0.220000000216,
    0.22,
    0.22,
    0.24986377584674066,
    0.24,
    0.2599998647999351,
    0.26,
    0.26,
    0.26,
    0.26,
    0.26,
    0.25,
    0.24,
    0.24,
    0.24,
    0.24,
    0.24,
    0.24,
    0.2,
    0.2,
    0.22,
    0.2,
    0.2,
    0.2199999914749998,
    0.22,
    0.22,
    0.2,
    0.2,
    0.2,
    0.2,
    0.18,
    0.2,
    0.22,
    0.21,
    0.24,
    0.220000000468,
    0.23999999183999987,
    0.22,
    0.22,
    0.24,
    0.22000000142726445,
    0.22000000156000046,
    0.22,
    0.22,
    0.23,
    0.24257610765537233,
    0.22,
    0.21000000005890115,
    0.22,
    0.22,
    0.22000000156000046,
    0.22,
    0.23,
    0.23,
    0.22,
    0.2200000001015307,
    0.23000000012486488,
    0.23,
    0.24,
    0.24,
    0.24,
    0.24,
    0.24,
    0.24,
    0.24,
    0.24,
    0.239997124600639,
    0.24,
    0.24,
    0.24,
    0.24,
    0.2300000058599713,
    0.24,
    0.24,
    0.24,
    0.23000000004908205,
    0.23,
    0.23,
    0.230006,
    0.22999791656108817,
    0.229994,
    0.2200060049141705,
    0.22000600040492033,
    0.22,
    0.22,
    0.2299979094627408,
    0.22009625668449198,
    0.22,
    0.229994,
    0.22,
    0.22000001380321718,
    0.22999384995830208,
    0.22005398920215957,
    0.22000000554359217,
    0.22,
    0.239993959350533,
    0.220006,
    0.22000000377393897,
    0.23,
    0.23,
    0.23999948618952546,
    0.23,
    0.23,
    0.23,
    0.23,
    0.23000664650064997,
    0.23000665274518137,
    0.2300000009999767,
    0.230006,
    0.2399934484226971,
    0.24,
    0.23,
    0.23999394895055012,
    0.23,
    0.239996497919972,
    0.23000665778961385,
    0.23000836356184057,
    0.23000847762361662,
    0.23999386575065718,
    0.230006,
    0.23,
    0.2399998559999424,
    0.22000600260389663,
    0.23471856795647772,
    0.2299975935828877,
    0.22,
    0.2200000154608612,
    0.22,
    0.22000000208000015,
    0.22,
    0.22,
    0.22,
    0.22000000034917142,
    0.23,
    0.22000001872000705,
    0.22000000110108647,
    0.22,
    0.2200060214861391,
    0.22000000105892986,
    0.22001173555874298,
    0.22000600201535628,
    0.22018,
    0.22002906381351134,
    0.22002906066839537,
    0.23998157229318398,
    0.22000600065004888,
    0.23999400494975637,
    0.23000600027230916,
    0.22000004076150648,
    0.2300290561772486,
    0.23000604491531154,
    0.23002905163377257,
    0.23999296468739006,
    0.23002905147409655,
    0.22000600115273827,
    0.23,
    0.23,
    0.23,
    0.23,
    0.23,
    0.23,
    0.23,
    0.23,
    0.23,
    0.25,
    0.24,
    0.24,
    0.24,
    0.23000001232000472,
    0.2299979212391123,
    0.2200060010620624,
    0.22003907946157186,
    0.2200409502543299,
    0.23,
    0.23,
    0.22999378802966364,
    0.23,
    0.23,
    0.23,
    0.23,
    0.22999778330156403,
    0.22004091587217356,
    0.22000600751493163,
    0.2299939747021123,
    0.23,
    0.22,
    0.22000000001655065,
    0.220006,
    0.22,
    0.23,
    0.23,
    0.22999699819997999,
    0.22999439896661067,
    0.22999396563116156,
    0.22,
    0.22003116343490306,
    0.2200074314732262,
    0.22000000656580712,
    0.22003117186171728,
    0.22003118835807958,
    0.22999260209084182,
    0.2299939868325701,
    0.21,
    0.22,
    0.21,
    0.21,
    0.22,
    0.21,
    0.22,
    0.21,
    0.22,
    0.22,
    0.22,
    0.2100000002772276,
    0.22000600140813859,
    0.22000609696250367,
    0.22000601531721906,
    0.22,
    0.2200900900900901,
    0.22001897934071668,
    0.2200079044440541,
    0.22999115969534173,
    0.22001897938722337,
    0.22014040561622464,
    0.22990506645439066,
    0.2201404213263817,
    0.2201404213263817,
    0.22985943664744274,
    0.22001900034475175,
    0.2299965957784224,
    0.22001903157369274,
    0.2200189800759203,
    0.2200000024689822,
    0.22000600642606818,
    0.22000600096195103,
    0.2299915379949228,
    0.22017548408630014,
    0.22000608395862908,
    0.23999397971233127,
    0.2399939631215571,
    0.2200060267574511,
    0.25,
    0.24,
    0.25,
    0.23999074304244034,
    0.24,
    0.22,
    0.22000000003744,
    0.2300169935828765,
    0.2200000022030656,
    0.23000600289593423,
    0.23999398712106437,
    0.23000600469639795,
    0.23999993084744825,
    0.25,
    0.23999670492929406,
    0.23998651767186469,
    0.23001339285714287,
    0.23,
    0.23,
    0.23000600217446562,
    0.22000000003240372,
    0.2300060032753985,
    0.23999992975608386,
    0.23999998384158364,
    0.2399999900894698,
    0.23,
    0.23,
    0.229994,
    0.23999550978063483,
    0.22,
    0.22000000328644784,
    0.220006,
    0.23999696892165562,
    0.22,
    0.22,
    0.22,
    0.22000000007157056,
    0.23000609738266997,
    0.22,
    0.22,
    0.23,
    0.22,
    0.22,
    0.22,
    0.22,
    0.22,
    0.23,
    0.22,
    0.23000610606379104,
    0.2301386748844376,
    0.2300076569414621,
    0.23000879550161438,
    0.23011945203793466,
    0.23,
    0.23,
    0.23000000350368663,
    0.23986244354831746,
    0.2301194112048057,
    0.23011945093604094,
    0.2399998559999424,
    0.2399999673599979,
    0.23999492842666534,
    0.23999225784589082,
    0.23999233208270052,
    0.2398987315904016,
    0.23000883437119657,
    0.23000889340617456,
    0.23000888056917776,
    0.23999219789305468,
    0.23999231864457435,
    0.23999222641136286,
    0.23999225784589082,
    0.23000878657419008,
    0.23999301105967238,
    0.23010798387171283,
    0.23000635324015248,
    0.2301386748844376,
    0.23999363803496185,
    0.23999360336835934,
    0.23989731941524664,
    0.23010794047129432,
    0.2399935201684756,
    0.2399958935963575,
    0.23000600040002667,
    0.23000000184538402,
    0.23999392815058188,
    0.23,
    0.23002927317549157,
    0.23000000011664118,
    0.2300060001678296,
    0.23999999610810807,
    0.24,
    0.23996975516891306,
    0.2301178502152788,
    0.23008674827016234,
    0.23000601082262337,
    0.23988203899046207,
    0.2301178402512963,
    0.23013452914798208,
    0.23008680529906989,
    0.24,
    0.23990089889676924,
    0.23013721809239185,
    0.23008671881636153,
    0.2301688555347092,
    0.23008672529670784,
    0.239903537314977,
    0.23008671435736347,
    0.23999998834285688,
    0.23999318207831927,
    0.23008676156621988,
    0.23000601846696278,
    0.2399939655905223,
    0.23,
    0.23000665793691788,
    0.2300066580039948,
    0.23000665788266625,
    0.2399999855999994,
    0.24,
    0.23999645554027652,
    0.23000667675825548,
    0.2300432081945012,
    0.23004319214543756,
    0.23999328721826932,
    0.2300432117019787,
    0.23999326578559496,
    0.23999318590167343,
    0.23999763482423403,
    0.23004322213042108,
    0.23000007301726594,
    0.2300001165906884,
    0.2300135015759338,
    0.23004624871531346,
    0.23,
    0.23,
    0.2399558884202976,
    0.23998646003297014,
    0.23999398995013105,
    0.23000000159090941,
    0.23000003911112155,
    0.23000000507858345,
    0.23000789800004082,
    0.23000790526007792,
    0.2300079075878544,
    0.23000796624535108,
    0.23000789809951605,
    0.23,
    0.23,
    0.24000725806568338,
    0.23,
    0.240025006946374,
    0.23,
    0.24999471136188114,
    0.24000725808234383,
    0.2499883271575731,
    0.24001606856635804,
    0.24,
    0.24,
    0.24000000304000016,
    0.24997165053453674,
    0.24,
    0.24001304348298677,
    0.24,
    0.24999391071298085,
    0.24009865717809184,
    0.24,
    0.24997595908959777,
    0.24009860712070558,
    0.24991820107923057,
    0.24000005846156208,
    0.24,
    0.24008159573233323,
    0.24,
    0.24008162313785864,
    0.2499065678531298,
    0.24000606428312393,
    0.24,
    0.24000606691217002,
    0.2400060673122289,
    0.24010838165025108,
    0.24010834537920217,
    0.24000607387510192,
    0.2400074227733337,
    0.24017546187588823,
    0.24999384389851595,
    0.2401754403738637,
    0.24017545071492713,
    0.24999389662861482,
    0.24,
    0.24,
    0.24000002576275464,
    0.2400061880696906,
    0.24000000007467479,
    0.24000618741778115,
    0.2400062015535297,
    0.24,
    0.2400132314093172,
    0.24,
    0.25,
    0.24001324657573547,
    0.25,
    0.24001323848476552,
    0.24001324657573547,
    0.25,
    0.2400132404381767,
    0.24001352921790714,
    0.24009583544674412,
    0.24009579100542072,
    0.2400958025385069,
    0.24999431709347036,
    0.24998322479519997,
    0.24001327004070228,
    0.2400132845877123,
    0.24997453769650133,
    0.2499618183300041,
    0.24,
    0.24000965771697919,
    0.24000000007800756,
    0.2400279045300534,
    0.24000965930066095,
    0.24001666937373267,
    0.24003421513383033,
    0.24001363873624557,
    0.24001666795610518,
    0.24001670260883928,
    0.24008697588742797,
    0.2499710158587789,
    0.2401243535751304,
    0.24001670169239742,
    0.24989528594843802,
    0.24012433348962478,
    0.2400175804856609,
    0.24012751925262665,
    0.24012753712170662,
    0.2499433253396443,
    0.24998192334044841,
    0.2400167072236674,
    0.24007438016528926,
    0.24007438171201786,
    0.24997569679600445,
    0.2499531650210207,
    0.24990698417807863,
    0.24009316770186334,
    0.24001363641949988,
    0.2400136587501368,
    0.2499725724348109,
    0.2499311595690261,
    0.2400242261103634,
    0.24000600000146252,
    0.24007963468200327,
    0.24009004391537428,
    0.24004501578524964,
    0.24000600113797804,
    0.24013240645688508,
    0.24986771697984847,
    0.24013239635178482,
    0.24009009155831668,
    0.2401707779886148,
    0.24985260703201137,
    0.24009000382995022,
    0.2499098703845885,
    0.24009000382995022,
    0.24992044998409,
    0.24007957619098286,
    0.24991,
    0.24009000005184336,
    0.24004500034091167,
    0.24009000382995022,
    0.249955,
    0.240045,
    0.24998194999639,
    0.240006,
    0.24998194999639,
    0.240006,
    0.24998998165048353,
    0.24,
    0.23999421202704269,
    0.239985,
    0.23001500029473995,
    0.23000000770099796,
    0.2300149977701231,
    0.23999398748354603,
    0.23,
    0.23,
    0.23009054325955736,
    0.23,
    0.24998590303998122,
    0.24,
    0.23,
    0.2300000223499647,
    0.2300139718691068,
    0.23001401804593488,
    0.23001406820377499,
    0.24998587035156306,
    0.2300139930552985,
    0.23001407273150243,
    0.24998658327657028,
    0.2499735944542121,
    0.23,
    0.23000012222249383,
    0.24001584496328746,
    0.24001176761261517,
    0.23000000110017665,
    0.24001584002715434,
    0.2400158395012086,
    0.2400815223572335,
    0.24010663507109004,
    0.2499865998053256,
    0.24998656320879073,
    0.24008156297136776,
    0.2400815423064928,
    0.24999395394837967,
    0.24997713237359484,
    0.24005812268621504,
    0.2400117934298119,
    0.24005810770287964,
    0.2400581028820441,
    0.2400581367930003,
    0.2499381425271425,
    0.2499359538525233,
    0.24006396220656342,
    0.2400118177660416,
    0.24006395010199022,
    0.24006396045394943,
    0.2499530805270234,
    0.24001178932448644,
    0.2400118730444608,
    0.24001182821180514,
    0.2400117852479204,
    0.24001179971635458,
    0.240046875,
    0.24001182619522388,
    0.24999397149828553,
    0.24001177716289776,
    0.24001177677986238,
    0.24001177677986238,
    0.24997809358493842,
    0.2300070107696522,
    0.23000701020920306,
    0.23,
    0.24000626089738353,
    0.23,
    0.24,
    0.24012693935119886,
    0.24003640759724099,
    0.23,
    0.23,
    0.24010094522133826,
    0.23000000026647868,
    0.24989882559012622,
    0.2498743874361503,
    0.24010089886667824,
    0.240036479452247,
    0.24012626096105866,
    0.2401262395236962,
    0.2400364109626611,
    0.24996348845870178,
    0.24000628100892804,
    0.24005015604615462,
    0.24005013983085197,
    0.2400501393357076,
    0.2400505600996547,
    0.24006005202604158,
    0.24997772475719984,
    0.2499947549293225,
    0.24005996628623538,
    0.24005997452678488,
    0.24993991022984077,
    0.24006002936843504,
    0.24005999124966992,
    0.24005999461695257,
    0.24992425626853523,
    0.24000661684571073,
    0.24014493260425313,
    0.2401450414045795,
    0.24000626894341007,
    0.24005207805245465,
    0.24005207173618812,
    0.24005207173618812,
    0.2499857295646278,
    0.2400520236082227,
    0.24015384659535047,
    0.24015388449696518,
    0.2498987567014848,
    0.24005205506145003,
    0.24008902328169282,
    0.24005204571912545,
    0.24008906318288664,
    0.24008987015364897,
    0.24010114570471774,
    0.24010116080368452,
    0.24008903134715007,
    0.24991089884435294,
    0.24994785712633066,
    0.24994780846743045,
    0.24005207173618812,
    0.2499512822770584,
    0.2499158656208365,
    0.24,
    0.24000009120017146,
    0.24000003055277028,
    0.24000004261685987,
    0.2400839552238806,
    0.24,
    0.24,
    0.24,
    0.24,
    0.24,
    0.24,
    0.24001323539259672,
    0.24998661528881916,
    0.24998665610866455,
    0.24001337579133766,
    0.24001324910566954,
    0.2400133028284318,
    0.24001337579133766,
    0.2499939891147611,
    0.24000000185356607,
    0.24000600107617703,
    0.24000604956999413,
    0.24999719317061125,
    0.24,
    0.24,
    0.24,
    0.24,
    0.24000009120017146,
    0.24000012357731615,
    0.2499598663230721,
    0.24003999112394295,
    0.24000600090347818,
    0.24000000061557422,
    0.24999386264944448,
    0.24000600190243696,
    0.2400060150780118,
    0.24000601566598817,
    0.24000606835544086,
    0.24000600757265947,
    0.25,
    0.24001022614505568,
    0.24001253990132596,
    0.24000000012941053,
    0.25,
    0.24013313609467454,
    0.2400125389588607,
    0.25,
    0.24001254163181096,
    0.24001261580319347,
    0.24999813370958443,
    0.2499887504955139,
    0.24999393872193346,
    0.24999133958548836,
    0.24001025656615188,
    0.24001028191218665,
    0.24001030587383687,
    0.2499782376890229,
    0.24000009120017146,
    0.24000002512398688,
    0.2401101594558123,
    0.24,
    0.24,
    0.24000003040001094,
    0.24993367138497033,
    0.24993364255154513,
    0.24000000280442882,
    0.24006611470232062,
    0.24000066779078114,
    0.24006610265233733,
    0.2400661144463865,
    0.24995135136605437,
    0.24000002652706356,
    0.24,
    0.24004853979341184,
    0.24000000253875184,
    0.24004852730894066,
    0.24004856686572892,
    0.2499501584160693,
    0.2400000114717001,
    0.2400000006216769,
    0.24000653073837405,
    0.24000000302007618,
    0.24000654336228724,
    0.2400065409575688,
    0.24000658470015093,
    0.24000653372583908,
    0.24006066039779664,
    0.24999395230100627,
    0.24000662716209265,
    0.240006530740952,
    0.2400065311244368,
    0.24000654474514121,
    0.2400060685298158,
    0.24000600902316133,
    0.24000602100826626,
    0.25,
    0.25,
    0.24000001216000344,
    0.25,
    0.24000001216000344,
    0.25,
    0.25,
    0.24,
    0.25,
    0.24,
    0.24,
    0.24000600000119962,
    0.2400216294198956,
    0.24,
    0.24,
    0.24,
    0.24002164067795415,
    0.259994890497908,
    0.25997968507131636,
    0.24000600824140053,
    0.24000601902833732,
    0.24013680861459621,
    0.25996623438353944,
    0.24002764612954186,
    0.24013698630136987,
    0.25777691112662504,
    0.24000600091381696,
    0.25,
    0.25,
    0.25,
    0.25,
    0.25,
    0.25,
    0.25,
    0.25,
    0.25,
    0.2500115889775946,
    0.2500110510805501,
    0.25,
    0.25,
    0.2500221238953385,
    0.25,
    0.25,
    0.25,
    0.26,
    0.2599797723597972,
    0.2500221243915792,
    0.2500221243915792,
    0.2501046393910091,
    0.2501180444976345,
    0.2501747572815534,
    0.25002221881084924,
    0.25011797046124556,
    0.259977693891558,
    0.25997794111695843,
    0.25997779008628796,
    0.25990500107932807,
    0.259881941004952,
    0.2501045297392904,
    0.25010465802852666,
    0.2500221552485327,
    0.2500222650037666,
    0.25001105720555866,
    0.2500292890641616,
    0.2501243731577177,
    0.2599836992586419,
    0.250124479585348,
    0.250124479585348,
    0.2599833553439597,
    0.2501244281268586,
    0.2599456250076066,
    0.2598465541538404,
    0.25014318311984657,
    0.250029373624964,
    0.25015336336624516,
    0.2501533616370953,
    0.2501426433847213,
    0.25988524215681624,
    0.25002929327187057,
    0.2598261137977158,
    0.250011084108703,
    0.2501737451737452,
    0.2501016305452506,
    0.25001105475073543,
    0.2501016131903295,
    0.2500110885505031,
    0.25998375153947584,
    0.25998366662584466,
    0.2500110623534238,
    0.2500076410859932,
    0.2500674350490252,
    0.25001211293407566,
    0.25002176785869773,
    0.25999415207944027,
    0.25999777658801576,
    0.2599597030831786,
    0.25987698950970284,
    0.25006756479499215,
    0.2501654411764706,
    0.2500217979291518,
    0.2501350413156754,
    0.2501349758502668,
    0.25013500944561723,
    0.2598649469939186,
    0.25002178687144877,
    0.2598716592950524,
    0.25011195798206065,
    0.250012112443874,
    0.2501148077099704,
    0.25986491868891953,
    0.2501149201183321,
    0.25011140762898953,
    0.25013493261465225,
    0.250111396018959,
    0.2599998869564726,
    0.2500121924854982,
    0.2501688777233446,
    0.25016889069165915,
    0.25999876292585505,
    0.2599878621033406,
    0.2599658907876867,
    0.25001214043454695,
    0.25000762940894805,
    0.2501571311990594,
    0.25008184867468364,
    0.25004283675256295,
    0.2501570924033263,
    0.25999440102050403,
    0.2501570924033263,
    0.2500819287950655,
    0.2500819287950655,
    0.25997031753179245,
    0.25008197989805175,
    0.259936750616731,
    0.25008190710474215,
    0.25985639748956824,
    0.2501293751078126,
    0.25,
    0.25006751971693847,
    0.25015652173913044,
    0.25002949912981937,
    0.2500075320112991,
    0.25012935856606,
    0.2501293529218081,
    0.2500675877600348,
    0.25006768152710523,
    0.2500675615418084,
    0.25995596338722193,
    0.2500295113475819,
    0.25005240710344717,
    0.2500076544993147,
    0.2501688555347092,
    0.25005240262766837,
    0.26046641868387754,
    0.25995784682881373,
    0.2599803350835213,
    0.2500060048238397,
    0.250019641241714,
    0.25001022824016683,
    0.25001710527316096,
    0.25998031862739496,
    0.2500196641665229,
    0.2599768687152446,
    0.25001712925955305,
    0.2500170867567871,
    0.25013764055253973,
    0.25013762565047354,
    0.25001711919571923,
    0.25992386239522514,
    0.25001709688508433,
    0.25001029198194435,
    0.2500197481748237,
    0.2501241379310345,
    0.2500102558912641,
    0.25001974902402596,
    0.2599430784889362,
    0.25988222434702596,
    0.25008494906627454,
    0.25011764712033835,
    0.25001023285519414,
    0.25008492074151223,
    0.2599332000056557,
    0.25001023031119,
    0.2500102469649362,
    0.2599826958108843,
    0.2599584483901943,
    0.250006002792955,
    0.2500307251930022,
    0.25014288852769234,
    0.2500492076730609,
    0.26,
    0.250142996319298,
    0.26,
    0.2698929309303261,
    0.26999985419993294,
    0.25004921553065784,
    0.2699998790399574,
    0.25003068565226866,
    0.25014955202492906,
    0.25014950550087284,
    0.25999995839999623,
    0.25999994174272745,
    0.2500306805698704,
    0.26,
    0.250030748785423,
    0.2500413978939762,
    0.2500187356137252,
    0.25993160672724464,
    0.2598961012836405,
    0.2500843751265627,
    0.2500414930291711,
    0.250084365534836,
    0.25004138836157397,
    0.2500413816511027,
    0.25999543967922795,
    0.2500414353350037,
    0.2599586135406126,
    0.2500179995716102,
    0.25999985142851484,
    0.25001803394503713,
    0.2599899314067802,
    0.2500309764630738,
    0.2500126323226855,
    0.25995733699317,
    0.2500310702079561,
    0.2500370065789474,
    0.25001267263294225,
    0.25013473053892216,
    0.25001262648235045,
    0.2599872429436743,
    0.25001265603959333,
    0.2500127498215025,
    0.25996670651479054,
    0.25000600000022505,
    0.2500987925808896,
    0.25009879977952837,
    0.2500060058159736,
    0.259999998492,
    0.2500060937035355,
    0.25000618745514097,
    0.2599998725489571,
    0.2526546337441892,
    0.25,
    0.25,
    0.25,
    0.2499947344859049,
    0.24999400524579257,
    0.24999398987018817,
    0.24000604956999413,
    0.25,
    0.24999931944629705,
    0.2499940626410123,
    0.24999398675135345,
    0.24999399142320575,
    0.24000009120017146,
    0.25,
    0.24,
    0.25,
    0.25,
    0.25,
    0.25,
    0.24,
    0.24000002762833533,
    0.25,
    0.24000000198368687,
    0.24,
    0.25,
    0.25,
    0.25,
    0.25,
    0.25,
    0.25,
    0.25,
    0.25,
    0.25,
    0.25,
    0.25,
    0.2500098857644991,
    0.25,
    0.2599900655953306,
    0.2599749971091014,
    0.25,
    0.25,
    0.25,
    0.25,
    0.25,
    0.25003601426878197,
    0.25,
    0.25,
    0.2500427051758268,
    0.25004176531070926,
    0.2500099101832013,
    0.25004274760613404,
    0.25004175604881757,
    0.259958188079201,
    0.25995808894040984,
    0.2500418102526989,
    0.25996396805915,
    0.2500360114523645,
    0.25015,
    0.25995136988994016,
    0.250150157581102,
    0.250150157581102,
    0.25997941999314,
    0.25000991095506264,
    0.2500166051660517,
    0.25997506305733425,
    0.2500099080451656,
    0.2500099076857407,
    0.25002123655998554,
    0.2500674806070946,
    0.25,
    0.2500060019520216,
    0.2500521629029648,
    0.25996282530877646,
    0.25006754420002053,
    0.25006749399303463,
    0.2599324123403494,
    0.2599323499389548,
    0.2500521213931996,
    0.2599563359007595,
    0.25002123974925106,
    0.25002553191489363,
    0.2500060241639021,
    0.25000601562227115,
    0.25005197122052203,
    0.25004276141703025,
    0.250052121533918,
    0.25999878288946865,
    0.2500427007044038,
    0.25997653260241405,
    0.25004274760613404,
    0.2500060009015109,
    0.2599567172065851,
    0.2599939830797426,
    0.259993986553744,
    0.2599939673852581,
    0.25000643744689105,
    0.250043503419117,
    0.25,
    0.25006746626686654,
    0.25013513521629743,
    0.2500064713845276,
    0.26989031391440615,
    0.25006749395254185,
    0.2500435162380252,
    0.25008259419778645,
    0.25000648114069707,
    0.2599995604243789,
    0.25999350190045284,
    0.2599934781610894,
    0.2599935138197419,
    0.25999352109856144,
    0.2500825846966526,
    0.26,
    0.25999750061197946,
    0.259993986553744,
    0.25999399242769267,
    0.26997569444444447,
    0.2500127370506652,
    0.2500113605913352,
    0.2500242980561555,
    0.25,
    0.2699755077974404,
    0.2699872455312584,
    0.25001273756058245,
    0.250011346084039,
    0.25001283634838484,
    0.2699899984590601,
    0.26998265182920544,
    0.2698352734958625,
    0.2600081824024911,
    0.2600972328590833,
    0.26,
    0.2601645338208409,
    0.25,
    0.26009719922468283,
    0.26999176416793147,
    0.2600081887518399,
    0.26,
    0.26,
    0.2600000052202379,
    0.2600000646032202,
    0.26000000243644106,
    0.26004468903326355,
    0.26,
    0.2600447378293643,
    0.26999397013330895,
    0.2699940736300838,
    0.260000001184,
    0.26,
    0.2600000325600181,
    0.2600000325600181,
    0.26,
    0.27,
    0.27,
    0.27,
    0.270006,
    0.270006,
    0.27,
    0.27,
    0.27000001733750173,
    0.2700000958126671,
    0.27000018980014046,
    0.27,
    0.279999843199931,
    0.28,
    0.28,
    0.2799999961043478,
    0.27000000042583333,
    0.27000001733750173,
    0.27,
    0.27,
    0.27,
    0.27,
    0.28,
    0.28,
    0.279999843199931,
    0.27,
    0.26,
    0.26,
    0.26,
    0.26,
    0.26,
    0.27,
    0.27,
    0.27,
    0.28,
    0.27,
    0.27,
    0.279959502343072,
    0.27001937358734257,
    0.27981117048304255,
    0.27981113338921987,
    0.2700000039714816,
    0.27,
    0.2700000025550001,
    0.2700000194467228,
    0.27981111192444474,
    0.289999866599928,
    0.27,
    0.28,
    0.28,
    0.29,
    0.29,
    0.29,
    0.2900000068551728,
    0.29,
    0.3,
    0.3,
    0.3,
    0.3,
    0.3,
    0.3,
    0.3,
    0.3,
    0.28,
    0.2600000002537636,
    0.28,
    0.29,
    0.29,
    0.30012063767328023,
    0.30012063776074893,
    0.3001206376704816,
    0.2999349140114682,
    0.29993490605576995,
    0.290000001988,
    0.30003197442603813,
    0.3000319745528419,
    0.3000319744459681,
    0.29000000079378885,
    0.31,
    0.31,
    0.31,
    0.31,
    0.31,
    0.31,
    0.3,
    0.31,
    0.31,
    0.28,
    0.29,
    0.32,
    0.29,
    0.32,
    0.32,
    0.28,
    0.32,
    0.32,
    0.3296774193548387,
    0.32,
    0.26,
    0.33,
    0.31967741935483873,
    0.34,
    0.34,
    0.26287058191103346,
    0.18,
    0.17,
    0.17,
    0.12001160999574831,
    0.12001160990982179,
    0.12001160992481637,
    0.1,
    0.11,
    0.08,
    0.07,
    0.11,
    0.1,
    0.1448529411764706,
    0.11,
    0.12002652519893899,
    0.12002652519893899,
    0.1200265753834511,
    0.12000000352000104,
    0.12000000908387322,
    0.12000001038486842,
    0.14998924534973143,
    0.16,
    0.13,
    0.13,
    0.13,
    0.17,
    0.17,
    0.12,
    0.12,
    0.17970334273480723,
    0.1797032783741334,
    0.15,
    0.14,
    0.14000000283733274,
    0.1400258207303578,
    0.15,
    0.11000001405266094,
    0.1,
    0.1,
    0.09000002160242465,
    0.27999993279998925,
    0.09,
    0.09,
    0.09,
    0.07,
    0.04
]
