[
    0.999,
    0.999,
    0.999,
    0.999,
    0.999,
    0.999,
    0.999,
    0.999,
    0.999,
    0.999,
    0.999,
    0.999,
    0.999,
    0.999,
    0.999,
    0.999,
    0.999,
    0.999,
    0.999,
    0.999,
    0.999,
    0.999,
    0.999,
    0.999,
    0.999,
    0.999,
    0.999,
    0.999,
    0.999,
    0.998,
    0.998,
    0.998,
    0.998,
    0.998,
    0.998,
    0.995,
    0.995,
    0.995,
    0.995,
    0.998,
    0.998,
    0.998,
    0.995,
    0.995,
    0.995,
    0.997,
    0.997,
    0.9970000014925,
    0.997,
    0.998,
    0.995,
    0.995,
    0.998,
    0.995,
    0.998,
    0.995,
    0.995,
    0.998,
    0.998,
    0.996,
    0.996,
    0.996,
    0.996,
    0.996,
    0.996,
    0.996,
    0.996,
    0.996,
    0.996,
    0.995,
    0.99,
    0.99,
    0.9949999243799755,
    0.99,
    0.9949997910499045,
    0.986,
    0.99,
    0.985,
    0.99,
    0.99,
    0.981,
    0.9899362056759554,
    0.98,
    0.98,
    0.98,
    0.98,
    0.98,
    0.972,
    0.98,
    0.98,
    0.973,
    0.99,
    0.99,
    0.98,
    0.981,
    0.97000000057,
    0.98,
    0.97,
    0.98,
    0.97,
    0.9700000288000011,
    0.97,
    0.9699999898688886,
    0.97,
    0.97,
    0.98,
    0.97,
    0.97,
    0.97,
    0.96,
    0.96,
    0.94,
    0.96,
    0.96,
    0.95,
    0.95,
    0.93,
    0.93,
    0.93,
    0.93,
    0.93,
    0.95,
    0.93,
    0.93,
    0.92,
    0.93,
    0.91,
    0.93,
    0.929999999721,
    0.92,
    0.9141410827279118,
    0.92,
    0.9199999877333048,
    0.91,
    0.91,
    0.91,
    0.91,
    0.92,
    0.92,
    0.92,
    0.9100002030255585,
    0.92,
    0.9100000248684224,
    0.92,
    0.92,
    0.92,
    0.91,
    0.9199999921868316,
    0.9199999999782988,
    0.9100000093375002,
    0.91,
    0.9387997436345628,
    0.91,
    0.91,
    0.93,
    0.93,
    0.9100000810000081,
    0.93,
    0.9100000510000051,
    0.93,
    0.91,
    0.91,
    0.91,
    0.93,
    0.9100000093375002,
    0.9100000154800004,
    0.9100000154800004,
    0.91,
    0.9,
    0.91,
    0.9,
    0.9,
    0.9,
    0.9,
    0.8900000184800005,
    0.89,
    0.88,
    0.88,
    0.86,
    0.86,
    0.85,
    0.84,
    0.84,
    0.85,
    0.8599999984287454,
    0.85,
    0.85,
    0.86,
    0.85,
    0.8816969475656552,
    0.85,
    0.85,
    0.86,
    0.86,
    0.87,
    0.88,
    0.88,
    0.88,
    0.89,
    0.88,
    0.8823121387283237,
    0.8300002606668463,
    0.86,
    0.84,
    0.84,
    0.87,
    0.87,
    0.87,
    0.86,
    0.86,
    0.85,
    0.84,
    0.85,
    0.85,
    0.85,
    0.8534351138322941,
    0.84,
    0.84,
    0.84,
    0.859999997074829,
    0.8566340484990652,
    0.82,
    0.8199999939578935,
    0.83,
    0.8296731160176974,
    0.79,
    0.8,
    0.8199999871611033,
    0.8,
    0.8021702936942701,
    0.8,
    0.789999999684,
    0.78,
    0.7799999937599991,
    0.779999999784,
    0.78,
    0.75,
    0.76,
    0.7400001352000649,
    0.74,
    0.74,
    0.75,
    0.76,
    0.76,
    0.76,
    0.76,
    0.76,
    0.76,
    0.76,
    0.8,
    0.78,
    0.8,
    0.78,
    0.78,
    0.8,
    0.8,
    0.8,
    0.829999970119998,
    0.8217821766718949,
    0.7881773399014779,
    0.7799999995319999,
    0.78,
    0.7799999985727355,
    0.7799999984399996,
    0.77,
    0.76,
    0.7857809586486681,
    0.7799999984399996,
    0.7759669891434161,
    0.7699999998751351,
    0.77,
    0.76,
    0.76,
    0.76,
    0.76,
    0.76,
    0.76,
    0.76,
    0.76,
    0.76,
    0.76,
    0.760006,
    0.76,
    0.76,
    0.76,
    0.76,
    0.76,
    0.7699999941400287,
    0.76,
    0.76,
    0.76,
    0.7699996784045424,
    0.770006,
    0.77,
    0.77,
    0.7700101801946684,
    0.77,
    0.770006,
    0.7799939950858295,
    0.7799939995950796,
    0.78,
    0.78,
    0.7700963597430407,
    0.7700060045503876,
    0.7700000009053736,
    0.770006,
    0.7799999992712227,
    0.7700061500416979,
    0.7799953195080549,
    0.760006040649467,
    0.7746451172422135,
    0.77,
    0.7600066493392402,
    0.7600000002803656,
    0.7600065604404616,
    0.77,
    0.7699933472548186,
    0.7699954997762138,
    0.7600065515773029,
    0.76,
    0.7600060510494498,
    0.77,
    0.7600000046502615,
    0.7600060020573134,
    0.76,
    0.7699915223763834,
    0.7600061342493428,
    0.7699988311688312,
    0.7600001440000576,
    0.7799939973961033,
    0.77,
    0.76000000474638,
    0.76,
    0.7600060004000266,
    0.77,
    0.770006,
    0.77,
    0.78,
    0.779999997812675,
    0.7799999979199999,
    0.78,
    0.7799999998268975,
    0.77,
    0.7799999812799929,
    0.7799999991518282,
    0.7799933023645345,
    0.779983486819177,
    0.7799709393316047,
    0.7600060291186911,
    0.7600290834461885,
    0.7600291215055333,
    0.7600060150497441,
    0.7600060563168277,
    0.770190479906646,
    0.7699762901129856,
    0.7699709483662275,
    0.760007087918254,
    0.76,
    0.7699709485259034,
    0.7799939988472617,
    0.77,
    0.77,
    0.77,
    0.77,
    0.77,
    0.75,
    0.75,
    0.76,
    0.76,
    0.76,
    0.76,
    0.76,
    0.76,
    0.76,
    0.7699999876799952,
    0.77,
    0.7700076831329696,
    0.77,
    0.7799867211139841,
    0.77,
    0.77,
    0.7700000062308405,
    0.7700390794615719,
    0.77,
    0.77,
    0.77,
    0.77,
    0.77,
    0.7700060046879601,
    0.7700000017884793,
    0.770040909090909,
    0.77,
    0.7799590841278264,
    0.7799939924850684,
    0.7700060252978878,
    0.77,
    0.7799996862305048,
    0.77,
    0.77,
    0.77,
    0.77,
    0.77,
    0.77,
    0.77,
    0.77,
    0.77,
    0.77,
    0.77,
    0.77,
    0.77,
    0.7700069363014239,
    0.7700000030664622,
    0.7700446475007088,
    0.7700060030042983,
    0.7700060343688384,
    0.7799960678084585,
    0.7799906372323158,
    0.7799688116419204,
    0.7700000007141833,
    0.770006002396252,
    0.7700311821351234,
    0.7700060131674299,
    0.7839699058234265,
    0.7799939030374963,
    0.7799939846827809,
    0.7799884184805441,
    0.7700000056994175,
    0.770090144162191,
    0.7700079072437989,
    0.770140489903429,
    0.770140489903429,
    0.7701405988522215,
    0.7700079996459281,
    0.7798595786736183,
    0.7798595786736183,
    0.7701405633525573,
    0.7799809996552483,
    0.770000002876317,
    0.7700189947276521,
    0.77,
    0.7700083692789634,
    0.7799809684263073,
    0.7799810199240796,
    0.779998724841149,
    0.779993999038049,
    0.7700084620050772,
    0.7798245159136998,
    0.760176000412501,
    0.7799939160413709,
    0.7600060202876687,
    0.7600060368784429,
    0.7799939732425489,
    0.75,
    0.76,
    0.75,
    0.760000046738063,
    0.7600060028855318,
    0.7600170069883666,
    0.76,
    0.78,
    0.77999999996256,
    0.7739394868757211,
    0.7600060128789357,
    0.769993995303602,
    0.7600000691525518,
    0.75,
    0.76,
    0.7600134005608865,
    0.7600000017411491,
    0.7600134823281353,
    0.779610467837815,
    0.7699939967246016,
    0.7600000702439161,
    0.7600000161584164,
    0.7600000099105302,
    0.77,
    0.770006,
    0.7600000134395102,
    0.7600060004000266,
    0.78,
    0.7799956039540699,
    0.7600060971478897,
    0.76,
    0.7600000067556069,
    0.76,
    0.7601377143435775,
    0.7786818174704924,
    0.769993893936209,
    0.7699950778045119,
    0.7601375564516826,
    0.7698805887951943,
    0.7698805490639591,
    0.7600001440000576,
    0.760000032640002,
    0.7600000655926341,
    0.76,
    0.7600076779602069,
    0.7600077421541092,
    0.7600076679172995,
    0.7601195219123505,
    0.7600080065409368,
    0.7699911656288034,
    0.7699911065938254,
    0.7699911194308222,
    0.7600078021069453,
    0.7600076813554256,
    0.7600077735886371,
    0.7600077421541092,
    0.7699912134258099,
    0.7600087924235265,
    0.7600063685318967,
    0.7600000269118455,
    0.7699891935047352,
    0.7600063619650381,
    0.7600063966316406,
    0.7600065937361985,
    0.7601384615384615,
    0.7698920595287057,
    0.7600064798315244,
    0.76,
    0.7600000099978299,
    0.7601080432172869,
    0.7600060039532119,
    0.76,
    0.7699961078616331,
    0.7600060718494182,
    0.7699940403479092,
    0.7600292778139233,
    0.7601179541370341,
    0.7699731152296894,
    0.760117961009538,
    0.7698821597487037,
    0.7698713921764818,
    0.7601347305389221,
    0.7601372744320959,
    0.7698637595010923,
    0.769846541290858,
    0.7601685393258427,
    0.7699132856426365,
    0.7600865384615385,
    0.760006005730752,
    0.7699132384337801,
    0.7699939815330372,
    0.7600060344094777,
    0.7699960052427096,
    0.7699933419960052,
    0.7699933421173337,
    0.7600066584838147,
    0.7699614424451038,
    0.7699568078545624,
    0.7600067127817307,
    0.7699567882980213,
    0.760006734214405,
    0.7600068140983266,
    0.76,
    0.7600060064804034,
    0.76,
    0.7600431861804222,
    0.7600135041469556,
    0.76,
    0.769956777869579,
    0.7699999269827341,
    0.7699940380271612,
    0.7600462487153135,
    0.760013912699986,
    0.7600135399670299,
    0.760006010049869,
    0.7699999984090906,
    0.7699999608888785,
    0.7699944953862969,
    0.769992094739922,
    0.7699920924121456,
    0.7699920337546489,
    0.769992101900484,
    0.7664330574130521,
    0.77,
    0.7500072580645162,
    0.7500060766566286,
    0.7599927419176562,
    0.750006074296871,
    0.7500160685591859,
    0.7500164104560201,
    0.7599998023998538,
    0.7599982,
    0.76,
    0.7599999969599999,
    0.7500163725257994,
    0.7500642857142857,
    0.76,
    0.7599982,
    0.7500060892870192,
    0.7599974167382011,
    0.750082048003268,
    0.7500060781637774,
    0.750098847442118,
    0.7599013928792945,
    0.7500817989207694,
    0.759999941538438,
    0.7599992787199842,
    0.7599183768621414,
    0.7501086956521739,
    0.7500065806153083,
    0.7599992396799863,
    0.7599939330878299,
    0.7599900056244329,
    0.7598916546207978,
    0.7599939261248981,
    0.7598393578991913,
    0.750006156101484,
    0.7500060019328502,
    0.75017578125,
    0.7598245596261363,
    0.7598245492850729,
    0.7500061033713852,
    0.76,
    0.7599999742372453,
    0.7599989740636737,
    0.7599937984464703,
    0.76,
    0.7599867534242645,
    0.75,
    0.75,
    0.7599867615152345,
    0.7599867534242645,
    0.75,
    0.7599867595618233,
    0.7599258006222291,
    0.7599042089945793,
    0.7599041974614931,
    0.7500167431243863,
    0.7500136342978336,
    0.75,
    0.7500123524567665,
    0.75,
    0.7500167752048,
    0.7599867299592977,
    0.7599867154122877,
    0.750017249157445,
    0.7500279649671064,
    0.750068233510235,
    0.7500341945288754,
    0.7500279557646646,
    0.7599989508265436,
    0.7599837245080351,
    0.7599833320438948,
    0.75992802567524,
    0.7500870406189555,
    0.7500166718712906,
    0.750018092524473,
    0.7599208170325986,
    0.7500184034112928,
    0.7501243093922652,
    0.7598756665103752,
    0.759875859842324,
    0.7598724628782934,
    0.7500180438797823,
    0.750127659574468,
    0.7500180766595516,
    0.759941617338862,
    0.7599256182879821,
    0.7500405357200766,
    0.7500242450666952,
    0.7500242604260029,
    0.7500929977067124,
    0.750074318744839,
    0.7500930158219213,
    0.7599733887706361,
    0.7599863412498632,
    0.7500243883691107,
    0.7500454819825084,
    0.7500797352713234,
    0.7501322304569757,
    0.7500450656299608,
    0.7500901580718845,
    0.7599627861393112,
    0.7501322830201516,
    0.7598676036482152,
    0.7598474131741719,
    0.7501711026615969,
    0.7500903000157939,
    0.7599099961700498,
    0.7500901296154114,
    0.7599099961700498,
    0.75007955001591,
    0.7599204238090171,
    0.75009,
    0.7599159398739098,
    0.7599099961700498,
    0.750045,
    0.759955,
    0.75001805000361,
    0.759994,
    0.75001805000361,
    0.759994,
    0.7500100183495165,
    0.76,
    0.76,
    0.76,
    0.76,
    0.760015,
    0.760006006445294,
    0.7600000072715518,
    0.760015,
    0.7699914890933363,
    0.7699850022298769,
    0.7600060125164539,
    0.77,
    0.7500140969600188,
    0.76,
    0.77,
    0.7699879348188474,
    0.7699859819540651,
    0.7699863572030522,
    0.750014129648437,
    0.7699860069447015,
    0.7699859272684976,
    0.7500134167234297,
    0.7501066350710901,
    0.7500132741644966,
    0.77,
    0.7699998777775062,
    0.7676721470270284,
    0.7599841599728456,
    0.7599443983052674,
    0.7500134001946744,
    0.7500134367912092,
    0.7599184370286323,
    0.7599184576935072,
    0.7500060460516204,
    0.7500060199018753,
    0.7500470189956743,
    0.7500581020012912,
    0.7599806562345811,
    0.7599418922971204,
    0.7599418971179559,
    0.7599418632069996,
    0.7500472479736459,
    0.7500639743655358,
    0.7500640461474767,
    0.7599666319719611,
    0.7599360498980098,
    0.7599360395460506,
    0.7500469194729766,
    0.7599882106755136,
    0.7599881269555392,
    0.7599881717881949,
    0.7599882147520796,
    0.7599882002836454,
    0.7599564096501636,
    0.7500060285017145,
    0.7599882228371022,
    0.7599882232201376,
    0.7599882232201376,
    0.7501011905015516,
    0.7500070229731335,
    0.7500364684141416,
    0.7699929892303479,
    0.7699929897907969,
    0.7670521853063698,
    0.7501011744098738,
    0.7501269393511989,
    0.7501262272089761,
    0.7501021387861827,
    0.7598991011333217,
    0.7599007535180895,
    0.7598737604763038,
    0.7599635890373388,
    0.7500365115412982,
    0.7599629102218803,
    0.759949860169148,
    0.7599438856312563,
    0.750050083472454,
    0.75,
    0.75,
    0.75,
    0.7500267512098834,
    0.7500599754960761,
    0.7500081759580203,
    0.75,
    0.7599400337137646,
    0.7599400254732152,
    0.7500600897701593,
    0.7599399706315649,
    0.7599400087503301,
    0.7599400053830474,
    0.7500268002577357,
    0.7501456310679612,
    0.7598632707109496,
    0.7598549585954205,
    0.7599833158315494,
    0.7599479282638119,
    0.7599479282638119,
    0.7500521328744242,
    0.75,
    0.7501012295413867,
    0.7500060075629668,
    0.7500891394173274,
    0.7500132471893173,
    0.750154109589041,
    0.7598820792286433,
    0.7598461155030348,
    0.7501012432985152,
    0.75994794493855,
    0.7599300863932827,
    0.7599109368171134,
    0.7598995288389063,
    0.7598988391963155,
    0.7599109686528499,
    0.7500891011556471,
    0.7500521428736694,
    0.7500521915325695,
    0.7599479282638119,
    0.7599999483199932,
    0.7500840288443139,
    0.7500133129212018,
    0.7500841343791635,
    0.7599996882049896,
    0.7599999087998286,
    0.7599999694472297,
    0.7599999573831401,
    0.7599984718268459,
    0.7500133847111808,
    0.7500133438913354,
    0.7599866242086624,
    0.7599867508943304,
    0.7599866971715682,
    0.7599866242086624,
    0.7500060108852389,
    0.7599965217881904,
    0.7599939504300058,
    0.7500061068403845,
    0.75,
    0.75,
    0.75,
    0.7500400195991053,
    0.75,
    0.76,
    0.76,
    0.76,
    0.7599999087998286,
    0.7599998764226839,
    0.7500401336769279,
    0.7599940548704767,
    0.7500061373505555,
    0.7599939980975631,
    0.7599939849219882,
    0.7599939843340118,
    0.7599939316445591,
    0.7599939924273406,
    0.75,
    0.7599979891047451,
    0.75,
    0.7599738742303181,
    0.75,
    0.759987458368189,
    0.7599873841968066,
    0.75,
    0.75,
    0.75,
    0.7500069853043901,
    0.7500111064135697,
    0.7500112495044862,
    0.7500060612780666,
    0.7500102226260791,
    0.7500060136808642,
    0.7599897434338482,
    0.7599897180878133,
    0.7599896941261631,
    0.7500661900491126,
    0.7500060092644949,
    0.7501102941176471,
    0.7500486252644858,
    0.7599999087998286,
    0.7599999748760131,
    0.7599608695652174,
    0.7599999695999891,
    0.7500663286150296,
    0.7500663574484548,
    0.7599999971955712,
    0.7599368644074237,
    0.7599338973476627,
    0.7599338855536135,
    0.7500486486339456,
    0.7599999734729365,
    0.7599982676092476,
    0.7599514726910593,
    0.759951433134271,
    0.7500606806011699,
    0.750006175870886,
    0.7599999885282999,
    0.7599999993783231,
    0.7599975759876708,
    0.7599934566377128,
    0.7599934590424312,
    0.7599934152998491,
    0.7599723656901113,
    0.7500060476989937,
    0.7599933728379074,
    0.759993469259048,
    0.7599934688755632,
    0.7599934552548587,
    0.7599942171825107,
    0.7599939909768386,
    0.7599939789917337,
    0.75,
    0.75,
    0.7599999878399966,
    0.75,
    0.75,
    0.7599999878399966,
    0.75,
    0.75,
    0.76,
    0.75,
    0.75999274,
    0.76,
    0.76,
    0.76,
    0.7599783593220458,
    0.7400060067754831,
    0.7400000411069594,
    0.7400061269693784,
    0.7400216294160058,
    0.7599939917585995,
    0.7599285819047308,
    0.740006014572777,
    0.7401365705614568,
    0.7401367781155015,
    0.7598631819928123,
    0.7400060380189938,
    0.75,
    0.759993999086183,
    0.7499995347297507,
    0.74,
    0.7400170145174123,
    0.7400989010989011,
    0.7400000085855232,
    0.7401747572815534,
    0.740022126379225,
    0.7499778756084208,
    0.7499778756084208,
    0.7498564882011366,
    0.7498820295387545,
    0.740022306108442,
    0.7400223041452502,
    0.740022209913712,
    0.7401185545728263,
    0.7401045296167248,
    0.7400225466796352,
    0.740118058995048,
    0.7498954702607096,
    0.7498953419714733,
    0.7499778447514672,
    0.7499777349962333,
    0.7499673817402778,
    0.7400163007413582,
    0.749875520414652,
    0.749875520414652,
    0.7400161888365284,
    0.7400295725416585,
    0.7498755718731414,
    0.7401535474492354,
    0.7400293198323166,
    0.7401246537396122,
    0.7401534458461596,
    0.7498671430128035,
    0.7498466383629047,
    0.7498573566152786,
    0.7401015801354401,
    0.7400296048801852,
    0.7401426307448494,
    0.7401742407325118,
    0.7499707067281294,
    0.7401738862022842,
    0.749988915891297,
    0.7499474012323019,
    0.7498983868096705,
    0.749988911449497,
    0.7400162484605242,
    0.7400163333741554,
    0.7499889376465761,
    0.7499766569753845,
    0.7400000046800609,
    0.7400348837209302,
    0.7400217873572162,
    0.740000003817632,
    0.74,
    0.740021804465406,
    0.740067481808274,
    0.7401654411764705,
    0.740135400225667,
    0.7401148830945974,
    0.7400677653407308,
    0.7401113861386138,
    0.7499324352050079,
    0.7499092422067346,
    0.7498650241497332,
    0.7498649905543827,
    0.7401350530060814,
    0.7499782131285513,
    0.7401351922098793,
    0.7401152685571827,
    0.7499706261485176,
    0.7401350813110804,
    0.7498850798816679,
    0.7498685816381576,
    0.749888603981041,
    0.7400001130435274,
    0.7498956894470116,
    0.7498311093083408,
    0.74,
    0.7400121550296064,
    0.7400000107792901,
    0.7400121378966594,
    0.7401685393258427,
    0.7400121328706074,
    0.7499878595654531,
    0.7499702650951594,
    0.7498429075966737,
    0.740157151887313,
    0.7400076320238472,
    0.7498429075966737,
    0.7499180712049345,
    0.7499180712049345,
    0.7400251581841053,
    0.7400428367444074,
    0.7400076874395779,
    0.7499180201019482,
    0.740129258899564,
    0.7400251738765998,
    0.7400817438692098,
    0.7499180928952579,
    0.7401567944250871,
    0.7401292233779427,
    0.7499811493866856,
    0.74987064143394,
    0.7498706470781918,
    0.7499324122399652,
    0.7499323184728948,
    0.7499324384581916,
    0.7400251357605229,
    0.7400675168792198,
    0.7499704886524181,
    0.7499467954183657,
    0.7499475973723316,
    0.7400106857448164,
    0.7300000530192005,
    0.74,
    0.74,
    0.7400196519957342,
    0.7400076407165295,
    0.7400523560209424,
    0.7400197080899149,
    0.7400196649164787,
    0.7499877901984092,
    0.740019681372605,
    0.7499803358334771,
    0.7400170842824602,
    0.7400102539962039,
    0.7401378254211333,
    0.7400197575216534,
    0.749982870740447,
    0.7499746005494132,
    0.7498623743495265,
    0.7499828808042808,
    0.7401239669421488,
    0.7400198313443884,
    0.7499829031149157,
    0.7499645166665196,
    0.749989744108736,
    0.749980250975974,
    0.7401177500313165,
    0.740019824023271,
    0.740117775652974,
    0.7499669174170304,
    0.7499150792584878,
    0.7400849056603773,
    0.7400104125227627,
    0.74998976968881,
    0.7499897530350638,
    0.7400414554877344,
    0.740010239558008,
    0.7400415516098058,
    0.7499939972070451,
    0.749932568558715,
    0.73,
    0.73,
    0.73,
    0.7425232771515183,
    0.73,
    0.7401442596327236,
    0.73,
    0.7301428571428571,
    0.7499507844693422,
    0.7300492323727974,
    0.7499473045829615,
    0.7498504944991271,
    0.74,
    0.74,
    0.7401036225785093,
    0.7499693194301296,
    0.7401125,
    0.7400562437252466,
    0.749969251214577,
    0.7499601895999986,
    0.7401038557771709,
    0.7400564375393399,
    0.7401038987163595,
    0.7499370677391107,
    0.7499156344651641,
    0.749958611638426,
    0.7499586183488973,
    0.740041563508557,
    0.7499585646649962,
    0.7400413864593874,
    0.7499820004283898,
    0.7499819660549629,
    0.740012635176789,
    0.7400179964007199,
    0.7499770084576476,
    0.7401349325337331,
    0.7400309704060565,
    0.7400127382378799,
    0.7400370065789473,
    0.7499689297920439,
    0.7499669587740494,
    0.7499538371266928,
    0.7400127570563256,
    0.7499873439604067,
    0.7499872501784975,
    0.7400126441099846,
    0.740086005747088,
    0.7499836982461113,
    0.7499012002204716,
    0.7499939941840265,
    0.74,
    0.74,
    0.7400004772158242,
    0.7499942812936051,
    0.7499945625394215,
    0.7400001274510428,
    0.75,
    0.7400003482682362,
    0.75,
    0.75,
    0.7500060221591153,
    0.7500060151618814,
    0.7500060101298118,
    0.7599939504300058,
    0.7500061712877437,
    0.7500061873530504,
    0.7500060132486466,
    0.7500060085767942,
    0.7599999087998286,
    0.76,
    0.75999999848,
    0.7595442722077327,
    0.75,
    0.75,
    0.75,
    0.75,
    0.75,
    0.75,
    0.749993250060682,
    0.7400099344046693,
    0.7400361565322193,
    0.7400099700672416,
    0.7400426944971537,
    0.7400432890812848,
    0.7400166200239058,
    0.75,
    0.75,
    0.7499897645146888,
    0.7499572523938659,
    0.7499582439511825,
    0.740041811920799,
    0.7400419110595902,
    0.7499581897473011,
    0.74003603194085,
    0.7499467878568776,
    0.7401497504159734,
    0.7400166351902978,
    0.7498498424188981,
    0.7498498424188981,
    0.7400213722463012,
    0.7400167572652842,
    0.7499841124597355,
    0.7400331435417682,
    0.7400212534896742,
    0.7499900919548343,
    0.7499900923142593,
    0.7499920532756063,
    0.7400354791759061,
    0.7400331755027991,
    0.7400678314987817,
    0.7499324557999795,
    0.7499325060069654,
    0.7400675876596505,
    0.7400676500610451,
    0.7499478786068005,
    0.7400354366502921,
    0.7400521134916039,
    0.7499787602507489,
    0.7499777530956933,
    0.7499682938421344,
    0.749947878466082,
    0.7400060693889937,
    0.7499572992955962,
    0.7400426944971537,
    0.7400060210863714,
    0.7499572523938659,
    0.7499939990984891,
    0.7400676544053575,
    0.7400060848905496,
    0.7400060169202574,
    0.740006013446256,
    0.740006032614742,
    0.7499935625531089,
    0.7499882509652326,
    0.7300675981342655,
    0.7301349325337332,
    0.7499325060474582,
    0.7499564837619749,
    0.73,
    0.73,
    0.74,
    0.7400434384991258,
    0.7499587716760722,
    0.740007056617088,
    0.7400000292502431,
    0.7400064980995472,
    0.7400065218389106,
    0.7400064861802581,
    0.7400064789014386,
    0.7499174153033473,
    0.74,
    0.74,
    0.7400060429193195,
    0.7400000249746196,
    0.740006013446256,
    0.7400060075723073,
    0.7300243055555555,
    0.7499926144476554,
    0.7300244922025596,
    0.7300127544687416,
    0.7499879345689819,
    0.7499871636516151,
    0.7300081940494553,
    0.7300069345183765,
    0.7300127435610739,
    0.7300081864694183,
    0.7300972636260635,
    0.7301648809628652,
    0.7301647265041376,
    0.7472197027428006,
    0.7399028007753172,
    0.7300972925579301,
    0.7300082358320685,
    0.73999181124816,
    0.7300069330068997,
    0.7300447100342314,
    0.739999999291866,
    0.7399999353967798,
    0.7399966454976816,
    0.7399552621706357,
    0.730006029866691,
    0.7300061963639898,
    0.739999998816,
    0.74,
    0.7399999674399819,
    0.7399999674399819,
    0.73,
    0.73,
    0.73,
    0.729994,
    0.729997,
    0.73,
    0.7299999826624982,
    0.729999904187333,
    0.7299998101998596,
    0.720000156800069,
    0.72,
    0.72,
    0.72,
    0.7200000084359585,
    0.72,
    0.7299999995741666,
    0.7299999826624982,
    0.73,
    0.72,
    0.72,
    0.72,
    0.720000156800069,
    0.73,
    0.74,
    0.73,
    0.72,
    0.72,
    0.72,
    0.7200000561113699,
    0.7201888933254211,
    0.7299806264126574,
    0.7201888295169574,
    0.7201888666107801,
    0.7299999981749999,
    0.7299999974449999,
    0.7299999805532772,
    0.7201888880755553,
    0.7100001334000721,
    0.72,
    0.72,
    0.72,
    0.72,
    0.71,
    0.71,
    0.71,
    0.709999998012,
    0.7,
    0.7,
    0.7,
    0.7,
    0.7264813851580886,
    0.6998793623267198,
    0.6998793622392511,
    0.7000650859885318,
    0.70006509394423,
    0.709999998012,
    0.6999680255739619,
    0.6999680254471581,
    0.6999680255540319,
    0.7099999992062112,
    0.69,
    0.7,
    0.69,
    0.68,
    0.68,
    0.68,
    0.68,
    0.68,
    0.68,
    0.68,
    0.67,
    0.69,
    0.66,
    0.78,
    0.74,
    0.8,
    0.74,
    0.73,
    0.8799883900042517,
    0.8799883900901783,
    0.8799883900751836,
    0.9234754780010342,
    0.879973474801061,
    0.879973474801061,
    0.8799734246165489,
    0.8799999964799989,
    0.8799999909161268,
    0.8760308438177867,
    0.8500107546502685,
    0.83,
    0.8202966572651927,
    0.8202967216258666,
    0.86,
    0.8582714400823213,
    0.8899999859473391,
    0.9,
    0.9099999783975753,
    0.7200000672000108,
    0.91,
    0.91,
    0.93,
    0.96
]
