[
    0.001,
    0.01,
    0.01,
    0.02,
    0.02,
    0.02,
    0.01,
    0.01,
    0.01,
    0.01,
    0.02,
    0.02,
    0.02,
    0.05,
    0.03,
    0.09,
    0.09,
    0.08,
    0.09,
    0.08,
    0.08,
    0.08,
    0.08,
    0.08,
    0.0800000000368,
    0.08,
    0.08,
    0.09,
    0.1,
    0.08,
    0.08,
    0.09,
    0.08,
    0.08,
    0.1,
    0.08,
    0.1,
    0.08,
    0.07,
    0.07000000930010221,
    0.07,
    0.07,
    0.07,
    0.07000000045767728,
    0.07,
    0.08,
    0.08,
    0.08,
    0.11999989919998387,
    0.08000001840000884,
    0.12,
    0.12,
    0.12,
    0.15,
    0.18,
    0.2099999922299999,
    0.25,
    0.190000001167147,
    0.23999991839998694,
    0.2399999855999994,
    0.16000000031818182,
    0.11,
    0.22,
    0.25,
    0.24,
    0.17,
    0.28,
    0.26,
    0.28,
    0.28,
    0.6649087741828155,
    0.53,
    0.5300000115401808,
    0.530000033426729,
    0.5300000104444463,
    0.53,
    0.53,
    0.5300000340724995,
    0.53,
    0.53,
    0.4926005509641873,
    0.3696257733127188,
    0.29,
    0.29,
    0.29999999972187713,
    0.2800001440004032,
    0.3,
    0.27,
    0.27,
    0.29,
    0.31,
    0.3,
    0.3099999193999887,
    0.3,
    0.3,
    0.3,
    0.29,
    0.3,
    0.3024390202962522,
    0.31,
    0.30999994006665826,
    0.29,
    0.30999998945999985,
    0.30999998356999925,
    0.29,
    0.29,
    0.34,
    0.29,
    0.2899999640399973,
    0.26,
    0.29,
    0.28,
    0.29,
    0.29,
    0.32,
    0.29,
    0.29,
    0.29,
    0.29,
    0.39,
    0.2899999833518513,
    0.43999995506382483,
    0.44,
    0.48,
    0.44,
    0.5,
    0.56,
    0.62,
    0.62,
    0.620000045537194,
    0.5605248007316034,
    0.56,
    0.62,
    0.5599999662068913,
    0.56,
    0.6299999996325,
    0.5699999561538399,
    0.59,
    0.57,
    0.6,
    0.64,
    0.68,
    0.65,
    0.67,
    0.7289208766716196,
    0.59,
    0.5,
    0.5099998316998873,
    0.45,
    0.46,
    0.45,
    0.43,
    0.61,
    0.61,
    0.62,
    0.63,
    0.6299999888704487,
    0.6299999914949993,
    0.6,
    0.6299999921879995,
    0.6,
    0.6,
    0.6,
    0.6,
    0.6,
    0.5,
    0.48,
    0.5,
    0.48000000021108896,
    0.48,
    0.48,
    0.509999999949,
    0.48,
    0.48,
    0.48,
    0.45000001185345057,
    0.41,
    0.3800000372000052,
    0.3652966101694915,
    0.36,
    0.36,
    0.36,
    0.36,
    0.33,
    0.34608739622393253,
    0.31,
    0.31,
    0.32,
    0.3,
    0.29000002982001066,
    0.3,
    0.3,
    0.299999819999928,
    0.299999819999928,
    0.28,
    0.3,
    0.3,
    0.3,
    0.28,
    0.3,
    0.3,
    0.3,
    0.29,
    0.29,
    0.29,
    0.29,
    0.3,
    0.29,
    0.3,
    0.3000000315315372,
    0.2800000129729786,
    0.26,
    0.22,
    0.2,
    0.22,
    0.23,
    0.2,
    0.22,
    0.19411357340720223,
    0.23000002797009042,
    0.2,
    0.17,
    0.17124221106262022,
    0.18,
    0.1800000065600016,
    0.19,
    0.19,
    0.19,
    0.19000002430009647,
    0.19000000013289217,
    0.1900000068850003,
    0.19,
    0.19,
    0.19,
    0.1723009664058905,
    0.15,
    0.1,
    0.1,
    0.11,
    0.13,
    0.11999998991999984,
    0.129625,
    0.12999997930612153,
    0.13,
    0.1600000237176743,
    0.1600000237176743,
    0.16,
    0.16,
    0.1600000237176743,
    0.1600000237176743,
    0.1598753790036053,
    0.13424657379245636,
    0.1,
    0.1,
    0.11,
    0.1,
    0.1,
    0.1,
    0.1,
    0.14,
    0.14,
    0.14,
    0.16,
    0.14,
    0.17,
    0.19,
    0.19,
    0.14,
    0.14025108,
    0.15,
    0.15,
    0.17,
    0.17,
    0.16999988609996242,
    0.17,
    0.22999998688999942,
    0.2299999782532037,
    0.23,
    0.20999997395999803,
    0.21,
    0.28,
    0.31,
    0.32,
    0.32,
    0.2800001440004032,
    0.3099998294999233,
    0.2800001440004032,
    0.26000000345929114,
    0.27,
    0.25,
    0.22,
    0.23,
    0.23,
    0.23,
    0.24,
    0.23,
    0.23,
    0.2599998647999351,
    0.25,
    0.25,
    0.25,
    0.25,
    0.25,
    0.25,
    0.26,
    0.25,
    0.26,
    0.25,
    0.23,
    0.23,
    0.24,
    0.23000000514858915,
    0.2300000054149093,
    0.25,
    0.25,
    0.25,
    0.25,
    0.2599999838799994,
    0.26,
    0.25,
    0.25,
    0.25,
    0.32,
    0.339999829999915,
    0.34,
    0.37,
    0.37,
    0.42,
    0.4,
    0.4,
    0.3900000003724781,
    0.3799999950599998,
    0.4,
    0.4,
    0.35999999039999964,
    0.3499999837962954,
    0.3499999858299591,
    0.34999999895,
    0.3499999789789781,
    0.35,
    0.35,
    0.39,
    0.39,
    0.37,
    0.39,
    0.39,
    0.39,
    0.388,
    0.3299999717142841,
    0.32999990934063445,
    0.34999998178664293,
    0.3460330748866483,
    0.29000001846000134,
    0.33989599077262594,
    0.29,
    0.32,
    0.3187250996015936,
    0.31,
    0.31,
    0.31,
    0.3,
    0.31,
    0.21,
    0.21,
    0.24770208341356337,
    0.22,
    0.23999999673599998,
    0.23999999572214936,
    0.24,
    0.2399998559999424,
    0.2399998559999424,
    0.17,
    0.19,
    0.16,
    0.18,
    0.22,
    0.25,
    0.22,
    0.22,
    0.22,
    0.21,
    0.25,
    0.25,
    0.25,
    0.24,
    0.2399999855999994,
    0.23,
    0.22,
    0.22000000020726307,
    0.22,
    0.23,
    0.23225801706555058,
    0.23,
    0.22,
    0.2,
    0.2,
    0.2,
    0.17,
    0.17,
    0.23,
    0.26,
    0.26,
    0.26999999567999994,
    0.27999999686399996,
    0.27,
    0.2799999895466664,
    0.28,
    0.27,
    0.29964632015574744,
    0.24,
    0.24,
    0.2,
    0.19,
    0.18000000765333582,
    0.18999997263999846,
    0.19,
    0.19,
    0.18999993020407166,
    0.19,
    0.16,
    0.19811317764328795,
    0.17999999361818175,
    0.2,
    0.21999991639998998,
    0.2,
    0.13,
    0.1,
    0.12,
    0.13,
    0.16,
    0.16,
    0.18999993729998935,
    0.19,
    0.17,
    0.17,
    0.17,
    0.17000000569206158,
    0.18999994033815415,
    0.18,
    0.1799998703999637,
    0.17000000265600052,
    0.17000000249000036,
    0.18,
    0.18,
    0.17999999279999992,
    0.17000009130017255,
    0.18,
    0.19,
    0.17000001177305782,
    0.19,
    0.2,
    0.19,
    0.19,
    0.18,
    0.22,
    0.21,
    0.22,
    0.22,
    0.22,
    0.22,
    0.22,
    0.22,
    0.22999999682599997,
    0.23,
    0.23,
    0.22,
    0.22,
    0.22,
    0.1900000145800012,
    0.2,
    0.18999997466666477,
    0.19,
    0.22,
    0.2399999673599979,
    0.21047934895098316,
    0.21,
    0.21,
    0.279999998096,
    0.24,
    0.25,
    0.23,
    0.16,
    0.16000000033923403,
    0.18000001640001606,
    0.18,
    0.19,
    0.209999999531,
    0.2,
    0.18,
    0.20754716730509076,
    0.19,
    0.18999987839995622,
    0.18999998802999957,
    0.18999987839995622,
    0.19,
    0.17,
    0.17,
    0.17,
    0.17,
    0.17,
    0.17,
    0.17,
    0.19,
    0.21,
    0.2299999934410646,
    0.229999999448,
    0.22999999682599997,
    0.21,
    0.21,
    0.21,
    0.2100000314428083,
    0.23,
    0.22999999712814892,
    0.21,
    0.22,
    0.23999999855999998,
    0.2100000158634726,
    0.25,
    0.25,
    0.25,
    0.2599999959797799,
    0.2599998647999351,
    0.26999985419993294,
    0.25999994799999304,
    0.26,
    0.258904589806046,
    0.25,
    0.19,
    0.18,
    0.15,
    0.16,
    0.16,
    0.15,
    0.16,
    0.16000003638990326,
    0.17,
    0.16000006420398033,
    0.16025316455696204,
    0.15,
    0.15,
    0.15,
    0.14,
    0.14,
    0.14000001720000538,
    0.14000000801242354,
    0.15,
    0.15,
    0.16,
    0.1500000850003315,
    0.150000000085,
    0.16,
    0.15000000099624947,
    0.16,
    0.16,
    0.15,
    0.15000000056666668,
    0.16,
    0.18,
    0.18,
    0.18000001640001606,
    0.2199998753333001,
    0.2199999943679999,
    0.2199999943679999,
    0.22999998688999942,
    0.19,
    0.24311675196751734,
    0.20999997395999803,
    0.21999997271999794,
    0.2199999891466665,
    0.21,
    0.21,
    0.210018,
    0.2100567513354675,
    0.21000000020576567,
    0.2100567732537702,
    0.2199818734763622,
    0.21997482879899316,
    0.21995431271896596,
    0.21004568782885477,
    0.21,
    0.2199542057424715,
    0.219994,
    0.21000001343000516,
    0.21980529642948204,
    0.21001484660977665,
    0.21,
    0.2100060004074405,
    0.21000600054124635,
    0.2100060027705885,
    0.22999385587257015,
    0.22999795331817252,
    0.22,
    0.220006,
    0.21,
    0.22,
    0.21000000058684576,
    0.22014040561622464,
    0.22000600000142082,
    0.2299999902249998,
    0.2299526353676532,
    0.22999399443340435,
    0.22000601531721906,
    0.22002697845770153,
    0.2200307062959848,
    0.22000600001212123,
    0.22000961752679865,
    0.2299915645998313,
    0.22997649245777785,
    0.22997452919898118,
    0.22996622805549502,
    0.2200096174696126,
    0.22000973428825038,
    0.22003696098562628,
    0.2200096309296256,
    0.2299694229969423,
    0.22985946378330668,
    0.220018,
    0.22000600202948897,
    0.22014040561622464,
    0.22000600000096351,
    0.22000601531721906,
    0.23,
    0.22999999750799288,
    0.22999669485543014,
    0.22999397908533023,
    0.23,
    0.2299996882714979,
    0.22,
    0.22000600060060027,
    0.22,
    0.22000600595447486,
    0.22000600751493163,
    0.22000600751493163,
    0.22000000060795016,
    0.22000000081611304,
    0.22999666760131798,
    0.22000000093768787,
    0.22,
    0.2200060004413348,
    0.22,
    0.2200060014698947,
    0.2299884578587345,
    0.2201035673187572,
    0.22,
    0.2200413795685161,
    0.22995850281762545,
    0.22004145485885654,
    0.22999397047686407,
    0.22000000919034068,
    0.22000600067852116,
    0.22000600595447486,
    0.22000871763420413,
    0.22001324128514452,
    0.23,
    0.2200132416535056,
    0.22999999219380216,
    0.22999989204079355,
    0.22999795995997524,
    0.22001882537702203,
    0.2200087844168531,
    0.2200437579104905,
    0.22998590186325674,
    0.22999309576047894,
    0.22001885996282605,
    0.22001117518764385,
    0.22000872468121438,
    0.22998143780178631,
    0.22001117761117678,
    0.22001318900050568,
    0.22003235082674336,
    0.22005739795918366,
    0.22001317580761132,
    0.22001973838234196,
    0.22998024630472877,
    0.2200197725185392,
    0.22001981155622113,
    0.22001316471618584,
    0.22002166064981948,
    0.22002676192600154,
    0.22004329748480736,
    0.22001312761336747,
    0.22998694439908587,
    0.2200433656755998,
    0.2299765366020067,
    0.22997223650619905,
    0.22994897297316058,
    0.2200267518441357,
    0.22005090497737556,
    0.22005608101435545,
    0.22996787203384478,
    0.22997318331259817,
    0.229973107244018,
    0.22001458104631577,
    0.22002075167166243,
    0.22001299343841044,
    0.220049083882483,
    0.22997926926334117,
    0.22997585969132273,
    0.22004918389519915,
    0.22001446605949818,
    0.22001296421145067,
    0.22999532133292844,
    0.22000600002053677,
    0.22999991374997844,
    0.22,
    0.21999999817844396,
    0.219999856074726,
    0.21000000147409592,
    0.2100329155328896,
    0.21,
    0.21000709935957398,
    0.21,
    0.21001475430909872,
    0.2100329258331389,
    0.22,
    0.2199888113369837,
    0.21996699798423033,
    0.21996700933144514,
    0.21003300095388755,
    0.21001474936372982,
    0.21998019496207713,
    0.21001482015161427,
    0.2100867100610357,
    0.21000710283115406,
    0.2100122599579469,
    0.21999306720891498,
    0.21998457126441062,
    0.21009646843326282,
    0.21015818892181043,
    0.2100122569297439,
    0.21015826331839568,
    0.21990322842826768,
    0.2199938569275922,
    0.21001226513086943,
    0.21999385336559032,
    0.21001630498945056,
    0.21003960112574113,
    0.21001018136533067,
    0.21003152539956663,
    0.21000968023391317,
    0.21003961655284642,
    0.2199752019932475,
    0.21996027073617036,
    0.2199485549025135,
    0.21001630460309018,
    0.2100164001251339,
    0.21001630480385383,
    0.210010166198146,
    0.2100108407162349,
    0.210144,
    0.21001016495125446,
    0.21999979073999992,
    0.21000967201113116,
    0.21,
    0.21,
    0.21000000303612779,
    0.21999399218376706,
    0.21000000921667117,
    0.22,
    0.22,
    0.2200070169967254,
    0.22,
    0.22,
    0.22,
    0.2200414072493312,
    0.22,
    0.21,
    0.22,
    0.22,
    0.21,
    0.22,
    0.22004139919071677,
    0.22004139887027274,
    0.2299878429188807,
    0.22999366367329854,
    0.22000630366294222,
    0.22998916011471837,
    0.22,
    0.22,
    0.22,
    0.22,
    0.22001799280287884,
    0.2299849895783793,
    0.22000950423394897,
    0.22001499795473126,
    0.22001499435591823,
    0.22996551533534315,
    0.22003428036326436,
    0.22014380148531282,
    0.22006569811911034,
    0.22000951360288365,
    0.22012912482065997,
    0.22014381607015387,
    0.22987084021432594,
    0.22993424530885737,
    0.2200657017309879,
    0.22996567079540237,
    0.22003441218497097,
    0.2200342873098735,
    0.22985692624338316,
    0.22000950468442304,
    0.22000973428825038,
    0.2399664526563713,
    0.22,
    0.2200300048784399,
    0.22000615608017401,
    0.22000808134706615,
    0.22003015372471818,
    0.2200334323922734,
    0.22000807911296016,
    0.22000808071668781,
    0.23999991839998694,
    0.2399999673599979,
    0.22000808073244507,
    0.24,
    0.2399998559999424,
    0.23999126292079934,
    0.22000615295169934,
    0.23996034811570868,
    0.2200061713161096,
    0.23,
    0.22000625556234152,
    0.22999982749995687,
    0.22999982749995687,
    0.22999781234807973,
    0.2200702032341584,
    0.2200584796463876,
    0.22001798210994902,
    0.22,
    0.22011688392528553,
    0.22000900450225114,
    0.23,
    0.23,
    0.22011696709120984,
    0.22007024564011984,
    0.22015308506737585,
    0.23,
    0.2299954962880926,
    0.22015319371940065,
    0.22994211089492708,
    0.2299073680038312,
    0.2200702436879768,
    0.22007025513823403,
    0.2299114919645968,
    0.2298915722363801,
    0.2200584909393796,
    0.22001798402705042,
    0.22015653926655587,
    0.220018033210122,
    0.22017544160845223,
    0.22001799790992013,
    0.22999982749995687,
    0.22017543922406668,
    0.23,
    0.23,
    0.23,
    0.23,
    0.23,
    0.23,
    0.22999099229990994,
    0.23,
    0.220018033210122,
    0.220018033210122,
    0.22999099844986498,
    0.23,
    0.22982437312914525,
    0.22000684661417597,
    0.2200068148972629,
    0.2200068639533251,
    0.2200068639533251,
    0.2200068639533251,
    0.2200068639533251,
    0.2200068639533251,
    0.2200068639533251,
    0.22007020338094982,
    0.22,
    0.2200060000017934,
    0.220175783287411,
    0.22,
    0.22,
    0.22,
    0.22017578814962346,
    0.22007026394018556,
    0.22007026394018556,
    0.22999549729995497,
    0.22000600751493163,
    0.22000876851130163,
    0.22,
    0.22001900354761478,
    0.2200190504553437,
    0.2299998773333079,
    0.229998499099995,
    0.22001797842588894,
    0.22003340368981664,
    0.2200119193236545,
    0.22014264670574224,
    0.22008500606805811,
    0.22007030009586376,
    0.2200849974350165,
    0.22999982749995687,
    0.22008500632622838,
    0.2299589884980332,
    0.22017518002273972,
    0.22017518002273972,
    0.2298242807756853,
    0.22017547663104556,
    0.22010695187165774,
    0.22017548408630014,
    0.22010695187165774,
    0.22017547663104556,
    0.22982440951804212,
    0.22017548408630014,
    0.2298941819011946,
    0.22008503429877901,
    0.22008503429877901,
    0.2201646929411267,
    0.2200702342142556,
    0.22014295139384316,
    0.22983590159887804,
    0.22016454783179149,
    0.22014294126930226,
    0.22014289071387128,
    0.22999990559698322,
    0.22998885013831533,
    0.22985722383387466,
    0.2200702899259119,
    0.22007027936260642,
    0.22007025411963022,
    0.22999984453699818,
    0.22999035207881924,
    0.22986847532072208,
    0.22003342308671248,
    0.22013138686131387,
    0.2200334194968499,
    0.22003340617940736,
    0.2200334070229926,
    0.22996646470645754,
    0.22017547663104556,
    0.22001294742619776,
    0.22008770990710969,
    0.2299780232854437,
    0.22983969252038247,
    0.22017548408630014,
    0.22017547663104556,
    0.22013250694592862,
    0.22017548408630014,
    0.22008768567302828,
    0.22008768567302828,
    0.22008768567302828,
    0.22001294273392283,
    0.22012098967576746,
    0.22013761467889909,
    0.22995243888950337,
    0.22012082932689367,
    0.22995249791432945,
    0.22995243888950337,
    0.22014050415827427,
    0.22001133721266528,
    0.22017543859649122,
    0.2298601489467599,
    0.2201754411617055,
    0.22982507617146752,
    0.22014042938309566,
    0.2299241925093238,
    0.22014042938309566,
    0.2298362278156216,
    0.2200113099844292,
    0.22017509727626458,
    0.22982440951804212,
    0.22017518002273972,
    0.22001907876805668,
    0.220175858961458,
    0.22017578814962346,
    0.22001125524884202,
    0.22001125524884202,
    0.22999433137560008,
    0.22000799493004436,
    0.22000799493004436,
    0.22000799493004436,
    0.22000799493004436,
    0.22000799493004436,
    0.22000799493004436,
    0.22000799493004436,
    0.22000799493004436,
    0.22000799493004436,
    0.22000799493004436,
    0.22000799493004436,
    0.22000799493004436,
    0.22000799493004436,
    0.22000799493004436,
    0.22000799493004436,
    0.22000799493004436,
    0.22000799493004436,
    0.22998372239543216,
    0.22000000156000046,
    0.22989628286646688,
    0.22000001664582125,
    0.2201013761116992,
    0.22010170881915078,
    0.2201035673187572,
    0.22010172436447786,
    0.22989857789266582,
    0.2298962765025466,
    0.22010135760563004,
    0.22010358703694646,
    0.22010362389499635,
    0.2298962959761441,
    0.22989857789266582,
    0.22989989627977755,
    0.22,
    0.2298962959761441,
    0.22,
    0.22,
    0.22,
    0.22,
    0.22,
    0.22,
    0.22,
    0.22,
    0.22,
    0.220018,
    0.2201035673187572,
    0.22007481296758105,
    0.22998193146052054,
    0.22991831379509883,
    0.22000000045794035,
    0.22007792207792207,
    0.22000802027117344,
    0.22982639078993103,
    0.22982442209758328,
    0.22000808073244507,
    0.2201211452589881,
    0.22002382843526608,
    0.2200702520238205,
    0.2200080216092591,
    0.22012113876522374,
    0.22016758403160014,
    0.2201211865701017,
    0.22017547663104556,
    0.2201795639162035,
    0.22017548408630014,
    0.2201670560638341,
    0.2201670560638341,
    0.22982442209758328,
    0.22012122459929748,
    0.2298243814845498,
    0.22007021124696083,
    0.22007030307379016,
    0.22017509727626458,
    0.220008039843046,
    0.22017518002273972,
    0.22017518002273972,
    0.22017518002273972,
    0.22982407833826424,
    0.22017518002273972,
    0.22017518002273972,
    0.22017518002273972,
    0.22017518002273972,
    0.22017518002273972,
    0.22017547663104556,
    0.22001282873636946,
    0.22017548408630014,
    0.2299918398813609,
    0.22000808073244507,
    0.2299918398813609,
    0.22000808073244507,
    0.2200066669725714,
    0.22005539594097792,
    0.2201404219115682,
    0.22014042938309566,
    0.22999999682599997,
    0.22999999682599997,
    0.22999987271839348,
    0.22999171510027794,
    0.22017543859649122,
    0.22005540382364416,
    0.22005553215717472,
    0.22005553215717472,
    0.22005553215717472,
    0.22005553215717472,
    0.22998165558867956,
    0.2299933270933141,
    0.220006692349272,
    0.22999316229644723,
    0.2299908738084958,
    0.22000001872000705,
    0.22,
    0.22000001872000705,
    0.22,
    0.2201019262027507,
    0.22010193298315806,
    0.22989722051806183,
    0.22999391205810385,
    0.22,
    0.22,
    0.22,
    0.22000000064952127,
    0.2200060006182338,
    0.22000608395862908,
    0.22000608395862908,
    0.22000608395862908,
    0.22000608395862908,
    0.22000608395862908,
    0.22000608395862908,
    0.22000608395862908,
    0.22000608395862908,
    0.22000608395862908,
    0.22,
    0.22005281710694347,
    0.22,
    0.22015076028374048,
    0.22,
    0.2200115001277792,
    0.2200168161558398,
    0.22017543951024438,
    0.22,
    0.22001222497395737,
    0.22995857709330644,
    0.22017552341975893,
    0.2201508541696236,
    0.22996255919743017,
    0.22994705975965726,
    0.2299470454419506,
    0.22991533794920277,
    0.2201508541696236,
    0.2201508541696236,
    0.2298493726599874,
    0.2201508541696236,
    0.2200529272612833,
    0.220052836121717,
    0.22999156224201595,
    0.22001694129980018,
    0.22001222510886043,
    0.22013930822810857,
    0.22001230179862202,
    0.22013959569853123,
    0.22017515737791385,
    0.22017517523372077,
    0.22017518002273972,
    0.22017518002273972,
    0.22017549661573738,
    0.22014260249554368,
    0.22017548408630014,
    0.22017552341975893,
    0.22013916644408094,
    0.22013916644408094,
    0.22001225362587598,
    0.22012259146632485,
    0.22001223081809923,
    0.22017543859649122,
    0.2201401877190433,
    0.22014021113165178,
    0.22014021113165178,
    0.22012249775918732,
    0.22016990313174264,
    0.22016987853341735,
    0.22016987853341735,
    0.22012257708532337,
    0.22017546680428768,
    0.22982438641423958,
    0.22017552341975893,
    0.22017552341975893,
    0.22012261269067085,
    0.22012261269067085,
    0.22991498685587383,
    0.22012261269067085,
    0.22012261269067085,
    0.22014052833726802,
    0.22001125960789947,
    0.2201758329899911,
    0.22017578814962346,
    0.22014051522248243,
    0.22014051522248243,
    0.22014051522248243,
    0.22014051522248243,
    0.22001105712546562,
    0.22000600001720566,
    0.22000608395862908,
    0.22000600004100748,
    0.22000600000853082,
    0.22000600001908133,
    0.22000600000300752,
    0.22017578125,
    0.22000600001799567,
    0.22000600002895637,
    0.22999792863863397,
    0.22000608395862908,
    0.22000608395862908,
    0.22999996917999796,
    0.22000608395862908,
    0.22806147503823718,
    0.21003994839965462,
    0.2199939929637518,
    0.21000600151290325,
    0.2100060829653271,
    0.2100060829653271,
    0.21,
    0.210006,
    0.21000002761370634,
    0.22999998688999942,
    0.2299998658332998,
    0.2199999492307614,
    0.22486375190353913,
    0.21999399041425516,
    0.21999402496228201,
    0.22,
    0.21000000790002363,
    0.21000001343000516,
    0.21000000790002363,
    0.21999991639998998,
    0.21999985479995063,
    0.210000000316,
    0.210000000316,
    0.210000000316,
    0.210000000316,
    0.210000000316,
    0.210000000316,
    0.210000000316,
    0.210000000316,
    0.210000000316,
    0.21,
    0.2100000007447087,
    0.2199999258947228,
    0.21,
    0.2100000014748025,
    0.21999991639998998,
    0.21000001866301868,
    0.21,
    0.22999991604998868,
    0.22,
    0.21,
    0.21000000110818942,
    0.21,
    0.21,
    0.22999993757142323,
    0.22000000624000088,
    0.22,
    0.21999991639998998,
    0.21999998789999967,
    0.21000001738001353,
    0.21000000929412083,
    0.21000000790002363,
    0.21000000790002363,
    0.21999997271999794,
    0.22,
    0.22,
    0.22,
    0.22,
    0.22,
    0.22,
    0.22,
    0.22000000216066512,
    0.22999982749995687,
    0.2299999455666614,
    0.23,
    0.23263325574366758,
    0.23,
    0.22,
    0.22000012453463827,
    0.2200000024036991,
    0.23,
    0.23,
    0.23,
    0.23,
    0.23,
    0.23,
    0.23,
    0.23,
    0.23,
    0.23,
    0.24,
    0.24,
    0.24,
    0.24,
    0.24,
    0.25,
    0.24,
    0.24,
    0.24,
    0.24,
    0.24,
    0.24,
    0.24,
    0.25,
    0.25,
    0.25167493333333335,
    0.23,
    0.24,
    0.24,
    0.24,
    0.24,
    0.24,
    0.24,
    0.24,
    0.24,
    0.24,
    0.24,
    0.24,
    0.23,
    0.23,
    0.23,
    0.22999996032499692,
    0.21000000790002363,
    0.22999993764443363,
    0.2265830967616511,
    0.2199999850399995,
    0.22,
    0.22,
    0.22,
    0.22,
    0.2,
    0.2,
    0.21,
    0.21,
    0.21,
    0.21,
    0.21,
    0.21,
    0.21,
    0.21,
    0.22,
    0.22,
    0.22,
    0.21988317175400982,
    0.21000008507711024,
    0.2197558642980489,
    0.21975588790235517,
    0.23,
    0.23,
    0.24,
    0.24,
    0.23,
    0.23,
    0.23,
    0.23,
    0.23,
    0.23,
    0.24,
    0.25,
    0.24,
    0.2400000405333582,
    0.24,
    0.25,
    0.24,
    0.23987808429437119,
    0.23978772201510892,
    0.23978770013475417,
    0.24,
    0.25,
    0.2600112107987446,
    0.26001121088402696,
    0.2600112108836217,
    0.2600112123408391,
    0.26999985230764684,
    0.25983523952785764,
    0.24,
    0.2699999528571361,
    0.2683861287973935,
    0.2500332410134965,
    0.25003324100096924,
    0.2500332410129032,
    0.27,
    0.25,
    0.25,
    0.25,
    0.28893834612062314,
    0.21000003686668953,
    0.25,
    0.27,
    0.29,
    0.23000001232000472,
    0.2400000173183864,
    0.25,
    0.3499998774999204,
    0.25,
    0.3496993046158535,
    0.34969920022218637,
    0.3496992599548251,
    0.35976006390712295,
    0.3499999279411489,
    0.22,
    0.3799999011999269,
    0.3799999011999269,
    0.4090024289856796,
    0.4019607488465935,
    0.21000001343000516,
    0.17000009130017255,
    0.55
]
