[
    0.999,
    0.999,
    0.999,
    0.999,
    0.999,
    0.999,
    0.999,
    0.999,
    0.9803390062268224,
    0.98,
    0.98,
    0.99,
    0.99,
    0.88,
    0.88,
    0.999,
    0.9973717630787216,
    0.99,
    0.98,
    0.99,
    0.9440905691394589,
    0.9,
    0.83,
    0.895,
    0.83,
    0.9,
    0.8300000391000041,
    0.8200000125281478,
    0.85,
    0.8499998947618777,
    0.88,
    0.8949999948857075,
    0.9089999932474209,
    0.8499999838095118,
    0.8,
    0.8,
    0.76,
    0.77,
    0.7599999890559997,
    0.7599999932601027,
    0.7689999987527343,
    0.75,
    0.75,
    0.75,
    0.77,
    0.81,
    0.8100000119700005,
    0.8399999887999998,
    0.8100000639090985,
    0.8100000273600015,
    0.86,
    0.91,
    0.9,
    0.9,
    0.9,
    0.9,
    0.9,
    0.9,
    0.9,
    0.9,
    0.9,
    0.92,
    0.9,
    0.95,
    0.95,
    0.971,
    0.9645080666554128,
    0.96,
    0.968,
    0.9709999999868798,
    0.97,
    0.97,
    0.971,
    0.97,
    0.97,
    0.97,
    0.971000000686575,
    0.971,
    0.971,
    0.972,
    0.98,
    0.972,
    0.99,
    0.99,
    0.99,
    0.99,
    0.9894484807925688,
    0.98,
    0.9893493417345839,
    0.98,
    0.977,
    0.98,
    0.98,
    0.9799999998495086,
    0.99,
    0.99,
    0.97,
    0.9699999729779014,
    0.9699999994633438,
    0.9699999330699912,
    0.9699999999510694,
    0.95,
    0.97,
    0.98,
    0.98,
    0.9699999994457141,
    0.9489607860091106,
    0.91,
    0.91,
    0.8800001008000161,
    0.94,
    0.94,
    0.93,
    0.93,
    0.93,
    0.93,
    0.93,
    0.93,
    0.93,
    0.938531149173597,
    0.91,
    0.89,
    0.8899994125992129,
    0.8700001014000223,
    0.89,
    0.83,
    0.83,
    0.8,
    0.7800000003606526,
    0.83,
    0.83,
    0.82,
    0.82,
    0.83,
    0.83,
    0.83,
    0.82,
    0.83,
    0.82,
    0.82,
    0.82,
    0.8,
    0.81,
    0.829999995186,
    0.8,
    0.82,
    0.7900000714000114,
    0.79,
    0.7799999937599991,
    0.7775881708148882,
    0.78,
    0.78,
    0.75,
    0.76,
    0.740000107851887,
    0.71,
    0.71,
    0.72,
    0.72,
    0.72,
    0.72,
    0.75,
    0.71,
    0.71,
    0.71,
    0.7,
    0.7099999998190852,
    0.7099999944132739,
    0.7511971345541404,
    0.75,
    0.75,
    0.75,
    0.75,
    0.75,
    0.75,
    0.75,
    0.7699999934549987,
    0.76,
    0.67,
    0.7180952380952381,
    0.67,
    0.67,
    0.6700000050232993,
    0.67,
    0.67,
    0.67,
    0.67,
    0.6700000409200031,
    0.68,
    0.68,
    0.68,
    0.68,
    0.68,
    0.68,
    0.68,
    0.68,
    0.68,
    0.68,
    0.68,
    0.68,
    0.68,
    0.7099999894255298,
    0.69,
    0.69,
    0.69,
    0.6900001705000767,
    0.69,
    0.69,
    0.6900000105400002,
    0.69,
    0.7099999933270652,
    0.69,
    0.69,
    0.690000001984,
    0.69,
    0.69,
    0.69,
    0.69,
    0.683573264781491,
    0.6700000409200031,
    0.67,
    0.6899999945669271,
    0.67,
    0.67,
    0.67,
    0.67,
    0.6899999969833867,
    0.6899999994959825,
    0.67,
    0.6899999945669271,
    0.72,
    0.7322927730316324,
    0.73,
    0.7599999880314915,
    0.76,
    0.76,
    0.71,
    0.72,
    0.71,
    0.72,
    0.71,
    0.72,
    0.72,
    0.71,
    0.75,
    0.75,
    0.75,
    0.74,
    0.74,
    0.78,
    0.78,
    0.78,
    0.78,
    0.79,
    0.84,
    0.79,
    0.8,
    0.8,
    0.8,
    0.79,
    0.79,
    0.79,
    0.7597894086595159,
    0.69,
    0.71,
    0.69,
    0.68,
    0.66,
    0.65,
    0.65,
    0.65,
    0.65,
    0.6499999934999994,
    0.63,
    0.63,
    0.65,
    0.65,
    0.65,
    0.65,
    0.64,
    0.64,
    0.64,
    0.7,
    0.7,
    0.6852786500584364,
    0.7,
    0.75,
    0.739999989639998,
    0.72,
    0.7,
    0.700000030000003,
    0.7,
    0.68,
    0.66,
    0.6600000306000049,
    0.66,
    0.6,
    0.59,
    0.55,
    0.52,
    0.52,
    0.52,
    0.52,
    0.52,
    0.5699999456183605,
    0.5899999960824949,
    0.6099999961263368,
    0.599999996103896,
    0.6199999963241104,
    0.6199999932700134,
    0.64,
    0.64,
    0.6300001369480902,
    0.6300000002411507,
    0.72,
    0.700000180000072,
    0.7,
    0.71,
    0.7,
    0.7,
    0.7,
    0.7,
    0.65,
    0.63,
    0.65,
    0.65,
    0.65,
    0.64,
    0.64,
    0.64,
    0.64,
    0.61,
    0.59,
    0.55,
    0.55,
    0.5,
    0.5,
    0.52,
    0.55,
    0.51,
    0.5100000021000001,
    0.51,
    0.5100000067254904,
    0.51,
    0.5100000186200011,
    0.51,
    0.5499999816666551,
    0.5671641789351749,
    0.5303570600765128,
    0.5,
    0.45,
    0.44,
    0.45,
    0.51,
    0.5,
    0.5,
    0.5,
    0.51,
    0.5,
    0.5,
    0.51,
    0.5399999923370286,
    0.52,
    0.52,
    0.55,
    0.56,
    0.53,
    0.53,
    0.56,
    0.64,
    0.68,
    0.69,
    0.71,
    0.7,
    0.71,
    0.71,
    0.712531081754088,
    0.71,
    0.7167030736074411,
    0.7,
    0.71,
    0.71,
    0.69,
    0.69,
    0.69,
    0.6900000536538575,
    0.69,
    0.7,
    0.6400000960000384,
    0.65,
    0.64,
    0.64,
    0.64,
    0.64,
    0.63,
    0.64,
    0.63,
    0.63,
    0.64,
    0.64,
    0.63,
    0.6100000006548929,
    0.65,
    0.66,
    0.66,
    0.68,
    0.68,
    0.68,
    0.68,
    0.67,
    0.7,
    0.7,
    0.7,
    0.7,
    0.7,
    0.7,
    0.7,
    0.75,
    0.75,
    0.75,
    0.76,
    0.76,
    0.76,
    0.7699999981462963,
    0.76,
    0.77,
    0.76,
    0.76,
    0.79,
    0.8019247739100203,
    0.76,
    0.77,
    0.76,
    0.76,
    0.76,
    0.76,
    0.76,
    0.76,
    0.76,
    0.77,
    0.77,
    0.7700000107333336,
    0.7700000001809079,
    0.8,
    0.77,
    0.7700001725000432,
    0.77,
    0.77,
    0.77,
    0.77,
    0.77,
    0.77,
    0.77,
    0.77,
    0.77,
    0.77,
    0.77,
    0.79,
    0.77,
    0.7600000002331616,
    0.76,
    0.7999200079992,
    0.8,
    0.8,
    0.79,
    0.79,
    0.79,
    0.79,
    0.77,
    0.77,
    0.79,
    0.78,
    0.78,
    0.78,
    0.78,
    0.78,
    0.78,
    0.78,
    0.78,
    0.78,
    0.78,
    0.78,
    0.78,
    0.78,
    0.78,
    0.78,
    0.78,
    0.78,
    0.78,
    0.78,
    0.78,
    0.78,
    0.78,
    0.78,
    0.8,
    0.78,
    0.78,
    0.78,
    0.78,
    0.78,
    0.78,
    0.78,
    0.78000008360001,
    0.78,
    0.78,
    0.78,
    0.78,
    0.78,
    0.78,
    0.78,
    0.78,
    0.78,
    0.78,
    0.78,
    0.8,
    0.78,
    0.78,
    0.8,
    0.78,
    0.78,
    0.78,
    0.78,
    0.78,
    0.78,
    0.8,
    0.78,
    0.8,
    0.78,
    0.78,
    0.78,
    0.78,
    0.78,
    0.78,
    0.8,
    0.78,
    0.78,
    0.79,
    0.79,
    0.8,
    0.8,
    0.8,
    0.8,
    0.8,
    0.8,
    0.8,
    0.8,
    0.8,
    0.81,
    0.81,
    0.829999995186,
    0.82,
    0.8299999867199992,
    0.8200000012,
    0.8299997053498099,
    0.82,
    0.82,
    0.84,
    0.83,
    0.83,
    0.83,
    0.83,
    0.83,
    0.83,
    0.83,
    0.83,
    0.83,
    0.83,
    0.83,
    0.83,
    0.8399999765581184,
    0.8399999966399984,
    0.83,
    0.83,
    0.84,
    0.83,
    0.83,
    0.83,
    0.87,
    0.87,
    0.84,
    0.84,
    0.82,
    0.8,
    0.79,
    0.79,
    0.78,
    0.79,
    0.770000001403,
    0.77,
    0.77,
    0.770000000782,
    0.77,
    0.77,
    0.7799999984399996,
    0.7700000012281554,
    0.77,
    0.77,
    0.77,
    0.77,
    0.77,
    0.76,
    0.76,
    0.76,
    0.79,
    0.79,
    0.79,
    0.77,
    0.77,
    0.77,
    0.79,
    0.7700001725000432,
    0.79,
    0.79,
    0.79,
    0.79,
    0.8,
    0.8,
    0.8,
    0.8,
    0.8099999988657731,
    0.8,
    0.8,
    0.77,
    0.7698019801980198,
    0.75,
    0.7366666666666667,
    0.75,
    0.75,
    0.74,
    0.75,
    0.75,
    0.71,
    0.71,
    0.71,
    0.73,
    0.73,
    0.74,
    0.68,
    0.68,
    0.68,
    0.68,
    0.68,
    0.7,
    0.7,
    0.7,
    0.7,
    0.7,
    0.7,
    0.7,
    0.71,
    0.72,
    0.72,
    0.74,
    0.72,
    0.75,
    0.75,
    0.72,
    0.72,
    0.72,
    0.72,
    0.72,
    0.75,
    0.72,
    0.69,
    0.71,
    0.759999974345987,
    0.7699305674254352,
    0.75,
    0.72,
    0.72,
    0.7200000043272727,
    0.7692125156094289,
    0.69,
    0.72,
    0.68,
    0.68,
    0.67,
    0.67,
    0.69,
    0.69,
    0.69,
    0.69,
    0.6899999586295262,
    0.69,
    0.6799998911999086,
    0.69,
    0.67,
    0.69,
    0.69,
    0.7399999911199997,
    0.699999865096328,
    0.7,
    0.7,
    0.7,
    0.6999999700214017,
    0.7,
    0.6999999983709565,
    0.67,
    0.7099999969593135,
    0.67,
    0.6700001228965907,
    0.69,
    0.7199999929926991,
    0.670000001078,
    0.7041973984402585,
    0.6600000010426667,
    0.6999999659367248,
    0.6700000077550002,
    0.67,
    0.7,
    0.66,
    0.6899998656933914,
    0.66,
    0.6600000142800009,
    0.69,
    0.64,
    0.58,
    0.6099999698176941,
    0.6099999993899999,
    0.6099999698176941,
    0.6,
    0.55,
    0.55,
    0.55,
    0.5499999498697832,
    0.55,
    0.57,
    0.55,
    0.57,
    0.57,
    0.57,
    0.57,
    0.569999948955198,
    0.57,
    0.57,
    0.57,
    0.57,
    0.57,
    0.57,
    0.57,
    0.57,
    0.57,
    0.57,
    0.57,
    0.57,
    0.57,
    0.599999964179096,
    0.57,
    0.55,
    0.59,
    0.59,
    0.57,
    0.57,
    0.56,
    0.57,
    0.57,
    0.57,
    0.57,
    0.57,
    0.57,
    0.57,
    0.57,
    0.57,
    0.57,
    0.5687754690129725,
    0.56,
    0.56,
    0.56,
    0.56,
    0.56,
    0.56,
    0.56,
    0.56,
    0.5500000450000045,
    0.56,
    0.5499999451827116,
    0.51,
    0.5,
    0.5,
    0.5,
    0.47,
    0.45,
    0.45,
    0.44921230898492887,
    0.44,
    0.44,
    0.4499999439252232,
    0.44,
    0.44,
    0.45,
    0.42,
    0.3800000635897697,
    0.39,
    0.4,
    0.39,
    0.4,
    0.45,
    0.45,
    0.49,
    0.46,
    0.46,
    0.45,
    0.44,
    0.45,
    0.44,
    0.45,
    0.45,
    0.4803921191849243,
    0.45,
    0.45,
    0.45,
    0.41333333333333333,
    0.41,
    0.41,
    0.4196771705654197,
    0.38,
    0.38,
    0.42,
    0.42,
    0.42,
    0.42,
    0.42,
    0.42,
    0.42,
    0.42,
    0.42,
    0.52,
    0.5,
    0.48,
    0.4872673663308725,
    0.4499997974998886,
    0.40000000240000005,
    0.469999951280478,
    0.4509803638600499,
    0.4499997974998886,
    0.469999951280478,
    0.46,
    0.45999996979103774,
    0.46,
    0.46,
    0.46,
    0.4901453188279203,
    0.48335322689928806,
    0.47,
    0.46,
    0.46000000475565433,
    0.47000000299962275,
    0.5,
    0.5,
    0.5,
    0.5,
    0.509999993005714,
    0.5,
    0.52,
    0.5,
    0.53,
    0.5,
    0.5,
    0.4900000204000033,
    0.49,
    0.49,
    0.49,
    0.5,
    0.5,
    0.49,
    0.49,
    0.49,
    0.49,
    0.49,
    0.49,
    0.49,
    0.49,
    0.49,
    0.48,
    0.4799990873333111,
    0.4799921458416353,
    0.479992165735114,
    0.48,
    0.48,
    0.48,
    0.48,
    0.48,
    0.48,
    0.47,
    0.46998986452098324,
    0.4699819888784391,
    0.469994,
    0.46000000419609793,
    0.46002488249930884,
    0.47,
    0.47001500767456433,
    0.47,
    0.47,
    0.4700283154571196,
    0.47001505833277096,
    0.47002832238372355,
    0.47002942231423117,
    0.4799850217048191,
    0.47002961477474114,
    0.47002949041297154,
    0.47002943776431316,
    0.47996408854698935,
    0.47000000159517064,
    0.4700523864959255,
    0.4700511073253833,
    0.47994880863447537,
    0.47994837913177385,
    0.47991608182685247,
    0.47000874317053815,
    0.4701490066225166,
    0.4700000001399103,
    0.47000954099671055,
    0.4700096723331523,
    0.4700095865476794,
    0.47000874703733214,
    0.4700201612903226,
    0.4701728783639543,
    0.4799941826019723,
    0.47017281500527724,
    0.4799939405540707,
    0.46000600808548986,
    0.46,
    0.460006,
    0.46,
    0.46,
    0.46,
    0.46,
    0.46,
    0.46,
    0.46,
    0.46,
    0.479993961672943,
    0.469997,
    0.4600000345600047,
    0.4700000100700008,
    0.47,
    0.47,
    0.47,
    0.4700000015984127,
    0.47,
    0.47000000731034497,
    0.47,
    0.4700001219000939,
    0.47000000418421073,
    0.47000000636000017,
    0.4700000116600003,
    0.47000001035909167,
    0.4700000739904618,
    0.4700113810393346,
    0.4700115393047027,
    0.47001138309779045,
    0.4700116067690253,
    0.47001278095585874,
    0.4700113622970904,
    0.4700127274034415,
    0.47003264682103135,
    0.4700326960261568,
    0.479994,
    0.47001272088711066,
    0.4701590106007067,
    0.4700127173138614,
    0.4700127621054506,
    0.4700127779983115,
    0.48,
    0.48,
    0.48,
    0.48,
    0.4800000981132816,
    0.4800000007563637,
    0.48,
    0.48,
    0.4899939989693947,
    0.48000000547368443,
    0.48999397895338453,
    0.48000009706671326,
    0.48999399793877896,
    0.48999388696353346,
    0.48,
    0.4899866807447509,
    0.48,
    0.48,
    0.48,
    0.4800000036808553,
    0.4800883566049144,
    0.48008838407070725,
    0.48991184955924777,
    0.48991181107851833,
    0.4899939779728063,
    0.480006,
    0.4800000004303435,
    0.48,
    0.48,
    0.47999892568475316,
    0.4700000156674668,
    0.470006,
    0.4700062287510121,
    0.47000600650592766,
    0.470144,
    0.47003,
    0.4700060329588138,
    0.479855870346653,
    0.4799699666692745,
    0.4700060043851321,
    0.479994,
    0.4700000099541743,
    0.47,
    0.4799999977648428,
    0.47000000836292066,
    0.48,
    0.47,
    0.46999998871999804,
    0.47,
    0.4600000345600047,
    0.4600000014400001,
    0.46999998871999804,
    0.4699999841014771,
    0.46,
    0.47,
    0.4699998777999096,
    0.46,
    0.45,
    0.4600000004536,
    0.46,
    0.46999999993057606,
    0.460000000152255,
    0.46,
    0.4699999987555163,
    0.46,
    0.46,
    0.46,
    0.46,
    0.46,
    0.46,
    0.46,
    0.46,
    0.45823140988403194,
    0.44999999823279924,
    0.4499999797499989,
    0.4300000536050274,
    0.4533144280726826,
    0.43,
    0.43,
    0.45,
    0.43999636495489364,
    0.4499997974998886,
    0.4400155153933135,
    0.4400154986026958,
    0.4398846708313311,
    0.4499999797499989,
    0.43,
    0.4499997974998886,
    0.4300001767002986,
    0.4499997974998886,
    0.45,
    0.45,
    0.430000000855,
    0.4493260096308358,
    0.44,
    0.44,
    0.4398560945788039,
    0.4398560948003651,
    0.44999996249999064,
    0.4499999549999955,
    0.43000000128250004,
    0.43000004446001433,
    0.4499997974998886,
    0.44,
    0.44,
    0.4300000033250001,
    0.43,
    0.4499999549999955,
    0.4499999797499989,
    0.4300000074100003,
    0.43000000475000033,
    0.4499999906249994,
    0.4499997974998886,
    0.44,
    0.44,
    0.44,
    0.45999992639998727,
    0.4400000386207003,
    0.440000000672
]
