[
    0.999,
    0.999,
    0.999,
    0.999,
    0.999,
    0.999,
    0.999,
    0.999,
    0.999,
    0.999,
    0.999,
    0.999,
    0.999,
    0.999,
    0.999,
    0.999,
    0.999,
    0.999,
    0.999,
    0.999,
    0.999,
    0.999,
    0.999,
    0.9989994620763851,
    0.998,
    0.998919815,
    0.998,
    0.998,
    0.998,
    0.998,
    0.9989997502497503,
    0.9989998057720719,
    0.998,
    0.9979331019755096,
    0.991,
    0.995,
    0.991,
    0.995,
    0.998,
    0.998,
    0.995,
    0.995,
    0.998,
    0.9910000089100001,
    0.98,
    0.98,
    0.98,
    0.99,
    0.99,
    0.98,
    0.98,
    0.99,
    0.99,
    0.98,
    0.98,
    0.98,
    0.99,
    0.98,
    0.99,
    0.98,
    0.98,
    0.99,
    0.98,
    0.98,
    0.99,
    0.98,
    0.99,
    0.98,
    0.98,
    0.98,
    0.99,
    0.99,
    0.97,
    0.99,
    0.99,
    0.9802486940397568,
    0.98,
    0.940470297878175,
    0.96575260804769,
    0.9199993691423886,
    0.9199999222113634,
    0.94,
    0.94,
    0.94,
    0.9399999995233265,
    0.9,
    0.89,
    0.89,
    0.8899999999420195,
    0.88,
    0.88,
    0.87,
    0.87,
    0.87,
    0.88,
    0.8799999999333239,
    0.87,
    0.84,
    0.84,
    0.83,
    0.81,
    0.809999999271,
    0.81,
    0.9,
    0.8300001139000376,
    0.839999998992,
    0.83,
    0.83,
    0.82,
    0.8227784185725134,
    0.790000132300049,
    0.8,
    0.8,
    0.82,
    0.8,
    0.82,
    0.8099999999168207,
    0.86,
    0.87,
    0.87,
    0.8799999930571925,
    0.8799999964799989,
    0.9,
    0.9,
    0.9288537841901593,
    0.89,
    0.91,
    0.9099999579998403,
    0.9099999997000164,
    0.87,
    0.8799999916290112,
    0.87,
    0.87,
    0.84,
    0.8699999347498417,
    0.9348480285855758,
    0.87,
    0.9,
    0.84,
    0.79,
    0.83,
    0.8399999949599988,
    0.83,
    0.83,
    0.83,
    0.83,
    0.8,
    0.8299999792499694,
    0.8299999966799987,
    0.8099999981478657,
    0.8099999974108678,
    0.81,
    0.78,
    0.78,
    0.78,
    0.77,
    0.75,
    0.72,
    0.66,
    0.8199999923466642,
    0.7600001440000576,
    0.76,
    0.75,
    0.75,
    0.75,
    0.75,
    0.7477416440831075,
    0.823262352050455,
    0.74,
    0.73,
    0.62,
    0.62,
    0.55,
    0.5400000002588486,
    0.609999996096,
    0.53,
    0.581280767560481,
    0.55,
    0.5963636363636363,
    0.6,
    0.61,
    0.59,
    0.48,
    0.47,
    0.47,
    0.48,
    0.47,
    0.51,
    0.5,
    0.5599999944456251,
    0.55,
    0.6009852191288311,
    0.54,
    0.54,
    0.49,
    0.47,
    0.46,
    0.47,
    0.4601371742112483,
    0.45,
    0.46,
    0.46,
    0.46,
    0.46,
    0.45,
    0.43,
    0.43,
    0.42,
    0.43,
    0.43,
    0.43,
    0.4104761904761905,
    0.4,
    0.4099999946699998,
    0.4099999909799993,
    0.4099999894083327,
    0.370000023625005,
    0.3899999859599991,
    0.33,
    0.36999999378399984,
    0.38,
    0.4,
    0.4,
    0.4,
    0.39,
    0.39000000122000006,
    0.43,
    0.45,
    0.45,
    0.46999999821399996,
    0.53,
    0.53,
    0.54,
    0.53,
    0.56,
    0.55,
    0.55,
    0.63,
    0.6,
    0.6,
    0.61,
    0.6,
    0.61,
    0.61,
    0.61,
    0.61,
    0.6099999926799997,
    0.62,
    0.62,
    0.6200000258400035,
    0.62,
    0.66,
    0.67,
    0.6999999979,
    0.72,
    0.72,
    0.7100000725000182,
    0.7390326773947388,
    0.7100000522000081,
    0.67,
    0.66,
    0.71,
    0.71,
    0.7299999974449999,
    0.7599999675505595,
    0.7299994322217626,
    0.7400999614533736,
    0.71,
    0.73,
    0.74,
    0.7,
    0.6600002040002176,
    0.66,
    0.67,
    0.7099999431998909,
    0.709999998012,
    0.7099999969824999,
    0.68,
    0.69,
    0.7035679776206841,
    0.6999999766666597,
    0.69,
    0.6099041879626924,
    0.6,
    0.6,
    0.64,
    0.6699999882079998,
    0.6999999970833333,
    0.7,
    0.7,
    0.6500000153125013,
    0.68,
    0.7099999820974207,
    0.72,
    0.72,
    0.72,
    0.73,
    0.73,
    0.74,
    0.77,
    0.74,
    0.74,
    0.7000000263929634,
    0.7000000174757288,
    0.71,
    0.68,
    0.6600000350793684,
    0.69,
    0.67,
    0.7199999935675127,
    0.73,
    0.77,
    0.7799996957998144,
    0.76,
    0.7699998613999326,
    0.77,
    0.76,
    0.7761966364812419,
    0.77,
    0.77,
    0.77,
    0.77,
    0.7400000026366197,
    0.75,
    0.77,
    0.7600001440000576,
    0.78,
    0.7699998690999699,
    0.77,
    0.76,
    0.74,
    0.7,
    0.66,
    0.72,
    0.71,
    0.68,
    0.7,
    0.68,
    0.64,
    0.6300000041913559,
    0.65,
    0.65,
    0.66,
    0.69,
    0.660000170000085,
    0.66,
    0.61,
    0.61,
    0.6,
    0.5799999991129412,
    0.57,
    0.57,
    0.570000066888897,
    0.5700001720001032,
    0.57,
    0.58,
    0.5800002080734823,
    0.5799999860799989,
    0.58,
    0.58,
    0.58,
    0.59,
    0.59,
    0.59,
    0.5828214797622636,
    0.58,
    0.58,
    0.58,
    0.5770911927386186,
    0.57,
    0.57,
    0.57,
    0.58,
    0.58,
    0.57,
    0.5622048997772828,
    0.55,
    0.56,
    0.56,
    0.55,
    0.58,
    0.59,
    0.59,
    0.59,
    0.59,
    0.59,
    0.59,
    0.59,
    0.59,
    0.59,
    0.59,
    0.59,
    0.59,
    0.59,
    0.58,
    0.58,
    0.58,
    0.59,
    0.59,
    0.6,
    0.6,
    0.6,
    0.59,
    0.59,
    0.6,
    0.5800000168000027,
    0.58,
    0.58,
    0.59,
    0.59,
    0.59,
    0.59,
    0.58,
    0.58,
    0.58,
    0.58,
    0.58,
    0.58,
    0.58,
    0.58,
    0.58,
    0.59,
    0.58,
    0.59,
    0.59,
    0.6,
    0.6,
    0.59,
    0.61,
    0.61,
    0.61,
    0.6,
    0.61,
    0.6,
    0.59,
    0.59,
    0.59,
    0.59,
    0.59,
    0.59,
    0.59,
    0.59,
    0.59,
    0.59,
    0.58,
    0.59,
    0.59,
    0.59,
    0.59,
    0.5899999893799996,
    0.59,
    0.5900000028856305,
    0.59,
    0.59,
    0.59,
    0.59,
    0.59,
    0.59,
    0.59,
    0.59,
    0.59,
    0.59,
    0.59,
    0.59,
    0.59,
    0.59,
    0.59,
    0.59,
    0.59,
    0.59,
    0.59,
    0.59,
    0.59,
    0.59,
    0.58,
    0.59,
    0.59,
    0.58,
    0.58,
    0.58,
    0.58,
    0.58,
    0.58,
    0.58,
    0.58,
    0.58,
    0.58,
    0.58,
    0.5799999941999997,
    0.57,
    0.58,
    0.58,
    0.58,
    0.58,
    0.58,
    0.57,
    0.57,
    0.5699988271532662,
    0.5600255289208322,
    0.5699923152877374,
    0.5600256708345813,
    0.57,
    0.57,
    0.569984291788376,
    0.57,
    0.57,
    0.5699956689969683,
    0.57,
    0.57,
    0.5699812402424377,
    0.56,
    0.5600000855337941,
    0.5600000094786268,
    0.56,
    0.5600086680150246,
    0.5600000031058002,
    0.560006,
    0.5699810494511072,
    0.57,
    0.560006,
    0.56,
    0.588567322538679,
    0.5699939979915972,
    0.56,
    0.56,
    0.56,
    0.5601417322834645,
    0.5699974340710252,
    0.5699998232997013,
    0.5601047127788829,
    0.570006,
    0.5799939587805089,
    0.5755010534326414,
    0.57,
    0.57,
    0.57,
    0.5699982730427022,
    0.57,
    0.57,
    0.56,
    0.5600127678176692,
    0.5600002485874301,
    0.5600126035860529,
    0.5699939999946233,
    0.56,
    0.55,
    0.56,
    0.55,
    0.56,
    0.56,
    0.56,
    0.56,
    0.55,
    0.55,
    0.55,
    0.55,
    0.55,
    0.56,
    0.5600060004000267,
    0.55,
    0.55,
    0.55,
    0.5500000003150289,
    0.55,
    0.55,
    0.56,
    0.56,
    0.56,
    0.56,
    0.56,
    0.5600000072517515,
    0.56,
    0.56,
    0.56,
    0.56,
    0.56,
    0.56,
    0.56,
    0.56,
    0.5600307062436028,
    0.5600074571215511,
    0.56,
    0.57,
    0.57,
    0.57,
    0.57,
    0.5799999998049952,
    0.5799879995387648,
    0.5799921284694273,
    0.5799887233619461,
    0.5600000021674877,
    0.560009,
    0.5600006581500225,
    0.5702108486604555,
    0.5799772506915454,
    0.560001782286302,
    0.560040071237756,
    0.5799806330901948,
    0.5799805171404118,
    0.5600000118319335,
    0.5799805171404118,
    0.5600000015644444,
    0.5700145016517604,
    0.57,
    0.57,
    0.5700145025523081,
    0.5700145552218365,
    0.5700149897708665,
    0.5700180201304771,
    0.570006008074847,
    0.570019349527917,
    0.57000000879648,
    0.5799806193637472,
    0.570018003132118,
    0.5799998259997042,
    0.5799999567199964,
    0.5700150163731263,
    0.5700254708559972,
    0.5799745217167132,
    0.5799900170742187,
    0.5700151000727602,
    0.5700060022863641,
    0.5778849550207367,
    0.5699407372805307,
    0.5699808724389892,
    0.5600191655843128,
    0.5600000014458821,
    0.5600000004253622,
    0.560006496757968,
    0.5600186777015687,
    0.5600187784173156,
    0.5699939955453582,
    0.5600065427043457,
    0.5600065360039216,
    0.5600065154241711,
    0.5600000045151196,
    0.5601101591187271,
    0.5600081791777457,
    0.560006430756284,
    0.5601308896160534,
    0.5600081318374042,
    0.560102622576967,
    0.5600094585639379,
    0.5601369863013699,
    0.5798631708237504,
    0.5601297511140213,
    0.5799999959610027,
    0.5739725231562078,
    0.5699927578776848,
    0.5699918331537478,
    0.5699999967086171,
    0.5699943337781856,
    0.5698705288091835,
    0.5600096593970825,
    0.5600100845218984,
    0.5601507537688443,
    0.5601273154532717,
    0.5600094495287051,
    0.5601756017560175,
    0.569975715848378,
    0.5601708785328999,
    0.5698489766743641,
    0.5600100860235185,
    0.5600154109589041,
    0.5601416004045726,
    0.5699845701778621,
    0.5601415811483275,
    0.5699756043920484,
    0.5699898976348247,
    0.5600101491940882,
    0.5600942876001838,
    0.5699814802474483,
    0.560094264656744,
    0.5699905123787001,
    0.560009455331398,
    0.5699800830390012,
    0.5600000032161307,
    0.5601682467918679,
    0.5698490297455793,
    0.5600062840502261,
    0.5601507537688443,
    0.5600000082616777,
    0.5600921820276864,
    0.5601306377284919,
    0.5698491547093726,
    0.560164533820841,
    0.5601306636451345,
    0.5698382195299034,
    0.5698693098878234,
    0.569858574029548,
    0.5600915237563953,
    0.5601446065503994,
    0.5600915949715041,
    0.5601446199140603,
    0.5699084841017112,
    0.5699940900612768,
    0.560006329886034,
    0.569993895359276,
    0.5600081522393973,
    0.5600093547221049,
    0.5600302256568318,
    0.5600093497477588,
    0.5600376847691285,
    0.5600559001714686,
    0.5721136272278216,
    0.5600563760833233,
    0.5601071029029014,
    0.5699998251999371,
    0.5699882843137255,
    0.560107172519668,
    0.5698929698193793,
    0.5600558943192142,
    0.5699449557961149,
    0.5600845017092376,
    0.5600377440173225,
    0.5600845870201948,
    0.5600846252664214,
    0.5699156302796942,
    0.5600954460098189,
    0.560037895854593,
    0.560095528042804,
    0.569999890384531,
    0.5699810020502274,
    0.56990484829512,
    0.5600376947072204,
    0.5699999059499214,
    0.5699905096570652,
    0.5699696091596579,
    0.5699697579685635,
    0.5699500798895937,
    0.5600305716118323,
    0.5699183744453383,
    0.5600776233009034,
    0.5600305695378881,
    0.5600396017893811,
    0.5600879882869967,
    0.5699182052573867,
    0.5601425891946104,
    0.5600880351700871,
    0.5699603859926772,
    0.5601425587280099,
    0.5699570652372771,
    0.5600880393908072,
    0.5600775358627317,
    0.5601560006000023,
    0.5600396243109712,
    0.5601711127894956,
    0.5601712294944643,
    0.5699367455639681,
    0.5698399824509354,
    0.5601557696639493,
    0.569956820049723,
    0.5699566148157098,
    0.5699378127055219,
    0.5699353508031473,
    0.5600515238401927,
    0.5600399545143233,
    0.5600514423461033,
    0.5699284300903775,
    0.5600646087580761,
    0.5600514525282816,
    0.5600514575481361,
    0.5600783766991876,
    0.5699217870244049,
    0.5600785318912201,
    0.5699789108401188,
    0.5698574728049496,
    0.5600515493908328,
    0.5601428366233393,
    0.5601427289448492,
    0.5699278059382078,
    0.5600158423642227,
    0.5600079097645614,
    0.5600273141122913,
    0.560024797661231,
    0.5699224556631285,
    0.560077519379845,
    0.5600247613453195,
    0.5600302138824839,
    0.5601018475920267,
    0.5699858517159553,
    0.5601020036493974,
    0.5698981705694253,
    0.569975220087907,
    0.5600247638284636,
    0.5699873945774454,
    0.5698323232857379,
    0.56000864266441,
    0.5600470644653894,
    0.5601676201741602,
    0.560046981948964,
    0.5699920685391471,
    0.5699939894859066,
    0.5600000108307698,
    0.5699999656626423,
    0.5699999385293882,
    0.57,
    0.57,
    0.57,
    0.57,
    0.57,
    0.5700001408497819,
    0.570149877883488,
    0.570149808957524,
    0.570000949938254,
    0.57,
    0.5700996677740864,
    0.579900283784617,
    0.5799119352649938,
    0.57,
    0.5700000250138559,
    0.5700004621582033,
    0.5700880956417705,
    0.5700881420528853,
    0.5799939647662347,
    0.57,
    0.5799937708544427,
    0.57,
    0.57,
    0.57,
    0.57,
    0.57,
    0.58,
    0.58,
    0.58,
    0.58,
    0.58,
    0.58,
    0.58,
    0.58,
    0.5800000733981167,
    0.58,
    0.58,
    0.58,
    0.5800000151597204,
    0.5800948366701791,
    0.58,
    0.58,
    0.58,
    0.58,
    0.58,
    0.58,
    0.58,
    0.58,
    0.58,
    0.58,
    0.58,
    0.58,
    0.58,
    0.5899028454111301,
    0.58,
    0.58,
    0.58,
    0.58,
    0.58,
    0.5800000001740608,
    0.5800418215613383,
    0.5800916645752675,
    0.5800177022622498,
    0.580108242895801,
    0.5800918157600916,
    0.5801082364051635,
    0.5801019440205084,
    0.580091636548605,
    0.5899822656074755,
    0.58997745479745,
    0.5801302738353717,
    0.5801017745711603,
    0.5898824646251296,
    0.5801304282288013,
    0.5801642654253286,
    0.5801643406348426,
    0.5898981340847791,
    0.589904637465137,
    0.5899045718942063,
    0.5899939740091144,
    0.5800325858336165,
    0.5899999999124239,
    0.5800326212752336,
    0.5801009808495838,
    0.5801009962060872,
    0.5999674335373335,
    0.5900075340603688,
    0.5800000010011792,
    0.5900179948156928,
    0.5900180592961659,
    0.590018023350421,
    0.5900075510618283,
    0.5900090118151957,
    0.5999886950854757,
    0.5900145560407569,
    0.5900090065719111,
    0.5900981461286805,
    0.5900090201076649,
    0.5999928816844518,
    0.5999911749204039,
    0.5999909574779667,
    0.5999909381846139,
    0.5999747310638223,
    0.5901212938005391,
    0.5998781827234774,
    0.5900161734809315,
    0.5901219512195122,
    0.5901122194513716,
    0.5998864527906697,
    0.599962264416379,
    0.59990202019258,
    0.5900161931718213,
    0.5900979732042687,
    0.5999838265175281,
    0.5900162678604166,
    0.5999837790882567,
    0.5900161915871522,
    0.5900162610214638,
    0.5999800174313961,
    0.5900069834542221,
    0.5900338600451467,
    0.5900074437829887,
    0.5900074493947851,
    0.5900069741864229,
    0.5900386842647489,
    0.6,
    0.599999996915167,
    0.599968019993604,
    0.5900388356599336,
    0.5999613235868773,
    0.590006031363088,
    0.5900600253621574,
    0.5901521660221983,
    0.5900601814516984,
    0.5999999939999998,
    0.599891995423543,
    0.5901521350702286,
    0.5900601792258688,
    0.5999770808709269,
    0.5999527062378699,
    0.5900601264679728,
    0.590006,
    0.5800325487392396,
    0.5800600329913224,
    0.5800060267660425,
    0.59,
    0.5899444301263561,
    0.5800601492340695,
    0.5899324786576639,
    0.5899386679713885,
    0.580006,
    0.58,
    0.5899998241343296,
    0.5899998241343296,
    0.5899999859523729,
    0.5800001457851939,
    0.5899998465998865,
    0.5899999935164812,
    0.5800000846511786,
    0.5800001426415956,
    0.5899997708734305,
    0.59,
    0.5899999875654054,
    0.5999998965516528,
    0.5800000188571439,
    0.5800001400000547,
    0.58,
    0.5999999606557274,
    0.5999999484978364,
    0.5800001093151149,
    0.6,
    0.5800000625116477,
    0.6,
    0.5999998938052346,
    0.6,
    0.6,
    0.5800000447457688,
    0.599999939999976,
    0.58,
    0.5800000241657091,
    0.5923593270904118,
    0.59,
    0.59,
    0.6,
    0.5800489094257686,
    0.6,
    0.5952707263443922,
    0.5899695440112732,
    0.5899695791703395,
    0.5800304555794387,
    0.5899930257878684,
    0.5899639420111725,
    0.5800069446235351,
    0.5898930904624121,
    0.5800069542351977,
    0.5801069672859219,
    0.5800069763158925,
    0.5801070657892297,
    0.5801074323135833,
    0.5801323826318077,
    0.58018,
    0.5898887566682974,
    0.5801324641059713,
    0.5899892198059565,
    0.5899793313827075,
    0.5899667863365428,
    0.5800000028888718,
    0.5800332020430966,
    0.5800108368452739,
    0.5800333263498767,
    0.5800726441088385,
    0.5899891493114452,
    0.5899890556920726,
    0.580072576594539,
    0.5899664050245874,
    0.5800725858352254,
    0.589895558186535,
    0.5800000728000116,
    0.5898553936601364,
    0.5800001764001023,
    0.5800885845779854,
    0.5800000091443499,
    0.5801461042039873,
    0.5899013417955342,
    0.5801455017146074,
    0.5801454506463827,
    0.5898543837351395,
    0.5801377061331501,
    0.5800886517855884,
    0.5898544962434085,
    0.5801379985182926,
    0.5801454863720058,
    0.5801636218427322,
    0.5801454679236534,
    0.5898543766058801,
    0.5801634829459325,
    0.5898394391966676,
    0.589862493028277,
    0.5899113818387328,
    0.5800000420000089,
    0.5898735533447166,
    0.5800004280068671,
    0.5800890442005473,
    0.5800891281223399,
    0.5801546667198167,
    0.5899108701170672,
    0.5899286154466823,
    0.5800000963302974,
    0.5800000477373934,
    0.580018883046457,
    0.589862294804446,
    0.5800196490317099,
    0.5800199986837944,
    0.5801376146788991,
    0.5800200947997307,
    0.5899800055576172,
    0.5801675977653631,
    0.5800200002171035,
    0.5899799468563846,
    0.5899592437383604,
    0.5899744363821079,
    0.5800188403814752,
    0.5800253592561285,
    0.580048014941744,
    0.5899744363821079,
    0.589974493753131,
    0.589959904315992,
    0.5800480367888442,
    0.580082543243845,
    0.5898797673914827,
    0.5801203859090213,
    0.5800824575222129,
    0.5801253705084598,
    0.5801202640891749,
    0.5899520443516003,
    0.58997045413533,
    0.5898870133009156,
    0.5899173364224232,
    0.5899754068356058,
    0.5800188465095424,
    0.5800322571889388,
    0.5899754053884635,
    0.5800574018113401,
    0.5800318190850076,
    0.5899501580736095,
    0.5800953389830509,
    0.5800574731278676,
    0.5899044825706647,
    0.5899046432281411,
    0.5898763017523884,
    0.5800574041949219,
    0.5801033100887817,
    0.5800575365941587,
    0.5801033140325578,
    0.5801381216306716,
    0.5801378989155765,
    0.5898968568908322,
    0.5801032029697821,
    0.5899426781799062,
    0.5899750235384769,
    0.5800188512543347,
    0.5800188582875513,
    0.5899693287924491,
    0.580000005815385,
    0.5800001473459314,
    0.5800275308525282,
    0.5800323624595469,
    0.5899461380418528,
    0.5899111502368722,
    0.5800888450148075,
    0.5800363268211286,
    0.5800275469887994,
    0.5899105804578847,
    0.5899093544379514,
    0.5800361928667376,
    0.5800907179518376,
    0.5800905906170474,
    0.5899637413790269,
    0.5899637645076561,
    0.5899335526422673,
    0.5800900918826999,
    0.5800276459935156,
    0.5801282051282052,
    0.5800898923460887,
    0.5898857345185198,
    0.5801140766000112,
    0.5800899428010575,
    0.580116601066477,
    0.5801143627445593,
    0.5899101471312658,
    0.5899688704020853,
    0.5899747347696899,
    0.5899634011826664,
    0.589890703619594,
    0.5800002198131745,
    0.5800000171288751,
    0.5800000367347014,
    0.5898905633932426,
    0.5800000192657625,
    0.5801092233009709,
    0.5898905633932426,
    0.5899746990581524,
    0.5800000539259323,
    0.5800000435713605,
    0.5801247766621153,
    0.5800252808988764,
    0.5899506851348378,
    0.5801247117336981,
    0.589875011133913,
    0.5898804901423972,
    0.5800001109434193,
    0.5800104960325267,
    0.5800000113449365,
    0.580134128166915,
    0.5800329873933311,
    0.5800507673362552,
    0.5898654597320668,
    0.5899492183367541,
    0.5800508222107023,
    0.5899491344838937,
    0.5899648269997865,
    0.5800329995295134,
    0.5899646905779595,
    0.5800105168028007,
    0.580016337792588,
    0.5800179928028788,
    0.5899825876792901,
    0.5899824622672302,
    0.5899824421049651,
    0.5899824421049651,
    0.5899894037797119,
    0.5801658891960911,
    0.580016317120457,
    0.5801061320754717,
    0.5899895019227661,
    0.5801655744663164,
    0.5899040992266549,
    0.5898346513214977,
    0.5801656468014189,
    0.5898346513214977,
    0.5899508746924137,
    0.5899508746924137,
    0.5800060976700666,
    0.5800489396411093,
    0.5899510291484805,
    0.5899939993089305,
    0.580006,
    0.580006052115815,
    0.5800060085809442,
    0.5899939289564,
    0.5800060899175519,
    0.5800060703142872,
    0.5899939289564,
    0.5800000028604736,
    0.5800060033873857,
    0.5899999991382022,
    0.5899964106691092,
    0.5800061739154173,
    0.5899999609669039,
    0.5899998465998865,
    0.5899999704999955,
    0.5899998465998865,
    0.5899999978348623,
    0.5899998413444472,
    0.5899998465998865,
    0.5800000040898877,
    0.5899999866266652,
    0.5899999970893333,
    0.5899998465998865,
    0.580000002268,
    0.58000000168,
    0.5899998465998865,
    0.5899998465998865,
    0.5899998465998865,
    0.5899998465998865,
    0.5800000733981167,
    0.5899998465998865,
    0.5800000490000147,
    0.59,
    0.580000004704,
    0.5800001764001023,
    0.58,
    0.58,
    0.58,
    0.58,
    0.58,
    0.58,
    0.58,
    0.58,
    0.57,
    0.57,
    0.57,
    0.57,
    0.58,
    0.5799999953599991,
    0.58,
    0.57,
    0.5799998259997042,
    0.58,
    0.5700000054928899,
    0.579999876266528,
    0.5700000129000022,
    0.5799999995766423,
    0.5799998259997042,
    0.5799998259997042,
    0.5600000070400001,
    0.57,
    0.57,
    0.57,
    0.5700001720001032,
    0.57,
    0.57,
    0.57,
    0.57,
    0.57,
    0.57,
    0.57,
    0.5799999891733321,
    0.5700001003333935,
    0.5700001720001032,
    0.5700000005709033,
    0.57,
    0.57,
    0.5799999992501901,
    0.5700000129000022,
    0.5799999953599991,
    0.58,
    0.58,
    0.58,
    0.58,
    0.5700000068800006,
    0.57,
    0.5700000068800006,
    0.58,
    0.58,
    0.54,
    0.5498072608207885,
    0.5498072610088947,
    0.5498072612314575,
    0.5500565173573749,
    0.5500565034839938,
    0.57,
    0.5700000170639955,
    0.5899998465998865,
    0.58,
    0.58,
    0.59,
    0.59,
    0.59,
    0.604886821217734,
    0.58,
    0.5700000365447939,
    0.589954969443551,
    0.5800000854237838,
    0.6038133788354604,
    0.5700001007812788,
    0.58,
    0.5901578054595777,
    0.5901578021152468,
    0.5901577985629952,
    0.57,
    0.5900161455110258,
    0.5900161792806071,
    0.6031383508274353,
    0.5800769658711813,
    0.5800629341451168,
    0.5800629231745068,
    0.5800629466902002,
    0.5700000068800006,
    0.57,
    0.58,
    0.57,
    0.5700000196291032,
    0.5799999979298036,
    0.5700001445690416,
    0.58,
    0.590080524968387,
    0.6,
    0.5998532681191641,
    0.6099907792575522,
    0.58,
    0.6098123691239666,
    0.5800000754285887,
    0.6098123118728077,
    0.6,
    0.5949424857704705,
    0.589903263590492,
    0.5700000364565265,
    0.57,
    0.58,
    0.6101354574408249,
    0.63,
    0.5900789808106542,
    0.5900790622171307,
    0.58,
    0.57,
    0.610198643285748,
    0.610198665218783,
    0.6101987627882162,
    0.5801268712835161,
    0.570000049450019,
    0.5700001720001032,
    0.6699999195999292,
    0.53,
    0.5100001715001115
]
