[
    0.999,
    0.999,
    0.999,
    0.999,
    0.999,
    0.999,
    0.999,
    0.999,
    0.999,
    0.999,
    0.999,
    0.9989958864671385,
    0.998,
    0.998,
    0.998,
    0.99,
    0.99,
    0.999,
    0.998,
    0.9973423328886024,
    0.9940361009347515,
    0.9902602751610508,
    0.991,
    0.994,
    0.99,
    0.99,
    0.995,
    0.99,
    0.989,
    0.989,
    0.9889999991098962,
    0.989,
    0.9889999997997961,
    0.987,
    0.985,
    0.98,
    0.95,
    0.962,
    0.98,
    0.9873353525723725,
    0.98,
    0.98,
    0.9889999995851498,
    0.9889999976923303,
    0.9889999993089246,
    0.98,
    0.9889999996538485,
    0.9889999934062601,
    0.982,
    0.982,
    0.9794288111527043,
    0.977,
    0.977,
    0.97,
    0.9595970828800515,
    0.95,
    0.95,
    0.96,
    0.95,
    0.95,
    0.95,
    0.96,
    0.95,
    0.9375572986397639,
    0.88,
    0.8800000480000048,
    0.8800000192000008,
    0.87,
    0.87,
    0.910817836268799,
    0.86,
    0.87,
    0.8600000031945237,
    0.88,
    0.87,
    0.93,
    0.92,
    0.92,
    0.92,
    0.92,
    0.9629689695862885,
    0.9649999999349731,
    0.9649999951749422,
    0.9649999942099943,
    0.96,
    0.95,
    0.95,
    0.93,
    0.92,
    0.9641451244707582,
    0.96,
    0.96,
    0.95,
    0.93,
    0.93,
    0.96,
    0.96,
    0.98,
    0.92,
    0.95,
    0.89,
    0.8300000258863656,
    0.84,
    0.8899999940134422,
    0.8868074905756971,
    0.9181636721781985,
    0.87,
    0.87,
    0.87,
    0.87,
    0.87,
    0.9010950243104201,
    0.89,
    0.89,
    0.88,
    0.87,
    0.87,
    0.87,
    0.87,
    0.87,
    0.87,
    0.87,
    0.87,
    0.87,
    0.87,
    0.87,
    0.87,
    0.87,
    0.87,
    0.86,
    0.8600000700000088,
    0.88999995549998,
    0.87,
    0.85,
    0.84,
    0.87,
    0.86,
    0.9,
    0.8800000192000008,
    0.8900000184800005,
    0.88,
    0.8700000141142862,
    0.85,
    0.85,
    0.85,
    0.86,
    0.89,
    0.89,
    0.9080142122422242,
    0.86,
    0.86,
    0.86,
    0.86,
    0.86,
    0.86,
    0.86,
    0.8600000008400001,
    0.8799996127997831,
    0.85,
    0.84,
    0.84,
    0.85,
    0.889999886079969,
    0.85,
    0.85,
    0.85,
    0.8766686590189319,
    0.8799999647998255,
    0.84,
    0.82,
    0.82,
    0.81,
    0.83,
    0.81,
    0.81,
    0.81,
    0.81,
    0.81,
    0.810000002546,
    0.81,
    0.81,
    0.81,
    0.81,
    0.8,
    0.8,
    0.8,
    0.8,
    0.8,
    0.8,
    0.8,
    0.8,
    0.8,
    0.8,
    0.8,
    0.8,
    0.8,
    0.79,
    0.78,
    0.79,
    0.79,
    0.79,
    0.78,
    0.79,
    0.79,
    0.79,
    0.79,
    0.79,
    0.79,
    0.79,
    0.79,
    0.79,
    0.79,
    0.79,
    0.79,
    0.78,
    0.877367895453818,
    0.83,
    0.8100000627000107,
    0.81,
    0.829999999336,
    0.81,
    0.82,
    0.83,
    0.8200000420000042,
    0.82,
    0.82,
    0.8200153714904965,
    0.8200092326631104,
    0.82,
    0.82,
    0.8200156494273297,
    0.820006,
    0.82,
    0.82,
    0.829990765519049,
    0.8300989937050189,
    0.8299975078494664,
    0.8200156604571457,
    0.820006,
    0.8199946428571429,
    0.819994,
    0.8200107991360691,
    0.8200135014767517,
    0.82,
    0.81,
    0.8201621621621622,
    0.8200136393800471,
    0.8200540216086435,
    0.8200060122474986,
    0.8399460049898457,
    0.8200060465988901,
    0.8299999980697671,
    0.8299425379486584,
    0.8200248963264647,
    0.8382990546193432,
    0.829997509675447,
    0.81,
    0.82,
    0.8,
    0.8200077147265558,
    0.8,
    0.8299496010321475,
    0.8200000431218959,
    0.8200060169842002,
    0.8201618705035971,
    0.8200060086700295,
    0.8200324097268081,
    0.8200325561431498,
    0.8200060247595442,
    0.8299999997650943,
    0.8299999992367816,
    0.8100001326415419,
    0.8100000627000107,
    0.82,
    0.82,
    0.8200000720000072,
    0.82,
    0.82,
    0.810000001368,
    0.8199999934399984,
    0.82,
    0.8279301705374961,
    0.8100000119700005,
    0.8100000273600015,
    0.81,
    0.82,
    0.82,
    0.8199999835999839,
    0.8199999835999839,
    0.810000002546,
    0.81,
    0.8199999974227339,
    0.8199999981105982,
    0.8199999992346667,
    0.82,
    0.8100000092466668,
    0.8100000273600015,
    0.8100000273600015,
    0.8199999987761192,
    0.81,
    0.81,
    0.81,
    0.8,
    0.8,
    0.8,
    0.8,
    0.8,
    0.8091530689858067,
    0.8,
    0.79,
    0.79,
    0.7800000013155185,
    0.790006,
    0.79,
    0.8,
    0.7999949997216512,
    0.8000530973451327,
    0.8,
    0.8000060000001052,
    0.809999999271,
    0.8099999740799853,
    0.8099999959499992,
    0.8099992707657543,
    0.8000060411172362,
    0.8,
    0.8,
    0.7999986323685407,
    0.7999801144369053,
    0.7999243911314284,
    0.7900060249876985,
    0.799994,
    0.8,
    0.7900000019750232,
    0.8,
    0.79,
    0.79,
    0.79,
    0.79,
    0.79,
    0.7900000030100139,
    0.79,
    0.79,
    0.8,
    0.8,
    0.7900000181194695,
    0.8,
    0.8,
    0.8,
    0.8,
    0.8,
    0.79,
    0.7800000010734955,
    0.79,
    0.78,
    0.78,
    0.79,
    0.78,
    0.8099999999725972,
    0.8,
    0.8099999756999036,
    0.79,
    0.7800001128716132,
    0.78,
    0.81,
    0.8,
    0.79,
    0.8,
    0.79,
    0.8,
    0.7900000001479612,
    0.79,
    0.8099999740799853,
    0.8,
    0.8,
    0.8,
    0.8099999997408,
    0.8099999999470311,
    0.8,
    0.8,
    0.8,
    0.79,
    0.79,
    0.79,
    0.7900000318874106,
    0.8024524996327418,
    0.79,
    0.7900000084631305,
    0.79,
    0.7900000023794892,
    0.8,
    0.8,
    0.8,
    0.790000026040002,
    0.7900000098000002,
    0.7800000272800021,
    0.7800000272800021,
    0.7800000063800001,
    0.79,
    0.7800000073333335,
    0.81,
    0.7800001452000493,
    0.81,
    0.78,
    0.8,
    0.79,
    0.7800001452000493,
    0.78,
    0.79,
    0.79,
    0.79,
    0.8,
    0.7800001452000493,
    0.8,
    0.7700001725000432,
    0.7800000063800001,
    0.78,
    0.78,
    0.78,
    0.78,
    0.78,
    0.78,
    0.78,
    0.78,
    0.7800001452000493,
    0.79,
    0.79,
    0.79,
    0.78,
    0.79,
    0.7800000152393775,
    0.78,
    0.790000132300049,
    0.7900000065520001,
    0.7900000087405407,
    0.790000132300049,
    0.7900000409500022,
    0.790000003234,
    0.8,
    0.7800000149600005,
    0.79,
    0.79,
    0.79,
    0.79,
    0.79,
    0.79,
    0.79,
    0.790000026040002,
    0.8,
    0.8099999756999036,
    0.79,
    0.7900000207294546,
    0.79,
    0.8,
    0.8,
    0.8,
    0.790000132300049,
    0.790000026040002,
    0.8053565908560384,
    0.790000132300049,
    0.7900000329620285,
    0.79,
    0.8,
    0.7900000098000002,
    0.8099999554499133,
    0.81,
    0.79,
    0.8,
    0.7900000077700001,
    0.8,
    0.7900000056425505,
    0.79,
    0.7900000714000114,
    0.8099999554499133,
    0.7900001120000336,
    0.7900000951176599
]
