[
    0.001,
    0.001,
    0.001,
    0.001,
    0.001,
    0.001,
    0.002,
    0.002,
    0.001,
    0.001,
    0.002,
    0.0030000015341352768,
    0.002,
    0.005,
    0.001,
    0.001,
    0.002,
    0.002,
    0.002,
    0.002,
    0.002,
    0.002,
    0.008,
    0.006,
    0.002,
    0.004,
    0.004,
    0.003,
    0.006,
    0.006000000011757058,
    0.008,
    0.011,
    0.01,
    0.012,
    0.01,
    0.013,
    0.013,
    0.013000000085064228,
    0.013000000030096076,
    0.015,
    0.016,
    0.016,
    0.02,
    0.02,
    0.03,
    0.03,
    0.027,
    0.025,
    0.03,
    0.03,
    0.03,
    0.030000000284041015,
    0.029,
    0.013,
    0.012,
    0.01300000002639979,
    0.015,
    0.013,
    0.015000000985001772,
    0.02,
    0.015,
    0.015,
    0.02,
    0.015,
    0.02,
    0.023,
    0.028,
    0.04,
    0.04,
    0.039861929313307926,
    0.039,
    0.038,
    0.03,
    0.0230000000227739,
    0.03,
    0.031,
    0.02312780719371919,
    0.023,
    0.023000001432936675,
    0.03,
    0.025,
    0.03,
    0.025,
    0.035,
    0.02200000029340006,
    0.035,
    0.035,
    0.035,
    0.04,
    0.035,
    0.035,
    0.05,
    0.04,
    0.034,
    0.034,
    0.034,
    0.03,
    0.030000000009680637,
    0.03,
    0.02,
    0.03,
    0.03,
    0.02,
    0.02,
    0.02,
    0.03,
    0.01997042553569938,
    0.02,
    0.02,
    0.02,
    0.02,
    0.02,
    0.02,
    0.02,
    0.02,
    0.03,
    0.04,
    0.030000001940002324,
    0.030000000194000034,
    0.03,
    0.03,
    0.03,
    0.02,
    0.03,
    0.03,
    0.04,
    0.03,
    0.04,
    0.05,
    0.05,
    0.04,
    0.04,
    0.05,
    0.05,
    0.05,
    0.05,
    0.07,
    0.05,
    0.06,
    0.05,
    0.05,
    0.05,
    0.05,
    0.05,
    0.06,
    0.0600000000376,
    0.06,
    0.06,
    0.069999998726,
    0.07,
    0.07,
    0.08,
    0.06,
    0.08,
    0.07,
    0.07,
    0.08,
    0.07,
    0.08,
    0.08,
    0.07,
    0.09,
    0.1,
    0.1,
    0.1,
    0.1,
    0.1,
    0.08,
    0.07,
    0.09144622200344572,
    0.06,
    0.07,
    0.07,
    0.08,
    0.08,
    0.08,
    0.08,
    0.08,
    0.07,
    0.07,
    0.07,
    0.09,
    0.09,
    0.09,
    0.07,
    0.07,
    0.07,
    0.07,
    0.07,
    0.07000000009646913,
    0.08,
    0.08000001840000884,
    0.0899999776945236,
    0.1,
    0.1,
    0.08,
    0.07,
    0.07,
    0.07,
    0.1,
    0.1,
    0.09,
    0.09,
    0.07000000004680973,
    0.08,
    0.09,
    0.07000000033468286,
    0.08,
    0.07000000012337412,
    0.08,
    0.08000000368000108,
    0.1,
    0.08,
    0.08,
    0.08,
    0.07000000770718652,
    0.08,
    0.11,
    0.09,
    0.1,
    0.13,
    0.11,
    0.11,
    0.12,
    0.16,
    0.16,
    0.14,
    0.13,
    0.13000000010633334,
    0.13000000074004767,
    0.14,
    0.15,
    0.15,
    0.18,
    0.19,
    0.18000000002778732,
    0.18,
    0.18,
    0.19,
    0.2,
    0.19,
    0.2,
    0.19,
    0.2113010404939496,
    0.2,
    0.20999986769995105,
    0.2,
    0.21,
    0.2099999488999954,
    0.2,
    0.2,
    0.2,
    0.2,
    0.21153845519230763,
    0.20999999845125,
    0.21,
    0.2,
    0.2,
    0.2099999922299999,
    0.2,
    0.2,
    0.2,
    0.21,
    0.19,
    0.2099999488999954,
    0.19,
    0.19,
    0.19,
    0.19,
    0.19,
    0.22,
    0.19000000002204237,
    0.2,
    0.2,
    0.2,
    0.19,
    0.19,
    0.19,
    0.19,
    0.17,
    0.14,
    0.14,
    0.15,
    0.15,
    0.16,
    0.16,
    0.19,
    0.18,
    0.18,
    0.18,
    0.18,
    0.21,
    0.21000000338571523,
    0.20738532029132123,
    0.18,
    0.16,
    0.18,
    0.16,
    0.14,
    0.17999999771917807,
    0.16,
    0.16000000173793105,
    0.16,
    0.16,
    0.16,
    0.19,
    0.19,
    0.19,
    0.19,
    0.19,
    0.18427926124252778,
    0.16,
    0.16,
    0.16999995943859195,
    0.19,
    0.21,
    0.21,
    0.22,
    0.24,
    0.24,
    0.25,
    0.25,
    0.26,
    0.25,
    0.2700000772941549,
    0.3,
    0.27,
    0.27000000015912806,
    0.27,
    0.27,
    0.2699999162999841,
    0.27,
    0.27,
    0.27,
    0.27,
    0.27,
    0.27,
    0.28,
    0.27,
    0.31,
    0.32,
    0.3293413158467496,
    0.29,
    0.3163599301106581,
    0.27,
    0.23,
    0.23,
    0.23,
    0.26,
    0.23000005034618928,
    0.255,
    0.23,
    0.2368607343698313,
    0.2,
    0.2,
    0.2,
    0.19,
    0.15000000051155174,
    0.16,
    0.15,
    0.16,
    0.18,
    0.19000000588378005,
    0.19,
    0.19,
    0.22,
    0.19,
    0.19,
    0.2,
    0.2,
    0.2,
    0.2,
    0.21,
    0.2,
    0.2,
    0.2,
    0.21,
    0.21000000021438264,
    0.229999999218,
    0.21,
    0.22,
    0.21000000046083334,
    0.229999999218,
    0.21,
    0.19000002342170866,
    0.19000002430009647,
    0.2,
    0.22,
    0.25,
    0.25,
    0.25,
    0.25,
    0.259999955282552,
    0.25,
    0.25,
    0.25,
    0.28,
    0.30736842105263157,
    0.28,
    0.28,
    0.28,
    0.28,
    0.2999999981437558,
    0.28,
    0.28,
    0.28,
    0.3,
    0.3,
    0.28,
    0.28,
    0.2800000316483676,
    0.2700000008263331,
    0.28,
    0.29,
    0.270000000394808,
    0.28,
    0.28,
    0.3,
    0.28,
    0.3,
    0.28,
    0.27999991039996897,
    0.28,
    0.27,
    0.2700000002774,
    0.28,
    0.28,
    0.32,
    0.3,
    0.31,
    0.33,
    0.31,
    0.32,
    0.3300000804000707,
    0.36999999696980035,
    0.35,
    0.34,
    0.34,
    0.34,
    0.3500000010446802,
    0.35,
    0.4070420760752021,
    0.3899998478999072,
    0.4252291406861779,
    0.4299999988761364,
    0.3400000158400012,
    0.3499999934374998,
    0.34,
    0.35,
    0.38999999651997563,
    0.39,
    0.36,
    0.37,
    0.37,
    0.40000000240000005,
    0.4,
    0.39,
    0.39,
    0.4,
    0.4099998236998995,
    0.3700000014228356,
    0.37,
    0.47,
    0.46,
    0.46,
    0.4,
    0.4,
    0.4,
    0.4,
    0.37,
    0.37,
    0.36999999570799996,
    0.4,
    0.4,
    0.39,
    0.4,
    0.3799999741599966,
    0.3799999945279999,
    0.34,
    0.340000000272165,
    0.35,
    0.35,
    0.36,
    0.36,
    0.36,
    0.36,
    0.3899999899603953,
    0.4,
    0.44,
    0.47,
    0.44,
    0.45,
    0.48,
    0.45,
    0.4899999977133332,
    0.47741372950132466,
    0.44,
    0.43999996479999576,
    0.439999999648,
    0.43999997907874977,
    0.4399999996496292,
    0.4200000139200011,
    0.42,
    0.44,
    0.44,
    0.4499999974285714,
    0.44999999222350157,
    0.43,
    0.42,
    0.4,
    0.39000001114423166,
    0.41,
    0.3700000007331671,
    0.44,
    0.44,
    0.45324522671643797,
    0.4400000224000036,
    0.4560892761194297,
    0.44,
    0.4235042141100193,
    0.38,
    0.38,
    0.36999999789305554,
    0.4,
    0.4300353527742084,
    0.4299999967319999,
    0.41,
    0.4,
    0.4,
    0.4,
    0.4,
    0.43999999857605177,
    0.4299999931199994,
    0.4000000006667037,
    0.42931776616171846,
    0.41999999977939395,
    0.41000005900000885,
    0.41999998991999926,
    0.41000003034286425,
    0.41999999529599996,
    0.4199999995275,
    0.41,
    0.4199999943999999,
    0.4199999967486338,
    0.42999995054998097,
    0.4100000133733348,
    0.41,
    0.43,
    0.4299999870999978,
    0.41,
    0.41012445148697635,
    0.43,
    0.4228121919046804,
    0.41,
    0.4,
    0.4299999870999978,
    0.42757597061424235,
    0.4257425739202039,
    0.42,
    0.4,
    0.4300873696672234,
    0.42,
    0.4199998235998977,
    0.4299998279998968,
    0.42,
    0.420006210003105,
    0.4201796927223709,
    0.42,
    0.42,
    0.4200062107136299,
    0.4201796927223709,
    0.4313692233602394,
    0.42000000464000087,
    0.429994,
    0.43,
    0.42,
    0.4200000052140735,
    0.42,
    0.4300060038543762,
    0.42,
    0.4300060008969426,
    0.439997,
    0.43,
    0.43,
    0.43000000001180416,
    0.44,
    0.44,
    0.44,
    0.44,
    0.4400000224000036,
    0.44,
    0.4400000337349479,
    0.45,
    0.45,
    0.450009,
    0.45,
    0.45,
    0.459994,
    0.45,
    0.45,
    0.45,
    0.45,
    0.466,
    0.46,
    0.47,
    0.47,
    0.47,
    0.47,
    0.47,
    0.47,
    0.47,
    0.47,
    0.47,
    0.47,
    0.47,
    0.47,
    0.47,
    0.47,
    0.47,
    0.47,
    0.47,
    0.47,
    0.47002437493430227,
    0.4700000003157895,
    0.4700123242545438,
    0.479994,
    0.47,
    0.47,
    0.47,
    0.4700000073300402,
    0.47,
    0.47000004946667856,
    0.48,
    0.47000000030285716,
    0.48,
    0.48,
    0.48,
    0.48,
    0.48,
    0.48,
    0.48,
    0.48,
    0.48,
    0.48,
    0.48,
    0.48,
    0.48,
    0.48,
    0.48,
    0.48,
    0.48,
    0.48,
    0.48,
    0.48,
    0.48,
    0.4800065477022952,
    0.48,
    0.48,
    0.48,
    0.48,
    0.48,
    0.48,
    0.48,
    0.48,
    0.48001821206130096,
    0.48,
    0.48,
    0.48000600019904544,
    0.48,
    0.48,
    0.48,
    0.48,
    0.4800182368076934,
    0.4899817663500646,
    0.48998178280275545,
    0.48000600765066986,
    0.4899802588286905,
    0.4899982986767486,
    0.49,
    0.49,
    0.49003,
    0.4900090092048727,
    0.4900181616802718,
    0.4900000006599571,
    0.49,
    0.4999698767998612,
    0.4900181671689857,
    0.49004500100624704,
    0.4999975934541954,
    0.490097033436541,
    0.4900450009505139,
    0.49004500945461055,
    0.4999731949846171,
    0.49005315275166034,
    0.4900181688824802,
    0.4900521230789411,
    0.4999789940695641,
    0.49005216248151956,
    0.4999487552013471,
    0.49,
    0.49,
    0.49,
    0.49000600230557434,
    0.4900824175824176,
    0.4900000068307764,
    0.4900510783200908,
    0.49996861510692364,
    0.49015183005061,
    0.49000601618771145,
    0.4999075670723617,
    0.49015188351365657,
    0.4999939328203862,
    0.49000605744661485,
    0.49998266884447407,
    0.49000007061542916,
    0.4900092374848965,
    0.49,
    0.4900796460176991,
    0.4900000041987309,
    0.49001523637979205,
    0.4900279416330332,
    0.49013147506815863,
    0.49000793915641166,
    0.49998477318638423,
    0.49999049,
    0.49013126274578495,
    0.49994595304439,
    0.4999203479446636,
    0.49997664492018795,
    0.49000799397349026,
    0.4900079432484671,
    0.4900079460167255,
    0.490007972187047,
    0.49997662608104376,
    0.4900079711833816,
    0.49997650108095026,
    0.49000000270743027,
    0.49000867665761166,
    0.49000600526137705,
    0.4900445116230121,
    0.4900094241361399,
    0.49002332824015504,
    0.49003729796933276,
    0.4900094198360367,
    0.49000950443318975,
    0.4900621546961326,
    0.49000945669153034,
    0.49012386434386523,
    0.49000948531980676,
    0.4901238751106028,
    0.4900094753790667,
    0.4999905572409861,
    0.49000862467419426,
    0.490008696638985,
    0.4999929126213592,
    0.490006,
    0.4900060061325775,
    0.49,
    0.49,
    0.49,
    0.49,
    0.49,
    0.49,
    0.49,
    0.49,
    0.49,
    0.49,
    0.49,
    0.49,
    0.49,
    0.49,
    0.49,
    0.49,
    0.49,
    0.49,
    0.49,
    0.49,
    0.49,
    0.49,
    0.49,
    0.49,
    0.49,
    0.49,
    0.49,
    0.49,
    0.49,
    0.49,
    0.49,
    0.49,
    0.49,
    0.49,
    0.49,
    0.49,
    0.49,
    0.49,
    0.49,
    0.49,
    0.49,
    0.49,
    0.49,
    0.49,
    0.49,
    0.49,
    0.49,
    0.49,
    0.49,
    0.49,
    0.49,
    0.49,
    0.49,
    0.49,
    0.49,
    0.49,
    0.49,
    0.49,
    0.49,
    0.49,
    0.49,
    0.49,
    0.49,
    0.49,
    0.49,
    0.49,
    0.49,
    0.49,
    0.49997001429689325,
    0.4998773633793054,
    0.49985449913729824,
    0.48002343434266437,
    0.4800152350265064,
    0.48003345193847213,
    0.48015,
    0.48003352665812166,
    0.4999664307933903,
    0.480033520201727,
    0.49996785920905085,
    0.48001531566154787,
    0.48003842869342445,
    0.4800152836538071,
    0.4800468093054358,
    0.4999997300001458,
    0.49997451210698934,
    0.48004684851936685,
    0.48001535130583234,
    0.4800441029376544,
    0.4999878420634008,
    0.49998783511197387,
    0.48999535409682754,
    0.48004410961434146,
    0.48998019793830033,
    0.489994,
    0.48999998137999884,
    0.48008988189051394,
    0.48999999867686767,
    0.4999173469765924,
    0.49991012846574123,
    0.4800000572848827,
    0.48003840307224577,
    0.48003823803294043,
    0.4999616431340681,
    0.4900060002045659,
    0.48,
    0.4900060098756045,
    0.49003791595757706,
    0.4999939643577109,
    0.4900380139098483,
    0.49999399879976,
    0.4999939160005425,
    0.4900379920303936,
    0.48,
    0.48,
    0.4800060035182563,
    0.48004681850252234,
    0.48004704539037846,
    0.48015625,
    0.4800060181164008,
    0.4899133686103655,
    0.49,
    0.489999999069,
    0.49,
    0.49,
    0.49,
    0.49,
    0.49,
    0.48000605273156377,
    0.48000013183104534,
    0.4899999971527027,
    0.47000600551713073,
    0.49,
    0.49,
    0.48,
    0.48,
    0.48,
    0.4799997100879722,
    0.4700079897894779,
    0.4700142425305624,
    0.47001565093716324,
    0.4700143805126652,
    0.47,
    0.47001573297651056,
    0.47999195866574396,
    0.4799842302482218,
    0.4701473138130903,
    0.4700181993087981,
    0.47001437766563064,
    0.47014734484210835,
    0.4799817327672807,
    0.47001840804482536,
    0.4700183363443596,
    0.47998177933119096,
    0.47998176917189056,
    0.4700183908462507,
    0.47998166380292023,
    0.479981742215404,
    0.47998176981789475,
    0.47998174353524015,
    0.47001447131203866,
    0.4700251195284522,
    0.47014778420607234,
    0.4701455845465379,
    0.4700143759054072,
    0.47999991504418765,
    0.47999991724132224,
    0.4799999951999998,
    0.4701478342006139,
    0.47014800546890906,
    0.47998125,
    0.4701446642163478,
    0.47999982719988943,
    0.47999985355924263,
    0.4701444652560132,
    0.47998312078019506,
    0.47014462066317964,
    0.47002548648872844,
    0.4701177803922579,
    0.4701177159719817,
    0.4701176860207932,
    0.47998523108509444,
    0.47988261717929886,
    0.4798825856277274,
    0.47011765743029343,
    0.4798808253071634,
    0.47986790700335585,
    0.4700248451572073,
    0.47011244987457923,
    0.4701317715959004,
    0.4798680059175128,
    0.4798771071756256,
    0.47011275327653834,
    0.4701230286500811,
    0.47012268673849555,
    0.4701227146497079,
    0.4701227451984736,
    0.4798769943269763,
    0.47997596015785887,
    0.47997596015785887,
    0.47011245814546593,
    0.4799758384839259,
    0.47011257119119304,
    0.47996600603924183,
    0.4798665067657134,
    0.479866550380446,
    0.4700249775496484,
    0.47002487885557265,
    0.479866550380446,
    0.4798703683555111,
    0.4798704598999031,
    0.47002504377119303,
    0.4700418425529952,
    0.47005654748653103,
    0.47001425529796464,
    0.4701376776199031,
    0.4701378364502664,
    0.47987031048526485,
    0.4798943052913445,
    0.47989429141656464,
    0.4700563626973256,
    0.4798942591062064,
    0.4700563911007747,
    0.47005637892336743,
    0.47989257441176747,
    0.47005642666143654,
    0.479872837983775,
    0.4700562959759744,
    0.4799581509806522,
    0.4799581809986478,
    0.4799580576814978,
    0.4700564439478672,
    0.47005634619391423,
    0.47004177563283295,
    0.47004198626574745,
    0.4799629885610113,
    0.47994505751324823,
    0.4700143368039119,
    0.47001441190144116,
    0.47003096658120513,
    0.47007028374032195,
    0.4700079871603321,
    0.47002981996308457,
    0.47007029902699765,
    0.47992957230917904,
    0.47003117185956766,
    0.47003100507114054,
    0.4701326083060125,
    0.479963051538043,
    0.479963051538043,
    0.4799629533365792,
    0.4799629533365792,
    0.47990419802653467,
    0.47998659915684905,
    0.4799043028257207,
    0.47998990699196215,
    0.47988494334870624,
    0.4798672752161163,
    0.4700298987388798,
    0.47002993403726434,
    0.4700299291400991,
    0.47002991333980965,
    0.4798673645398635,
    0.4700297788175071,
    0.479989920201596,
    0.4799900801963077,
    0.47000809484054706,
    0.47998997162913887,
    0.47000815937087653,
    0.47001020514564984,
    0.47001000718378,
    0.4700099085190221,
    0.47998345343959303,
    0.4799255118682069,
    0.47001004636712673,
    0.4700142180094787,
    0.47000989398934523,
    0.4700742112057182,
    0.4799255788467237,
    0.47007434915548807,
    0.4799857509972655,
    0.47998578196255526,
    0.47000989090747597,
    0.47001451123911153,
    0.4700147283054287,
    0.4799899901019444,
    0.4799900054324153,
    0.4700149536499336,
    0.4700385563361679,
    0.4701449568692942,
    0.4700145130714854,
    0.4701451018794167,
    0.47999990769223666,
    0.47999999781818176,
    0.48,
    0.48,
    0.4799781949779476,
    0.4700386053137832,
    0.4799611820528042,
    0.4700387540827381,
    0.470038760812078,
    0.47993590089357346,
    0.4798516936952911,
    0.4798495713848864,
    0.47001494722537157,
    0.47015196020261363,
    0.4701385006295483,
    0.47014950249170817,
    0.4701339551543416,
    0.4798481889172054,
    0.47015178091356047,
    0.4798482017209957,
    0.4701519418502399,
    0.4701486511990295,
    0.4798515714938778,
    0.4701486155913908,
    0.47014874116055194,
    0.4701381397509441,
    0.4701381819812164,
    0.4799854759815934,
    0.4701380709848283,
    0.4799854051771758,
    0.47998531243475195,
    0.4799852928635438,
    0.4799852865907212,
    0.4799854320083198,
    0.4799854759815934,
    0.4799854117129668,
    0.4798828353515853,
    0.4798617169715239,
    0.47986164123397634,
    0.47014824864060617,
    0.47013317287496736,
    0.4799853057818327,
    0.47014816717863456,
    0.47990389807696715,
    0.47985181085928086,
    0.4701480674946048,
    0.4798519429918999,
    0.4701333271777804,
    0.47998546079082477,
    0.4799854320083198,
    0.4799854251255476,
    0.4799852804373813,
    0.47013314614374346,
    0.4701333227359896,
    0.47999879247890165,
    0.47998277265571826,
    0.47986709014603224,
    0.4798671534443939,
    0.4799850347389479,
    0.47998439089199907,
    0.4700151510713839,
    0.4700151411452627,
    0.47998256633193565,
    0.4700165996595159,
    0.470019820662946,
    0.47001987184193544,
    0.4799808813058523,
    0.4700197026288556,
    0.47998010433460103,
    0.4700100580239106,
    0.47001035311062506,
    0.47000740558600534,
    0.4799825685365887,
    0.47998270343202204,
    0.47998258468726773,
    0.470017294141946,
    0.47001001202766457,
    0.4700174577304588,
    0.4700100126327946,
    0.4700101532408173,
    0.4799920892146984,
    0.4799871306293398,
    0.479978039840958,
    0.47001654712897273,
    0.47002174570009386,
    0.4700073996043615,
    0.4799782482103907,
    0.4700218765942562,
    0.4700217786581038,
    0.47999778099981644,
    0.47014335027617155,
    0.47001653236629204,
    0.4799070538193661,
    0.47985753359862626,
    0.4798574535050541,
    0.4701434974592655,
    0.47998327785883765,
    0.4700167278894356,
    0.47997389932787043,
    0.47001664631046935,
    0.47997403813764716,
    0.47997402191401917,
    0.47001667410682435,
    0.47997385710043483,
    0.4799739417546729,
    0.4799739417546729,
    0.4700259562029389,
    0.47000741489502007,
    0.4700260178208824,
    0.47997398907688915,
    0.4799739271073231,
    0.47997387111180795,
    0.4799910848376327,
    0.4700075875111831,
    0.47000756060679966,
    0.4799859264371064,
    0.47000740557886944,
    0.4700000349800047,
    0.4799701730690137,
    0.4700001382609537,
    0.470000000761875,
    0.47987297182329924,
    0.4700000851786338,
    0.4700001610785403,
    0.4700060051401224,
    0.47000769459667424,
    0.4700000352008974,
    0.4700077830482657,
    0.47986558049064165,
    0.479865488623455,
    0.47986926575908123,
    0.4700175226209613,
    0.47001393463665925,
    0.4700075759035491,
    0.4700177544400389,
    0.47985523412018694,
    0.4700177544400389,
    0.47985517956198775,
    0.47001772395191127,
    0.4700175625615243,
    0.47001753713723327,
    0.4700712193067556,
    0.4700139106597138,
    0.4700711466601325,
    0.4700712851120246,
    0.47992870796518255,
    0.4799287423906272,
    0.4798644338118022,
    0.4700712851120246,
    0.4798579427125821,
    0.4700139466089141,
    0.4700141279225594,
    0.47014196353819065,
    0.47000758057702063,
    0.4798579434560694,
    0.4701420289985227,
    0.47000777922103587,
    0.4799793075410557,
    0.47000760918326207,
    0.4700076548966589,
    0.47997930548773793,
    0.4799999049504198,
    0.47013997086826426,
    0.47000600375544976,
    0.4701397706875435,
    0.47999693479996935,
    0.47013990989699334,
    0.47014279458063357,
    0.4700083289164837,
    0.4701485291561216,
    0.47014860731895886,
    0.4799904843908221,
    0.4799905314607396,
    0.4799905522558153,
    0.479990494296578,
    0.479990494296578,
    0.4799905314607396,
    0.4799906113742529,
    0.47014866061365207,
    0.479990494296578,
    0.47999049074545763,
    0.4701414910616431,
    0.4799905314607396,
    0.47999049074545763,
    0.47014143200217595,
    0.47014139965922785,
    0.4799904874526009,
    0.47000613984932893,
    0.4799904843908221,
    0.4799904843908221,
    0.4700060280679126,
    0.4799904360694758,
    0.47999060325184717,
    0.4799905410951545,
    0.47000606913941106,
    0.4799906289821726,
    0.47999991724132224,
    0.47999990453035296,
    0.47000021704773687,
    0.4600180588900122,
    0.4699985518815647,
    0.4699824646178149,
    0.47,
    0.4600097512896867,
    0.46000969166057026,
    0.4600096535201007,
    0.47,
    0.4699997960376319,
    0.4600097656026553,
    0.46000969166057026,
    0.46999995655458937,
    0.4600096390892827,
    0.4600097918410924,
    0.46000957531522185,
    0.46999979059394537,
    0.46999992026779946,
    0.46999998871999804,
    0.46999992093451887,
    0.4600097512896867,
    0.4699999581447084,
    0.4600097925241399,
    0.4600097587601413,
    0.4699999196580647,
    0.4600095975743201,
    0.4600097925241399,
    0.4699997960376319,
    0.4600097291434397,
    0.47,
    0.46000957511000895,
    0.4601430676204508,
    0.46999992093451887,
    0.46999988036355805,
    0.46999983572805326,
    0.46999984194681593,
    0.4601463025817586,
    0.46015831134564644,
    0.46999983572805326,
    0.47,
    0.47,
    0.47,
    0.47,
    0.47,
    0.4699998777999096,
    0.47,
    0.47,
    0.47,
    0.47,
    0.47,
    0.47,
    0.47,
    0.47,
    0.47,
    0.47,
    0.4699997960376319,
    0.47,
    0.47,
    0.47,
    0.47,
    0.4601462057952882,
    0.47,
    0.47,
    0.47,
    0.47,
    0.47,
    0.47,
    0.47,
    0.47,
    0.47,
    0.47,
    0.46014613403726307,
    0.47,
    0.47,
    0.47,
    0.47,
    0.47,
    0.47,
    0.47,
    0.47,
    0.47,
    0.47,
    0.46999996384612186,
    0.47,
    0.47,
    0.47,
    0.47,
    0.46999996384612186,
    0.46998622790283384,
    0.4698523815611135,
    0.4601416983384113,
    0.4601417103652376,
    0.46999992093451887,
    0.4699999196580647,
    0.4601416901711308,
    0.46999984194681593,
    0.47,
    0.47,
    0.47,
    0.47,
    0.47,
    0.47,
    0.47,
    0.47,
    0.47,
    0.47,
    0.47,
    0.47,
    0.47,
    0.4699997960376319,
    0.47,
    0.47,
    0.47,
    0.47,
    0.47,
    0.47,
    0.47,
    0.47,
    0.46999983898138753,
    0.47,
    0.47,
    0.47,
    0.47,
    0.47,
    0.47,
    0.47,
    0.47,
    0.47,
    0.47,
    0.46999223934350887,
    0.4699900310279942,
    0.4699799094854341,
    0.4600097918410924,
    0.46986334727671053,
    0.46999004975124375,
    0.4600097114607795,
    0.4600097198339603,
    0.4600060955295789,
    0.460006002392224,
    0.46014885220493845,
    0.4699997960376319,
    0.46014895052280536,
    0.46999983898138753,
    0.46999005152706713,
    0.46015,
    0.46000756042783125,
    0.4699998055171542,
    0.46999481566649387,
    0.4698470912226718,
    0.4601500360958859,
    0.460150205392605,
    0.46015280844850615,
    0.4600083654784589,
    0.4601529889234863,
    0.4601528250070287,
    0.46984697114908713,
    0.46999399027267297,
    0.469993985493101,
    0.46000612353668263,
    0.46999385781934616,
    0.4600061699352157,
    0.46000604793776123,
    0.4600435956989947,
    0.4600000000744073,
    0.46001098508390303,
    0.4600124968450823,
    0.46,
    0.46,
    0.4699999196580647,
    0.4699997960376319,
    0.469999998496,
    0.4699999196580647,
    0.4699998777999096,
    0.46999987914277314,
    0.47,
    0.46999998871999804,
    0.46004372591369164,
    0.4699997960376319,
    0.4699998814781877,
    0.4699997960376319,
    0.46999980099089594,
    0.4699714811894377,
    0.4600436874140978,
    0.469948583924914,
    0.4698932111785504,
    0.46005130420477347,
    0.46001254278034454,
    0.46985226796604646,
    0.46985226778848044,
    0.46005134253141416,
    0.4699486612378374,
    0.4600512847936278,
    0.4600513000371154,
    0.4600110143286297,
    0.4699998918999708,
    0.4699998055171542,
    0.46999992026779946,
    0.4699896716824648,
    0.46001110988143223,
    0.4699866255107193,
    0.46001113860468856,
    0.4699866943371878,
    0.4699866661426581,
    0.460006584822385,
    0.46001447235224757,
    0.469986582773981,
    0.46001450116143133,
    0.46999987914277314,
    0.4600067762041501,
    0.46015296191580535,
    0.46000719074123797,
    0.46001514248049646,
    0.46014175539133756,
    0.46015289331869746,
    0.4699998814781877,
    0.47,
    0.46015299382589303,
    0.46999980099089594,
    0.46015289331869746,
    0.46999980099089594,
    0.46015302600092395,
    0.4601528016609479,
    0.460140892779642,
    0.4699999196580647,
    0.46999983572805326,
    0.4699998055171542,
    0.46014107628056755,
    0.46014092723027683,
    0.46001522849089105,
    0.46001525923712194,
    0.46001532576077775,
    0.47,
    0.46999999177499985,
    0.4600065782237889,
    0.4600600801068091,
    0.460019565442912,
    0.4699999946590901,
    0.46999996829679275,
    0.46006971340046476,
    0.46001971810061826,
    0.46001958623167255,
    0.47,
    0.47,
    0.4699998777999096,
    0.47,
    0.4600196176539069,
    0.47,
    0.47,
    0.47,
    0.47,
    0.47,
    0.47,
    0.4699999932319998,
    0.47,
    0.47,
    0.47,
    0.47,
    0.47,
    0.47,
    0.47,
    0.4699945524158554,
    0.46999383248067117,
    0.4699938336100585,
    0.47,
    0.47,
    0.46999411007356634,
    0.4699939922765384,
    0.4699939922765384,
    0.4600065969205071,
    0.4600065853531862,
    0.47,
    0.47,
    0.4600064151302034,
    0.4600064367264926,
    0.4700077156130571,
    0.4700060009027076,
    0.4701190476190476,
    0.47,
    0.4700180047144947,
    0.4600000093029665,
    0.4700181822873033,
    0.47017681728880156,
    0.4701597681424431,
    0.47999999567999996,
    0.4799827187018502,
    0.47015906370654836,
    0.47015902718646796,
    0.47001809890002144,
    0.47001811478989386,
    0.47998410170111444,
    0.479981992674503,
    0.4700077154879711,
    0.47999939440073885,
    0.4799922900018853,
    0.4700060006318988,
    0.48,
    0.48,
    0.48,
    0.48,
    0.48,
    0.4799955,
    0.48,
    0.48,
    0.48,
    0.48,
    0.4799917349245524,
    0.48,
    0.46999865515077255,
    0.46000612353668263,
    0.46000600078374726,
    0.46000000131960206,
    0.46001226452661687,
    0.4600308536167295,
    0.46,
    0.46000000080695724,
    0.4600060070878224,
    0.46000756888612543,
    0.46999487385085137,
    0.46997702238205424,
    0.46001226527855776,
    0.4699713189225611,
    0.46001240990789766,
    0.4600286898310488,
    0.46000757570315387,
    0.4600075817536106,
    0.46999983207021295,
    0.4699923487954018,
    0.46000777016743133,
    0.46999242787212536,
    0.4699924213717317,
    0.460006022875158,
    0.46000821317758717,
    0.46999380035431837,
    0.4699917824678163,
    0.46004681688744453,
    0.46001650963765617,
    0.46000600131183106,
    0.4600469759492278,
    0.46999999851578944,
    0.46999294327107577,
    0.46995306922128477,
    0.4699530516431925,
    0.46001652949585037,
    0.4699999929499998,
    0.4600165258370624,
    0.4699915000269976,
    0.4600060067394928,
    0.469993675,
    0.4600060096153846,
    0.4699775542062872,
    0.4699917965918585,
    0.46999399864651126,
    0.4600000704348117,
    0.46000021600011,
    0.46000013901000286,
    0.4699939698848957,
    0.46000011302329785,
    0.46,
    0.4600000012154558,
    0.4600000345600047,
    0.47,
    0.47001285724580233,
    0.47,
    0.4700060051260161,
    0.47,
    0.4701800259550173,
    0.4701801177472884,
    0.47994678925404793,
    0.4700128820077292,
    0.47996977233816807,
    0.47000600954008925,
    0.47003943977741214,
    0.4799605568217188,
    0.47996058562882526,
    0.4799605952714326,
    0.47000602073762515,
    0.47998681668143384,
    0.47000602126219454,
    0.47000642108642676,
    0.47000632578153706,
    0.47998669475551614,
    0.46999562076475626,
    0.4600128266305705,
    0.46000742983459164,
    0.4699925699182691,
    0.46001282420381656,
    0.4600550999330333,
    0.46001418439716313,
    0.4600552724340659,
    0.4699999828785708,
    0.4699999962359307,
    0.46999999668615644,
    0.47,
    0.46999999821399996,
    0.4699900760806641,
    0.4699901867257351,
    0.46998659797570214,
    0.46999399800235137,
    0.46000000168093386,
    0.4600000028253761,
    0.46,
    0.46,
    0.46,
    0.46,
    0.46,
    0.47,
    0.4700607196146223,
    0.4700558913822268,
    0.47006074914274865,
    0.4799433927494638,
    0.4700062962817392,
    0.4700072248559804,
    0.470008631694618,
    0.4700000137099818,
    0.4700086327016529,
    0.4700072024165269,
    0.4700261713402313,
    0.4799919975670146,
    0.479974750785938,
    0.4700261731546866,
    0.4799921722868716,
    0.4700072030182437,
    0.47997241790365364,
    0.47999217095786467,
    0.47000628889701296,
    0.4700920245398773,
    0.47998466433613496,
    0.47000687693365684,
    0.4700985030168657,
    0.4799999983234369,
    0.48,
    0.4799999049504198,
    0.47009860799840525,
    0.4799977053055442,
    0.4799013677905013,
    0.4700145355652459,
    0.4700990097728219,
    0.47009890490405287,
    0.4799999921454543,
    0.47992355734439424,
    0.4799013061618181,
    0.4799999991682711,
    0.47000722906713605,
    0.4701017405544433,
    0.4799998322329055,
    0.47999982719988943,
    0.4799991271695697,
    0.4799936064787682,
    0.4799782233869161,
    0.47010185661346315,
    0.4798982422749503,
    0.47999370923485546,
    0.47000641089015566,
    0.47999013697900444,
    0.4700060117339989,
    0.47,
    0.47000000313859397,
    0.479839752555989,
    0.4700060790522829,
    0.47015985790408527,
    0.4799939342966282,
    0.47000600375537616,
    0.470006,
    0.47,
    0.48,
    0.48,
    0.48,
    0.48,
    0.47905,
    0.4699925900409493,
    0.4699936859128656,
    0.46999329145928387,
    0.4699939964402272,
    0.4699938042103351,
    0.46,
    0.46,
    0.46,
    0.46,
    0.46,
    0.46,
    0.46,
    0.46,
    0.46,
    0.46,
    0.46,
    0.46,
    0.46,
    0.46,
    0.4600002037738925,
    0.47,
    0.4700719177488621,
    0.47001356813179523,
    0.47991893975518757,
    0.47004321766916823,
    0.47001356785924286,
    0.4798991634869316,
    0.47004335813036896,
    0.47010049222114697,
    0.4700432098965156,
    0.4799567770917247,
    0.47004335201140507,
    0.470138036809816,
    0.479986435581974,
    0.4799810231923824,
    0.46000000080277503,
    0.4799939999944785,
    0.47,
    0.4600000033717241,
    0.47,
    0.47,
    0.47,
    0.47,
    0.47,
    0.48,
    0.46,
    0.46,
    0.46,
    0.46,
    0.47,
    0.46000001473285407,
    0.46,
    0.46,
    0.47002276176024277,
    0.4799815320900041,
    0.4700000010750617,
    0.47,
    0.4700184577522559,
    0.47000000087500654,
    0.47000019875011656,
    0.4700000349800047,
    0.4799843305287307,
    0.4700081326613599,
    0.47000000801921726,
    0.47000720283523717,
    0.4700156702061784,
    0.4799841744869989,
    0.4700081219465884,
    0.4700097265751648,
    0.4700080957761424,
    0.4700190799236803,
    0.47999567831086754,
    0.47998455384117034,
    0.4799919041360105,
    0.47000809615664696,
    0.470036,
    0.47000720383867806,
    0.47999267559498077,
    0.479999192641358,
    0.47999282215559025,
    0.47998488975542875,
    0.47000866639219424,
    0.4700000082011309,
    0.47000868973839205,
    0.4701264621319363,
    0.4700000004114575,
    0.47000629899216123,
    0.4799936982576066,
    0.4700065255569716,
    0.4700000144089876,
    0.47015151515151515,
    0.4700063262077731,
    0.47009311862348213,
    0.47015163122530046,
    0.47998347828368637,
    0.4798486742838254,
    0.4700931170238889,
    0.47009308354202856,
    0.4799068504632531,
    0.4799068884189532,
    0.4700931607996148,
    0.4799067636207274,
    0.47999366815945904,
    0.4700064525490656,
    0.47998620260937463,
    0.4700000349800047,
    0.479978640929941,
    0.4700128205128205,
    0.4700000089332845,
    0.47001215395003376,
    0.47000004580495336,
    0.47002128259266285,
    0.47002454502374713,
    0.4700214296830225,
    0.47998590989966083,
    0.47002457100118383,
    0.4799878333986135,
    0.4799939969001276,
    0.47000007625903667,
    0.47999994450864486,
    0.4700001610785403,
    0.4700000009356873,
    0.47999982719988943,
    0.47999982719988943,
    0.4700000319827622,
    0.46000000395967033,
    0.48,
    0.48,
    0.4899999976751016,
    0.48,
    0.46,
    0.46,
    0.47,
    0.46,
    0.47,
    0.47,
    0.46,
    0.47,
    0.47,
    0.47,
    0.47,
    0.47,
    0.48,
    0.4800068992752542,
    0.48,
    0.48,
    0.48,
    0.48,
    0.4800092769292056,
    0.48,
    0.48,
    0.48,
    0.48,
    0.48,
    0.48,
    0.48,
    0.48,
    0.48000929518808494,
    0.4800295337933992,
    0.48002955050167334,
    0.4800093899328779,
    0.4800207708285253,
    0.48000928562714784,
    0.48999050431701696,
    0.4899851648473775,
    0.4800070303119805,
    0.48000699762511595,
    0.4800068621990281,
    0.4899930383942266,
    0.4899891944005141,
    0.4800000006568421,
    0.48,
    0.48000000245670504,
    0.48002001334222816,
    0.489987184874526,
    0.4800000154074184,
    0.48,
    0.48000000260000014,
    0.48985342116078606,
    0.48000000174017016,
    0.4801466698685677,
    0.48985313427838617,
    0.48014678590031906,
    0.48000009706671326,
    0.489916287920171,
    0.48,
    0.48018,
    0.48000000540839133,
    0.4800060032452346,
    0.48981994454745637,
    0.4800060943316216,
    0.48000621913183833,
    0.48000601243517843,
    0.489994,
    0.48,
    0.48999982849988855,
    0.48,
    0.48,
    0.48,
    0.4800000166400028,
    0.48,
    0.48999998039999687,
    0.48,
    0.4899998690098063,
    0.49,
    0.48,
    0.48,
    0.48,
    0.4800000138666709,
    0.48,
    0.4800000127520441,
    0.4899999946898777,
    0.4899999950712488,
    0.48,
    0.48000000181738756,
    0.48,
    0.48,
    0.48,
    0.48,
    0.48000000416000005,
    0.48,
    0.48991323697325373,
    0.48991323696834693,
    0.48,
    0.48,
    0.48,
    0.48,
    0.480000044774956,
    0.4899132373773202,
    0.5,
    0.489945267958951,
    0.48,
    0.48,
    0.48,
    0.48,
    0.48,
    0.48000001560000344,
    0.4898945779969532,
    0.4898945774360767,
    0.48,
    0.49,
    0.48000000320740216,
    0.48,
    0.48,
    0.48,
    0.48,
    0.48000000094545453,
    0.4964262041172171,
    0.48,
    0.48999998137999884,
    0.4800000087058954,
    0.49,
    0.48,
    0.48,
    0.4900001683001128,
    0.4900001683001128,
    0.49,
    0.4900001683001128,
    0.5,
    0.4900001683001128,
    0.4900001683001128,
    0.4964200477326969,
    0.48,
    0.48,
    0.48000001187350294,
    0.48,
    0.48,
    0.48,
    0.48,
    0.4899999899030293,
    0.48,
    0.48,
    0.48,
    0.49000001769716167,
    0.5,
    0.4800002969738366,
    0.49,
    0.4900000046084344,
    0.5,
    0.480000332623275,
    0.49,
    0.49,
    0.5,
    0.5,
    0.5,
    0.5,
    0.5,
    0.4900001683001128,
    0.4900000017000006,
    0.49,
    0.49,
    0.49,
    0.49,
    0.49000000063458415,
    0.49023872245832995,
    0.5,
    0.4902388284453135,
    0.4902386916842243,
    0.4902387292347996,
    0.49,
    0.4800000138666709,
    0.48,
    0.48,
    0.4800000138666709,
    0.49,
    0.489999997322093,
    0.49,
    0.49,
    0.49,
    0.49,
    0.49,
    0.48,
    0.49,
    0.48,
    0.48,
    0.48,
    0.48,
    0.49,
    0.48,
    0.48,
    0.48,
    0.49,
    0.49,
    0.49,
    0.4900000017000006,
    0.5099999951266666,
    0.5099999982999994,
    0.5,
    0.5,
    0.5099999785799988,
    0.5,
    0.5,
    0.5,
    0.5,
    0.5,
    0.5,
    0.5,
    0.5,
    0.5,
    0.5,
    0.5,
    0.5,
    0.5,
    0.5,
    0.5,
    0.51,
    0.51,
    0.51,
    0.51,
    0.51,
    0.51,
    0.51,
    0.51,
    0.51,
    0.51,
    0.51,
    0.51,
    0.51,
    0.51,
    0.51,
    0.51,
    0.51,
    0.51,
    0.51,
    0.51,
    0.5199634530661582,
    0.5199562267355202,
    0.5199562265848128,
    0.5199561988460081,
    0.5100000240196096,
    0.5299999883399997,
    0.52,
    0.52,
    0.53,
    0.5299998780999061,
    0.52,
    0.52,
    0.5299999712285689,
    0.5299999916520142,
    0.52,
    0.52,
    0.52,
    0.52,
    0.52,
    0.52,
    0.52,
    0.5299998780999061,
    0.5299998780999061,
    0.52,
    0.52,
    0.5200000172800011,
    0.52,
    0.52,
    0.51,
    0.52,
    0.52,
    0.5,
    0.5099998316998873,
    0.5099868114193807,
    0.5099807037937344,
    0.5,
    0.52,
    0.5101083765958099,
    0.5101084099249261,
    0.510120826574654,
    0.5101209000863572,
    0.5101208264305237,
    0.5199999937599997,
    0.5098461535540704,
    0.5101600058897351,
    0.5101599043234244,
    0.5099248975876195,
    0.52,
    0.52,
    0.54,
    0.4500000173684223,
    0.5299560073696186,
    0.5299560075229808,
    0.49,
    0.48,
    0.719999985599996,
    0.8899999109995639
]
