[
    0.999,
    0.999,
    0.999,
    0.999,
    0.999,
    0.999,
    0.999,
    0.999,
    0.999,
    0.999,
    0.999,
    0.999,
    0.999,
    0.999,
    0.999,
    0.999,
    0.999,
    0.999,
    0.999,
    0.999,
    0.999,
    0.999,
    0.999,
    0.999,
    0.999,
    0.999,
    0.999,
    0.999,
    0.999,
    0.999,
    0.999,
    0.999,
    0.9978141600398753,
    0.994,
    0.994,
    0.994000002976,
    0.995,
    0.994,
    0.9939999995376877,
    0.9958773944772386,
    0.995,
    0.995,
    0.9979489899405752,
    0.997,
    0.97,
    0.996,
    0.9948531360489645,
    0.989,
    0.996,
    0.996,
    0.99,
    0.99,
    0.9969999999985022,
    0.996999999996758,
    0.99,
    0.99,
    0.9885353999434857,
    0.98,
    0.988,
    0.989,
    0.988999999990426,
    0.989,
    0.9889999976923303,
    0.9677522401523023,
    0.95,
    0.92,
    0.92,
    0.93,
    0.93,
    0.93,
    0.95,
    0.95,
    0.95,
    0.96,
    0.96,
    0.95,
    0.97,
    0.96,
    0.98,
    0.99,
    0.98,
    0.9799999931399999,
    0.96,
    0.97,
    0.98,
    0.9799991571990392,
    0.99,
    0.98,
    0.98,
    0.96,
    0.96,
    0.96,
    0.95,
    0.95,
    0.95,
    0.95,
    0.940000009310345,
    0.96,
    0.94,
    0.9518318373328448,
    0.96,
    0.9595726696265545,
    0.96,
    0.95,
    0.95,
    0.97,
    0.96,
    0.95,
    0.97,
    0.9619101123595506,
    0.96,
    0.93,
    0.93,
    0.94,
    0.94,
    0.9400000540000054,
    0.95999999616,
    0.9599999943094248,
    0.96,
    0.96,
    0.95,
    0.9699997865996202,
    0.95,
    0.95,
    0.95,
    0.9300000311500017,
    0.9537055409121958,
    0.93,
    0.929510732050413,
    0.91,
    0.9100000400500022,
    0.88,
    0.8899999991308587,
    0.9299999999535,
    0.89,
    0.9,
    0.9099999469164928,
    0.92,
    0.92,
    0.92,
    0.93,
    0.93,
    0.93,
    0.92,
    0.94,
    0.95,
    0.93,
    0.94,
    0.93,
    0.94,
    0.92,
    0.9399999964279999,
    0.98,
    0.92,
    0.9687394619347675,
    0.9285390977211357,
    0.9199999957749694,
    0.92,
    0.91,
    0.87,
    0.8756497175141243,
    0.8700001014000223,
    0.8677178716229926,
    0.86,
    0.86,
    0.85,
    0.86,
    0.8599999981015449,
    0.8500000112500002,
    0.8699999930399986,
    0.87,
    0.8500000150000003,
    0.8699999804932478,
    0.86,
    0.81,
    0.79,
    0.79,
    0.76,
    0.76,
    0.7880825231758117,
    0.7600000330364394,
    0.77,
    0.7700000090773335,
    0.7700000073163084,
    0.77,
    0.77,
    0.8164209805820712,
    0.74,
    0.72,
    0.73,
    0.68,
    0.68999999954,
    0.6899999585999611,
    0.69,
    0.69,
    0.7,
    0.71,
    0.72,
    0.73,
    0.73,
    0.7600000330364394,
    0.75,
    0.75,
    0.75,
    0.75,
    0.75,
    0.75,
    0.75,
    0.7299999998182632,
    0.7292707292547014,
    0.729999999416,
    0.73,
    0.7150812787212787,
    0.7400000360504227,
    0.74,
    0.73,
    0.74,
    0.76999999996612,
    0.76,
    0.76,
    0.76,
    0.76,
    0.76,
    0.77,
    0.77,
    0.770000034500002,
    0.77,
    0.76,
    0.76,
    0.76,
    0.76,
    0.76,
    0.76,
    0.76,
    0.76,
    0.73,
    0.7,
    0.6999999995473357,
    0.65,
    0.64,
    0.65,
    0.64,
    0.64,
    0.64,
    0.64,
    0.64,
    0.64,
    0.64,
    0.64,
    0.62,
    0.61,
    0.62,
    0.6393606393606394,
    0.619999997365,
    0.63,
    0.6300000374493965,
    0.63,
    0.63,
    0.5700003153335226,
    0.58,
    0.5100000196000032,
    0.5300001222000904,
    0.56,
    0.559999843199887,
    0.52,
    0.52,
    0.54,
    0.51,
    0.51,
    0.5399999436521308,
    0.5299999757714228,
    0.5976095568959221,
    0.619999979983857,
    0.6,
    0.57,
    0.59,
    0.5900000275108266,
    0.5900000275108266,
    0.5900000275108266,
    0.5900000275108266,
    0.5900000275108266,
    0.5900000275108266,
    0.5900000275108266,
    0.5900000275108266,
    0.5900000275108266,
    0.59,
    0.56,
    0.5700001720001032,
    0.57,
    0.5700000156363663,
    0.5700000142148784,
    0.5769235007806043,
    0.56,
    0.6,
    0.63,
    0.63,
    0.63,
    0.6300000074000001,
    0.64938,
    0.65,
    0.64,
    0.6584725268335315,
    0.6538888822685179,
    0.6650370363606035,
    0.63,
    0.6538461488165679,
    0.6300000727666766,
    0.64,
    0.6699999091197553,
    0.63,
    0.63,
    0.6647418620963621,
    0.6499999934999994,
    0.63,
    0.6599400053699558,
    0.65,
    0.6599999953799998,
    0.65,
    0.6446425203186803,
    0.64,
    0.64,
    0.64,
    0.63,
    0.64,
    0.65,
    0.64,
    0.66,
    0.6400000129600009,
    0.64,
    0.6599999841599988,
    0.64,
    0.6400000129600009,
    0.64,
    0.66,
    0.66,
    0.66,
    0.66,
    0.6599047619047619,
    0.6559853683249315,
    0.64,
    0.64,
    0.64,
    0.64,
    0.64,
    0.64,
    0.64,
    0.64,
    0.64,
    0.64,
    0.64,
    0.64,
    0.64,
    0.6400051711564662,
    0.61,
    0.62,
    0.6398503531418276,
    0.629999998236,
    0.63,
    0.61,
    0.6,
    0.6,
    0.61,
    0.6,
    0.6100000058892618,
    0.61,
    0.61,
    0.64,
    0.629999998236,
    0.6,
    0.6,
    0.6299999326414955,
    0.629999998445404,
    0.6596240424790771,
    0.550000002248715,
    0.57,
    0.57,
    0.59,
    0.57,
    0.59,
    0.5900000275108266,
    0.5600000105600008,
    0.54,
    0.55,
    0.55,
    0.5,
    0.5499999676470544,
    0.520000001728,
    0.5699999949839997,
    0.5200000172800011,
    0.5699999998062,
    0.53,
    0.51,
    0.48000000153102,
    0.51,
    0.51,
    0.5,
    0.47000000169600004,
    0.47,
    0.45,
    0.45,
    0.45000000440000015,
    0.45,
    0.45,
    0.46,
    0.44000000460274,
    0.498938133366384,
    0.45000001925000127,
    0.46,
    0.44000000460274,
    0.4799999291803093,
    0.46,
    0.48,
    0.440000003136,
    0.47,
    0.47,
    0.42,
    0.42,
    0.41000003245001443,
    0.4199998235998977,
    0.39,
    0.39,
    0.37,
    0.37,
    0.38,
    0.3899998478999072,
    0.42,
    0.38,
    0.39,
    0.37,
    0.34,
    0.34,
    0.3125,
    0.31,
    0.31,
    0.32,
    0.31000000085655177,
    0.31,
    0.31,
    0.31,
    0.31,
    0.33,
    0.35,
    0.3000000048611112,
    0.31000000231388336,
    0.32,
    0.3100000033717749,
    0.31000000117346943,
    0.32,
    0.31,
    0.27000000590296586,
    0.3,
    0.27,
    0.3,
    0.3,
    0.35294117356401383,
    0.33999999566759,
    0.34,
    0.3399999632799966,
    0.32,
    0.35,
    0.31000000219711904,
    0.36,
    0.36,
    0.35,
    0.35000000719228147,
    0.36,
    0.3799999989997922,
    0.37999998327999907,
    0.35027581492527354,
    0.31000000828000324,
    0.35999992079997784,
    0.3300001136970882,
    0.34999999299999984,
    0.33,
    0.3499999842499991,
    0.35,
    0.33,
    0.36999993867400943,
    0.32999996333332793,
    0.29,
    0.2600000001763304,
    0.27,
    0.27,
    0.27,
    0.27,
    0.27,
    0.27,
    0.23,
    0.23,
    0.2300000002926,
    0.23000000010888888,
    0.26999989977268857,
    0.269999996328,
    0.26213592072674147,
    0.23000001232000472,
    0.23,
    0.2586,
    0.2400000039225814,
    0.23,
    0.23,
    0.23,
    0.23,
    0.23,
    0.24,
    0.2399999673599979,
    0.23,
    0.23999988387093027,
    0.23,
    0.23,
    0.23,
    0.22,
    0.19000002592001472,
    0.22,
    0.25,
    0.22,
    0.22,
    0.19,
    0.2,
    0.20999999080188658,
    0.17,
    0.17,
    0.17,
    0.1799998703999637,
    0.17,
    0.18,
    0.18999987839995622,
    0.19,
    0.2,
    0.19,
    0.19000000151032703,
    0.19000000160714317,
    0.17,
    0.18999991766664745,
    0.15,
    0.17,
    0.18,
    0.22,
    0.2,
    0.19,
    0.19,
    0.17,
    0.17,
    0.17,
    0.17,
    0.16,
    0.1998623484877452,
    0.181556,
    0.18,
    0.18,
    0.17,
    0.1799998703999637,
    0.18,
    0.17,
    0.17,
    0.17000000479197555,
    0.17,
    0.17,
    0.18999987839995622,
    0.17000000149639435,
    0.18,
    0.2,
    0.1904695,
    0.19,
    0.19,
    0.2,
    0.18,
    0.16,
    0.12000000065732962,
    0.16,
    0.15,
    0.14,
    0.16,
    0.11,
    0.11,
    0.11,
    0.14,
    0.14,
    0.14,
    0.16,
    0.16,
    0.13000000870001732,
    0.1648422251948153,
    0.15,
    0.14,
    0.15,
    0.14,
    0.13000000004405882,
    0.14940239043824702,
    0.14,
    0.13,
    0.13,
    0.13000000870001732,
    0.15,
    0.1492787504004234,
    0.130000000174,
    0.13,
    0.14,
    0.13999998879999978,
    0.13000600020158548,
    0.13000000113587956,
    0.13000606386986258,
    0.15,
    0.1499999913461537,
    0.13617472743469466,
    0.12999583699523568,
    0.13,
    0.12000600173404025,
    0.12000000008837683,
    0.12,
    0.13,
    0.12000002478878406,
    0.120006,
    0.12,
    0.139999997648,
    0.14,
    0.13977384362420187,
    0.1200060014006802,
    0.13999639697262664,
    0.12000600040202694,
    0.130006,
    0.130006,
    0.13688343380276632,
    0.12999458737167324,
    0.12000900054920247,
    0.12999097212472896,
    0.12000600040102007,
    0.12999989859997768,
    0.12999996985507073,
    0.1299999549193523,
    0.12999819251702047,
    0.12999830880560934,
    0.120006,
    0.12,
    0.12000000027280383,
    0.12999378711985088,
    0.13,
    0.13,
    0.13,
    0.13,
    0.13,
    0.14,
    0.13,
    0.13,
    0.14,
    0.14050489438433797,
    0.13,
    0.12,
    0.11,
    0.1099999684666652,
    0.11,
    0.11,
    0.11,
    0.11,
    0.1100000890004361,
    0.1100000890004361,
    0.1100000890004361,
    0.11,
    0.11,
    0.11,
    0.11,
    0.11001571714129585,
    0.11998424888538864,
    0.11000600158564894,
    0.11999397447421996,
    0.11000603416512253,
    0.11999396790874449,
    0.11999586837269974,
    0.11,
    0.11,
    0.11000000155073004,
    0.11,
    0.11,
    0.11,
    0.11000000763751926,
    0.11,
    0.11000000093150267,
    0.11,
    0.11,
    0.1100000267000437,
    0.11000000241434565,
    0.11,
    0.110000000089,
    0.11,
    0.11000981447750657,
    0.11000000140012269,
    0.11000988786924873,
    0.11000981596766826,
    0.1100165990409443,
    0.11001544897794158,
    0.11001544018490622,
    0.11999064144033009,
    0.11998199789939862,
    0.11000001424001402,
    0.1100075373371016,
    0.11000000656713517,
    0.1100379746835443,
    0.11000753879091121,
    0.1100110326050324,
    0.11001102797638619,
    0.1199888698213052,
    0.11000754072396356,
    0.11010808275732867,
    0.11002012972489376,
    0.1100075361812274,
    0.1199864093780235,
    0.11010809603434299,
    0.11997943278283399,
    0.11010804367024558,
    0.11999401469854684,
    0.11000754001762897,
    0.11000754001762897,
    0.1199972354666614,
    0.1100149955425929,
    0.11000000590315635,
    0.1100150408059736,
    0.1100149973200763,
    0.11993704741737053,
    0.11996635813929435,
    0.11001499682731952,
    0.1100150005677438,
    0.110010365398956,
    0.11000000028184832,
    0.1100150408059736,
    0.11001500025742825,
    0.11998962222945382,
    0.11001036638061384,
    0.11998420177321667,
    0.11010805535180715,
    0.11000000007537322,
    0.110006,
    0.11,
    0.11999401469854684,
    0.12,
    0.11999998991999984,
    0.1199999519999952,
    0.11001079662645483,
    0.11000000539355545,
    0.11999695741005731,
    0.11001081415108914,
    0.11001350932537919,
    0.1100180025755923,
    0.1100180178608044,
    0.11016042780748662,
    0.11001800033622496,
    0.11988604580179028,
    0.11001801502254592,
    0.11998198251537003,
    0.11996664127039096,
    0.1100135075971159,
    0.11997450701267107,
    0.11002159507596293,
    0.11005859375,
    0.1100938594935228,
    0.11009392462251813,
    0.1199875429106628,
    0.11007266051972164,
    0.11997364370742016,
    0.11010791366906475,
    0.11007258128646234,
    0.11989809131639603,
    0.11010182270587136,
    0.1100540400077113,
    0.11007389162561576,
    0.1101018244285024,
    0.1101018457011243,
    0.11010194928586539,
    0.11010196472081173,
    0.11010196472081173,
    0.119978308806801,
    0.11996463921587257,
    0.11994588851132301,
    0.11994597839135654,
    0.11005400200416139,
    0.11999400749926549,
    0.11000003055800445,
    0.11000000063936784,
    0.12,
    0.11,
    0.1200060009406248,
    0.11,
    0.11000000004047716,
    0.12000601917688636,
    0.11999764568738967,
    0.11000004450002003,
    0.11000000042719386,
    0.110006,
    0.11000000030788454,
    0.11008014260599708,
    0.11,
    0.11003204037129513,
    0.11000676047532756,
    0.11002667672086404,
    0.11008018225667221,
    0.12,
    0.11999989919998387,
    0.11998587367647115,
    0.11003204420223855,
    0.11002666075439554,
    0.11005341682620738,
    0.11000676072480653,
    0.11005014441519503,
    0.11999990213590712,
    0.11999946729180293,
    0.11005345061736085,
    0.11005345061736085,
    0.11989013902658335,
    0.11005345061736085,
    0.11005341842932845,
    0.1198971569118442,
    0.11987793902454201,
    0.11015985790408525,
    0.11005006158705663,
    0.11005008668164165,
    0.11005008668164165,
    0.11005008668164165,
    0.11005009093081382,
    0.11017682332162794,
    0.11000600629478305,
    0.1198951393764888,
    0.11017688917442524,
    0.11000603416512253,
    0.11000603416512253,
    0.11000603416512253,
    0.11000606238885861,
    0.10999711380965789,
    0.10999796565454176,
    0.10000600443270244,
    0.10009837290996937,
    0.10009844982028858,
    0.10009838966014117,
    0.10009840077711384,
    0.1099009900990099,
    0.10000602998974902,
    0.10000602998974902,
    0.10000602998974902,
    0.10000600495251895,
    0.10003300414239025,
    0.1000990219411775,
    0.10003303756843496,
    0.10009907948766636,
    0.10009907948766636,
    0.10996690432737796,
    0.10003302905206621,
    0.10003302905206621,
    0.10003302905206621,
    0.10003300480720627,
    0.10999397122842738,
    0.10000601196705441,
    0.10000602998974902,
    0.10000602998974902,
    0.10000604916941953,
    0.10000601196705441,
    0.10000604193860635,
    0.1000060027688508,
    0.10000602998974902,
    0.10000602998974902,
    0.10000600596312338,
    0.1,
    0.1,
    0.1,
    0.1,
    0.1,
    0.1,
    0.1,
    0.1,
    0.1,
    0.1,
    0.1,
    0.1,
    0.1,
    0.1,
    0.1,
    0.10999990319998838,
    0.1,
    0.11781330582730878,
    0.1,
    0.1,
    0.1,
    0.1,
    0.11,
    0.1,
    0.1,
    0.1,
    0.1,
    0.10999999114818435,
    0.1,
    0.1,
    0.1,
    0.1,
    0.1,
    0.11,
    0.10999998151999942,
    0.11,
    0.1,
    0.11,
    0.1,
    0.10999995214999689,
    0.1,
    0.10999991304760497,
    0.1,
    0.1,
    0.1,
    0.1099999684666652,
    0.1,
    0.10999993255473665,
    0.11,
    0.11,
    0.10999990319998838,
    0.1,
    0.1,
    0.1099999145535615,
    0.10999990922328776,
    0.11,
    0.10999990524751256,
    0.10999990319998838,
    0.10999990319998838,
    0.11,
    0.11,
    0.11999989919998387,
    0.11000385100295405,
    0.11000385071039652,
    0.11,
    0.11,
    0.11003652327628398,
    0.11947121836980315,
    0.11,
    0.10999990319998838,
    0.11999999166942138,
    0.10947196366776417,
    0.10984827842343212,
    0.1183968963908064,
    0.10965938828770122,
    0.11999989919998387,
    0.12,
    0.12,
    0.11,
    0.1,
    0.1,
    0.11,
    0.11,
    0.12,
    0.12002578864838273,
    0.12002578799329802,
    0.12002578810421659,
    0.1798382436227284,
    0.1698323133866346,
    0.17,
    0.14,
    0.18,
    0.1797690799845307,
    0.1797690951770093,
    0.17980993917313676,
    0.17982234048424203,
    0.17982237423708855,
    0.15000008173099713,
    0.18996007691680955,
    0.16009053024454878,
    0.16009052941254,
    0.18996010669223165,
    0.1996806055766751,
    0.19968069647202508,
    0.1698799452273027,
    0.15,
    0.14,
    0.15,
    0.17999307549302013,
    0.17999313121547408,
    0.17969025604166136,
    0.14,
    0.14,
    0.16964420952091327,
    0.17976726844973964,
    0.1899264181127695,
    0.15,
    0.14,
    0.2,
    0.22986132060789377,
    0.19,
    0.18003064887445858,
    0.18003065279982203,
    0.1700000442667381,
    0.17,
    0.21000966868880516,
    0.21000966837684412,
    0.2100096697063508,
    0.22,
    0.20007549760250581,
    0.20007549764133978,
    0.18002335088155588,
    0.19,
    0.18001149806398853,
    0.16000018165496757,
    0.17,
    0.1700000207500306,
    0.1700000207500306,
    0.17000009130017255,
    0.16,
    0.1100000053400005
]
