[
    0.001,
    0.007,
    0.002,
    0.005,
    0.003,
    0.002,
    0.006,
    0.004,
    0.01,
    0.04,
    0.01,
    0.01,
    0.061,
    0.06,
    0.06,
    0.08,
    0.08,
    0.06000001928207066,
    0.079,
    0.05,
    0.05,
    0.05,
    0.05,
    0.05,
    0.05,
    0.05,
    0.05,
    0.211,
    0.201,
    0.156,
    0.37,
    0.37,
    0.37,
    0.37,
    0.401,
    0.449,
    0.4,
    0.449,
    0.449,
    0.449,
    0.55,
    0.57,
    0.569,
    0.57,
    0.53,
    0.53,
    0.47545454545454546,
    0.4099998236998995,
    0.41,
    0.4,
    0.4,
    0.52,
    0.426,
    0.426,
    0.62,
    0.630086426870008,
    0.62,
    0.62,
    0.76,
    0.801,
    0.655,
    0.78,
    0.78,
    0.83,
    0.83,
    0.8299998388169236,
    0.8299999931771813,
    0.8,
    0.803,
    0.8,
    0.82,
    0.8,
    0.81,
    0.81,
    0.64,
    0.6400001296000829,
    0.552,
    0.53,
    0.58,
    0.44,
    0.46505547999140956,
    0.44,
    0.34,
    0.29,
    0.42,
    0.34,
    0.41,
    0.37,
    0.37,
    0.409,
    0.41,
    0.31,
    0.25999993180326864,
    0.25999999445333327,
    0.28,
    0.28,
    0.28,
    0.28,
    0.28,
    0.28,
    0.28,
    0.28,
    0.276,
    0.276,
    0.276,
    0.3,
    0.3,
    0.33,
    0.37,
    0.37,
    0.37,
    0.34,
    0.322,
    0.253,
    0.34,
    0.32,
    0.32,
    0.32,
    0.3,
    0.28,
    0.28,
    0.25,
    0.25,
    0.25,
    0.156,
    0.16,
    0.2,
    0.213,
    0.223,
    0.23,
    0.233,
    0.29,
    0.323,
    0.34,
    0.32,
    0.27,
    0.26,
    0.23,
    0.22,
    0.21,
    0.19,
    0.16,
    0.15313172832256802,
    0.13,
    0.143,
    0.143,
    0.143,
    0.14,
    0.11,
    0.15,
    0.14,
    0.14,
    0.14,
    0.14,
    0.15,
    0.14,
    0.14,
    0.14,
    0.14,
    0.11,
    0.12,
    0.14,
    0.133,
    0.12,
    0.14,
    0.133,
    0.14,
    0.14,
    0.13,
    0.11,
    0.1,
    0.091,
    0.091,
    0.0878125,
    0.04,
    0.07,
    0.07,
    0.06,
    0.04,
    0.05,
    0.05,
    0.05,
    0.08,
    0.08,
    0.08,
    0.07000000586135435,
    0.06,
    0.02,
    0.03,
    0.05,
    0.03,
    0.03,
    0.030000000021174415,
    0.03,
    0.02,
    0.04,
    0.071,
    0.063,
    0.071,
    0.071,
    0.071,
    0.08,
    0.08,
    0.08,
    0.08,
    0.08,
    0.08,
    0.08,
    0.08,
    0.08,
    0.08,
    0.083,
    0.083,
    0.12,
    0.12,
    0.1,
    0.08,
    0.07,
    0.06,
    0.05999999750226243,
    0.030817594636579185,
    0.03,
    0.03,
    0.03,
    0.04,
    0.04,
    0.05,
    0.08,
    0.0755968,
    0.07,
    0.07,
    0.07,
    0.10999990319998838,
    0.1,
    0.08,
    0.07,
    0.09,
    0.09,
    0.09,
    0.09,
    0.09,
    0.09,
    0.09,
    0.09,
    0.09,
    0.09,
    0.09,
    0.09,
    0.1,
    0.1,
    0.1,
    0.1,
    0.1,
    0.1,
    0.1,
    0.1,
    0.1,
    0.1,
    0.1,
    0.1,
    0.1,
    0.08,
    0.08,
    0.1,
    0.1,
    0.1,
    0.1,
    0.11,
    0.1,
    0.14,
    0.14,
    0.11,
    0.14,
    0.14,
    0.14,
    0.14,
    0.14,
    0.13,
    0.1,
    0.14,
    0.14,
    0.14,
    0.13,
    0.13,
    0.13,
    0.12000000060001706,
    0.1399998831674094,
    0.14,
    0.11000000018786474,
    0.11,
    0.13,
    0.11,
    0.12,
    0.12,
    0.11,
    0.130006,
    0.13999996266666417,
    0.14,
    0.13999987388811347,
    0.1300404694390178,
    0.130000000107268,
    0.13000600093997192,
    0.14,
    0.13999936941483712,
    0.13000601165966177,
    0.13000600034921564,
    0.13000601996388023,
    0.13999997871999897,
    0.1399999817956652,
    0.13,
    0.13,
    0.1300000019575002,
    0.1299917491749175,
    0.1299975137077965,
    0.12999882893153764,
    0.12,
    0.12,
    0.12012588547314255,
    0.12000000014204175,
    0.12,
    0.13,
    0.13,
    0.13,
    0.1300071362986771,
    0.13002905369798143,
    0.13002909187080564,
    0.13003775336837362,
    0.1300071359905362,
    0.13999268957444,
    0.13000606386986258,
    0.1300259078931279,
    0.13000600099745185,
    0.13999112652245424,
    0.13997397601235578,
    0.1399312978963208,
    0.13008079359482486,
    0.13000600546692007,
    0.130006,
    0.13000606386986258,
    0.13999873897534595,
    0.13000600008255014,
    0.13007846603364065,
    0.13009003132326968,
    0.13,
    0.13,
    0.13009001830290967,
    0.13009001407081514,
    0.13995801259622112,
    0.130078408125453,
    0.13999999215999992,
    0.13999408377987452,
    0.13000600087815606,
    0.13999395764308883,
    0.13999826620786548,
    0.13000600167954027,
    0.13000600056107542,
    0.13000606386986258,
    0.13999671612902684,
    0.13,
    0.130006,
    0.13,
    0.13999998835643546,
    0.13999994032786167,
    0.14,
    0.13000000321094127,
    0.13,
    0.13,
    0.13,
    0.13,
    0.13,
    0.13,
    0.13,
    0.1300155160221066,
    0.13001551617714802,
    0.13001551792251756,
    0.13001552835662586,
    0.13001553793803036,
    0.13999601847931104,
    0.13999398550764583,
    0.13,
    0.13000000023796762,
    0.13000000013211618,
    0.13,
    0.13,
    0.14000600050058762,
    0.140006,
    0.14000600000065289,
    0.1401549262029965,
    0.14000601651911174,
    0.1499938802435663,
    0.14000600121011972,
    0.1499995,
    0.14999398824035015,
    0.14000600278811448,
    0.14,
    0.14,
    0.14001753594662553,
    0.14000912253038392,
    0.14,
    0.14999385877388946,
    0.14999013350257354,
    0.1400060005594434,
    0.14000000039915095,
    0.14013474054523078,
    0.14997759768902597,
    0.14013479327856532,
    0.1499938802435663,
    0.14000600278811448,
    0.14000601651911174,
    0.1401025194555986,
    0.14000000295700207,
    0.14999426773499103,
    0.14000600396157464,
    0.14000600028603474,
    0.14000000353196287,
    0.14,
    0.13999684933828044,
    0.13004198698536612,
    0.13004208881627596,
    0.13995411369596078,
    0.13,
    0.13000000183318963,
    0.13011780640608,
    0.13999390044697346,
    0.13000000870001732,
    0.13979917212638898,
    0.13979917197633468,
    0.13000000174000104,
    0.14,
    0.14,
    0.14,
    0.14,
    0.14000000010770058,
    0.14013495068659754,
    0.14005105617745034,
    0.14994882991062292,
    0.14,
    0.14,
    0.14,
    0.14,
    0.14,
    0.14,
    0.14,
    0.14,
    0.14,
    0.14,
    0.14,
    0.14,
    0.14,
    0.14,
    0.14,
    0.14,
    0.14,
    0.14,
    0.14,
    0.14,
    0.15,
    0.15000001700002005,
    0.15,
    0.15000680052926033,
    0.15,
    0.15,
    0.15,
    0.1500510242513918,
    0.15000600075593506,
    0.15,
    0.15,
    0.15,
    0.15005106075911603,
    0.15000600662542118,
    0.14999763226434454,
    0.14999340099973604,
    0.15,
    0.15,
    0.15,
    0.14998536767628576,
    0.14998498450124956,
    0.14,
    0.140015,
    0.14,
    0.149985,
    0.140015,
    0.149985,
    0.14,
    0.14,
    0.140015,
    0.14999398607379014,
    0.14,
    0.15,
    0.15,
    0.14,
    0.14,
    0.14,
    0.16,
    0.15,
    0.15,
    0.150006,
    0.159998875,
    0.15,
    0.15,
    0.15,
    0.15,
    0.14,
    0.140006,
    0.14000000074890173,
    0.15,
    0.149999939999994,
    0.14999998874999973,
    0.16,
    0.14,
    0.14000000227814577,
    0.14,
    0.16,
    0.15007362173714955,
    0.15007366168521324,
    0.14,
    0.16,
    0.14000001869059311,
    0.15,
    0.1500000283333796,
    0.1400000344000502,
    0.14,
    0.149999939999994,
    0.14,
    0.14999998874999973,
    0.15,
    0.15,
    0.1400000860004214,
    0.1499999901918045,
    0.14,
    0.13000000072500004,
    0.13999998879999978,
    0.13999988239998118,
    0.13000000870001732,
    0.13000000696000133,
    0.13999999215999992,
    0.13000000174000104,
    0.14,
    0.13000007601948463,
    0.1399998969811107,
    0.1300000650467849,
    0.1300000164716202,
    0.13,
    0.13,
    0.13,
    0.1399998969811107,
    0.13,
    0.13000000870001732,
    0.13000000870001732,
    0.149999939999994,
    0.1300000231383465,
    0.13000000870001732,
    0.14,
    0.14,
    0.1300000007631579,
    0.13,
    0.14,
    0.14,
    0.14,
    0.14,
    0.13000000572369547,
    0.13000000870001732,
    0.13999988239998118,
    0.13999988745096054,
    0.13000000348000026,
    0.13,
    0.12,
    0.12000003520017459,
    0.13,
    0.12000001408000541,
    0.12999989352379532,
    0.12000000352000104,
    0.12000003520017459,
    0.12000003520017459,
    0.12999989352379532,
    0.12000003520017459,
    0.12000003520017459,
    0.12000003520017459,
    0.12999990533978284,
    0.12000003520017459,
    0.12,
    0.12000003520017459,
    0.12000002270975009,
    0.12000003520017459,
    0.12000003520017459,
    0.12000002885257632,
    0.12000002646626412,
    0.12000003289722577,
    0.12999989859997768,
    0.12000003520017459,
    0.12000003520017459,
    0.12000000541538874,
    0.12,
    0.12999990427271074,
    0.12000003520017459,
    0.12999989859997768,
    0.12000003520017459,
    0.12,
    0.12000003520017459,
    0.12000003520017459,
    0.12000003520017459,
    0.1299999627333316,
    0.12000000440000053,
    0.12000002885257632,
    0.12000001408000541,
    0.12000003520017459,
    0.12000003520017459,
    0.12,
    0.12000002444452865,
    0.12000003520017459,
    0.12000001408000541,
    0.12,
    0.12000001408000541,
    0.12000003520017459,
    0.12000003520017459,
    0.12,
    0.12000004693345599,
    0.12000003520017459,
    0.12000003520017459,
    0.12000003520017459,
    0.12000003520017459,
    0.12000004045990777,
    0.13,
    0.12000003520017459,
    0.12,
    0.12000003520017459,
    0.1299999466999952,
    0.12000003520017459,
    0.12000003520017459,
    0.12000000352000104,
    0.13,
    0.12999989859997768,
    0.1299999789399992,
    0.12,
    0.12,
    0.12000003520017459,
    0.12000003520017459,
    0.13,
    0.12000003520017459,
    0.12999989352379532,
    0.12000003520017459,
    0.12000003520017459,
    0.1299999627333316,
    0.12999990533978284,
    0.12,
    0.12999999508141757,
    0.12,
    0.13,
    0.12,
    0.12999999505999993,
    0.12999989859997768,
    0.12000003520017459,
    0.12,
    0.1299999627333316,
    0.13,
    0.12,
    0.12999990089106653,
    0.12999989859997768,
    0.129999998908,
    0.12000003520017459,
    0.12000000244444495,
    0.12,
    0.12,
    0.13,
    0.12,
    0.12000003520017459,
    0.12,
    0.12,
    0.12000000352000104,
    0.12,
    0.13,
    0.12,
    0.12,
    0.11000000553224636,
    0.11000004450002003,
    0.11000005933344804,
    0.1100000890004361,
    0.11000001424001402,
    0.1100000890004361,
    0.11000000320400076,
    0.11000000345076398,
    0.11999989919998387,
    0.12,
    0.13131877597787475,
    0.1199999519999952,
    0.11999989919998387,
    0.12,
    0.12000003520017459,
    0.1277899191418635,
    0.12,
    0.12,
    0.11999438124604932,
    0.13999998879999978,
    0.12986753295793252,
    0.12,
    0.1299999306666574,
    0.12999989859997768,
    0.12,
    0.12006311261740765,
    0.12006311797081534,
    0.12006311128642023,
    0.12,
    0.12,
    0.11373749127298115,
    0.1100111433351643,
    0.11001114293255092,
    0.1,
    0.13967123287671232,
    0.1100334527494836,
    0.11003345615266519,
    0.11003345504333668,
    0.1,
    0.1,
    0.1,
    0.1,
    0.11,
    0.1,
    0.11000001200899714,
    0.11,
    0.1,
    0.12000001315888814,
    0.13000000644444917,
    0.13000000832536873,
    0.130000001169355,
    0.1300000022985478,
    0.1300000150946441,
    0.13000000487395227,
    0.14,
    0.13988391363388017,
    0.13000002378132594,
    0.1300000099713523,
    0.13,
    0.14002076838282623,
    0.14996745321399513,
    0.1300000045405422,
    0.1500000202864199,
    0.15000001263001655,
    0.1500000111989532,
    0.15,
    0.15000000691057017,
    0.15,
    0.15000002841291696,
    0.16,
    0.17,
    0.16,
    0.16,
    0.16,
    0.15,
    0.15,
    0.15,
    0.15,
    0.1598808289968907,
    0.1598808279631023,
    0.16,
    0.15986836856800957,
    0.15,
    0.17,
    0.19,
    0.17,
    0.2,
    0.19000664917076063,
    0.17,
    0.17005900938674867,
    0.1700589864091076,
    0.1900392109480128,
    0.19003920555993614,
    0.20001034853379238,
    0.20001034380212307,
    0.20001034230840323,
    0.17005898038714054,
    0.16,
    0.21981246990467268,
    0.1797395279855831,
    0.17003136806757704,
    0.1500000850003315,
    0.15,
    0.16,
    0.15,
    0.1600004198108752,
    0.17004354928776463,
    0.17004354183590578,
    0.22988875126098163,
    0.2298887509224311,
    0.17004354576417463,
    0.16,
    0.1500000850003315,
    0.1400000860004214
]
