[
    0.999,
    0.999,
    0.999,
    0.999,
    0.999,
    0.999,
    0.999,
    0.999,
    0.999,
    0.999,
    0.999,
    0.999,
    0.999,
    0.999,
    0.999,
    0.999,
    0.999,
    0.999,
    0.998,
    0.998,
    0.999,
    0.998,
    0.998,
    0.996,
    0.996,
    0.9961623449650622,
    0.996,
    0.995,
    0.993,
    0.997,
    0.998,
    0.998,
    0.997,
    0.9974728610775885,
    0.985,
    0.97,
    0.99,
    0.99,
    0.9958328949637806,
    0.99,
    0.9939167958048198,
    0.99,
    0.9929999981944798,
    0.9929999999646828,
    0.99,
    0.989,
    0.9889996070967144,
    0.985,
    0.989,
    0.98,
    0.9889999934062601,
    0.99,
    0.99,
    0.992,
    0.98,
    0.98,
    0.99,
    0.99,
    0.99,
    0.98,
    0.98,
    0.98,
    0.97,
    0.98,
    0.98,
    0.9699997865996202,
    0.98,
    0.97,
    0.97,
    0.98,
    0.9699999935332967,
    0.97,
    0.98,
    0.98,
    0.98,
    0.97,
    0.98,
    0.96,
    0.96,
    0.95,
    0.95,
    0.94,
    0.94,
    0.93,
    0.94,
    0.94,
    0.94,
    0.92,
    0.92,
    0.92,
    0.92,
    0.92,
    0.92,
    0.92,
    0.92,
    0.89,
    0.89,
    0.89,
    0.9,
    0.9,
    0.9,
    0.927405019412091,
    0.9299999906998978,
    0.9299999998999914,
    0.9223140386612847,
    0.92,
    0.91,
    0.9299182108392067,
    0.9,
    0.92,
    0.94,
    0.94,
    0.94,
    0.93,
    0.95,
    0.95,
    0.92,
    0.93,
    0.95,
    0.9389931225514111,
    0.91,
    0.91,
    0.91,
    0.89,
    0.89,
    0.89,
    0.89,
    0.89,
    0.89,
    0.8899999999791305,
    0.89,
    0.9,
    0.9,
    0.9,
    0.9,
    0.9299999577268904,
    0.91,
    0.84,
    0.82,
    0.8,
    0.84,
    0.82,
    0.8299999086998274,
    0.8217821668267773,
    0.8039702222278321,
    0.78,
    0.78,
    0.78,
    0.78,
    0.78,
    0.78,
    0.78,
    0.78,
    0.78,
    0.76,
    0.78,
    0.78,
    0.8,
    0.77,
    0.78,
    0.78,
    0.78,
    0.78,
    0.78,
    0.79,
    0.8,
    0.78,
    0.78,
    0.789999999684,
    0.789999999832125,
    0.78,
    0.78,
    0.78,
    0.78,
    0.79,
    0.78,
    0.78,
    0.78,
    0.78,
    0.789999999842,
    0.78,
    0.78,
    0.78,
    0.78,
    0.79,
    0.79,
    0.7899999999584211,
    0.8,
    0.8,
    0.8,
    0.7981818181818182,
    0.78,
    0.8,
    0.8,
    0.8031983272534842,
    0.73,
    0.73,
    0.710201882977379,
    0.6799999889623184,
    0.64,
    0.6643678106117054,
    0.6799999708571389,
    0.61,
    0.61,
    0.61,
    0.61,
    0.64,
    0.64,
    0.64,
    0.64,
    0.64,
    0.64,
    0.6499999509063185,
    0.6414776450960751,
    0.59,
    0.59,
    0.59,
    0.59,
    0.59,
    0.6,
    0.620078739483694,
    0.62,
    0.62,
    0.6271776997584042,
    0.6,
    0.6099999993899999,
    0.6099999999024,
    0.6,
    0.6,
    0.6,
    0.61,
    0.6,
    0.6100000017158285,
    0.61,
    0.63,
    0.61,
    0.61,
    0.61,
    0.6,
    0.6,
    0.56,
    0.5400000136516134,
    0.55,
    0.56,
    0.56,
    0.53,
    0.54,
    0.53,
    0.52,
    0.55,
    0.56,
    0.6,
    0.6087824349043883,
    0.55,
    0.5500002025001114,
    0.6099999529194351,
    0.5500000168750036,
    0.55,
    0.57,
    0.54,
    0.48,
    0.44,
    0.44034789869190094,
    0.48,
    0.48,
    0.48,
    0.48000000099704404,
    0.51,
    0.51,
    0.5100000186200011,
    0.5099999999388,
    0.51,
    0.46,
    0.49000000153,
    0.49,
    0.49,
    0.49,
    0.48478260869565215,
    0.43,
    0.37,
    0.4,
    0.37000000112562437,
    0.3700000198648678,
    0.42999999955566665,
    0.4100000092629749,
    0.4299999870999978,
    0.4299999929153316,
    0.4200000059215478,
    0.42,
    0.43999999938656525,
    0.43,
    0.4577118977825267,
    0.44999998113998246,
    0.42,
    0.42,
    0.400000060000024,
    0.42,
    0.43,
    0.38,
    0.39,
    0.41,
    0.39,
    0.41,
    0.42,
    0.43,
    0.43,
    0.43,
    0.4,
    0.4,
    0.4,
    0.4,
    0.4,
    0.4099999909799993,
    0.37,
    0.36,
    0.33,
    0.33,
    0.33,
    0.33,
    0.36,
    0.38,
    0.41000000967213157,
    0.43000000388172055,
    0.41,
    0.43,
    0.41,
    0.38,
    0.3600000050022311,
    0.37,
    0.4399999939588098,
    0.44,
    0.43999998551440256,
    0.39,
    0.36,
    0.3400000592459932,
    0.36,
    0.36,
    0.36,
    0.33,
    0.30000000014,
    0.38,
    0.38,
    0.39,
    0.41,
    0.3900000244000039,
    0.4099999835999974,
    0.41,
    0.38,
    0.41,
    0.38,
    0.37,
    0.37,
    0.37,
    0.41,
    0.49,
    0.49,
    0.49,
    0.49000000075443795,
    0.46,
    0.46,
    0.45999993486723706,
    0.469999998496,
    0.4400001568001129,
    0.48,
    0.52,
    0.4799999435293852,
    0.47,
    0.46667388761074735,
    0.47999992353980137,
    0.48,
    0.48,
    0.48,
    0.48,
    0.48,
    0.48,
    0.48,
    0.4800000047542858,
    0.44000000112000004,
    0.43,
    0.44,
    0.41,
    0.38,
    0.3700000000055631,
    0.4400000104533338,
    0.46,
    0.47,
    0.47,
    0.48,
    0.48,
    0.48,
    0.5,
    0.5,
    0.5,
    0.53,
    0.52,
    0.53,
    0.5300000031780618,
    0.58,
    0.6537614372315012,
    0.5800000003325567,
    0.5633333333333334,
    0.55,
    0.55,
    0.53,
    0.55,
    0.54,
    0.54,
    0.54,
    0.54,
    0.54,
    0.54,
    0.54,
    0.54,
    0.540000000506,
    0.54,
    0.54,
    0.54,
    0.54,
    0.54,
    0.54,
    0.54,
    0.54,
    0.54,
    0.55,
    0.55,
    0.5300000020011887,
    0.54,
    0.53,
    0.55,
    0.55,
    0.55,
    0.55,
    0.55,
    0.55,
    0.55,
    0.55,
    0.55,
    0.55,
    0.55,
    0.55,
    0.55,
    0.55,
    0.55,
    0.55,
    0.55,
    0.55,
    0.55,
    0.55,
    0.55,
    0.55,
    0.55,
    0.55,
    0.55,
    0.55,
    0.55,
    0.55,
    0.55,
    0.55,
    0.55,
    0.55,
    0.55,
    0.55,
    0.55,
    0.55,
    0.55,
    0.55,
    0.56,
    0.57,
    0.57,
    0.56,
    0.55,
    0.54,
    0.56,
    0.54,
    0.53,
    0.54,
    0.53,
    0.5369813333333333,
    0.53,
    0.53,
    0.5299999650199954,
    0.53,
    0.53,
    0.53,
    0.53,
    0.53,
    0.53,
    0.53,
    0.53,
    0.5200000001271523,
    0.53,
    0.54,
    0.54,
    0.52,
    0.52,
    0.51,
    0.51,
    0.52,
    0.52,
    0.51,
    0.51,
    0.52,
    0.49,
    0.559999998992,
    0.49,
    0.49,
    0.49,
    0.48,
    0.47,
    0.49,
    0.47,
    0.47,
    0.46,
    0.46,
    0.46,
    0.459999959560432,
    0.4100000038555793,
    0.4499999212499744,
    0.43000845716774316,
    0.4300060019596222,
    0.44,
    0.44,
    0.44,
    0.44,
    0.44,
    0.4399964280952097,
    0.44,
    0.4399905637905559,
    0.4300072299099882,
    0.4300067990691251,
    0.4300067963457811,
    0.4300000004918629,
    0.4300450734877851,
    0.43005128205128207,
    0.4300195766124531,
    0.43000865301413327,
    0.43,
    0.4300450230324552,
    0.4399991584291717,
    0.4300195740352333,
    0.439994,
    0.4300060004108072,
    0.4300061046407239,
    0.43000600431696884,
    0.4300061046407239,
    0.4399994905045168,
    0.43,
    0.43,
    0.43996688093772535,
    0.43,
    0.43003299136627304,
    0.43,
    0.43003318538160973,
    0.4300000041454549,
    0.43000004446001433,
    0.4399939823484666,
    0.43,
    0.4300060004549043,
    0.430006000483952,
    0.44,
    0.44,
    0.43,
    0.42,
    0.42,
    0.42,
    0.43,
    0.42,
    0.44,
    0.42,
    0.4200000020394828,
    0.42,
    0.43,
    0.43,
    0.440006,
    0.44,
    0.44,
    0.44,
    0.44,
    0.44,
    0.44,
    0.44,
    0.44,
    0.44,
    0.44,
    0.43999877059451104,
    0.4399939959148732,
    0.4399960389796191,
    0.44,
    0.43,
    0.43,
    0.44,
    0.44,
    0.44,
    0.44,
    0.44,
    0.44,
    0.44,
    0.44,
    0.45,
    0.4400000224000036,
    0.4400000026254103,
    0.44,
    0.44,
    0.4500070257611241,
    0.45,
    0.45,
    0.45,
    0.4500180000074404,
    0.45,
    0.45,
    0.45,
    0.45,
    0.4500410771337289,
    0.4500180000037202,
    0.4500217759528228,
    0.45002106249523166,
    0.4599983130605786,
    0.45002195110285076,
    0.4500460050988678,
    0.45997893007524293,
    0.450046065232979,
    0.4599973362823404,
    0.45997908117123976,
    0.4500218066462698,
    0.45997830759869845,
    0.45997833598761023,
    0.4500212415265108,
    0.45,
    0.45000600000145013,
    0.45,
    0.4500243493908148,
    0.45002132350059315,
    0.4599759538058563,
    0.4500243441190249,
    0.45994497272133844,
    0.4500219250142794,
    0.4500060000008054,
    0.45002193765564785,
    0.450006,
    0.4500594918227842,
    0.4500996677740864,
    0.4500060055687657,
    0.4500594452053711,
    0.4500060000049531,
    0.4500060499395006,
    0.45999390692050585,
    0.459995916524209,
    0.45,
    0.45,
    0.45,
    0.45,
    0.450006168185868,
    0.45,
    0.45,
    0.45,
    0.4599999305659827,
    0.4500062820441015,
    0.4599999305659827,
    0.46,
    0.46,
    0.460006,
    0.46,
    0.4699998777999096,
    0.46,
    0.45999559689993397,
    0.46,
    0.45000619341928877,
    0.4599918774014447,
    0.45012470768394386,
    0.46,
    0.46,
    0.45999376612605763,
    0.4501247871089319,
    0.4599723696357176,
    0.4599722497221174,
    0.45009847527493796,
    0.4500984848365822,
    0.4500982538959632,
    0.4599723590428307,
    0.45994915782996953,
    0.45009846359440886,
    0.4599139915348952,
    0.4598757966206453,
    0.45,
    0.45000009734520163,
    0.45987579870956996,
    0.45012420224938815,
    0.4500000067965524,
    0.459875800574681,
    0.45012434210278046,
    0.4598681607113046,
    0.45981995575902734,
    0.45000014473693095,
    0.4500000699153046,
    0.450000077102865,
    0.45000005445549407,
    0.45,
    0.45000002196135064,
    0.45012480817233913,
    0.4500001313235576,
    0.4501243009578457,
    0.4501243623504541,
    0.45018023650430944,
    0.4598198591361482,
    0.4501802311004764,
    0.4501802103247975,
    0.45987447879135024,
    0.45012434210278046,
    0.450124138045758,
    0.45987454767597524,
    0.45987481078497694,
    0.45987218027668586,
    0.45,
    0.4500079736685222,
    0.45012726062263186,
    0.4500081498327344,
    0.4501269449405947,
    0.4598722128947462,
    0.45012714098440343,
    0.4501269532568913,
    0.4599205143690994,
    0.45000799288196597,
    0.45000808249694635,
    0.4500394845632196,
    0.4501361810755766,
    0.4501327521566186,
    0.45000796558206474,
    0.4501362361020606,
    0.45992060090771686,
    0.45992063601568517,
    0.4599636628356964,
    0.45996370424595007,
    0.4501329589610575,
    0.4599636945584662,
    0.45996351854398854,
    0.45003947556983104,
    0.4500396450026733,
    0.45003950039028323,
    0.45003965371997123,
    0.45003962468466613,
    0.450039500932596,
    0.4500081516721731,
    0.45000798576210543,
    0.4500125410445952,
    0.4500126159497446,
    0.45001270662489284,
    0.45999193660402954,
    0.45998553726077995,
    0.45000810515082335,
    0.45987353911875645,
    0.45987396197696967,
    0.4501256983240223,
    0.450007965314942,
    0.45992141648720697,
    0.4599215381047285,
    0.45000814989405136,
    0.45007853407896103,
    0.4500786774091158,
    0.4599213997826131,
    0.4599485777232994,
    0.45990252566153905,
    0.4500080403663055,
    0.45000808249694635,
    0.4500081755615124,
    0.4599027855050038,
    0.45000810515082335,
    0.45000798550794396,
    0.4500974025974026,
    0.45990243867924735,
    0.45999211999549716,
    0.45999204168335817,
    0.450000077102865,
    0.45999399927414475,
    0.45,
    0.45,
    0.450000077102865,
    0.45,
    0.45,
    0.45,
    0.45000014473693095,
    0.4500000011082007,
    0.45,
    0.45,
    0.45,
    0.4599939579117582,
    0.450000075342507,
    0.45,
    0.4500002115385836,
    0.4500001913044476,
    0.4500000235042926,
    0.45000000462379164,
    0.459999903618976,
    0.46,
    0.46000851870031784,
    0.46005980066445185,
    0.46000867102294707,
    0.46000851977768137,
    0.46004324038692523,
    0.46001597578873804,
    0.4600434163704469,
    0.46998400805212254,
    0.4600159814145555,
    0.4600085187096085,
    0.46000859987100196,
    0.46999091142743665,
    0.4699901674236928,
    0.4699902773231129,
    0.46998098347962736,
    0.46996343420005404,
    0.46000600000283864,
    0.46000990258176194,
    0.46003658537924214,
    0.46002059981887494,
    0.46,
    0.4699634360028765,
    0.46003668061650016,
    0.4601329436470635,
    0.4600368649803092,
    0.460132638484314,
    0.46994275503651983,
    0.4601325504390926,
    0.4601326044655839,
    0.4698675783814585,
    0.4698946928106502,
    0.469843827443697,
    0.4600207918409587,
    0.46984395855727545,
    0.46001009257259295,
    0.46004384284032285,
    0.4601471895869989,
    0.46015631015829983,
    0.46000990452469515,
    0.46015632194614897,
    0.4601464064132649,
    0.46014647683758836,
    0.4698734051396971,
    0.4698534666528216,
    0.46985354739762947,
    0.46014645245117336,
    0.46004391959624397,
    0.46004401982121557,
    0.46995121339900336,
    0.46004391336304024,
    0.46995128736863784,
    0.4698699778860099,
    0.46985038608704716,
    0.4600099079160783,
    0.46015,
    0.4601501279296788,
    0.46999011835072035,
    0.46001009257259295,
    0.4600100343863847,
    0.4699901849527249,
    0.4600061699352157,
    0.46015246944409993,
    0.4600060024540239,
    0.4600683085587627,
    0.46015249481819737,
    0.4601524952464671,
    0.46999015096285535,
    0.4698465795795703,
    0.4601523353340433,
    0.4699015431745092,
    0.4601523218765547,
    0.46984760459840647,
    0.4698476034198617,
    0.46015246554835065,
    0.469931725568562,
    0.46006829894609197,
    0.4600684914385702,
    0.4600683067196153,
    0.4699317970862424,
    0.460006072568616,
    0.46000603565261083,
    0.46999987914277314,
    0.46999996384612186,
    0.46999148516489225,
    0.46000000413491343,
    0.4699869534982293,
    0.46998692797962005,
    0.4500060033749632,
    0.46999992026779946,
    0.46990405661542595,
    0.4599939481963245,
    0.4500060444940105,
    0.45999379007848057,
    0.4599672753433574,
    0.4599583513449927,
    0.45995842286805155,
    0.45000601880773644,
    0.4599939341929263,
    0.4599939093342647,
    0.4500001155462913,
    0.4599939178607297,
    0.4599672864051394,
    0.4599296739410307,
    0.459929520329825,
    0.4501534171522831,
    0.4501338278539834,
    0.4698658296781651,
    0.4501337564282362,
    0.4698659067471979,
    0.4698659764127046,
    0.4501338552406249,
    0.4500061815650218,
    0.45000617578857827,
    0.4699939519146292,
    0.46999383075460094,
    0.4699939339978556,
    0.4500061457693149,
    0.4699939135727328,
    0.4500002095241288,
    0.46999992093451887,
    0.4699997960376319,
    0.4599998596609408,
    0.4699999196580647,
    0.4500000235042926,
    0.45000012731490324,
    0.4500001601942836,
    0.45,
    0.450000189655434,
    0.45000014473693095,
    0.45000014473693095,
    0.46999999778534024,
    0.4699998814781877,
    0.46999996119262816,
    0.46999979059394537,
    0.47,
    0.4699998777999096,
    0.468619913550559,
    0.4599999570093096,
    0.4500000043145716,
    0.45999465624986535,
    0.45998980694251423,
    0.4599897771149337,
    0.4500000016788767,
    0.45000004910718233,
    0.4599897771149337,
    0.45000010784322186,
    0.4500000699153046,
    0.45998982764383783,
    0.45000004910718233,
    0.4599897950317649,
    0.4599898158152937,
    0.4599897950317649,
    0.4500001155462913,
    0.4599897771149337,
    0.4500002494333705,
    0.4599897198533433,
    0.4599898383970594,
    0.45999014559572704,
    0.4599897641825125,
    0.4599897344763558,
    0.45998974879126964,
    0.45998978196463164,
    0.459989862174275,
    0.4599897641825125,
    0.45999014559572704,
    0.45998987161541716,
    0.4599898482152178,
    0.4599898383970594,
    0.4500253492871482,
    0.45001005811354494,
    0.4500255636739175,
    0.4599872230372658,
    0.45002543634628,
    0.4500255345502106,
    0.4500254163258245,
    0.45002551121812934,
    0.45002556076548206,
    0.4500255156676776,
    0.45997463566306174,
    0.45002556076548206,
    0.45012993961827613,
    0.4500254509481046,
    0.45013002027644555,
    0.4501340793002087,
    0.4501341174094695,
    0.4501341457572049,
    0.45987638681601306,
    0.4598659167263705,
    0.4501339825550115,
    0.4598662761930324,
    0.4599746512728331,
    0.45002544232340064,
    0.45997458177919265,
    0.4500254300401431,
    0.45002543634628,
    0.45997451398110867,
    0.4599939419608606,
    0.4599938360764326,
    0.459993926446499,
    0.4599939579117582,
    0.45999389056064827,
    0.45999394210854383,
    0.4599938266191368,
    0.4599938036068059,
    0.45995944826559587,
    0.45994401937567725,
    0.45994412284507846,
    0.4599337853376155,
    0.45987090389838886,
    0.45987099352710087,
    0.4501294097545112,
    0.45012915041356194,
    0.4501293800455505,
    0.4501293531913349,
    0.45012952802055184,
    0.4598709176467675,
    0.45012941026593073,
    0.45986243158997586,
    0.4501293531913349,
    0.4598212361237528,
    0.45012914546029187,
    0.45982127360699937,
    0.45017863258103563,
    0.4501294348981871,
    0.45017841728200925,
    0.4501782532841481,
    0.459870696934642,
    0.459870696934642,
    0.45986966360960335,
    0.4598697246971231,
    0.45986976013714176,
    0.4501301853459078,
    0.4501300596354868,
    0.4501300727914645,
    0.450129931467472,
    0.4598646600673292,
    0.4598238391298198,
    0.45982366427922344,
    0.4501756177841313,
    0.4500069608279959,
    0.45017546991642277,
    0.45987921021349215,
    0.45987890109463164,
    0.4500070171578993,
    0.4501209422042641,
    0.450007670056101,
    0.4500072049200254,
    0.45012102793714603,
    0.45012102225115985,
    0.45012083489286586,
    0.45994399780495504,
    0.4500069766621987,
    0.45994406238854185,
    0.4500069744262132,
    0.4500558659217877,
    0.4501237891592103,
    0.45994399780495504,
    0.45995196848920966,
    0.4501236722974054,
    0.45012382515138327,
    0.45987638173993756,
    0.4501237222729549,
    0.45988539955379487,
    0.45987137803928224,
    0.4598712099092795,
    0.4599938360764326,
    0.4500069940800566,
    0.4599939093342647,
    0.4599938183232646,
    0.45007509761175973,
    0.4599997904949375,
    0.46,
    0.4600060000186472,
    0.4601098901098901,
    0.4600751259744083,
    0.46000600000075553,
    0.4698518353029511,
    0.4600751499606762,
    0.4600752223952383,
    0.4600751254023983,
    0.460075328865608,
    0.46008004059462204,
    0.46000654758533616,
    0.46992688825754525,
    0.4600800101056818,
    0.4600802224080858,
    0.4699268305842588,
    0.4600802109625013,
    0.46008002468812975,
    0.46008010067110505,
    0.46999979059394537,
    0.4600060414536165,
    0.4600061699352157,
    0.4698483454612217,
    0.4698483114704173,
    0.4500267296557491,
    0.4699999954755901,
    0.4500267653895752,
    0.46999999917749996,
    0.46999984466093664,
    0.4612234294714837,
    0.46999983572805326,
    0.45002659097316555,
    0.45998975003005127,
    0.4599896547323286,
    0.4599877808300405,
    0.45000775555501216,
    0.4500082934755414,
    0.4500171952617501,
    0.4500082928651393,
    0.4599831311299539,
    0.45999170634925807,
    0.45000831404237174,
    0.4599928530704505,
    0.4500083456973294,
    0.45000002029932573,
    0.4599939960264932,
    0.4500000275000124,
    0.45,
    0.4500000126866974,
    0.45,
    0.4500060015843338,
    0.4500000014662881,
    0.45004944330974356,
    0.450006008684956,
    0.450006008684956,
    0.450018,
    0.4500106490324356,
    0.45,
    0.45000002051537913,
    0.4500060035185254,
    0.4599862640741767,
    0.45001064579432326,
    0.4599758588659611,
    0.4500060018097553,
    0.45004255319148934,
    0.4500060205437303,
    0.4500990768459527,
    0.4500060266662157,
    0.4500991340906231,
    0.45997929265116805,
    0.4500060334350199,
    0.440006,
    0.4499999983286908,
    0.46,
    0.45,
    0.45955,
    0.4499999983125,
    0.4399760526716722,
    0.4499997974998886,
    0.439987663922214,
    0.43997480464167843,
    0.4300115643533944,
    0.43003,
    0.43005128234348916,
    0.4300115525928113,
    0.4399966831016722,
    0.4399863131995894,
    0.4300115696263167,
    0.4300732899022801,
    0.4300090059856869,
    0.43006352662953545,
    0.43001800279274166,
    0.4399937920819445,
    0.4399939999988024,
    0.4300635340837118,
    0.43001802003896056,
    0.43999398736605827,
    0.4399979082285595,
    0.4399659531989786,
    0.4300001767002986,
    0.4300001767002986,
    0.43018,
    0.43,
    0.4300667160859896,
    0.43993317597327036,
    0.43997433703957023,
    0.4300001767002986,
    0.43000004446001433,
    0.4300060143638442,
    0.430000052934862,
    0.4300060319293255,
    0.4300254751012005,
    0.4300163430016343,
    0.4300060058331974,
    0.4300256560639649,
    0.43002584267997823,
    0.43001634542289685,
    0.4399939759975904,
    0.43000600874246986,
    0.4301236708342993,
    0.4301236285769394,
    0.4301800048323445,
    0.4399766662594083,
    0.4399828927296283,
    0.43018007173466666,
    0.4300060385172357,
    0.4399939759975904,
    0.4399999956977777,
    0.43,
    0.4300000060342348,
    0.43999999155470226,
    0.43000000187068604,
    0.43,
    0.43,
    0.43,
    0.43,
    0.43,
    0.43000748390760085,
    0.43,
    0.43000749226726714,
    0.43999399548582296,
    0.4300074858845005,
    0.4300076435315124,
    0.44,
    0.43010265505055084,
    0.43002800299649135,
    0.4301584327178968,
    0.4300076388048017,
    0.44,
    0.4301582049585251,
    0.43999999912,
    0.4399999948903225,
    0.43995809369547634,
    0.4301582430625936,
    0.4301583341290596,
    0.43984175930042035,
    0.43010262378146363,
    0.43002800045004996,
    0.4399984930051238,
    0.4399719943136548,
    0.43999528256033604,
    0.43998988023255226,
    0.43,
    0.4300000093938226,
    0.4300001361194721,
    0.43983529199855065,
    0.43000855106888364,
    0.43016453382084097,
    0.43,
    0.43017964071856285,
    0.4399786180151508,
    0.43000000342000033,
    0.43000004677171594,
    0.4300080922585866,
    0.43001258669608605,
    0.43,
    0.4300406320541761,
    0.43001255624050355,
    0.4300125861232118,
    0.4300190456961527,
    0.4399814562360919,
    0.43000808021148235,
    0.43002332210417205,
    0.4399939956318766,
    0.43999164601462837,
    0.43,
    0.4398413836483896,
    0.4300000031969545,
    0.43000754832091354,
    0.4300076072134799,
    0.43984174494017053,
    0.43000755422922654,
    0.430020325203252,
    0.43000751991065905,
    0.43000752467827874,
    0.4399917070329887,
    0.4300076065522938,
    0.4300075781921777,
    0.4399910588502526,
    0.4300000431176556,
    0.4300082412522058,
    0.43000825633453515,
    0.4399895458379367,
    0.4399874186063044,
    0.4300001216001362,
    0.439985687999213,
    0.4300001767002986,
    0.4300000665000366,
    0.43000000017538464,
    0.43000600224948277,
    0.4300142555037138,
    0.43001447983838703,
    0.4300060091748274,
    0.4300103638876094,
    0.4300060206640959,
    0.43012820512820515,
    0.4300342406046433,
    0.4300513175002505,
    0.4300125729744441,
    0.439999933584853,
    0.4399999958597091,
    0.4399157345911057,
    0.4301282781887188,
    0.4300513210416271,
    0.4399999655865853,
    0.4399999970519263,
    0.4399999976209786,
    0.43999999352758123,
    0.4399797439773955,
    0.4300342133396972,
    0.4300125686036918,
    0.4300060046259162,
    0.43999980639989156,
    0.43999722967896165,
    0.43999250341600743,
    0.4300109546734091,
    0.4300156572182082,
    0.43000600531383043,
    0.43,
    0.4300000026600578,
    0.4300109486564633,
    0.43008771929824563,
    0.4300060003830741,
    0.4300060321946344,
    0.4399999395188879,
    0.44,
    0.43,
    0.43,
    0.43000001677010324,
    0.43999995408694137,
    0.4300000665000366,
    0.4399999985766275,
    0.4300000015124231,
    0.43,
    0.43,
    0.44,
    0.43,
    0.43,
    0.43,
    0.43,
    0.43,
    0.43,
    0.43000000311252806,
    0.43000000305497926,
    0.43000000700073715,
    0.43,
    0.4300000019541842,
    0.43,
    0.43999999643403864,
    0.4399999295999761,
    0.4399999963655136,
    0.439999997557494,
    0.4399998307691331,
    0.4300000665000366,
    0.43000006640782373,
    0.439999998064,
    0.43,
    0.43,
    0.43000000342000033,
    0.4300000414545575,
    0.4200000067638485,
    0.4300001767002986,
    0.43,
    0.43,
    0.43,
    0.43,
    0.43,
    0.43,
    0.43,
    0.42703573450489496,
    0.4099984137650374,
    0.4,
    0.40011703511053315,
    0.4,
    0.40999388702257367,
    0.4,
    0.4,
    0.40999377218837263,
    0.4,
    0.4,
    0.40999384614414214,
    0.4097810662673063,
    0.4097809260083172,
    0.4000179110016051,
    0.400000003853952,
    0.40001811713551616,
    0.4,
    0.4000090216519647,
    0.40000653792567264,
    0.4000737222427006,
    0.40018,
    0.40000653544478837,
    0.4199998235998977,
    0.4108685731477836,
    0.4000737509581325,
    0.4099934637598949,
    0.4099954170850046,
    0.4099717382047479,
    0.4099671058727144,
    0.4,
    0.4000076984734294,
    0.4000328827183047,
    0.4,
    0.4000248002204464,
    0.4000076971244502,
    0.4099923045541083,
    0.40000777751211364,
    0.4000414555504376,
    0.40998741850549064,
    0.40000000272913355,
    0.40999398690773886,
    0.41,
    0.41,
    0.41,
    0.41000003572477506,
    0.410000011784472,
    0.410012652565537,
    0.4100000003587353,
    0.4199819579230632,
    0.41000003245001443,
    0.41000008428576246,
    0.41000001364375055,
    0.4100000065283542,
    0.4101243252776415,
    0.41012362637362637,
    0.41987857575468296,
    0.41987526759189026,
    0.41012446392250335,
    0.41999382608458263,
    0.41999382608458263,
    0.41000000095544337,
    0.41999393250894834,
    0.41000600280815996,
    0.41000606158571085,
    0.4100060710436,
    0.41000600055924535,
    0.41999564109521276,
    0.4100060012053744,
    0.41010073442746586,
    0.4101007371978459,
    0.4101007371978459,
    0.4101007371978459,
    0.4199939478841849,
    0.4100060710436,
    0.41000602900560124,
    0.4199939478841849,
    0.4100060710436,
    0.4100060710436,
    0.4199998235998977,
    0.4199999831999973,
    0.42,
    0.4199999168316173,
    0.41999999529599996,
    0.42000259038536947,
    0.4200025840298374,
    0.4299999910416661,
    0.42,
    0.41000015340011353,
    0.41000000219504257,
    0.41,
    0.41000015340011353,
    0.4199999831999973,
    0.41000015340011353,
    0.42,
    0.4299999931199994,
    0.42,
    0.41000015340011353,
    0.41000015340011353,
    0.4100000007866667,
    0.41000015340011353,
    0.41000015340011353,
    0.41999993699997007,
    0.42,
    0.41000001062000035,
    0.4100000727667062,
    0.4199999453999798,
    0.41000015340011353,
    0.4199998235998977,
    0.42,
    0.41,
    0.41999999327999976,
    0.4100000727667062,
    0.41000015340011353,
    0.41,
    0.4100000727667062,
    0.4100000048885717,
    0.4100000727667062,
    0.41000011486057253,
    0.41,
    0.4199998235998977,
    0.42,
    0.4100000295000044,
    0.42,
    0.4299999870999978,
    0.42,
    0.42,
    0.4200001740002958,
    0.42,
    0.4201188399235325,
    0.42011883963422053,
    0.42545190865819354,
    0.41998671633476387,
    0.41000003245001443,
    0.41998672145512395,
    0.4299999870999978,
    0.4200027307569229,
    0.42000273074922945,
    0.42,
    0.42,
    0.42,
    0.42,
    0.42,
    0.42,
    0.41,
    0.42,
    0.42,
    0.42,
    0.42,
    0.42,
    0.42,
    0.42,
    0.42,
    0.41,
    0.41,
    0.41,
    0.41,
    0.41,
    0.4,
    0.4,
    0.4,
    0.400000060000024,
    0.40006019151913136,
    0.40006019152736233,
    0.39000014030010804,
    0.40005288461538463,
    0.4001449275362319,
    0.40014492755282405,
    0.39,
    0.4099998236998995,
    0.3900000018804778,
    0.39,
    0.4,
    0.4,
    0.4101193490972128,
    0.41011934929582144,
    0.41011859838274933,
    0.4100261166060071,
    0.4100261161795797,
    0.4100261159157353,
    0.4398516703416332,
    0.43985160175507276,
    0.4399083883248029,
    0.4399083712734098,
    0.43,
    0.419939023967806,
    0.4199390213125643,
    0.40000002400000384,
    0.4100721620871496,
    0.4,
    0.41984319246124596,
    0.43,
    0.43,
    0.43000004722334595,
    0.44007825405458234,
    0.4400782538110831,
    0.43,
    0.43976978174285436,
    0.43,
    0.4397697376964109,
    0.43977250235245696,
    0.43977250987205097,
    0.4397724536859049,
    0.4499999913239065,
    0.43000001186323183,
    0.43978085355664787,
    0.43978083594833917,
    0.4397808758415945,
    0.44999996762588995,
    0.4300000067479113,
    0.4499893730412342,
    0.4300000479798101,
    0.43000001254301257,
    0.44999997880690507,
    0.44,
    0.44,
    0.44,
    0.42983444567581697,
    0.42983445550118005,
    0.42983442611428513,
    0.40004534357319177,
    0.4000453436737757,
    0.4000453435697818,
    0.39,
    0.42997339804728707,
    0.4100798575695384,
    0.4100797549050089,
    0.39,
    0.39,
    0.39,
    0.42988003706202627,
    0.4298799305681861,
    0.42991892259561654,
    0.4299189118152581,
    0.42991892054312747,
    0.40002333177788146,
    0.43,
    0.43,
    0.43,
    0.4,
    0.25,
    0.24000009120017146,
    0.7899999631333104
]
