[
    0.053,
    0.054000003784030255,
    0.05400000037840002,
    0.054,
    0.054000003784030255,
    0.054000003784030255,
    0.065,
    0.065,
    0.08300000366800182,
    0.088,
    0.085,
    0.08500000045750002,
    0.08500000041590947,
    0.08500000653571704,
    0.08500000200156362,
    0.08500000024335108,
    0.08500000166363682,
    0.08500000080263173,
    0.0959999193599871,
    0.081,
    0.0810000001081177,
    0.081,
    0.081,
    0.0810000001081177,
    0.07300000218507173,
    0.07000001964802527,
    0.071,
    0.2,
    0.20900000158200063,
    0.20900001023026857,
    0.209,
    0.072,
    0.081,
    0.04
]
