[
    0.001,
    0.001,
    0.01,
    0.01,
    0.01,
    0.01,
    0.01,
    0.01,
    0.01,
    0.01,
    0.02,
    0.02,
    0.02,
    0.02,
    0.02,
    0.02,
    0.03,
    0.06,
    0.04,
    0.06,
    0.06,
    0.03,
    0.03,
    0.03,
    0.03,
    0.03,
    0.04,
    0.05,
    0.04,
    0.04,
    0.06,
    0.06,
    0.08999998451999956,
    0.0899999189999919,
    0.08,
    0.08,
    0.15,
    0.15,
    0.16,
    0.15,
    0.18999999745399998,
    0.18999998802999957,
    0.18999987839995622,
    0.18000000098400004,
    0.1899999905843193,
    0.19,
    0.19,
    0.235,
    0.2,
    0.23,
    0.2,
    0.21,
    0.26,
    0.23,
    0.26,
    0.2019652188351386,
    0.23,
    0.21,
    0.2,
    0.2,
    0.2,
    0.1900000067500022,
    0.2,
    0.2,
    0.2,
    0.2,
    0.2,
    0.2,
    0.2,
    0.2,
    0.20999986769995105,
    0.21,
    0.20999997839999915,
    0.21,
    0.27,
    0.27,
    0.23,
    0.23,
    0.24,
    0.18,
    0.19,
    0.25,
    0.25,
    0.25,
    0.29,
    0.289999866599928,
    0.2999999819999993,
    0.29,
    0.29,
    0.29,
    0.29,
    0.29,
    0.29,
    0.289999866599928,
    0.26000000054266664,
    0.31,
    0.32,
    0.26,
    0.26,
    0.31,
    0.26,
    0.2599998647999351,
    0.27,
    0.33,
    0.34,
    0.33,
    0.33,
    0.37,
    0.4,
    0.41,
    0.4,
    0.44,
    0.44,
    0.44,
    0.44,
    0.42172579735156485,
    0.37,
    0.36999996743999636,
    0.37,
    0.41,
    0.41,
    0.38,
    0.39,
    0.4,
    0.4,
    0.38,
    0.4400000224000036,
    0.53,
    0.52,
    0.5,
    0.54,
    0.54,
    0.54,
    0.55,
    0.54,
    0.5499999979779411,
    0.5400000391489411,
    0.53,
    0.5400000391489411,
    0.5400000391489411,
    0.5400000391489411,
    0.5400000391489411,
    0.52,
    0.52,
    0.52,
    0.52,
    0.51,
    0.52,
    0.52,
    0.52,
    0.53,
    0.54,
    0.54,
    0.54,
    0.5999999754098321,
    0.6,
    0.67,
    0.64,
    0.62,
    0.67,
    0.7,
    0.74,
    0.79,
    0.8,
    0.7900000077700001,
    0.8,
    0.8,
    0.8,
    0.79,
    0.79,
    0.79,
    0.77,
    0.7800000272800021,
    0.8,
    0.8,
    0.8,
    0.77,
    0.8,
    0.7984267453294002,
    0.74,
    0.8,
    0.75,
    0.69,
    0.74,
    0.69,
    0.6900000250505081,
    0.67,
    0.67,
    0.64,
    0.64,
    0.64,
    0.64,
    0.62,
    0.6200000357265,
    0.54,
    0.54,
    0.5500000440217444,
    0.55,
    0.57,
    0.5799999995788601,
    0.579999997912,
    0.58,
    0.66,
    0.67,
    0.6299999781818142,
    0.72,
    0.72,
    0.72,
    0.72,
    0.7000000151209685,
    0.7,
    0.71,
    0.72,
    0.7,
    0.7,
    0.7000000026872089,
    0.700000180000072,
    0.7,
    0.7,
    0.7,
    0.7,
    0.7,
    0.71,
    0.73,
    0.73,
    0.73,
    0.73,
    0.73,
    0.7299999990438768,
    0.73,
    0.75,
    0.71,
    0.7380456869939225,
    0.6999999929999994,
    0.7,
    0.7,
    0.7,
    0.719999985599996,
    0.700000025423731,
    0.7594719971933642,
    0.7480345911949685,
    0.700000180000072,
    0.74,
    0.7453481814307353,
    0.7100000290000013,
    0.75,
    0.78,
    0.7400000396842149,
    0.81,
    0.78,
    0.8,
    0.81,
    0.86,
    0.83,
    0.8100000627000107,
    0.81,
    0.85,
    0.8566902707938909,
    0.84,
    0.8,
    0.84,
    0.8499999149996685,
    0.89,
    0.9,
    0.87,
    0.8700000033366667,
    0.9099999978820789,
    0.93,
    0.91,
    0.9199999975466651,
    0.9,
    0.9099999936299996,
    0.909999988906666,
    0.9099999908999992,
    0.8399999762823257,
    0.85,
    0.85,
    0.85,
    0.85,
    0.85,
    0.85,
    0.8899999998363268,
    0.86,
    0.85,
    0.85,
    0.87,
    0.71,
    0.6900000165046306,
    0.6900000282867811,
    0.7,
    0.7,
    0.7,
    0.7,
    0.7,
    0.7,
    0.7,
    0.7,
    0.7599999994478082,
    0.7,
    0.7,
    0.7,
    0.7,
    0.76,
    0.81,
    0.83,
    0.83,
    0.8,
    0.8,
    0.81,
    0.8,
    0.8,
    0.75,
    0.77,
    0.68,
    0.6600000010197961,
    0.6500000157500009,
    0.65,
    0.650000006628788,
    0.65,
    0.65,
    0.67,
    0.6300000165076929,
    0.63,
    0.63,
    0.63,
    0.63,
    0.629999981099993,
    0.64,
    0.5900000194511636,
    0.5900000064822136,
    0.59,
    0.5900000214761913,
    0.59,
    0.5899998465998865,
    0.6099999983010508,
    0.57,
    0.77,
    0.76,
    0.7300000692608819,
    0.73,
    0.7300000019033943,
    0.74,
    0.73,
    0.6900001705000767,
    0.6900000264381293,
    0.7,
    0.69,
    0.69,
    0.69,
    0.7,
    0.69,
    0.69,
    0.72,
    0.71,
    0.72,
    0.72,
    0.7199999977411763,
    0.72,
    0.75,
    0.7800000004693334,
    0.8299999992529999,
    0.7600001440000576,
    0.72,
    0.7200000003947633,
    0.77,
    0.79,
    0.82,
    0.8199999934399984,
    0.82,
    0.82,
    0.82,
    0.82,
    0.8200000244800015,
    0.87,
    0.78,
    0.8,
    0.77,
    0.7899999997115735,
    0.68,
    0.71,
    0.74,
    0.74,
    0.74,
    0.7300000204910722,
    0.7599999695999891,
    0.7333333333333333,
    0.7,
    0.69,
    0.68,
    0.68,
    0.67,
    0.670000000566485,
    0.6600000367200034,
    0.67,
    0.7,
    0.6999999766666597,
    0.68,
    0.64,
    0.67,
    0.66,
    0.6200000258400035,
    0.61,
    0.62,
    0.62,
    0.63,
    0.63,
    0.65,
    0.65,
    0.67,
    0.68,
    0.66,
    0.68,
    0.6899999951699998,
    0.6899999965773808,
    0.7199999952657532,
    0.72,
    0.72,
    0.72,
    0.7,
    0.67,
    0.6699999973199998,
    0.67,
    0.68,
    0.65,
    0.6777412068409164,
    0.66,
    0.67,
    0.68,
    0.68,
    0.71,
    0.71,
    0.7,
    0.7099999701799893,
    0.7,
    0.7,
    0.7,
    0.7,
    0.7,
    0.7,
    0.7,
    0.7,
    0.7,
    0.7,
    0.69,
    0.69,
    0.69,
    0.69,
    0.69,
    0.69,
    0.69,
    0.69,
    0.69,
    0.69,
    0.69,
    0.69,
    0.69,
    0.68,
    0.68,
    0.68,
    0.69,
    0.69,
    0.69,
    0.69,
    0.69,
    0.67,
    0.67,
    0.67,
    0.67,
    0.67,
    0.69,
    0.68,
    0.68,
    0.68,
    0.68,
    0.69,
    0.69,
    0.68,
    0.68,
    0.68,
    0.67,
    0.69,
    0.68,
    0.69,
    0.69,
    0.7,
    0.7,
    0.7,
    0.7,
    0.7,
    0.7,
    0.7,
    0.7,
    0.7,
    0.7,
    0.7,
    0.7,
    0.7,
    0.7,
    0.7,
    0.7,
    0.7,
    0.7,
    0.71,
    0.71,
    0.71,
    0.71,
    0.73,
    0.73,
    0.73,
    0.72,
    0.72,
    0.73,
    0.72,
    0.73,
    0.74,
    0.74,
    0.74,
    0.73,
    0.73,
    0.73,
    0.74,
    0.71,
    0.71,
    0.71,
    0.71,
    0.71,
    0.71,
    0.71,
    0.71,
    0.71,
    0.71,
    0.7099999431998909,
    0.7099999431998909,
    0.7,
    0.7,
    0.7,
    0.7,
    0.7,
    0.7,
    0.7,
    0.6848398610959865,
    0.679999998368,
    0.67,
    0.67,
    0.67,
    0.67,
    0.67,
    0.67,
    0.67,
    0.67,
    0.67,
    0.67,
    0.66,
    0.66,
    0.66,
    0.65,
    0.66,
    0.66,
    0.66,
    0.65,
    0.66,
    0.66,
    0.66,
    0.66,
    0.66,
    0.66,
    0.66,
    0.66,
    0.66,
    0.66,
    0.66,
    0.66,
    0.66,
    0.66,
    0.66,
    0.66,
    0.66,
    0.66,
    0.67,
    0.67,
    0.68,
    0.68,
    0.68,
    0.68,
    0.68,
    0.69,
    0.6764705762975757,
    0.67,
    0.67,
    0.65,
    0.62,
    0.6,
    0.5900000164000027,
    0.590000007848185,
    0.59,
    0.59,
    0.6099999996702703,
    0.5999933664732076,
    0.59998049998375,
    0.5999746714682561,
    0.5999738020563815,
    0.5900194552529183,
    0.5900193477635658,
    0.5999855557518949,
    0.590006005523228,
    0.5999939880674331,
    0.5999940279227582,
    0.5900000011685,
    0.590006946052327,
    0.5900000108352035,
    0.5900150045431178,
    0.59,
    0.590065170166546,
    0.6,
    0.5999970213332936,
    0.5999439494950525,
    0.5999348511687953,
    0.5900150093648266,
    0.5999950626130767,
    0.59001497919844,
    0.5900150078324405,
    0.5900963597430406,
    0.599984985292823,
    0.5900150423921962,
    0.590015084041147,
    0.5900934916379774,
    0.599984963330526,
    0.5901354917795765,
    0.5900938138547693,
    0.5999724448466957,
    0.5999849692320803,
    0.5901354189507131,
    0.5999796573552652,
    0.5999939597903242,
    0.5900000036478836,
    0.590000052564115,
    0.59,
    0.5900060265452505,
    0.59,
    0.5900060446327233,
    0.5900060679114085,
    0.5999938800563035,
    0.5899975386030656,
    0.5800090547277139,
    0.5800089884383044,
    0.5899247249913689,
    0.580012322015334,
    0.580016073133798,
    0.5800000259600786,
    0.5800753613704193,
    0.5899246665447487,
    0.5899582187698333,
    0.5800161268928069,
    0.5898445132824381,
    0.5800160859002217,
    0.5801553334155203,
    0.5801553119089531,
    0.5899838961903752,
    0.5899876768238718,
    0.5899823944539409,
    0.5800000037333334,
    0.5801021566401816,
    0.5801164294954722,
    0.5800000124444452,
    0.5899100309779751,
    0.5898833323110252,
    0.5899939590298272,
    0.5800000295082015,
    0.5800000622222361,
    0.59,
    0.59,
    0.59,
    0.59009,
    0.59,
    0.59005,
    0.59,
    0.5999368555415234,
    0.5999704414513247,
    0.5900000065227274,
    0.5900295469468155,
    0.59,
    0.5900001986333278,
    0.5900149997783082,
    0.5999699873819245,
    0.5999693873646348,
    0.5900305602716469,
    0.5900662739322533,
    0.5900150053399063,
    0.5999602810652797,
    0.5999819784509978,
    0.5999672742075687,
    0.5900060050331608,
    0.590000296378583,
    0.590134529147982,
    0.5900203435804702,
    0.5900061208378424,
    0.5900263620386643,
    0.5999763896717988,
    0.5900060148467332,
    0.59001809515884,
    0.5900137064644878,
    0.5900180075498199,
    0.5900136696196843,
    0.590006007323313,
    0.59,
    0.59,
    0.5899921773526414,
    0.5899496358619211,
    0.5899872042287553,
    0.5800060020208093,
    0.58001505446933,
    0.5800074591718636,
    0.5800536128711867,
    0.5800110323110689,
    0.5999939966666666,
    0.5800308273993717,
    0.5800231030820754,
    0.5800110362052932,
    0.5800126681392009,
    0.5800231071517516,
    0.5800230466575963,
    0.5971337923675396,
    0.5899897548711391,
    0.5800231520754039,
    0.5800231071517516,
    0.5899854313656183,
    0.589987328453818,
    0.5800126722862821,
    0.5899939970606957,
    0.5800430210325048,
    0.5800000111754419,
    0.5899999068420383,
    0.5800364423604907,
    0.5899999809677379,
    0.5900183075671277,
    0.5900062552633473,
    0.5900219470917611,
    0.590039700498269,
    0.59,
    0.5900397623000961,
    0.5900220281384563,
    0.599981686101811,
    0.5999693409958052,
    0.5998478874865388,
    0.5900219621665318,
    0.5901522842639594,
    0.5999779951670491,
    0.5900062581516812,
    0.599972717070509,
    0.5900000053300002,
    0.5900942089566573,
    0.590016766251323,
    0.5900110605874401,
    0.5901475409836066,
    0.5900000008878692,
    0.5900945580486682,
    0.5901675977653631,
    0.5999971537325104,
    0.5999616635444316,
    0.5998322797434114,
    0.5999889318777573,
    0.5999863731072484,
    0.590000077481629,
    0.5900075303064367,
    0.5900295663600525,
    0.5900075398210971,
    0.5999799658857343,
    0.5900090042698853,
    0.5900075553328257,
    0.5900090327329918,
    0.5900258992805756,
    0.5900090006406864,
    0.5900470589698755,
    0.6,
    0.5999964025531391,
    0.5900471266413863,
    0.5999855612837758,
    0.5999740503706541,
    0.5900470965320747,
    0.5999910030707013,
    0.5999787329320337,
    0.5999485758313936,
    0.5900000813360492,
    0.5999449140987183,
    0.5900000177371055,
    0.5900000050435676,
    0.5900000028160773,
    0.5900000083621759,
    0.5900189230148115,
    0.5900000122612312,
    0.5900189847235765,
    0.5900549115314216,
    0.5900188980937189,
    0.5900326205146792,
    0.5900354435066734,
    0.5900296638101516,
    0.590018926810633,
    0.5900317724358775,
    0.5999811070732185,
    0.5999787037974394,
    0.590104717154853,
    0.5900354721656703,
    0.5901047266865318,
    0.5999471650896132,
    0.5999645369661433,
    0.5999439343695935,
    0.590101257615581,
    0.590032776461188,
    0.5999682343212962,
    0.5999332733000069,
    0.5900000975242959,
    0.5900862762726441,
    0.5900000070149791,
    0.5900862268500113,
    0.5900862668315968,
    0.5901731116050429,
    0.5900862221418774,
    0.5999135124409027,
    0.5999629375235417,
    0.5900060411356086,
    0.5900066855838475,
    0.5900370218017277,
    0.5900066276898897,
    0.5999628484186638,
    0.5999628484186638,
    0.5900066295932415,
    0.5999933520723294,
    0.59999325006991,
    0.5900060216995339,
    0.6,
    0.5900060064123064,
    0.5900060030036416,
    0.5999916254269346,
    0.5899983961447028,
    0.59,
    0.59,
    0.5899786755000053,
    0.5899371554894824,
    0.5899681744135364,
    0.5800060028320709,
    0.5800073980131334,
    0.5800000356023292,
    0.5800073940317944,
    0.5800143486076145,
    0.5800060078943161,
    0.5800742956783839,
    0.5800466147556648,
    0.5899916702537578,
    0.5800743987775993,
    0.5899257233115929,
    0.5899257921168545,
    0.5800465991605881,
    0.5899487625690754,
    0.5800669371139348,
    0.5800143936348906,
    0.5800670510421129,
    0.5899331062302263,
    0.589932920776807,
    0.5800143818945358,
    0.5801587301587302,
    0.5899999865326075,
    0.5899812622138944,
    0.5898303452058123,
    0.580014981363005,
    0.58018,
    0.5800145544179455,
    0.5800144643163133,
    0.5899838719870976,
    0.589933826541293,
    0.5800060809514789,
    0.5800689655172414,
    0.5800160674736172,
    0.5800161050058028,
    0.5899906569468812,
    0.5800060256779156,
    0.5800218924835806,
    0.5800060136722034,
    0.5899939900256196,
    0.5899939163777457,
    0.5899939947882284,
    0.5899939953385333,
    0.5800060019825544,
    0.5800000190996412,
    0.5800060251885676,
    0.5899916142561168,
    0.5800061739154173,
    0.5800061546819152,
    0.5800900910663418,
    0.6,
    0.5800900767415926,
    0.5999393959268674,
    0.5999101763247703,
    0.5800705382186585,
    0.59,
    0.5800705381336413,
    0.5899999675499855,
    0.5899998386322469,
    0.5899990704784956,
    0.5800690880493438,
    0.5899309356696019,
    0.5899309254794213,
    0.5899723543455075,
    0.580037808966775,
    0.5800062785132167,
    0.5800000019377075,
    0.5800884162890948,
    0.5801497504159734,
    0.5898499835320172,
    0.5800884180841327,
    0.5800378397769411,
    0.5899999006929877,
    0.5899900227065805,
    0.5800867888138862,
    0.5800063026963667,
    0.5899964366707917,
    0.5899525640531208,
    0.5800063640746528,
    0.5800068559388873,
    0.5801549053356282,
    0.5898450559870213,
    0.5898635952936094,
    0.58,
    0.5801365705614567,
    0.5800962246725452,
    0.58,
    0.5800091794005993,
    0.5800000075113017,
    0.5800065827713737,
    0.5800987061491263,
    0.5801404306210391,
    0.589970037272716,
    0.5898475579172696,
    0.5800963482631528,
    0.5801621621621622,
    0.5899999916901351,
    0.5800962282893437,
    0.5899999609558754,
    0.5899899602582062,
    0.5899037899037899,
    0.5800092248378974,
    0.5899908069117111,
    0.5800685453160701,
    0.5800065812462023,
    0.5899967845332904,
    0.5899934710711954,
    0.5899821239994892,
    0.580000000379077,
    0.5800000036721312,
    0.5800000048331794,
    0.5800073380615853,
    0.58,
    0.5899716437742565,
    0.5800000930150359,
    0.5801063829787234,
    0.5899850655321675,
    0.5899923561095258,
    0.5800076210677768,
    0.5800000108113439,
    0.5800076505836972,
    0.5899939289564,
    0.5899858575982946,
    0.5800000034718962,
    0.580069652249622,
    0.5800604649326637,
    0.5800763847133137,
    0.5800695329908833,
    0.5800759259011753,
    0.5899259266250977,
    0.5899239910686914,
    0.5899395494062637,
    0.5899393895059012,
    0.5800756706821719,
    0.5800611691052941,
    0.5899219651378761,
    0.5898998628318577,
    0.580075694536443,
    0.5801002227171492,
    0.5899243572132903,
    0.5899411159687419,
    0.58,
    0.5800589262236453,
    0.5800000439656446,
    0.5800588850886802,
    0.5899756945618049,
    0.5898199336923767,
    0.5898198840594443,
    0.5800688599846978,
    0.58,
    0.58018,
    0.589994,
    0.5899999783486047,
    0.5899999946899995,
    0.5899998869165941,
    0.5899999893799996,
    0.5899998103570345,
    0.5899999704999955,
    0.5800001534616299,
    0.589999995793621,
    0.5800000042000001,
    0.5899999704999955,
    0.5899998869165941,
    0.589999954409084,
    0.5800000253012109,
    0.589999810839611,
    0.5899998231921202,
    0.5800000280719848,
    0.5899997752379668,
    0.5899999712374978,
    0.59,
    0.57,
    0.57,
    0.5801171754548258,
    0.5700000004572291,
    0.570037104918441,
    0.5700008151952393,
    0.5899553482982427,
    0.5700371488274901,
    0.5700371088414979,
    0.5700446235099701,
    0.5700446290590969,
    0.5899552931431787,
    0.5899522594727254,
    0.57006,
    0.5899327966442656,
    0.5700371488274901,
    0.5701472995090017,
    0.5700370529517502,
    0.5899857403645032,
    0.5899569573218553,
    0.5700000283962334,
    0.5899114538552447,
    0.570000001047126,
    0.5800785349293808,
    0.5800784834099341,
    0.5899114424057085,
    0.5800785011695229,
    0.5800884165566347,
    0.5800785044292419,
    0.5800884868698276,
    0.5899215797318609,
    0.5899182845459581,
    0.5800892707675529,
    0.5800001665572578,
    0.5899107464148139,
    0.5800892293997059,
    0.5800943027955517,
    0.5800940968796376,
    0.5899132053575746,
    0.589905791302529,
    0.5899056326072171,
    0.5899018315554272,
    0.57,
    0.57,
    0.58,
    0.5700000081630997,
    0.5800000733981167,
    0.5800362335215773,
    0.5801308139534884,
    0.5800003252807491,
    0.5898691546554911,
    0.5899636954181595,
    0.5800362693458444,
    0.5800363049616781,
    0.5800000024963055,
    0.5800060080066456,
    0.5800119670303634,
    0.5899780584723945,
    0.5800060048643002,
    0.5801308139534884,
    0.5800850216446004,
    0.5800850698541078,
    0.5899753421739445,
    0.589887690948141,
    0.5899938483226059,
    0.5899938837198783,
    0.580110754465863,
    0.5898973664449073,
    0.5898891715116279,
    0.5899939685383127,
    0.5800061739154173,
    0.5800060673923677,
    0.5899999704999955,
    0.5800000168000027,
    0.5899998465998865,
    0.5899999946899995,
    0.5800000168000027,
    0.5800000546000202,
    0.5800000100800008,
    0.5899999939156249,
    0.5700000062110521,
    0.58,
    0.5800001764001023,
    0.58,
    0.5899999842666653,
    0.5899998465998865,
    0.5800001764001023,
    0.58,
    0.58,
    0.58,
    0.58,
    0.5800001764001023,
    0.5800001764001023,
    0.5800000202631613,
    0.6,
    0.59,
    0.59,
    0.59,
    0.59,
    0.6,
    0.59,
    0.59,
    0.59,
    0.59,
    0.59,
    0.6,
    0.6,
    0.59,
    0.6099999698107685,
    0.6,
    0.6,
    0.6,
    0.6,
    0.6,
    0.6,
    0.6,
    0.6,
    0.6,
    0.6,
    0.6,
    0.6,
    0.61,
    0.61,
    0.6100001363107643,
    0.6100000133714301,
    0.6199999173332656,
    0.6100000052000002,
    0.6199999297332944,
    0.6199998511998869,
    0.61,
    0.6199999705200521,
    0.61,
    0.61,
    0.6099999755999961,
    0.6,
    0.6099997829806377,
    0.6,
    0.609999859699892,
    0.6099999926799997,
    0.6,
    0.6099999995793103,
    0.61,
    0.6099994201974228,
    0.6,
    0.6099998205881122,
    0.6,
    0.6099999747933686,
    0.6,
    0.609999903084037,
    0.6,
    0.6,
    0.6,
    0.6,
    0.6,
    0.6199998511998869,
    0.6,
    0.62,
    0.6199999416470414,
    0.6,
    0.6,
    0.6,
    0.6100575930762031,
    0.6100577894933866,
    0.6100575668747897,
    0.6100575637579176,
    0.6100577894933866,
    0.6,
    0.6,
    0.61,
    0.6,
    0.6199998511998869,
    0.6199998511998869,
    0.6158426438308218,
    0.61,
    0.61,
    0.6100000097500002,
    0.62,
    0.6199998511998869,
    0.6199998511998869,
    0.6100000226200032,
    0.6100000041618949,
    0.6199998511998869,
    0.6199999253511296,
    0.6199998511998869,
    0.610000047114104,
    0.619999986359999,
    0.6199999922661108,
    0.6199998511998869,
    0.6199998511998869,
    0.6,
    0.61,
    0.610000109200024,
    0.6199999985567665,
    0.6199998511998869,
    0.6100000026765799,
    0.6199998511998869,
    0.6100001521000927,
    0.61,
    0.609999859699892,
    0.609999859699892,
    0.609999859699892,
    0.6,
    0.609999859699892,
    0.609999859699892,
    0.609999859699892,
    0.6099999993899999,
    0.609999859699892,
    0.609999859699892,
    0.609999859699892,
    0.6,
    0.609999859699892,
    0.6,
    0.609999859699892,
    0.609999859699892,
    0.609999859699892,
    0.6099998373332411,
    0.609999859699892,
    0.61,
    0.6199998511998869,
    0.6100001521000927,
    0.6199998511998869,
    0.6100000100396047,
    0.6100000442000098,
    0.6199999627999948,
    0.6137726621094599,
    0.6099999986275,
    0.609999859699892,
    0.6,
    0.6,
    0.6099999778181768,
    0.6,
    0.6,
    0.6099999926799997,
    0.60999999878,
    0.6099999847499991,
    0.6,
    0.609999859699892,
    0.6,
    0.609999859699892,
    0.609999978214267,
    0.6099999609192008,
    0.6,
    0.6099999755999961,
    0.609999859699892,
    0.6099999926799997,
    0.6099999350700167,
    0.5900001763001005,
    0.5900000638524753,
    0.6099999755999961,
    0.59,
    0.59,
    0.5900000931818817,
    0.6099999866909069,
    0.5900000175181827,
    0.6099999351436665,
    0.5900000053300002,
    0.590000098193295,
    0.6,
    0.5900000510566167,
    0.6,
    0.6,
    0.6,
    0.6,
    0.6099999555527559,
    0.6099999555527559,
    0.6,
    0.6,
    0.6,
    0.59,
    0.5900000678308961,
    0.6099999698176941,
    0.5900000826235889,
    0.6099999916438335,
    0.59,
    0.6000504526725902,
    0.6099999739192348,
    0.5900000697569568,
    0.6199998287086531,
    0.6199999930726239,
    0.6,
    0.6,
    0.6,
    0.6,
    0.6,
    0.6099999838529369,
    0.6199999773958282,
    0.6,
    0.6199999627999948,
    0.6199999730434711,
    0.6,
    0.5998804558819985,
    0.6098708800338459,
    0.5998393459275982,
    0.5900000697569568,
    0.6099999556363467,
    0.61,
    0.61,
    0.6,
    0.6,
    0.6,
    0.6,
    0.6,
    0.6,
    0.6,
    0.6,
    0.6799531704032155,
    0.6200235621441196,
    0.6200235614272875,
    0.6799192419806985,
    0.6799192787892075,
    0.5800177883190039,
    0.59,
    0.5700435785695975,
    0.589,
    0.58954325,
    0.5799998259997042
]
