[
    0.001,
    0.001,
    0.01,
    0.01,
    0.01,
    0.01,
    0.01,
    0.01,
    0.01,
    0.01,
    0.01,
    0.01,
    0.01,
    0.01,
    0.01,
    0.01,
    0.01,
    0.01,
    0.02,
    0.01,
    0.01,
    0.02,
    0.02,
    0.02,
    0.02,
    0.02,
    0.02,
    0.06999998739999974,
    0.05,
    0.05,
    0.05,
    0.059999986499999665,
    0.05,
    0.04,
    0.04,
    0.04,
    0.04,
    0.07,
    0.055324175751041545,
    0.05,
    0.07,
    0.09,
    0.11000000044500002,
    0.11000000017332034,
    0.12,
    0.12,
    0.12,
    0.12,
    0.09,
    0.09,
    0.1,
    0.11,
    0.11000000044500002,
    0.11,
    0.10999990319998838,
    0.14,
    0.1,
    0.11,
    0.08,
    0.13801801801801802,
    0.13999994259999485,
    0.12,
    0.11,
    0.11,
    0.15,
    0.12000001408000541,
    0.21,
    0.25,
    0.25,
    0.25,
    0.25,
    0.26,
    0.26,
    0.2799999854399993,
    0.27,
    0.27,
    0.26,
    0.27,
    0.26,
    0.27,
    0.27,
    0.27,
    0.27,
    0.26,
    0.27,
    0.26,
    0.27,
    0.27,
    0.27,
    0.27,
    0.27,
    0.27,
    0.27,
    0.26,
    0.27,
    0.26,
    0.26,
    0.26,
    0.28,
    0.279999843199931,
    0.26,
    0.26,
    0.26,
    0.26,
    0.26,
    0.26,
    0.26,
    0.26,
    0.26,
    0.2599998647999351,
    0.25999999445333327,
    0.27999999159999983,
    0.26,
    0.32,
    0.32,
    0.33,
    0.3899999888199996,
    0.38,
    0.39,
    0.39,
    0.4099999618604606,
    0.4099999618604606,
    0.43,
    0.42,
    0.4,
    0.41,
    0.41,
    0.38,
    0.46,
    0.4200000491525486,
    0.47999996473468926,
    0.5,
    0.47999996473468926,
    0.49,
    0.49,
    0.49,
    0.5,
    0.43999995203353814,
    0.44,
    0.44,
    0.41999997691331564,
    0.41,
    0.4,
    0.33,
    0.33,
    0.36,
    0.37,
    0.37,
    0.4,
    0.3300000050250002,
    0.359999997696,
    0.3599999756448168,
    0.34,
    0.4,
    0.42,
    0.4599999995370263,
    0.45,
    0.4599999985262851,
    0.46,
    0.47,
    0.4733522376335826,
    0.4699998777999096,
    0.4699998918999708,
    0.48,
    0.48999999656999993,
    0.48,
    0.45,
    0.48,
    0.48,
    0.5,
    0.5,
    0.5346534605822955,
    0.53,
    0.56,
    0.5899999655833281,
    0.59,
    0.6,
    0.62,
    0.59,
    0.6499998829999742,
    0.6194521892794032,
    0.5899999655833281,
    0.57,
    0.53,
    0.5,
    0.5400000032200002,
    0.59,
    0.5899999893799996,
    0.57,
    0.56,
    0.57,
    0.5500000042993632,
    0.609999996096,
    0.57,
    0.6099999926799997,
    0.57,
    0.57,
    0.5700000087884023,
    0.57,
    0.57,
    0.57,
    0.57,
    0.57,
    0.57,
    0.57,
    0.57,
    0.53,
    0.53,
    0.53,
    0.5300000084600007,
    0.53,
    0.5499999895499997,
    0.56,
    0.57,
    0.58,
    0.6032504823841551,
    0.5999999754098321,
    0.6,
    0.63,
    0.63,
    0.65,
    0.6699999731999944,
    0.650000070000021,
    0.64,
    0.6633663350573473,
    0.6599999605970005,
    0.68,
    0.7032178853841745,
    0.69,
    0.6900000003356006,
    0.7,
    0.7,
    0.7099999701799893,
    0.7,
    0.7,
    0.71,
    0.7099999431998909,
    0.69,
    0.6900000341000048,
    0.7053051643192488,
    0.68,
    0.5999999939999998,
    0.5700000068800006,
    0.59,
    0.57,
    0.53,
    0.53,
    0.5,
    0.51,
    0.52,
    0.53,
    0.53,
    0.56,
    0.56,
    0.56,
    0.57,
    0.5828484483400935,
    0.58,
    0.5625483100854342,
    0.6,
    0.53000000047,
    0.539999973947364,
    0.5300001222000904,
    0.52,
    0.52,
    0.54,
    0.54,
    0.5399999902799992,
    0.5399999837068935,
    0.57,
    0.57,
    0.5399999837068935,
    0.59,
    0.6,
    0.6,
    0.56,
    0.56,
    0.55999999888,
    0.6,
    0.57,
    0.59,
    0.58,
    0.53,
    0.51,
    0.5299999763392821,
    0.5299999672839459,
    0.5299999912183229,
    0.53,
    0.5300000297666747,
    0.52,
    0.5199999957201638,
    0.58,
    0.6187131754705525,
    0.6,
    0.58,
    0.58,
    0.54,
    0.54,
    0.49,
    0.49,
    0.5100000465500188,
    0.5500000078750003,
    0.57,
    0.5699999987175,
    0.59,
    0.61,
    0.58,
    0.54,
    0.54,
    0.5299999966433333,
    0.5399999962195703,
    0.53,
    0.53,
    0.53,
    0.53,
    0.5407831797516552,
    0.53,
    0.53,
    0.53,
    0.53,
    0.5299999960299611,
    0.51,
    0.47,
    0.49,
    0.46,
    0.48,
    0.46000003616071994,
    0.44,
    0.46000003616071994,
    0.44,
    0.44,
    0.44,
    0.44,
    0.44,
    0.44,
    0.44,
    0.46,
    0.44,
    0.44,
    0.44,
    0.44,
    0.44,
    0.44,
    0.44,
    0.44,
    0.44000000063289607,
    0.44,
    0.44,
    0.44,
    0.44,
    0.44,
    0.44,
    0.44,
    0.44,
    0.44,
    0.44,
    0.44,
    0.4599673567323252,
    0.44,
    0.44,
    0.44,
    0.44,
    0.44,
    0.46000003616071994,
    0.45000001841518206,
    0.46,
    0.45,
    0.45000001841518206,
    0.45000001841518206,
    0.45,
    0.46,
    0.47,
    0.46,
    0.46,
    0.4699998777999096,
    0.4600000023151128,
    0.4700001219000939,
    0.4700000034781251,
    0.47,
    0.46,
    0.46,
    0.47000000282666676,
    0.47,
    0.49,
    0.49,
    0.5299999899299992,
    0.53,
    0.57,
    0.56,
    0.57,
    0.57,
    0.61,
    0.6099999872096756,
    0.61,
    0.6099999949166663,
    0.65,
    0.67,
    0.65,
    0.67,
    0.65,
    0.65,
    0.6400000019797216,
    0.65,
    0.6500000048125001,
    0.64,
    0.6400000129600009,
    0.62,
    0.619999999876,
    0.6,
    0.6,
    0.63,
    0.6299999990030718,
    0.63,
    0.629999981099993,
    0.6299999880299978,
    0.6,
    0.6,
    0.62,
    0.6299999759235525,
    0.6237623727791393,
    0.59,
    0.6307340882146535,
    0.5900000553500202,
    0.62,
    0.61,
    0.5900000025817659,
    0.59,
    0.61,
    0.6099999872096756,
    0.6,
    0.59,
    0.5899999454785348,
    0.59,
    0.59,
    0.59,
    0.58,
    0.58,
    0.58,
    0.58,
    0.58,
    0.58,
    0.56,
    0.56,
    0.5899999893799996,
    0.58,
    0.58,
    0.53,
    0.53,
    0.53,
    0.5499999822198263,
    0.5499999788925424,
    0.549999975446427,
    0.5699999690847422,
    0.57,
    0.5,
    0.53,
    0.5,
    0.5,
    0.5,
    0.5099999973224999,
    0.5,
    0.51,
    0.5199999990170713,
    0.58,
    0.6099999939762499,
    0.58,
    0.5638751480851448,
    0.57,
    0.559999999328,
    0.52,
    0.54,
    0.5599999950099009,
    0.51,
    0.56,
    0.57,
    0.55,
    0.5700000129000022,
    0.58,
    0.6099999949166663,
    0.61,
    0.6,
    0.5763633718815914,
    0.55,
    0.5400000002416162,
    0.55,
    0.54,
    0.5359881342816082,
    0.53,
    0.5299998780999061,
    0.53,
    0.53,
    0.5099999795999968,
    0.470000001378,
    0.49,
    0.49753025979040044,
    0.47999982719988943,
    0.4499999549999955,
    0.45,
    0.46,
    0.519999999584,
    0.52,
    0.5099999501425507,
    0.47,
    0.47,
    0.49,
    0.54,
    0.53,
    0.53,
    0.5199999988327721,
    0.53,
    0.52,
    0.53,
    0.51,
    0.52,
    0.52,
    0.51,
    0.4400000031154385,
    0.44,
    0.4499999549999955,
    0.44999999549999997,
    0.5,
    0.49,
    0.46,
    0.48,
    0.47,
    0.47,
    0.47,
    0.48,
    0.49,
    0.49,
    0.51,
    0.51,
    0.51,
    0.5,
    0.52,
    0.52,
    0.52,
    0.52,
    0.52,
    0.52,
    0.53,
    0.53,
    0.53,
    0.53,
    0.53,
    0.53,
    0.53,
    0.54,
    0.53,
    0.54,
    0.54,
    0.53,
    0.53,
    0.53,
    0.53,
    0.53,
    0.53,
    0.53,
    0.54,
    0.54,
    0.54,
    0.54,
    0.55,
    0.54,
    0.55,
    0.55,
    0.55,
    0.54,
    0.55,
    0.55,
    0.55,
    0.55,
    0.55,
    0.55,
    0.55,
    0.55,
    0.56,
    0.5399999881199997,
    0.54,
    0.53,
    0.53,
    0.53,
    0.539298907896764,
    0.52,
    0.53,
    0.53,
    0.54,
    0.54,
    0.54,
    0.54,
    0.5,
    0.5,
    0.5,
    0.495,
    0.49,
    0.49,
    0.49,
    0.49,
    0.49,
    0.49,
    0.49,
    0.49,
    0.48,
    0.48,
    0.48,
    0.48,
    0.48,
    0.48,
    0.48,
    0.48,
    0.48,
    0.48,
    0.49,
    0.489999999069,
    0.4800000003362024,
    0.48,
    0.48,
    0.48,
    0.48,
    0.48,
    0.48,
    0.48,
    0.48,
    0.48,
    0.48,
    0.48,
    0.4887392179242326,
    0.4799949995999,
    0.48,
    0.48,
    0.48,
    0.48,
    0.48,
    0.48,
    0.48,
    0.48,
    0.48,
    0.47000006684689866,
    0.48,
    0.47,
    0.48,
    0.48,
    0.48,
    0.48,
    0.4701123608988872,
    0.48993999496999746,
    0.480006,
    0.47018,
    0.4700477614912157,
    0.47018,
    0.4799815905248624,
    0.47004769496343823,
    0.48,
    0.47999219,
    0.47995218396174716,
    0.47001475691058425,
    0.47999993087998233,
    0.4700060398135862,
    0.4700060074590712,
    0.47999998728476684,
    0.47000617684271795,
    0.47999998079999695,
    0.4799995794392523,
    0.47018004513186185,
    0.47,
    0.47000600021306227,
    0.47000000015981297,
    0.47,
    0.47,
    0.47,
    0.47999982719988943,
    0.4799989143341111,
    0.4701801177472884,
    0.470006,
    0.48,
    0.48,
    0.48,
    0.4700001219000939,
    0.4799999827199989,
    0.46999204504504505,
    0.4600202092623619,
    0.4699912628536864,
    0.4699987120083301,
    0.4699939955914091,
    0.4799938368729714,
    0.48,
    0.4798451688062046,
    0.4700288,
    0.47,
    0.46,
    0.47004285714285715,
    0.4700790176595674,
    0.46,
    0.470086372953461,
    0.45999995951999545,
    0.47008657355910255,
    0.47018,
    0.4799711825244377,
    0.4799653337015201,
    0.4799249009380764,
    0.47007901701141774,
    0.47,
    0.47001786423183806,
    0.47,
    0.4799820827476873,
    0.47000903343273454,
    0.47,
    0.470006000003336,
    0.47018,
    0.47009549315556765,
    0.4700060000306443,
    0.47999033406157815,
    0.4700954411452937,
    0.4799988749499972,
    0.4700060461722345,
    0.47,
    0.4699905703432233,
    0.4699339209808718,
    0.46000600043831996,
    0.4600687838201949,
    0.4600000011364161,
    0.46999984088625385,
    0.46000602272596686,
    0.460006,
    0.46,
    0.46000879458768823,
    0.46001890005224777,
    0.4600087915477526,
    0.469991622911129,
    0.46001890009450047,
    0.46999774950832773,
    0.46,
    0.46,
    0.4600092936861269,
    0.46001693109314834,
    0.4600092967007656,
    0.46016216216216216,
    0.46001694107414903,
    0.4699999958469827,
    0.469990999372272,
    0.46000899360214503,
    0.46000000166124966,
    0.4600092966445833,
    0.46000899474367674,
    0.460053628444467,
    0.4600211473537759,
    0.46005367069196856,
    0.47,
    0.4699999998543,
    0.4699999998543,
    0.4699999976268074,
    0.4699995768311806,
    0.4699994363390754,
    0.4600211617812507,
    0.46002119891893795,
    0.46998755935814696,
    0.4699939955914091,
    0.46,
    0.46000600523150914,
    0.46000600075321985,
    0.4600000014700545,
    0.46,
    0.46,
    0.46,
    0.46,
    0.46,
    0.46,
    0.46,
    0.46,
    0.4600063631237264,
    0.4601001127510855,
    0.4601001224327741,
    0.46999999596933467,
    0.4699775,
    0.4601051401869159,
    0.4600063640702775,
    0.47,
    0.47,
    0.46999812998928736,
    0.4699982210482106,
    0.4600060072060171,
    0.4699905938427798,
    0.46000600257339547,
    0.46000612353668263,
    0.4699904456671358,
    0.46999399514769835,
    0.46000600120024004,
    0.46,
    0.460006,
    0.46,
    0.46,
    0.4699999932319998,
    0.47,
    0.47,
    0.47,
    0.47,
    0.47,
    0.47,
    0.47,
    0.47,
    0.47,
    0.47,
    0.47,
    0.47,
    0.47,
    0.4699954481997269,
    0.47,
    0.4699939719683337,
    0.4699939975995198,
    0.4699939975995198,
    0.47,
    0.47,
    0.47,
    0.47,
    0.4600000015535243,
    0.46,
    0.46000600120024004,
    0.46,
    0.47,
    0.47,
    0.47,
    0.47,
    0.47,
    0.47,
    0.47,
    0.47,
    0.47,
    0.47,
    0.47,
    0.47,
    0.47,
    0.47,
    0.47,
    0.47,
    0.47,
    0.47,
    0.47,
    0.47,
    0.47,
    0.47,
    0.47,
    0.47,
    0.47,
    0.47,
    0.47,
    0.47,
    0.47,
    0.47,
    0.47,
    0.47,
    0.47,
    0.47,
    0.47,
    0.47,
    0.47,
    0.469994,
    0.469994,
    0.469994,
    0.4699889279997891,
    0.46,
    0.4600377516778523,
    0.4699855257034058,
    0.4600100077839708,
    0.46,
    0.46,
    0.4600102058173159,
    0.46001285714285717,
    0.46001446712747146,
    0.46009027913975126,
    0.4600704776820673,
    0.46000000060609614,
    0.46009008945776253,
    0.46998529884515095,
    0.46009008945776253,
    0.46999788340999366,
    0.46009009075912394,
    0.4699266843761178,
    0.4699871409961423,
    0.469994,
    0.4600000045343512,
    0.46,
    0.469999999836631,
    0.47,
    0.47000600001014214,
    0.47000600000073517,
    0.47999869506471665,
    0.46002493067388145,
    0.4600248964687045,
    0.4799999907296134,
    0.4799978395297135,
    0.4699908762727195,
    0.4699751409925423,
    0.460000003491917,
    0.469994,
    0.46,
    0.4699939831364262,
    0.469994,
    0.47,
    0.47,
    0.4701582816206004,
    0.4700000135545347,
    0.47015822151011416,
    0.47000004946667856,
    0.47000004946667856,
    0.47,
    0.47,
    0.47,
    0.4600000189069335,
    0.46,
    0.47,
    0.48,
    0.48000600000199173,
    0.4800331373159535,
    0.4700000046902658,
    0.4800332571061326,
    0.4800332571061326,
    0.4800332571061326,
    0.4800060000243244,
    0.48001225324154284,
    0.4800937322065156,
    0.48001225678018733,
    0.4898546784501239,
    0.48009381196638073,
    0.48009381196638073,
    0.4801761252446184,
    0.4800122913902583,
    0.4800124381149184,
    0.48001225331399305,
    0.48999399889656825,
    0.48999399874926086,
    0.4800060057438015,
    0.480006,
    0.480006,
    0.48,
    0.479997652275988,
    0.48,
    0.48,
    0.4800477940628122,
    0.48000000452116326,
    0.48,
    0.48,
    0.48,
    0.48,
    0.4901744204864656,
    0.49000621418643525,
    0.49995762858744625,
    0.490174081237911,
    0.49,
    0.4900060000005801,
    0.4900061505319751,
    0.5,
    0.5,
    0.5,
    0.4900061354787088,
    0.5,
    0.5,
    0.5,
    0.5,
    0.49999750001249993,
    0.49999356840374376,
    0.5099944521846905,
    0.5099939802663351,
    0.49000016202269125,
    0.49,
    0.49,
    0.4900000204000033,
    0.4900000003669065,
    0.5099999955879525,
    0.49,
    0.5099999873204416,
    0.49,
    0.51,
    0.5,
    0.5000107497796296,
    0.5000106664426713,
    0.509999998572,
    0.4900001683001128,
    0.5099999595517134,
    0.4900000031288345,
    0.5,
    0.5099998316998873,
    0.51,
    0.5099998316998873,
    0.5099998316998873,
    0.49000000607040084,
    0.5,
    0.5,
    0.5,
    0.5,
    0.509999998572,
    0.51,
    0.51,
    0.5100398053958426,
    0.52,
    0.52,
    0.5200087890648324,
    0.5200070654733867,
    0.520008794843273,
    0.5200121252369038,
    0.5299999983115898,
    0.5299999899299992,
    0.529992022028396,
    0.5201345472058719,
    0.5200163776404297,
    0.5200200490086879,
    0.5200121272771242,
    0.5299891422567876,
    0.5299797360490491,
    0.5201344584591981,
    0.5299799095175719,
    0.5201343793290547,
    0.529951674965802,
    0.5298655563029283,
    0.5299799266099868,
    0.5200164010113113,
    0.5200226472068444,
    0.529978208646638,
    0.5200864165691038,
    0.5200392772984809,
    0.5200163998319524,
    0.5299614511069383,
    0.5200864503050606,
    0.520039276153809,
    0.5200393102166023,
    0.5299836184885346,
    0.52,
    0.5200060004021383,
    0.5200094687006839,
    0.5200060039053138,
    0.5200061631270286,
    0.5386533632925167,
    0.5399999902799992,
    0.5406925949835312,
    0.5299943203999242,
    0.5200139092372615,
    0.52,
    0.5200060014483345,
    0.5200000002437866,
    0.52,
    0.5200173752902462,
    0.5299861122432203,
    0.5200138920939998,
    0.5200280682055523,
    0.5299853752680691,
    0.5200282260595387,
    0.5299718632864067,
    0.5299716369099167,
    0.5200954400848357,
    0.520006006400396,
    0.5299043892554359,
    0.5200060095259627,
    0.5299939538277655,
    0.5200060076054096,
    0.5200060069652253,
    0.52,
    0.5299999945090088,
    0.5200001728001106,
    0.5299999992082659,
    0.53,
    0.5200000048000002,
    0.5299999971733332,
    0.52,
    0.5299999883399997,
    0.5299998583167292,
    0.53,
    0.52,
    0.5399998868570588,
    0.5338373797603322,
    0.5200000923077633,
    0.5200000047472528,
    0.5200000096752523,
    0.5299998791227285,
    0.5299999980223881,
    0.529999996009036,
    0.5299999885166663,
    0.53,
    0.5300000064827595,
    0.5399999687172345,
    0.5300001222000904,
    0.53999997839999,
    0.5399999654399953,
    0.53,
    0.53,
    0.53,
    0.5399999994341995,
    0.54,
    0.5399999654399953,
    0.54,
    0.53,
    0.53,
    0.53,
    0.5319466052001021,
    0.52,
    0.52,
    0.5200000120000012,
    0.529999990724999,
    0.529999999676237,
    0.5200001728001106,
    0.5200000014508085,
    0.5200000340157523,
    0.5299999996779258,
    0.52,
    0.5299999986700124,
    0.5299999650199954,
    0.529999965451849,
    0.5299999983350785,
    0.5200000644295648,
    0.53,
    0.52,
    0.53,
    0.5200000061714287,
    0.52,
    0.53,
    0.52,
    0.52,
    0.52,
    0.5299999883399997,
    0.5299999828686857,
    0.5100000024531801,
    0.53,
    0.5265890297381589,
    0.510000003371173,
    0.52,
    0.5299999920499988,
    0.5299999505333215,
    0.5200000480000192,
    0.5299998509373556,
    0.52,
    0.5299999505333215,
    0.5200000039231714,
    0.5299999810149232,
    0.529999991581227,
    0.5299999899299992,
    0.5200001728001106,
    0.5299999936336327,
    0.52,
    0.529999805666414,
    0.5200001677670946,
    0.5200000241678343,
    0.5200001728001106,
    0.53,
    0.5200000150260878,
    0.5299999650199954,
    0.5299999838167931,
    0.52,
    0.5299998780999061,
    0.5299999365104078,
    0.5100000598119512,
    0.5200119940968261,
    0.529999975663264,
    0.5200119805827216,
    0.5299998780999061,
    0.5299999968120296,
    0.5100000031546894,
    0.5237475566031885,
    0.51,
    0.5100000085160523,
    0.5100000040362439,
    0.519999989599995,
    0.5100000174584358,
    0.5199999472081004,
    0.5199999088446011,
    0.5199999993119417,
    0.5100000186200011,
    0.5199999987313205,
    0.52,
    0.5100000061712849,
    0.51,
    0.5299998780999061,
    0.51,
    0.5100000012367558,
    0.5295359731653441,
    0.5299998012498834,
    0.53,
    0.52,
    0.52,
    0.52,
    0.52,
    0.5199999939358584,
    0.5100001715001115,
    0.51,
    0.510000000931,
    0.510000000931,
    0.5199999937599997,
    0.5100001282243853,
    0.52,
    0.52,
    0.5299998780999061,
    0.52,
    0.52,
    0.52,
    0.52,
    0.52,
    0.52,
    0.5200000020016681,
    0.53,
    0.5299998822221889,
    0.5299999237409633,
    0.5299999567346797,
    0.53,
    0.5299999368211786,
    0.5200000872727908,
    0.5299999887233985,
    0.5200000480000192,
    0.5299998968140881,
    0.5299998583167292,
    0.5200001728001106,
    0.5299998780999061,
    0.5200000480000192,
    0.5299999611333103,
    0.5200001728001106,
    0.5299998389214596,
    0.5200001728001106,
    0.5299999780991684,
    0.5200001317073814,
    0.52,
    0.52,
    0.5299999472774783,
    0.5299998780999061,
    0.5200001728001106,
    0.5200001728001106,
    0.5200001728001106,
    0.52,
    0.5299999320891073,
    0.5299999638636286,
    0.5299999366472194,
    0.52,
    0.5299999358870701,
    0.5200000331034574,
    0.52,
    0.529999933941999,
    0.5200000683004126,
    0.529999933941999,
    0.5299999794940423,
    0.53,
    0.5200000478670445,
    0.5200000048000002,
    0.520000019200003,
    0.5200000286567232,
    0.52,
    0.5299999520903863,
    0.5299999503544225,
    0.52,
    0.52,
    0.5200002767459595,
    0.5299999439837306,
    0.53,
    0.53,
    0.53,
    0.53,
    0.5299999925732481,
    0.529999819902799,
    0.529999998776923,
    0.5299999915335458,
    0.5299999901851763,
    0.5299999995512278,
    0.5299999828188847,
    0.5306493484659133,
    0.52,
    0.5321644079267068,
    0.52,
    0.5200000950495802,
    0.5200000114856965,
    0.52,
    0.5299999981772486,
    0.5299997771024808,
    0.5200000163018877,
    0.5200000016776699,
    0.5299999981772486,
    0.5200000909473991,
    0.5299997771024808,
    0.5200001630189663,
    0.5299999757714228,
    0.5299998780999061,
    0.5200000061714287,
    0.5200000019064431,
    0.5299999987859031,
    0.5100000009514564,
    0.5100000465500188,
    0.5299999984243243,
    0.5100001715001115,
    0.5299998780999061,
    0.5100001715001115,
    0.52,
    0.52,
    0.52,
    0.52,
    0.52,
    0.5299999650199954,
    0.5299999899299992,
    0.5100000007590153,
    0.52,
    0.5299999993491228,
    0.5299999855353388,
    0.5299999968823528,
    0.52,
    0.5299999883399997,
    0.5299999712285689,
    0.5200001728001106,
    0.5100000020416667,
    0.5100000034300001,
    0.5299998780999061,
    0.5100001715001115,
    0.5299998780999061,
    0.52,
    0.5100000053855892,
    0.51,
    0.52,
    0.5200000048000002,
    0.52,
    0.5299999795908528,
    0.52,
    0.5299999757714228,
    0.5299999650199954,
    0.5299999887374995,
    0.53,
    0.51000000256257,
    0.5199197577119644,
    0.5299998780999061,
    0.5100000186200011,
    0.5100000035052711,
    0.5299998780999061,
    0.52,
    0.51,
    0.53,
    0.52,
    0.51,
    0.51,
    0.52,
    0.52,
    0.5100000013405592,
    0.52,
    0.5300000202419043,
    0.53,
    0.53,
    0.53,
    0.5301795777386558,
    0.53,
    0.5301795977932909,
    0.53,
    0.5200000073065542,
    0.52,
    0.5200000206896588,
    0.54,
    0.5300764237606064,
    0.52,
    0.53,
    0.52,
    0.519999999584,
    0.5100000187739485,
    0.51,
    0.5100000011630668,
    0.52,
    0.52,
    0.5199999954848046,
    0.51,
    0.52,
    0.5100000058377694,
    0.52,
    0.52,
    0.52,
    0.52,
    0.52,
    0.52,
    0.52,
    0.52,
    0.52,
    0.52,
    0.5200001728001106,
    0.520000001728,
    0.5200001728001106,
    0.5299998780999061,
    0.53,
    0.5299998780999061,
    0.5200001728001106,
    0.5200001728001106,
    0.5200000019197611,
    0.5369937670992826,
    0.5299998780999061,
    0.5399999999068965,
    0.5399999846999992,
    0.5399999881199997,
    0.5399999999068965,
    0.5200000022663208,
    0.52,
    0.5300535236479569,
    0.530053573946144,
    0.54,
    0.5200000480000192,
    0.54,
    0.5399999911384608,
    0.52,
    0.52,
    0.5299999785135071,
    0.5200000004766676,
    0.52,
    0.52,
    0.5300889943314071,
    0.5200000004653766,
    0.5300891280842044,
    0.54,
    0.54,
    0.5399999221621032,
    0.5399999221621032,
    0.53999997839999,
    0.5399999980828403,
    0.5399998741746644,
    0.5413712697813197,
    0.53,
    0.53,
    0.5300000797322005,
    0.530000199009104,
    0.530000199009104,
    0.530000199009104,
    0.5399997974998951,
    0.5399997974998951,
    0.5399999221621032,
    0.5300000783333971,
    0.5399999221621032,
    0.5399999221621032,
    0.5399999895483839,
    0.5399998792940737,
    0.539999864999865,
    0.5399999459999668,
    0.5399999958461523,
    0.5399999305714127,
    0.5399997479998776,
    0.5399999855999907,
    0.5300001128000481,
    0.5300000137083386,
    0.5300000337812582,
    0.5300001105882743,
    0.5300000169200062,
    0.5300001156923682,
    0.530000107428598,
    0.5300001081000292,
    0.5399998868570588,
    0.54,
    0.5399994811759518,
    0.5300001222000904,
    0.5399999221621032,
    0.5399999221621032,
    0.5300000809016917,
    0.5399999221621032,
    0.530000199009104,
    0.5399997974998951,
    0.5399997974998951,
    0.530000199009104,
    0.54,
    0.5300001222000904,
    0.5300001175000686,
    0.5399999221621032,
    0.5300001553390633,
    0.5399999221621032,
    0.5399999221621032,
    0.5300004938525861,
    0.5399999221621032,
    0.5399999221621032,
    0.5399997974998951,
    0.5399997974998951,
    0.5399999221621032,
    0.5399999221621032,
    0.5399997974998951,
    0.54,
    0.559999843199887,
    0.55,
    0.55,
    0.55,
    0.55,
    0.5400002392001149,
    0.5400002392001149,
    0.5400001589091805,
    0.5400001326126939,
    0.5400001067857848,
    0.56,
    0.5400001589091805,
    0.56,
    0.56,
    0.5599997981979074,
    0.5400002392001149,
    0.5400002392001149,
    0.54,
    0.54,
    0.5399999221621032,
    0.5300001222000904,
    0.53,
    0.54,
    0.54,
    0.53,
    0.53,
    0.53,
    0.53,
    0.54,
    0.54,
    0.54,
    0.54,
    0.539999950499984,
    0.5399998969090637,
    0.53999978399989,
    0.54,
    0.5399999740799909,
    0.5399998792940737,
    0.5300001141429109,
    0.5200000952959031,
    0.53,
    0.5300000198846222,
    0.5300000389428651,
    0.530000109666702,
    0.5300001175000686,
    0.54,
    0.5300001222000904,
    0.53,
    0.53,
    0.53,
    0.53,
    0.53,
    0.54,
    0.54,
    0.54,
    0.54,
    0.54,
    0.5300000030877962,
    0.53,
    0.53,
    0.53,
    0.54,
    0.54,
    0.54,
    0.54,
    0.54,
    0.54,
    0.54,
    0.54,
    0.54,
    0.54,
    0.5200000274285776,
    0.52,
    0.52,
    0.52,
    0.52,
    0.54,
    0.54,
    0.54,
    0.54,
    0.52,
    0.5399999654399953,
    0.53,
    0.53,
    0.53,
    0.53,
    0.54,
    0.54,
    0.54,
    0.54,
    0.5300001081000292,
    0.53,
    0.53,
    0.53,
    0.54,
    0.54,
    0.54,
    0.53,
    0.53,
    0.53,
    0.53,
    0.54,
    0.54,
    0.54,
    0.54,
    0.539999998488,
    0.539999998488,
    0.5399999902799992,
    0.5200000422907638,
    0.5200001034792899,
    0.53,
    0.53,
    0.53,
    0.54,
    0.54,
    0.54,
    0.54,
    0.5399999995736842,
    0.5300000441610845,
    0.5300000297666747,
    0.5300000212830259,
    0.5300002094060546,
    0.5300000875303835,
    0.5300000637688677,
    0.5300000297666747,
    0.5300000862802191,
    0.5300001105882743,
    0.5300000831292936,
    0.5399999994,
    0.5300001222000904,
    0.530000059425314,
    0.5300001222000904,
    0.5300001346629584,
    0.5300000507054098,
    0.5300000849717841,
    0.530000107428598,
    0.5300001156923682,
    0.5300001128000481,
    0.5300001165600643,
    0.5399999855999907,
    0.54,
    0.5399999855999907,
    0.5399999488420831,
    0.5300001175000686,
    0.5399998469999159,
    0.5300000549350942,
    0.5300001116250432,
    0.5300000208374478,
    0.5300000433495317,
    0.5300000297666747,
    0.5300000488311849,
    0.5300000297666747,
    0.5399998868570588,
    0.5300008154242017,
    0.53,
    0.53,
    0.53000002885966,
    0.5300000395970808,
    0.5300001222000904,
    0.5300000212830259,
    0.5300000875303835,
    0.5300000273991138,
    0.5300001134483268,
    0.530000028677974,
    0.5300000854545757,
    0.5300001222000904,
    0.5300001384049521,
    0.5300000856771123,
    0.5300000652153332,
    0.5300000712121374,
    0.5300000212830259,
    0.530000054023003,
    0.5300001105882743,
    0.5300000297666747,
    0.5300001222000904,
    0.5300001088421373,
    0.54,
    0.5399999971071426,
    0.53,
    0.5399999953648049,
    0.5399999295651883,
    0.53999997839999,
    0.5399998701638238,
    0.539999955371886,
    0.5399999605479301,
    0.5399998824870114,
    0.5399998714285255,
    0.539999919402937,
    0.5399999269564963,
    0.5399999654399953,
    0.5300000196173922,
    0.5399999989906541,
    0.5399999833846143,
    0.5399999971071426,
    0.5399999799292007,
    0.5300000162363645,
    0.5300000109514571,
    0.5399999301723927,
    0.54,
    0.5399999051045398,
    0.5399998910091464,
    0.5399998892307352,
    0.5399999906493468,
    0.54,
    0.539999950499984,
    0.5399999510943256,
    0.5399999641328305,
    0.5300001081000292,
    0.530000035074633,
    0.5431542301523041,
    0.5399999704109403,
    0.5399999373912663,
    0.5399999732231197,
    0.539999892715182,
    0.54,
    0.5399999023115264,
    0.539999971199992,
    0.539999971199992,
    0.5399999148768188,
    0.539999955505605,
    0.54,
    0.54,
    0.54,
    0.54,
    0.53,
    0.52,
    0.52,
    0.52,
    0.52,
    0.51,
    0.51,
    0.51,
    0.51,
    0.51,
    0.51,
    0.5,
    0.5,
    0.5,
    0.5,
    0.5,
    0.5,
    0.5,
    0.5,
    0.5,
    0.5,
    0.5,
    0.5,
    0.5,
    0.5,
    0.5,
    0.5,
    0.5,
    0.5,
    0.5,
    0.5,
    0.5,
    0.5,
    0.5,
    0.4900000850000425,
    0.49000005981484474,
    0.49000005981484474,
    0.49000008447856547,
    0.49000003484473975,
    0.49000007061542916,
    0.5,
    0.4900000960000384,
    0.49000010468424415,
    0.4900001088415066,
    0.4900000095625058,
    0.5,
    0.49000007061542916,
    0.4900000095625058,
    0.5,
    0.5,
    0.5,
    0.5,
    0.5,
    0.5,
    0.5,
    0.5,
    0.5,
    0.5,
    0.49000000817538925,
    0.49,
    0.49,
    0.4900001683001128,
    0.49,
    0.5,
    0.5,
    0.5,
    0.5,
    0.5,
    0.5,
    0.5,
    0.5,
    0.5,
    0.5,
    0.5,
    0.5,
    0.5,
    0.5,
    0.5,
    0.5,
    0.5,
    0.5,
    0.5,
    0.5,
    0.5,
    0.5,
    0.5,
    0.5,
    0.5,
    0.5,
    0.5,
    0.5,
    0.5,
    0.5,
    0.5,
    0.5,
    0.5,
    0.5,
    0.5,
    0.5,
    0.5,
    0.5,
    0.5,
    0.5,
    0.5,
    0.49,
    0.5,
    0.5,
    0.5,
    0.5,
    0.5,
    0.5,
    0.5,
    0.51,
    0.5,
    0.5,
    0.509999998776,
    0.5,
    0.5099999785799988,
    0.49,
    0.49,
    0.49,
    0.5,
    0.4800000033959185,
    0.519999989599995,
    0.5,
    0.4800000911553988,
    0.48000013117125623,
    0.4800001024630845,
    0.4800001230107897,
    0.5,
    0.5,
    0.5,
    0.48000002447060147,
    0.5,
    0.5,
    0.4800000138666709,
    0.4800000138666709,
    0.4800000138666709,
    0.48,
    0.4800000138666709,
    0.4800000167741998,
    0.4800000611765084,
    0.4800000138666709,
    0.4800000513580513,
    0.48000002447060147,
    0.48000008156864665,
    0.48000004457145656,
    0.4800001268293147,
    0.480000010400005,
    0.4800000495238284,
    0.48000006772095294,
    0.48000001704919376,
    0.480000010400005,
    0.48000002862386476,
    0.48000007402136813,
    0.4898866004110176,
    0.5,
    0.5,
    0.5,
    0.5,
    0.5,
    0.5,
    0.5,
    0.5,
    0.5,
    0.5,
    0.5,
    0.539999971199992,
    0.5265884161154283,
    0.539999971199992,
    0.5399999295651883,
    0.5399999103733845,
    0.5199999861333291,
    0.5199999140495655,
    0.52,
    0.52,
    0.52,
    0.51,
    0.51,
    0.52,
    0.54,
    0.5299998780999061,
    0.52,
    0.5299998780999061,
    0.529999980370359,
    0.5299999505333215,
    0.5299999609473576,
    0.5299998799218084,
    0.529999980370359,
    0.529999965806438,
    0.5299999712807756,
    0.5299999174849934,
    0.4600000360000036,
    0.5100000032666672,
    0.5299998919904921,
    0.5299999665263003,
    0.5100000032666672,
    0.46,
    0.5341378362134993,
    0.5100000032666672,
    0.5199998688287437,
    0.5199999682442525,
    0.51999982925366,
    0.5199999306666374,
    0.519999946206879,
    0.5199999861333291,
    0.52,
    0.52,
    0.52,
    0.5199999088446011,
    0.5,
    0.5213114358129434,
    0.5199999826666644,
    0.5298476475820222,
    0.5198535121872312,
    0.5198535121872312,
    0.5198534645759151,
    0.46000000278709696,
    0.5199808992344541,
    0.51,
    0.5,
    0.5,
    0.5,
    0.5218306199324608,
    0.5199999810909081,
    0.5200945274219698,
    0.51,
    0.5,
    0.48,
    0.4899854032691169,
    0.4899854642625182,
    0.4899854230400919,
    0.4899276311371768,
    0.48,
    0.49010290365387177,
    0.49010290378888083,
    0.46003624771381263,
    0.4600362474107564,
    0.5,
    0.5,
    0.52,
    0.53,
    0.540015015015015,
    0.5400638978494624,
    0.540063898246197,
    0.5401812555904778,
    0.5401812561724478,
    0.5899959832306868,
    0.5899959751395556,
    0.52,
    0.53,
    0.609468362972198,
    0.5100000196000032,
    0.5100001583078847,
    0.5999999849999985,
    0.599999939999976,
    0.6199999297332944,
    0.4400000381601467
]
