[
    0.999,
    0.999,
    0.999,
    0.999,
    0.999,
    0.999,
    0.999,
    0.999,
    0.999,
    0.999,
    0.999,
    0.999,
    0.999,
    0.999,
    0.999,
    0.999,
    0.999,
    0.999,
    0.999,
    0.999,
    0.999,
    0.999,
    0.999,
    0.999,
    0.999,
    0.999,
    0.999,
    0.999,
    0.999,
    0.999,
    0.999,
    0.999,
    0.999,
    0.999,
    0.999,
    0.999,
    0.999,
    0.999,
    0.999,
    0.999,
    0.999,
    0.999,
    0.999,
    0.998,
    0.998,
    0.999,
    0.998,
    0.998,
    0.995,
    0.998,
    0.998,
    0.995,
    0.995,
    0.998,
    0.998,
    0.98,
    0.99,
    0.99,
    0.99,
    0.98,
    0.99,
    0.99,
    0.99,
    0.98,
    0.98,
    0.98,
    0.98,
    0.99,
    0.99,
    0.99,
    0.9899999980992,
    0.98,
    0.99,
    0.99,
    0.98,
    0.9899999924442269,
    0.99,
    0.99,
    0.9899999998828514,
    0.9880146,
    0.97,
    0.988578275,
    0.97,
    0.99,
    0.99,
    0.93,
    0.9,
    0.82,
    0.81,
    0.81,
    0.8,
    0.8085448549009415,
    0.7600000309677438,
    0.76,
    0.73,
    0.75,
    0.74,
    0.7504347826086957,
    0.75,
    0.74,
    0.72,
    0.77,
    0.77,
    0.77,
    0.7700000131100005,
    0.770000001403,
    0.77,
    0.77,
    0.7699999988192314,
    0.75,
    0.76,
    0.7699999969199998,
    0.769999999846,
    0.76,
    0.78,
    0.8,
    0.81,
    0.8,
    0.8,
    0.82,
    0.81,
    0.84,
    0.8200001296000363,
    0.8380357142857143,
    0.81,
    0.81,
    0.88,
    0.88,
    0.88,
    0.86,
    0.84,
    0.82,
    0.88,
    0.88,
    0.88,
    0.88,
    0.88,
    0.88,
    0.88,
    0.88,
    0.86,
    0.84,
    0.88,
    0.88,
    0.88,
    0.88,
    0.88,
    0.88,
    0.89,
    0.89,
    0.89,
    0.89,
    0.89,
    0.8900000968000116,
    0.9,
    0.8999999996625,
    0.89,
    0.9,
    0.91,
    0.89,
    0.89,
    0.8900000086900002,
    0.89,
    0.89,
    0.89,
    0.89,
    0.9,
    0.91,
    0.9,
    0.91,
    0.93,
    0.93,
    0.93,
    0.91,
    0.93,
    0.93,
    0.93,
    0.93,
    0.93,
    0.93,
    0.93,
    0.93,
    0.93,
    0.9299999906998978,
    0.93,
    0.93,
    0.92,
    0.92,
    0.91,
    0.93,
    0.93,
    0.93,
    0.93,
    0.93,
    0.93,
    0.93,
    0.93,
    0.93,
    0.93,
    0.93,
    0.93,
    0.93,
    0.94,
    0.95,
    0.95,
    0.97,
    0.95,
    0.94,
    0.95,
    0.9300000126000002,
    0.93,
    0.93,
    0.93,
    0.930000001274,
    0.93,
    0.93,
    0.93,
    0.9399999623995127,
    0.94,
    0.9399999999648085,
    0.9300000637000058,
    0.9399999996239999,
    0.9399999937333209,
    0.94,
    0.94,
    0.94,
    0.9399999993057606,
    0.94,
    0.95,
    0.95,
    0.94,
    0.93,
    0.95,
    0.94,
    0.95,
    0.941145662702875,
    0.93,
    0.93,
    0.93,
    0.93,
    0.9300000060900001,
    0.93,
    0.93,
    0.93,
    0.93,
    0.94,
    0.93,
    0.94,
    0.94,
    0.94,
    0.94,
    0.94,
    0.94,
    0.94,
    0.96,
    0.96,
    0.9577060931899641,
    0.9561762510192242,
    0.96,
    0.96,
    0.94,
    0.96,
    0.94,
    0.95,
    0.94,
    0.94,
    0.94,
    0.93,
    0.93,
    0.92,
    0.93,
    0.9399999999461379,
    0.93,
    0.9399999996866667,
    0.93,
    0.93,
    0.93,
    0.93,
    0.9300000637000058,
    0.93,
    0.93,
    0.93,
    0.93,
    0.93,
    0.93,
    0.93,
    0.93,
    0.93,
    0.93,
    0.9300000637000058,
    0.9201789196829543,
    0.92,
    0.93,
    0.93,
    0.93,
    0.93,
    0.9299999888399957,
    0.91,
    0.9199999935599997,
    0.93,
    0.9299999994332723,
    0.92,
    0.93,
    0.93,
    0.92,
    0.93,
    0.9299999906998978,
    0.9149872557349192,
    0.9,
    0.9,
    0.9,
    0.9,
    0.9,
    0.91,
    0.91,
    0.9,
    0.92,
    0.9199999877333048,
    0.9,
    0.9,
    0.88,
    0.86,
    0.8599999992321428,
    0.86,
    0.86,
    0.8799999985835009,
    0.8884428888601233,
    0.86,
    0.85,
    0.87,
    0.8841548514542854,
    0.85,
    0.85,
    0.86,
    0.84,
    0.84,
    0.86,
    0.88,
    0.86,
    0.85,
    0.84,
    0.8200001296000363,
    0.82,
    0.82,
    0.84,
    0.8300000032542857,
    0.84,
    0.81,
    0.81,
    0.82,
    0.82,
    0.81,
    0.8,
    0.78,
    0.76,
    0.7504347826086957,
    0.72,
    0.72,
    0.72,
    0.7,
    0.7,
    0.73,
    0.7399999911199997,
    0.7399999948839499,
    0.73,
    0.73,
    0.73,
    0.74,
    0.74,
    0.78,
    0.76,
    0.76,
    0.8,
    0.8,
    0.7713978494623656,
    0.74,
    0.71,
    0.6813641520136131,
    0.679999998096,
    0.68,
    0.68,
    0.68,
    0.68,
    0.689999978929604,
    0.7,
    0.68,
    0.7099999960555552,
    0.72,
    0.73,
    0.74,
    0.74,
    0.76,
    0.78,
    0.78,
    0.8,
    0.7885714285714286,
    0.775781883057982,
    0.78,
    0.8,
    0.78,
    0.8,
    0.81,
    0.81,
    0.81,
    0.81,
    0.81,
    0.81,
    0.8040100250626566,
    0.8,
    0.76,
    0.78,
    0.77,
    0.76,
    0.7799999960727271,
    0.76,
    0.78,
    0.78,
    0.8,
    0.8,
    0.81,
    0.81,
    0.8214645801250113,
    0.8,
    0.8,
    0.78,
    0.78,
    0.7751573849878934,
    0.75,
    0.76,
    0.76,
    0.7742222213859424,
    0.78,
    0.789999924159977,
    0.8,
    0.78,
    0.78,
    0.76,
    0.7499659475406385,
    0.72,
    0.7,
    0.7,
    0.68,
    0.66,
    0.65,
    0.65,
    0.66,
    0.6600000589333428,
    0.68,
    0.7,
    0.68,
    0.7,
    0.7,
    0.72,
    0.75,
    0.7300000318600026,
    0.74,
    0.73,
    0.73,
    0.7300000344250042,
    0.75,
    0.7300001458000671,
    0.73,
    0.730000002131579,
    0.7400001352000649,
    0.75,
    0.74,
    0.74,
    0.76,
    0.74,
    0.74,
    0.72,
    0.7,
    0.7,
    0.71,
    0.71,
    0.72,
    0.72,
    0.7,
    0.72,
    0.7200000774468283,
    0.74,
    0.76,
    0.78,
    0.8,
    0.8,
    0.7800003168001775,
    0.8,
    0.78,
    0.8,
    0.8199999819599986,
    0.8,
    0.8,
    0.81,
    0.8,
    0.8,
    0.78,
    0.78,
    0.8079011505454876,
    0.8,
    0.78,
    0.78,
    0.7800000657013676,
    0.79,
    0.79,
    0.7899,
    0.78,
    0.78,
    0.78,
    0.7600000007517097,
    0.77,
    0.77,
    0.76,
    0.76,
    0.78,
    0.78,
    0.77,
    0.78,
    0.77,
    0.7700000277412308,
    0.8,
    0.8,
    0.79,
    0.8,
    0.8,
    0.8,
    0.8,
    0.8099999749249516,
    0.81,
    0.8,
    0.8099999965371161,
    0.8,
    0.82,
    0.82,
    0.82,
    0.82,
    0.82,
    0.82,
    0.8,
    0.8,
    0.8,
    0.8,
    0.8,
    0.8,
    0.8,
    0.8,
    0.8,
    0.8,
    0.8,
    0.8,
    0.82,
    0.82,
    0.8,
    0.8,
    0.82,
    0.82,
    0.84,
    0.86,
    0.846130374479889,
    0.86,
    0.86,
    0.84,
    0.84,
    0.82,
    0.86,
    0.850000060000006,
    0.85,
    0.85,
    0.84,
    0.850000060000006,
    0.84,
    0.84,
    0.82,
    0.849999996175,
    0.8599999139995786,
    0.83,
    0.84,
    0.82,
    0.8399999999466684,
    0.8,
    0.8399999994300898,
    0.82,
    0.82,
    0.84,
    0.8399999955199985,
    0.82,
    0.8,
    0.81,
    0.8,
    0.78,
    0.78,
    0.7800000650434873,
    0.8,
    0.8,
    0.8161363636363637,
    0.78,
    0.78,
    0.7800000032169812,
    0.8,
    0.82,
    0.8199999835999839,
    0.81,
    0.8099999854199988,
    0.828338452476646,
    0.8,
    0.8199999983599999,
    0.8,
    0.81,
    0.8,
    0.8099999756999036,
    0.8,
    0.8,
    0.8,
    0.82,
    0.8499999979228889,
    0.84,
    0.84,
    0.8399999791950405,
    0.84,
    0.8543612154143866,
    0.85,
    0.85,
    0.85,
    0.84,
    0.82,
    0.81,
    0.81,
    0.82,
    0.82,
    0.8100000030732503,
    0.84,
    0.84,
    0.84,
    0.8200001296000363,
    0.8498459129963143,
    0.85,
    0.82,
    0.8499999149996685,
    0.8496439991554539,
    0.8300395148650962,
    0.78,
    0.78,
    0.76,
    0.74,
    0.740000052000007,
    0.7383471074380166,
    0.71,
    0.7,
    0.69,
    0.7,
    0.71,
    0.7,
    0.71,
    0.7299999887579998,
    0.72,
    0.72,
    0.72,
    0.7399999911199997,
    0.7200000952000152,
    0.7440476190476191,
    0.744927536231884,
    0.7200000268800028,
    0.72,
    0.71,
    0.71,
    0.7000246058771995,
    0.68,
    0.6999999719999955,
    0.64,
    0.67,
    0.67,
    0.6700000136551731,
    0.670000016150795,
    0.6700000127180535,
    0.66,
    0.66,
    0.6291954022988506,
    0.64,
    0.6100000001693939,
    0.6,
    0.5900000164000027,
    0.5900000164000027,
    0.5700000584466224,
    0.58,
    0.6066135743287802,
    0.5700000279424051,
    0.58,
    0.58,
    0.58,
    0.58,
    0.57,
    0.58,
    0.58,
    0.58,
    0.57,
    0.6,
    0.6086678283795559,
    0.58,
    0.57,
    0.5700000047435191,
    0.5999999939999998,
    0.6,
    0.5800000168000027,
    0.5700000014175415,
    0.58,
    0.6,
    0.6,
    0.58,
    0.6,
    0.6,
    0.59,
    0.59,
    0.5707692307692308,
    0.54,
    0.53,
    0.54,
    0.55,
    0.5299999505333215,
    0.52,
    0.51,
    0.5,
    0.49,
    0.48,
    0.45,
    0.47,
    0.47,
    0.47,
    0.47,
    0.47,
    0.47,
    0.47,
    0.47,
    0.47,
    0.47,
    0.47,
    0.47,
    0.47,
    0.47,
    0.47,
    0.47,
    0.47,
    0.47,
    0.47,
    0.47,
    0.46,
    0.46,
    0.46,
    0.46,
    0.46,
    0.46,
    0.46,
    0.46,
    0.46,
    0.46,
    0.46,
    0.46,
    0.46,
    0.46,
    0.46,
    0.46,
    0.46,
    0.45,
    0.45,
    0.45,
    0.45,
    0.45,
    0.45,
    0.4499999549999955,
    0.44999999212499975,
    0.45,
    0.45,
    0.45000004400000526,
    0.46,
    0.47,
    0.47,
    0.46,
    0.46,
    0.46,
    0.46,
    0.46,
    0.47,
    0.4700000349800047,
    0.48,
    0.48,
    0.4877718,
    0.48,
    0.47,
    0.47,
    0.48,
    0.49,
    0.47,
    0.47,
    0.48,
    0.49,
    0.48,
    0.48,
    0.47,
    0.47,
    0.47,
    0.47,
    0.47,
    0.49,
    0.48,
    0.49,
    0.49,
    0.49,
    0.49,
    0.49,
    0.49,
    0.48,
    0.48,
    0.48,
    0.48,
    0.47999998079999695,
    0.48,
    0.48,
    0.48,
    0.48,
    0.47,
    0.46,
    0.46,
    0.46,
    0.46,
    0.45,
    0.45,
    0.45,
    0.45,
    0.45,
    0.45,
    0.45,
    0.45,
    0.4400000336000148,
    0.45,
    0.45,
    0.45,
    0.45,
    0.45,
    0.45,
    0.4499999985,
    0.44,
    0.44,
    0.44,
    0.439999998064,
    0.45,
    0.45,
    0.45,
    0.45,
    0.45,
    0.45,
    0.44,
    0.44,
    0.44,
    0.45,
    0.45,
    0.45,
    0.45,
    0.46,
    0.46,
    0.45999992639998727,
    0.46,
    0.46,
    0.46,
    0.46,
    0.46,
    0.46,
    0.46,
    0.46999998871999804,
    0.45,
    0.48999999387499976,
    0.5,
    0.49,
    0.48999999387499976,
    0.48,
    0.4600000065495175,
    0.47,
    0.4700000005572475,
    0.47,
    0.47,
    0.49,
    0.4600000000104965,
    0.47000000040032003,
    0.47,
    0.47,
    0.4700000002382533,
    0.4700224887556222,
    0.4799748729974873,
    0.47,
    0.4700000019481319,
    0.47,
    0.47009593247564524,
    0.4700958475378606,
    0.4700969833442722,
    0.47009701473555693,
    0.47009708001712924,
    0.4799721445437501,
    0.4799521334090442,
    0.4700001219000939,
    0.47000010835558154,
    0.47,
    0.47,
    0.47,
    0.47,
    0.47,
    0.47,
    0.47,
    0.47,
    0.4700000116600003,
    0.4700000349800047,
    0.4799721374124094,
    0.47,
    0.47,
    0.47999399141503474,
    0.4799999940483568,
    0.48,
    0.4899939962678429,
    0.4899939779728063,
    0.48,
    0.4800000048837756,
    0.480006,
    0.4800060052476799,
    0.48,
    0.48000600000109367,
    0.48,
    0.48,
    0.4800204735696908,
    0.48001889566391753,
    0.48,
    0.4800780801469744,
    0.48008,
    0.48000848746577734,
    0.4801203212577582,
    0.49,
    0.48999991016660827,
    0.4899999656742521,
    0.48994681039224264,
    0.4801505016722408,
    0.48008025393783316,
    0.4800800376081133,
    0.48991985792006776,
    0.4899191253343142,
    0.4899128010390611,
    0.4800780967403463,
    0.489906340290809,
    0.4800211648867372,
    0.4800808948432827,
    0.4800936524453694,
    0.4800807996192527,
    0.4800205496084291,
    0.48002051694004494,
    0.49,
    0.49,
    0.4999910001619971,
    0.5,
    0.48999591209254334,
    0.48002049590608764,
    0.48004591836734695,
    0.48000853345509936,
    0.4800084920643201,
    0.48000853172819014,
    0.48001562228779726,
    0.4899999981333333,
    0.4899857438633567,
    0.48998190685744497,
    0.4800085514679134,
    0.48002024746906635,
    0.4999958000352797,
    0.4900060000049094,
    0.490045,
    0.4900202520252025,
    0.4999940250714004,
    0.49000601064430466,
    0.49000600001544786,
    0.49011097410604193,
    0.4900060170707987,
    0.4900291454524302,
    0.48999976611333756,
    0.4898892890108351,
    0.4899889567787773,
    0.4800000688235456,
    0.48000006058254663,
    0.4800110280469453,
    0.4800000055151194,
    0.4899766875210958,
    0.48,
    0.4800060000108652,
    0.48,
    0.48013235342776994,
    0.48,
    0.48,
    0.48000606914093447,
    0.4898690483405046,
    0.4898643814770514,
    0.4800060009806675,
    0.48013533834586464,
    0.48998337975864464,
    0.4800061058307982,
    0.4800196550097201,
    0.4800151349507154,
    0.4801067774390773,
    0.4800196887455375,
    0.48010679996270633,
    0.48998490676104306,
    0.4899848934321652,
    0.48998470266228555,
    0.4800150944195125,
    0.48999391414340915,
    0.4800060019991614,
    0.48999382607161757,
    0.4800170344757891,
    0.4799938368729714,
    0.47000000242157314,
    0.4700587851077727,
    0.4701231190150479,
    0.47000831408775984,
    0.47001743329160284,
    0.4700000056841121,
    0.4700338661860857,
    0.47003390140601276,
    0.489966095679263,
    0.47001742585385453,
    0.4700200047246967,
    0.4799982861023841,
    0.47005294117647056,
    0.4700200151481572,
    0.4799691653312777,
    0.4799825771008872,
    0.4700174063385791,
    0.47008054040137437,
    0.47003485963622565,
    0.4700804674568013,
    0.47996486935479493,
    0.4799651171655847,
    0.4700349403888552,
    0.47998350468177653,
    0.4700000365517306,
    0.47,
    0.4700082094317249,
    0.4700000124934277,
    0.47000894276629573,
    0.4700476947535771,
    0.47,
    0.4700163540031612,
    0.47998345863012426,
    0.4799910509947955,
    0.4700163579467478,
    0.4799910509947955,
    0.47999691684929924,
    0.4700258293194919,
    0.4700164139998165,
    0.47998364844137487,
    0.47000000576086975,
    0.47997849250133573,
    0.47000000638737477,
    0.4700000014592684,
    0.4700171801164868,
    0.47002406417112297,
    0.47001720413454134,
    0.4799758886428689,
    0.47998281910453994,
    0.47998277820069635,
    0.47,
    0.47998332978705477,
    0.47,
    0.4700882350208935,
    0.47,
    0.4700166666666667,
    0.4700881089529044,
    0.47997846147988604,
    0.47008814380116853,
    0.47990960851708486,
    0.4700000267359116,
    0.4701398271728024,
    0.47000008970422846,
    0.47013984870895537,
    0.4799939542489498,
    0.47,
    0.4700000116092496,
    0.470000023102569,
    0.47,
    0.4700000080710663,
    0.4799999978590544,
    0.4800083271650629,
    0.48,
    0.4899939969839195,
    0.48999382607161757,
    0.48000600349187206,
    0.47000000655707463,
    0.48,
    0.48000600182183795,
    0.48998994744329954,
    0.48,
    0.48001147901702645,
    0.48,
    0.48,
    0.48,
    0.4700000005341512,
    0.48000891503658233,
    0.480015600624025,
    0.4800114758004526,
    0.4899999956732883,
    0.48999876065592474,
    0.4899885192308821,
    0.48000892452967137,
    0.4800255246738514,
    0.48002206272954506,
    0.48999565880595797,
    0.4899646214064203,
    0.48011042944785276,
    0.4800220655541476,
    0.4899910730586078,
    0.4899856483695628,
    0.4899703313150148,
    0.4800000019622642,
    0.48000000951238164,
    0.4801330044902531,
    0.4800091378280576,
    0.4800091349002349,
    0.48001749611197514,
    0.4899864837401481,
    0.48000002914244,
    0.48001049276122665,
    0.4899897424921027,
    0.4800102526151672,
    0.48,
    0.4800000053543013,
    0.48998979415701394,
    0.48000000089616546,
    0.48000000482652155,
    0.4800102988742503,
    0.48001023505620016,
    0.48001021049606996,
    0.4899806804453815,
    0.48000000374204743,
    0.4800087135584825,
    0.48002253795900074,
    0.4899559039686428,
    0.48004447461396155,
    0.4800225098480585,
    0.48004409603237636,
    0.48997748504233335,
    0.48002255571135427,
    0.4899913117493484,
    0.4800086895474645,
    0.4899851775532495,
    0.48000000215981764,
    0.4800070575953181,
    0.4801621621621622,
    0.48012820512820514,
    0.48983780718926484,
    0.48987171839857996,
    0.4800069117405461,
    0.4899133365842321,
    0.48000005473688434,
    0.48,
    0.489913167703324,
    0.48,
    0.48008678897995155,
    0.48,
    0.4800060024026272,
    0.48001340289586386,
    0.4800718881192079,
    0.48008678955848516,
    0.4801056338028169,
    0.4800719293221874,
    0.4899789461800303,
    0.48990070454216195,
    0.4800719026684993,
    0.480013422205523,
    0.48997990138202735,
    0.4800880626223092,
    0.48000600785371156,
    0.48002008928571427,
    0.4899883511883271,
    0.48999397895338453,
    0.4899114876030224,
    0.4899939779728063,
    0.48000600267409377,
    0.4899987568910216,
    0.48000003961908233,
    0.4899924112876229,
    0.4899925374422389,
    0.480000010400005,
    0.48999232774498025,
    0.48996637027489154,
    0.480000010400005,
    0.48985427042981,
    0.48,
    0.48014539599807615,
    0.4801454134876847,
    0.4899399701669921,
    0.48,
    0.48,
    0.48,
    0.4800599201490862,
    0.48006004596464213,
    0.4899399701669921,
    0.4899399701669921,
    0.48006002763840483,
    0.4899692691225237,
    0.48,
    0.48,
    0.48,
    0.4800074577394763,
    0.48996908777826187,
    0.48,
    0.48,
    0.48,
    0.4700000013669306,
    0.48,
    0.48,
    0.48,
    0.4800307272106521,
    0.48,
    0.48,
    0.48,
    0.4800074565037282,
    0.4899937208444821,
    0.489992538981309,
    0.4800000031941848,
    0.48013085152833385,
    0.4800153066870756,
    0.4800095595211483,
    0.4899786641757774,
    0.4801308511301961,
    0.4899845763125636,
    0.48998466262203694,
    0.4800152254835435,
    0.48998457000865187,
    0.48001456310679613,
    0.480009565095319,
    0.48998530925605155,
    0.4800095678330641,
    0.48000969963065204,
    0.48998475772410427,
    0.4800095998320029,
    0.48,
    0.480000004039529,
    0.4800118303605463,
    0.48018011738118394,
    0.48003901170351104,
    0.48013520011756533,
    0.48001182189103464,
    0.4800130061676874,
    0.48998451123809406,
    0.48990335953856606,
    0.4801800242340315,
    0.4899873919899136,
    0.4801352960819495,
    0.4801352734400428,
    0.48998732268010836,
    0.4899871978709555,
    0.48001304184680793,
    0.4800130098355132,
    0.4899881156287004,
    0.4899881729480571,
    0.48000010852181085,
    0.4800000190825856,
    0.48998834930144197,
    0.4899883502762112,
    0.48,
    0.48,
    0.48,
    0.4800000067286698,
    0.4800137778543214,
    0.48000002818208726,
    0.489988203637456,
    0.48001164165810223,
    0.48001182388593605,
    0.4899882120030266,
    0.4899939965428629,
    0.48999388696353346,
    0.48999987647051557,
    0.48999996979451205,
    0.49006540802291637,
    0.49,
    0.490050139275766,
    0.49006546856800565,
    0.49994975499937755,
    0.49006577380926036,
    0.4900844550927252,
    0.4999406595902567,
    0.4999316903092899,
    0.49993158824896616,
    0.4999084833101387,
    0.49008464147227265,
    0.49986235667587026,
    0.49991239622046824,
    0.4999019587985622,
    0.49000833484634987,
    0.490018308369397,
    0.49990194221704803,
    0.49001833373804693,
    0.4900401493593397,
    0.49000832777750586,
    0.4900683494655713,
    0.4900190416900712,
    0.4900684786250327,
    0.49006856544925514,
    0.49990194221704803,
    0.4900401680952228,
    0.4900863008548405,
    0.4900863105926161,
    0.49986523228074026,
    0.4998285586329475,
    0.49008630411923354,
    0.4900405024774358,
    0.4900979801959604,
    0.49009761548087394,
    0.4900977343623441,
    0.49982843711161945,
    0.49004012527852153,
    0.4901711281501351,
    0.49004017647661013,
    0.49004172706789534,
    0.49001959745514384,
    0.4999582282321455,
    0.4900762450381225,
    0.4900190663558131,
    0.49007621832289094,
    0.49992484461916636,
    0.4900872342334827,
    0.49001911941011916,
    0.499991666803966,
    0.4900872100290745,
    0.4999916750558287,
    0.49999150957012956,
    0.49998771902977907,
    0.4900872384590037,
    0.4999126121074278,
    0.49992638691861147,
    0.4998695537136439,
    0.49001925293555365,
    0.49015109348961183,
    0.4900737683826444,
    0.49001911666908887,
    0.49015104936076553,
    0.4999263531064897,
    0.4900737066903285,
    0.4900736674276717,
    0.4999323262201349,
    0.49983744768503663,
    0.4900190656356735,
    0.49016245487364624,
    0.4900229575303212,
    0.4900081242101462,
    0.4900230084400321,
    0.49997704076383503,
    0.4999769686428651,
    0.49996718548596547,
    0.4900265534628307,
    0.4900179378472577,
    0.4900458949515553,
    0.4900088165516244,
    0.4900458989334105,
    0.49002655024039643,
    0.4999951950461756,
    0.4900179356923745,
    0.499982050642587,
    0.4900179896244108,
    0.49999910325160835,
    0.4900089205294922,
    0.4900060017682908,
    0.490018680010807,
    0.49011673151750973,
    0.49988727663457894,
    0.49001870321196167,
    0.5,
    0.4900314445609058,
    0.49000601765831336,
    0.4900312117708969,
    0.49006081647168026,
    0.49008068444838787,
    0.4999896800159642,
    0.5,
    0.49008078658176846,
    0.4999594999757,
    0.4999372501333381,
    0.4999192629582952,
    0.49991934631857604,
    0.4999192629582952,
    0.4900607992818908,
    0.49993820762106006,
    0.4900323550949793,
    0.49006221086893753,
    0.4900622513412495,
    0.4999377912331509,
    0.490031234730203,
    0.4900312073038671,
    0.4901461038961039,
    0.4999687170324307,
    0.49990395616372535,
    0.4900312445287968,
    0.49003270470973,
    0.49009183673469386,
    0.4900063068110498,
    0.49008608357245437,
    0.5,
    0.4999910001619971,
    0.4900854749492711,
    0.5,
    0.4900327186073887,
    0.49003279021416324,
    0.5,
    0.5,
    0.49999957142893875,
    0.49996715899848343,
    0.49996729379711236,
    0.4999672833868038,
    0.4999262411827706,
    0.4999214105930047,
    0.49012228394903234,
    0.49000600020299834,
    0.4901221327858376,
    0.4900060141328052,
    0.5,
    0.5,
    0.5,
    0.5,
    0.4999978333427222,
    0.499958117506926,
    0.4800419086640703,
    0.49995819793491686,
    0.4800419495101712,
    0.4800220480306774,
    0.4800068776405953,
    0.5,
    0.490193306482152,
    0.499997,
    0.48002217187676305,
    0.4899968392951078,
    0.4800220518925275,
    0.4800537955768081,
    0.48996849477922616,
    0.48998399593890085,
    0.4800001857143852,
    0.48000013117125623,
    0.48,
    0.48,
    0.4800060000011549,
    0.48,
    0.48001600000029476,
    0.4899839035848371,
    0.48001602775697555,
    0.4899916920084471,
    0.48999181083569443,
    0.4800060017483536,
    0.48000012235303235,
    0.4800221127632333,
    0.48002233336349504,
    0.48010049494896384,
    0.4999915138977126,
    0.5,
    0.5,
    0.5,
    0.4999961353889867,
    0.4999778938313933,
    0.4801003309213563,
    0.4999779100648744,
    0.4999777509678329,
    0.4801002434137904,
    0.4999826760236606,
    0.4999592466895507,
    0.48000012235303235,
    0.4999223833978312,
    0.49000710849104506,
    0.4900171633427916,
    0.4900777290079263,
    0.4900180281970972,
    0.49007787732330454,
    0.49994792207698424,
    0.49001718865300564,
    0.4900173201828242,
    0.4998604202135253,
    0.4998604348691107,
    0.4900071299073112,
    0.4900129384703853,
    0.49005,
    0.4900071088128421,
    0.4901393188854489,
    0.49005001763578493,
    0.4900501402606283,
    0.4900500830140423,
    0.4999870003249919,
    0.4999868537825978,
    0.49998665226119093,
    0.4900501201658228,
    0.49994977351791375,
    0.4999497876081034,
    0.4999613640925153,
    0.4900071313348453,
    0.4900072601865132,
    0.49,
    0.4900386267752222,
    0.49000600000407296,
    0.49,
    0.4900060902244471,
    0.49000600003072164,
    0.4901072715627243,
    0.4901073070245437,
    0.4998930585157379,
    0.4900060222200138,
    0.4900000324381719,
    0.49000005100004124,
    0.49997869535225914,
    0.4999663066123636,
    0.49996613862619177,
    0.49996610803412656,
    0.5,
    0.49,
    0.49,
    0.48999663975465746,
    0.4800153952722215,
    0.4899765398998095,
    0.4800203646221794,
    0.4800223410241203,
    0.4800234143206229,
    0.48000601036739565,
    0.480023516074783,
    0.4800234706849531,
    0.4899764141066424,
    0.4899764437396529,
    0.48997647287463264,
    0.4800221510574725,
    0.4899776787739658,
    0.48997782904519205,
    0.4800202854496383,
    0.48002033904544533,
    0.48997969723416696,
    0.48000622067208293,
    0.4800424528301887,
    0.4800060067272503,
    0.48999990973677954,
    0.4899856105731811,
    0.4800424691310494,
    0.4899154441450514,
    0.4899152903620752,
    0.48004252760976807,
    0.4800520076975078,
    0.4800746198234082,
    0.4800845070422535,
    0.4800060572461355,
    0.4899154441450514,
    0.4899054107404479,
    0.48007464846343517,
    0.48007451330744216,
    0.4800745612282576,
    0.4898857700531575,
    0.48009345822085653,
    0.48005196553624824,
    0.4801088274570104,
    0.48010884990343494,
    0.4800935368320731,
    0.4898856338680514,
    0.4800936190848833,
    0.48988571952856347,
    0.48990633624660135,
    0.4898947337678641,
    0.48989217160287657,
    0.48010765550239237,
    0.48005233686487864,
    0.4898921790869292,
    0.4898920429088771,
    0.48013547404072116,
    0.4800522301822991,
    0.4801346881639914,
    0.4899697839849371,
    0.4801346915728721,
    0.48986589065085917,
    0.4801346852212829,
    0.480052117172757,
    0.4899998742477086,
    0.4800520135823652,
    0.4899859589595518,
    0.4899480282625597,
    0.48994781821911587,
    0.4800520477153996,
    0.4899479684010995,
    0.4899999972777775,
    0.4801027760183824,
    0.48000605418495534,
    0.49,
    0.48999995759459813,
    0.48010298140740565,
    0.489897485089996,
    0.4800060055661345,
    0.4800062193377126,
    0.4899999476698577,
    0.48000001820000165,
    0.48999998218180263,
    0.48,
    0.47999991272720927,
    0.48,
    0.48,
    0.4799998322329055,
    0.47000018864416054,
    0.48,
    0.47,
    0.47,
    0.47,
    0.46999995655458937,
    0.47,
    0.47,
    0.47,
    0.47,
    0.47,
    0.47,
    0.46999637896965596,
    0.469993992854202,
    0.47,
    0.46999992026779946,
    0.4699998777999096,
    0.46000010093465493,
    0.47,
    0.47,
    0.4600000014400001,
    0.4699998777999096,
    0.4699998777999096,
    0.4699998918999708,
    0.46000020250010487,
    0.46000010093465493,
    0.46000018947378396,
    0.46000012582533556,
    0.46,
    0.4600001131429412,
    0.46,
    0.4600001647458521,
    0.46999983572805326,
    0.46999979059394537,
    0.4699999929499998,
    0.4699998055171542,
    0.46000004931507527,
    0.4600000461538817,
    0.4699998777999096,
    0.450000189655434,
    0.45,
    0.4699997960376319,
    0.46999996384612186,
    0.46999992093451887,
    0.4500000357806735,
    0.45,
    0.47,
    0.4699998777999096,
    0.46999983898138753,
    0.4500001766056099,
    0.46999995877189726,
    0.45,
    0.45,
    0.4500000042579959,
    0.4500000023573079,
    0.4600086619835021,
    0.45,
    0.4600060060951679,
    0.4699950016266871,
    0.4600087468932232,
    0.46999123208897453,
    0.4699912977068593,
    0.4600088776685023,
    0.4600086774333204,
    0.4600088576772738,
    0.4699913249759153,
    0.4699912502481732,
    0.46999134326708786,
    0.4699913046469965,
    0.46999126711048783,
    0.4600086534245211,
    0.46000867420848324,
    0.4699912769575382,
    0.46000880843384995,
    0.46005307144580243,
    0.4699912554427525,
    0.46005315138992736,
    0.46005315834803634,
    0.46999124694397615,
    0.4699912572415228,
    0.4600530660377358,
    0.4699912628536864,
    0.46995908138722087,
    0.4600529602281029,
    0.46005305747791564,
    0.46994687206282953,
    0.4600530463129338,
    0.46005306163316806,
    0.4600086513622362,
    0.4699912334611737,
    0.4699912609459212,
    0.46000886986251716,
    0.4699998777999096,
    0.47,
    0.4600423948797199,
    0.4600060020496645,
    0.46003341404094983,
    0.4699526328199675,
    0.469971974970572,
    0.4600426057349642,
    0.46990493254055843,
    0.460042384321146,
    0.469904909947333,
    0.46009513742071884,
    0.46003342913409717,
    0.4699047673420273,
    0.46990476455959335,
    0.4600334410344476,
    0.46003339546386024,
    0.46995899373387395,
    0.46994441684303684,
    0.46993633434664345,
    0.4699364101278805,
    0.46003339522147696,
    0.469936391267778,
    0.4600401620341788,
    0.4600060087066645,
    0.4600403516386753,
    0.46000600206249215,
    0.4600635144671842,
    0.4600477574569697,
    0.46000623396154433,
    0.4600476696791899,
    0.4600478025359618,
    0.46995408766298236,
    0.4698864357681166,
    0.46000639220260553,
    0.4600486667290599,
    0.46012178703335377,
    0.46004862244258055,
    0.4698781257890995,
    0.4601220022602914,
    0.4699591625565637,
    0.46004866600185423,
    0.4699591622837022,
    0.4699998931817939,
    0.46999999153999933,
    0.46000601661356455,
    0.46,
    0.4699999349030381,
    0.46999995655458937,
    0.47,
    0.4699997960376319,
    0.45006020457282025,
    0.45007062755895855,
    0.45000662527148216,
    0.4699999932319998,
    0.4500716688110878,
    0.4500907258064516,
    0.46999996119262816,
    0.4600001131429412,
    0.4699999216666029,
    0.4699999216666029,
    0.46999996384612186,
    0.469999998496,
    0.4600000216000099,
    0.4600000345600047,
    0.46,
    0.4600002037738925,
    0.46,
    0.4699999216666029,
    0.4699999196580647,
    0.47,
    0.46000003534545864,
    0.46999996119262816,
    0.4699997960376319,
    0.45999246917822617,
    0.4599923308109077,
    0.45999244617401697,
    0.45999242411818375,
    0.45999244469678896,
    0.45007063753934845,
    0.4501321288436919,
    0.4500706302398399,
    0.450132028726224,
    0.45007059196785026,
    0.4599924159169879,
    0.45007054724900225,
    0.4599924664999945,
    0.4500836926989416,
    0.45006018881537174,
    0.4501443213322721,
    0.450144586948007,
    0.4599923302109005,
    0.45014425479900827,
    0.45999235491941615,
    0.4501411613582911,
    0.45999242411818375,
    0.45997263160482604,
    0.45014124520304716,
    0.4599703365636609,
    0.45014124510347664,
    0.45008366261774435,
    0.45008381230243616,
    0.45997041042521125,
    0.45997034588600166,
    0.45014621687885703,
    0.4500601221242889,
    0.459882576595158,
    0.45991056142906483,
    0.45014630579719694,
    0.450146325422187,
    0.4500600878476546,
    0.4501171875,
    0.4500067379074674,
    0.4599704279110741,
    0.45987579870956996,
    0.4598092929502529,
    0.4598093115896375,
    0.4501077550653488,
    0.4598093156622793,
    0.45980934976999666,
    0.4598093372231993,
    0.45980920048989066,
    0.45004500665266356,
    0.4699756704963506,
    0.45003889369209166,
    0.4699610251844644,
    0.46999998871999804,
    0.45001712819580675,
    0.45003915893076973,
    0.45006875777617705,
    0.4500678954515311,
    0.46999983898138753,
    0.4500689614211992,
    0.4699360731829604,
    0.45009761388286335,
    0.45006778945944265,
    0.4699010857977759,
    0.45006775992226755,
    0.45007115600867853,
    0.45003963813482184,
    0.45009922115538753,
    0.4500991294869718,
    0.4500710719913316,
    0.46999993450818794,
    0.46262686369080447,
    0.45999998073298004,
    0.45997951380029717,
    0.4599171284616878,
    0.45003920163178884,
    0.4501099022653358,
    0.4598903377487094,
    0.4501099563174132,
    0.4500391557574816,
    0.4599666275802525,
    0.4500168000672003,
    0.450045,
    0.45996132086452013,
    0.4599549059759241,
    0.4500167975092386,
    0.4599831919966384,
    0.4500114947712541,
    0.4500112577738194,
    0.4501458670988655,
    0.4500826565083016,
    0.45999649553369093,
    0.45985435025877747,
    0.45991715334501587,
    0.4500826816590017,
    0.45993500749096294,
    0.4500112596450499,
    0.4500114947712541,
    0.45000600421306614,
    0.4500396223269022,
    0.4500650289017341,
    0.45010355087471143,
    0.4500396830366368,
    0.4501031305685624,
    0.459994042157166,
    0.4599939744285422,
    0.45997106436906254,
    0.4599603424275258,
    0.45003964298399385,
    0.45996036625998254,
    0.450006008684956,
    0.4599939932446043,
    0.4500060829351559,
    0.45999397254464186,
    0.4599938360764326,
    0.4500060004000267,
    0.4500000048726283,
    0.4599959407612712,
    0.45000000144353547,
    0.450006,
    0.459995900480059,
    0.450009,
    0.45,
    0.44,
    0.45,
    0.45999458613425315,
    0.459994,
    0.4500000019085862,
    0.45,
    0.44000002279070005,
    0.45999998435999895,
    0.44000002288049406,
    0.45999999846666667,
    0.45,
    0.44,
    0.44,
    0.44,
    0.45,
    0.44,
    0.45,
    0.44,
    0.45,
    0.44,
    0.44,
    0.44,
    0.44,
    0.46,
    0.44,
    0.44,
    0.44,
    0.44,
    0.44,
    0.44,
    0.44,
    0.44000000001018336,
    0.45,
    0.46,
    0.44,
    0.46000000046153844,
    0.4600614174750513,
    0.46000004099867087,
    0.4699807723479892,
    0.4600192229128985,
    0.46,
    0.4699806602764899,
    0.4600192449333555,
    0.4600192228469539,
    0.4600000144000092,
    0.4699723158093807,
    0.4600201464857176,
    0.46003844851137016,
    0.4600000006960683,
    0.46003846687482286,
    0.4600814492753623,
    0.46996145844152243,
    0.4699541371711672,
    0.4699183797949932,
    0.4600815013955583,
    0.46004225366840906,
    0.46002013996256813,
    0.46997983460743886,
    0.4699797767499832,
    0.46004227873185405,
    0.46004227873185405,
    0.469977649976749,
    0.4600422535256899,
    0.46995768966688894,
    0.460006,
    0.4600000018181268,
    0.4699939831364262,
    0.46000000151200005,
    0.46998767934131125,
    0.460025587561159,
    0.4600060023497651,
    0.46000000280032505,
    0.46002578259917787,
    0.4600060603949956,
    0.4600088373088303,
    0.46006947378151397,
    0.46000886819848286,
    0.46000600159158817,
    0.46999997731659904,
    0.46000000002797925,
    0.46000012582533556,
    0.46,
    0.46,
    0.459999903618976,
    0.4599977735613019,
    0.45003808717731697,
    0.45000989892984544,
    0.4500000006882432,
    0.4500096571865525,
    0.4599999996967033,
    0.45999988499997124,
    0.4599999977298701,
    0.4500099167450332,
    0.45999999576799994,
    0.45999272847530726,
    0.450026103615362,
    0.450037327948258,
    0.4500298635246318,
    0.45000965642402324,
    0.4599851513869463,
    0.4599617379885214,
    0.4500299889590822,
    0.45002602661222424,
    0.459980344667142,
    0.4599803683665127,
    0.4500262612985456,
    0.45998046825671735,
    0.45006693197029995,
    0.4501468189233279,
    0.45001800267048236,
    0.45010015592384156,
    0.45010122626654425,
    0.4501551724137931,
    0.45998381501994556,
    0.4500667167444546,
    0.4500889913061327,
    0.4599627111048771,
    0.4500888511487842,
    0.4599628201546277,
    0.45996284644843305,
    0.4500889207104418,
    0.4599628299325577,
    0.45006671939736825,
    0.45016515329535,
    0.4501052016977433,
    0.45016524706741035,
    0.45999811018313047,
    0.45999389056064827,
    0.459954621256753,
    0.4501373424660743,
    0.45010570966421243,
    0.4501369985038213,
    0.4599746557697247,
    0.45989497192489004,
    0.4501370259216533,
    0.45986297621874916,
    0.4501051807417946,
    0.4599826225384032,
    0.45993330963978846,
    0.4500667051620076,
    0.45998196823408194,
    0.45001801875165603,
    0.4599819557876448,
    0.4500060455700667,
    0.4599769535537051,
    0.45000600613218594,
    0.4501122194513716,
    0.4599939764458088,
    0.45000607743588306,
    0.45000601758298925,
    0.45,
    0.45013888888888887,
    0.45001500280692247,
    0.4500099972244059,
    0.4599948709231603,
    0.4599813164785136,
    0.4598658563048098,
    0.4500150369891651,
    0.4501339735418218,
    0.4599849440478003,
    0.4599939957448221,
    0.4500060012226406,
    0.45000001570643955,
    0.4500060031845753,
    0.4599948045698733,
    0.459966849199337,
    0.45,
    0.45000000685848146,
    0.4500060071092081,
    0.4501135667777101,
    0.45001499400119904,
    0.45001799280287885,
    0.4501136702414704,
    0.4599819384576764,
    0.4599708362478153,
    0.45001502136601446,
    0.4500704304702394,
    0.45001499780840276,
    0.4500704455796535,
    0.45998497223966267,
    0.4500150479841991,
    0.4599849676837399,
    0.45000600524708034,
    0.450006008684956,
    0.4599939957448221,
    0.45,
    0.4500000077980085,
    0.4500086914351644,
    0.4500150061470848,
    0.450011797860827,
    0.46,
    0.45998498240879254,
    0.4599934441513364,
    0.45001501001595284,
    0.4599830329585688,
    0.45001941747572816,
    0.45001182250594934,
    0.4500086878667685,
    0.4500179964007199,
    0.4500152477990361,
    0.45999576643877943,
    0.4500180044112558,
    0.4599819940621402,
    0.4599746813925234,
    0.4500180068915361,
    0.4500303336703741,
    0.45001799907881673,
    0.45001806192051336,
    0.4599672671279619,
    0.4500990099009901,
    0.45001523729707066,
    0.45001522908135255,
    0.4599819947040071,
    0.45000869089231843,
    0.4500180061129097,
    0.45012362637362635,
    0.4500180127694812,
    0.4599999677999969,
    0.4599944231558545,
    0.45995483899708517,
    0.4500180394128171,
    0.46,
    0.45000870654540687,
    0.45002831969792323,
    0.4599963021225511,
    0.4500087998636021,
    0.4500086888544835,
    0.4500989010989011,
    0.45999959704580257,
    0.4599762081850516,
    0.45000873764487415,
    0.4501651383040202,
    0.4501651429818769,
    0.45000870819835626,
    0.459990892175781,
    0.45004953718505875,
    0.45018007379422614,
    0.45000899975570086,
    0.4500060968678064,
    0.4599909933758994,
    0.45997510543868214,
    0.4501801073413913,
    0.4599504050479284,
    0.4500495050495151,
    0.4599504587278335,
    0.45000899910185005,
    0.450018,
    0.4500060004147266,
    0.45001080173101493,
    0.4599963509379931,
    0.45998896945348194,
    0.45998919301281865,
    0.459982,
    0.4500108087883639,
    0.45000600468543756,
    0.4599981998399928,
    0.450006,
    0.45004398832062753,
    0.45,
    0.4500060000002945,
    0.4500187122062676,
    0.4500197976888031,
    0.45002220029845963,
    0.4501651376146789,
    0.4599999963453389,
    0.46,
    0.46,
    0.45996189974860774,
    0.4500439964949459,
    0.4599875776673508,
    0.4500222002993128,
    0.45006545454545455,
    0.4500222003211404,
    0.4501282051282051,
    0.4500197982026883,
    0.46,
    0.45999995951999545,
    0.4599999625078283,
    0.4599827782441675,
    0.45997306771453295,
    0.4598716911353019,
    0.45001982636295024,
    0.4500187202642973,
    0.45999999677999986,
    0.4500060086737901,
    0.4500060499395006,
    0.45,
    0.44999564,
    0.44999399604763324,
    0.44999394757837885,
    0.44010111783923606,
    0.4499093349728005,
    0.449994,
    0.4400060434559877,
    0.4499999212499744,
    0.440000003739566,
    0.4499999962499999,
    0.44,
    0.45999984109081954,
    0.44,
    0.44,
    0.44,
    0.44,
    0.44,
    0.44,
    0.44,
    0.4400000288659853,
    0.45,
    0.45,
    0.45,
    0.45999988499997124,
    0.45,
    0.4599999747560912,
    0.4599997607998852,
    0.45999995951999545,
    0.45,
    0.45,
    0.45,
    0.4400000021248663,
    0.44,
    0.45999984109081954,
    0.46,
    0.45,
    0.45,
    0.45,
    0.4400000028712953,
    0.45999998726153685,
    0.45000004400000526,
    0.45000006145254146,
    0.45,
    0.45,
    0.45,
    0.45,
    0.45,
    0.45999988499997124,
    0.45999995951999545,
    0.4500000021727966,
    0.45,
    0.45,
    0.45,
    0.45000000582334126,
    0.45999995951999545,
    0.4599997607998852,
    0.45,
    0.45,
    0.45,
    0.450000001375,
    0.45999999277142845,
    0.449964908708095,
    0.4499649145021816,
    0.45999999567058814,
    0.45999999263999963,
    0.4599997607998852,
    0.4400000139034489,
    0.45,
    0.45,
    0.45000001100000053,
    0.4599999436734619,
    0.45000000440000015,
    0.45,
    0.4599997607998852,
    0.44000000459016486,
    0.4599999999467634,
    0.45,
    0.45999999908,
    0.45999996109452096,
    0.459999998252,
    0.45999999662497915,
    0.45999999862715835,
    0.46,
    0.46,
    0.46,
    0.46,
    0.46,
    0.46,
    0.46,
    0.46,
    0.45,
    0.46,
    0.46,
    0.46,
    0.46,
    0.46,
    0.46,
    0.46,
    0.46,
    0.45,
    0.45,
    0.45,
    0.45,
    0.4499999212499744,
    0.45999994742856376,
    0.45999999800666663,
    0.45999995951999545,
    0.4500000204207964,
    0.46,
    0.46,
    0.46,
    0.46,
    0.46,
    0.46,
    0.46,
    0.46,
    0.46,
    0.46,
    0.46,
    0.46,
    0.45000000687500025,
    0.45000003540773065,
    0.45999995683283595,
    0.45,
    0.45,
    0.45,
    0.45,
    0.45,
    0.45,
    0.45,
    0.45000000275000007,
    0.47,
    0.47,
    0.48,
    0.48,
    0.4799999519999808,
    0.47,
    0.47,
    0.48,
    0.48,
    0.48,
    0.48,
    0.48,
    0.48,
    0.48,
    0.48,
    0.48,
    0.48,
    0.48,
    0.47999982719988943,
    0.4799999519999808,
    0.4799999519999808,
    0.4700000073611113,
    0.47999982719988943,
    0.47,
    0.4700001219000939,
    0.47,
    0.49986470233702357,
    0.47,
    0.4700000082052756,
    0.48,
    0.48,
    0.47,
    0.5599999253332935,
    0.47000000149596777,
    0.48,
    0.47,
    0.47,
    0.47,
    0.47,
    0.47,
    0.47,
    0.45,
    0.45,
    0.45,
    0.45,
    0.45,
    0.45,
    0.45,
    0.45,
    0.45,
    0.45,
    0.45,
    0.45,
    0.45,
    0.45,
    0.45,
    0.45,
    0.45,
    0.45,
    0.45,
    0.45,
    0.45,
    0.45,
    0.45,
    0.45,
    0.45,
    0.45,
    0.45,
    0.45,
    0.45,
    0.45,
    0.45,
    0.45,
    0.45,
    0.45,
    0.45,
    0.23,
    0.45,
    0.45,
    0.45,
    0.45,
    0.45,
    0.45,
    0.45,
    0.45,
    0.45,
    0.45,
    0.45,
    0.45,
    0.45,
    0.4599073475282191,
    0.4599072582408631,
    0.45990732770055087,
    0.4598215518130176,
    0.45982167023100523,
    0.41001165229550224,
    0.46011299435028247,
    0.46011299435028247,
    0.46999998871999804,
    0.4300825309491059,
    0.44,
    0.42,
    0.45,
    0.43015098765773063,
    0.3900000244000039,
    0.3900000244000039
]
