[
    0.001,
    0.001,
    0.001,
    0.001,
    0.001,
    0.001,
    0.001,
    0.001,
    0.001,
    0.002,
    0.001,
    0.002,
    0.004,
    0.001,
    0.001,
    0.004,
    0.004,
    0.004,
    0.005,
    0.004,
    0.004,
    0.004,
    0.004,
    0.004,
    0.004,
    0.004,
    0.004,
    0.004,
    0.004,
    0.005,
    0.004,
    0.004,
    0.004,
    0.004,
    0.004,
    0.004,
    0.004,
    0.004,
    0.009808695652173913,
    0.004,
    0.004,
    0.004,
    0.004,
    0.004,
    0.002,
    0.002,
    0.002,
    0.002,
    0.002,
    0.002,
    0.002,
    0.002,
    0.002,
    0.002,
    0.002,
    0.002,
    0.002,
    0.002,
    0.002,
    0.002,
    0.002,
    0.002,
    0.002,
    0.002,
    0.01,
    0.015,
    0.015,
    0.015,
    0.029999971199998848,
    0.01934207917680111,
    0.018999981702999325,
    0.015000000164166773,
    0.015,
    0.01,
    0.01,
    0.01,
    0.01,
    0.02,
    0.05,
    0.01,
    0.02,
    0.02,
    0.01,
    0.01,
    0.01,
    0.01,
    0.02,
    0.02,
    0.02,
    0.02,
    0.02,
    0.02,
    0.02,
    0.02,
    0.02,
    0.02,
    0.02,
    0.02,
    0.03,
    0.030000007185286257,
    0.05367686527106817,
    0.03,
    0.03000000577389541,
    0.03000000515960463,
    0.030000001940002324,
    0.03,
    0.06999996884999829,
    0.07,
    0.04,
    0.04,
    0.04,
    0.04,
    0.04,
    0.06766828497177901,
    0.04,
    0.06124999741510415,
    0.04,
    0.04,
    0.04,
    0.04,
    0.06999998703703678,
    0.05,
    0.07,
    0.07,
    0.09,
    0.06000000188000263,
    0.06,
    0.07,
    0.1,
    0.06,
    0.09,
    0.09,
    0.1,
    0.09,
    0.09,
    0.1,
    0.09,
    0.09,
    0.11,
    0.06,
    0.07,
    0.07,
    0.07,
    0.06,
    0.07,
    0.1,
    0.07,
    0.07,
    0.09,
    0.06,
    0.139999997648,
    0.14,
    0.14,
    0.16,
    0.17,
    0.16,
    0.14000000022557377,
    0.15,
    0.14000000025053408,
    0.12,
    0.11,
    0.13,
    0.1,
    0.13,
    0.13,
    0.12,
    0.13,
    0.14,
    0.13,
    0.13,
    0.179999997552,
    0.2,
    0.18000000765333582,
    0.1800000098400048,
    0.17,
    0.17,
    0.15,
    0.15,
    0.15,
    0.15,
    0.14999988749997187,
    0.15,
    0.14,
    0.139999990220588,
    0.14,
    0.14,
    0.13,
    0.16,
    0.14,
    0.14,
    0.14,
    0.14,
    0.12,
    0.12,
    0.12,
    0.12,
    0.12,
    0.12,
    0.12,
    0.12,
    0.12,
    0.13,
    0.13,
    0.13000000454308389,
    0.13,
    0.13,
    0.13,
    0.15,
    0.14,
    0.13,
    0.16,
    0.12000000794583641,
    0.16,
    0.15,
    0.15,
    0.15,
    0.16,
    0.16,
    0.15,
    0.15,
    0.1700000033200013,
    0.18,
    0.19,
    0.17,
    0.2,
    0.25,
    0.24000000456000042,
    0.25,
    0.25,
    0.25,
    0.28,
    0.29,
    0.3,
    0.29000005680010904,
    0.32,
    0.32,
    0.32999997217798177,
    0.30000002800000447,
    0.3299999295999915,
    0.3,
    0.3,
    0.3000001386139712,
    0.3,
    0.3,
    0.31,
    0.31000000483000023,
    0.31000000041433146,
    0.31000005111113643,
    0.3299999811899992,
    0.3,
    0.32999999669999996,
    0.39,
    0.39,
    0.4,
    0.39,
    0.4,
    0.41999999529599996,
    0.39,
    0.3900000045947162,
    0.3900000001179884,
    0.39000000577027055,
    0.4,
    0.4,
    0.41,
    0.4400000003787495,
    0.46,
    0.4599997607998852,
    0.45999998435999895,
    0.46,
    0.45999999576799994,
    0.5,
    0.5,
    0.5,
    0.46,
    0.48,
    0.5200000078495508,
    0.5499999981666667,
    0.5300001429054585,
    0.5499999965547481,
    0.55,
    0.54999999902964,
    0.5499999955999999,
    0.55,
    0.55,
    0.56,
    0.55,
    0.5499999807499988,
    0.540000000630137,
    0.5499999992677546,
    0.55,
    0.55,
    0.55,
    0.54,
    0.54,
    0.5200000396694346,
    0.5100000003517723,
    0.52,
    0.51,
    0.52,
    0.51,
    0.52,
    0.51,
    0.51,
    0.51,
    0.5100000042701529,
    0.5100000027222225,
    0.5100000053846157,
    0.53,
    0.53,
    0.53,
    0.5300001222000904,
    0.5396666666666666,
    0.53,
    0.54,
    0.57,
    0.57,
    0.5900000745454809,
    0.59,
    0.5800001764001023,
    0.6,
    0.6,
    0.6,
    0.6,
    0.63,
    0.6299999884191168,
    0.6099999986593406,
    0.6200000012920001,
    0.63,
    0.69,
    0.66,
    0.65,
    0.64,
    0.64,
    0.62,
    0.62,
    0.605,
    0.5656493365238199,
    0.54,
    0.5638311643928149,
    0.48,
    0.46,
    0.4600000036947369,
    0.5099998316998873,
    0.4400000004507768,
    0.47,
    0.49,
    0.5099999785799988,
    0.5,
    0.504,
    0.48413804518745346,
    0.47,
    0.4600000152727284,
    0.46000000535714336,
    0.46000002477733015,
    0.46999998871999804,
    0.42,
    0.42,
    0.39,
    0.37,
    0.38,
    0.37,
    0.37000000168577984,
    0.37,
    0.38000000090933334,
    0.4599999554184967,
    0.45,
    0.45999999677999986,
    0.48,
    0.5,
    0.5,
    0.539999998488,
    0.54,
    0.5387847855146434,
    0.53,
    0.53,
    0.5584905660377358,
    0.54,
    0.5,
    0.5,
    0.5,
    0.5,
    0.5,
    0.5,
    0.5,
    0.48000000784905944,
    0.48,
    0.5200000172800011,
    0.57,
    0.57,
    0.6069651702540366,
    0.57,
    0.57,
    0.540000015640001,
    0.49,
    0.5199999833599972,
    0.48,
    0.48,
    0.48,
    0.48,
    0.4700000051907217,
    0.48,
    0.49,
    0.5,
    0.51798839454523,
    0.45,
    0.5,
    0.5,
    0.5,
    0.5,
    0.5,
    0.5,
    0.51,
    0.48999991179995706,
    0.5,
    0.5083431010987545,
    0.515,
    0.5,
    0.48,
    0.48,
    0.4800000253940082,
    0.48,
    0.48000000641975366,
    0.48,
    0.48,
    0.49,
    0.48,
    0.48,
    0.48,
    0.47,
    0.46,
    0.45,
    0.46,
    0.48,
    0.47,
    0.48,
    0.5,
    0.5,
    0.5,
    0.5,
    0.5,
    0.5,
    0.52,
    0.52,
    0.5,
    0.53,
    0.56,
    0.56,
    0.56,
    0.5300001081000292,
    0.5300001081000292,
    0.56,
    0.5400000011314954,
    0.5699999998387879,
    0.58,
    0.540000000324962,
    0.57,
    0.59,
    0.6,
    0.61,
    0.61,
    0.62,
    0.6100000111800005,
    0.62,
    0.61,
    0.619999999132,
    0.61,
    0.61,
    0.6199998511998869,
    0.61,
    0.619999986359999,
    0.619999999876,
    0.6199998511998869,
    0.61,
    0.61,
    0.6,
    0.6,
    0.6,
    0.6,
    0.6,
    0.61,
    0.61,
    0.6,
    0.6,
    0.6099999999512,
    0.61,
    0.6099999968790697,
    0.61,
    0.61,
    0.6099999958145196,
    0.6100000097500002,
    0.6099999926799997,
    0.61,
    0.61,
    0.6099999755999961,
    0.6099999938672919,
    0.6,
    0.6,
    0.6,
    0.6,
    0.6,
    0.6,
    0.6099999996702703,
    0.6199999996442405,
    0.61,
    0.61,
    0.61,
    0.61,
    0.61,
    0.619999968999986,
    0.6100000226200032,
    0.61,
    0.61,
    0.61,
    0.61,
    0.61,
    0.62,
    0.61,
    0.61,
    0.61,
    0.62,
    0.62,
    0.62,
    0.62,
    0.62,
    0.6200000167200009,
    0.6200000058266668,
    0.62,
    0.6199999975682868,
    0.6199999999677754,
    0.62,
    0.62,
    0.63,
    0.62,
    0.62,
    0.63,
    0.63,
    0.63,
    0.63,
    0.63,
    0.63,
    0.63,
    0.63,
    0.64,
    0.64,
    0.64,
    0.64,
    0.64,
    0.64,
    0.64,
    0.64,
    0.64,
    0.64,
    0.64,
    0.65,
    0.65,
    0.6599998732799737,
    0.64,
    0.6599999841599988,
    0.6599999841599988,
    0.6595842749162316,
    0.6400001296000829,
    0.64,
    0.64,
    0.64,
    0.6400000252000014,
    0.6400000069120001,
    0.65,
    0.6400000230400031,
    0.6400000122448986,
    0.64,
    0.64,
    0.64,
    0.6400000109778414,
    0.64,
    0.6499999996953125,
    0.6400001296000829,
    0.6400000081840919,
    0.64,
    0.6400000096000004,
    0.6400001296000829,
    0.6400000792000222,
    0.6599999841599988,
    0.650185614937408,
    0.6501856156515649,
    0.6599998943999641,
    0.6400000024742268,
    0.6599999995776,
    0.65999999964,
    0.65999999923,
    0.6400000572477148,
    0.6599999987711785,
    0.6400000105652536,
    0.65,
    0.64,
    0.6500000065625001,
    0.6500000020588236,
    0.6500000076510335,
    0.65,
    0.66,
    0.6599998943999641,
    0.65,
    0.6599999995120148,
    0.6599999973599998,
    0.6500000047895999,
    0.6599999982692307,
    0.6599999948554724,
    0.6500000073068896,
    0.6500000032979311,
    0.65,
    0.6599999809333297,
    0.6599999978113485,
    0.6599999991101123,
    0.6599999966930044,
    0.650000006258382,
    0.65999999912,
    0.65,
    0.6500000125236424,
    0.6500000385000034,
    0.6500000494117694,
    0.66,
    0.659999978549998,
    0.6500000014507772,
    0.65,
    0.6599999979688401,
    0.65,
    0.6500000058865931,
    0.65,
    0.6599999645637543,
    0.6599999968145535,
    0.6500000035927586,
    0.6500000070000002,
    0.6500001283333718,
    0.65,
    0.6500000106471977,
    0.6599999958077493,
    0.6599999991715481,
    0.6500001225000797,
    0.6500001225000797,
    0.6599999992300214,
    0.6599999956243093,
    0.66,
    0.6500000057875156,
    0.650000005771345,
    0.6500000240324608,
    0.6599999959509202,
    0.6500000027633657,
    0.6599999983062446,
    0.65,
    0.650000004047519,
    0.6599999985427782,
    0.6599999956783301,
    0.65,
    0.6599999824778688,
    0.6599999949714277,
    0.65,
    0.65,
    0.6500000495951548,
    0.6500001260000554,
    0.6599999639179892,
    0.659999987815381,
    0.66,
    0.66,
    0.66,
    0.66,
    0.66,
    0.66,
    0.6500000755395792,
    0.66,
    0.6500000039487179,
    0.65,
    0.6599999982677165,
    0.6599999978121546,
    0.6500000101315792,
    0.6599999967750423,
    0.65,
    0.6500001514423878,
    0.6599999967420813,
    0.6500000059071731,
    0.6599999864476334,
    0.65,
    0.6599999577223925,
    0.6599999404917599,
    0.6500001905941444,
    0.6599999500540308,
    0.6500001415441645,
    0.66,
    0.6500001673913699,
    0.6599999610810643,
    0.6500001129032622,
    0.6599999864150923,
    0.6500001794872409,
    0.6500000927152686,
    0.65,
    0.6500000355166081,
    0.6599999847104192,
    0.6599999872832348,
    0.6599999837036941,
    0.6599999841599988,
    0.65,
    0.6500000875000179,
    0.6599999864383518,
    0.6500000422705365,
    0.6599999764285618,
    0.6500001284404376,
    0.6500000281753159,
    0.6599999795348684,
    0.66,
    0.6599999928776966,
    0.6599999795348684,
    0.6500000385000034,
    0.6599999942608671,
    0.6500001225000797,
    0.6500000633223778,
    0.66,
    0.6500000510416805,
    0.6500001225000797,
    0.65,
    0.6400000540000054,
    0.6400000130773227,
    0.659999997624,
    0.66,
    0.659999952096739,
    0.6599999470676469,
    0.6599999910508415,
    0.64,
    0.65,
    0.6500000459016484,
    0.6500001012397238,
    0.6601021833108185,
    0.6699999986185561,
    0.6601021834677204,
    0.669999957832141,
    0.6500000697463881,
    0.66,
    0.660006000000204,
    0.6602008316320517,
    0.6600060000915268,
    0.6602008316092011,
    0.6602009641467484,
    0.669989547490979,
    0.6699895540934587,
    0.6699895582122132,
    0.6501,
    0.6500103517654716,
    0.6500603876677828,
    0.6500565596849172,
    0.6501001764196674,
    0.650100150354171,
    0.6500603625276478,
    0.6501337295690937,
    0.6699999193517869,
    0.669999962479987,
    0.6699858304920067,
    0.6699999839199988,
    0.6500562457597803,
    0.66,
    0.6657800563177514,
    0.6599999576922833,
    0.6699999808935331,
    0.66,
    0.659994469343551,
    0.659973554495023,
    0.6599725380295015,
    0.6500104284270211,
    0.6500104284270211,
    0.6500105145235379,
    0.6598507129724837,
    0.650111536639774,
    0.6500093952009456,
    0.650017858324338,
    0.6501113425831114,
    0.6599100113488052,
    0.6598886752151165,
    0.6500179010341789,
    0.6599859273647767,
    0.6500095923385732,
    0.6599831852629652,
    0.6500060068685745,
    0.6500166420118343,
    0.6599889554806025,
    0.650006018672329,
    0.6501187008992797,
    0.6500739867564369,
    0.6501187098365053,
    0.6598813510917257,
    0.6599222584871646,
    0.650115661934797,
    0.6500739579301529,
    0.6501149192307831,
    0.6501149789918836,
    0.6598952703395917,
    0.6599134608297298,
    0.6500060682422946,
    0.6500060910229687,
    0.6500865384615384,
    0.6599939956940116,
    0.6599939974839487,
    0.6599938732586419,
    0.6500061248989392,
    0.6500060652380987,
    0.6599999605970005,
    0.6500002038835744,
    0.6500000798755335,
    0.6599999838036615,
    0.6500001074562016,
    0.659999969655165,
    0.6599999811673133,
    0.6599998559997696,
    0.6599999969158872,
    0.6500000442415799,
    0.650000046052639,
    0.6500001226115001,
    0.6599999795348684,
    0.6500000779703182,
    0.659999990807797,
    0.6500000234724311,
    0.6599999731608045,
    0.6599999874881489,
    0.6599999906823487,
    0.6500000645491949,
    0.65,
    0.6599999691999963,
    0.659999987815381,
    0.6599999884210478,
    0.6500000702341231,
    0.6500001794872409,
    0.6599999513363642,
    0.6699999771863766,
    0.6500000413851442,
    0.65,
    0.6699999940444392,
    0.6500000976744368,
    0.6500001225000797,
    0.6500001225000797,
    0.6699999195999292,
    0.6699999702222188,
    0.6500001225000797,
    0.6699999749532252,
    0.6699999496531684,
    0.6500001284404376,
    0.6699999474864764,
    0.6500001017738158,
    0.6699999928533296,
    0.6699999189515573,
    0.6699999892628172,
    0.6699999773487472,
    0.6699998863029117,
    0.6699999578208157,
    0.6699999175793425,
    0.6699999823018739,
    0.6699999214842616,
    0.6699999953686615,
    0.6699999932999956,
    0.6699999596992354,
    0.6699999656410127,
    0.6699999986599999,
    0.6500001225000797,
    0.6699999527300357,
    0.6699999195999292,
    0.6699999637083277,
    0.6699999934697843,
    0.6500000550699406,
    0.650000178240815,
    0.65,
    0.6699999955333275,
    0.660083303840423,
    0.6699999940444392,
    0.6600833035365669,
    0.6699999888796591,
    0.6500001225000797,
    0.6699999195999292,
    0.6699999192410091,
    0.6500000542035554,
    0.6699999950232117,
    0.6699999892677339,
    0.669999918787827,
    0.6699999636856191,
    0.6500000211480381,
    0.6500000967336902,
    0.650000026515154,
    0.6699999932999956,
    0.6500001577869434,
    0.650000145833394,
    0.6699999842352852,
    0.6699999811797652,
    0.6500000680212122,
    0.6500000018793278,
    0.669999937257489,
    0.6699999768165937,
    0.6699999718122898,
    0.6699999926186435,
    0.6699999461306305,
    0.6699999195999292,
    0.660000170000085,
    0.66,
    0.66,
    0.66,
    0.67,
    0.67,
    0.67,
    0.67,
    0.6700000132942877,
    0.67,
    0.6700002070588966,
    0.6799999536363405,
    0.6700000936774532,
    0.6700001772222911,
    0.6700001564444862,
    0.68,
    0.6799999244443828,
    0.6799999276045429,
    0.6799999501570587,
    0.670000094651209,
    0.6700000794117881,
    0.6799999259863019,
    0.6799999473547749,
    0.68,
    0.6799999244443828,
    0.67,
    0.670000011970589,
    0.6799999163075738,
    0.6799999010908035,
    0.6700000856329433,
    0.6799998639998329,
    0.6700001967308411,
    0.6799999215383197,
    0.6700001422414407,
    0.6799999941379298,
    0.670000217800074,
    0.6799999084614627,
    0.68,
    0.6700000791011342,
    0.6700002070588966,
    0.6799999213872014,
    0.679999962957186,
    0.6799999597036912,
    0.6700000986764895,
    0.6799999668292631,
    0.6799999556176978,
    0.6700000492708431,
    0.6700000748611288,
    0.6799999661059102,
    0.6700000444063382,
    0.6799999226016034,
    0.679999945287345,
    0.670000043569687,
    0.6799999611428409,
    0.6799999706474728,
    0.6799998269089776,
    0.6700000492708431,
    0.6700002123763112,
    0.6799999643044544,
    0.6600000125704232,
    0.6799999632432381,
    0.6600002331430304,
    0.68,
    0.660000170000085,
    0.66,
    0.660000653847225,
    0.6799998452030356,
    0.6799999668292631,
    0.67,
    0.66999999933,
    0.6699999993076666,
    0.6699999841607494,
    0.6699999681535606,
    0.669999954019596,
    0.6600000531687379,
    0.6699999949749997,
    0.6600000589333428,
    0.6600001335714953,
    0.6600000790041638,
    0.67,
    0.6699999632876632,
    0.6699999467435667,
    0.6699999193517869,
    0.6600000261996523,
    0.66,
    0.6699999878842656,
    0.6699999841607494,
    0.6600001102703339,
    0.6600001360000503,
    0.6699998709172192,
    0.6699999956647057,
    0.660000057800019,
    0.6699998709172192,
    0.6600001102703339,
    0.6699999175793425,
    0.6600000592334598,
    0.669999918787827,
    0.6600000605747193,
    0.6699999859685818,
    0.6699999502285466,
    0.6699999681898936,
    0.6699999630708391,
    0.6600000636858079,
    0.660000170000085,
    0.6699999603625826,
    0.660000170000085,
    0.660000057800019,
    0.669999960057687,
    0.669999936968625,
    0.669999962479987,
    0.6600001202721482,
    0.6699999550335449,
    0.6699999839199988,
    0.6600000776378081,
    0.6699999195999292,
    0.6699999748464087,
    0.660000170000085,
    0.6600000810362922,
    0.6699999758247307,
    0.660000170000085,
    0.6699998709172192,
    0.6600000896363808,
    0.6600000142800009,
    0.6699999484614896,
    0.669999817272611,
    0.6600001320389118,
    0.6600000306000049,
    0.6600000589333428,
    0.6600001159690426,
    0.6600000747746013,
    0.66,
    0.6699999673170216,
    0.669999965523146,
    0.6699999858699451,
    0.6600001159690426,
    0.6600001207477335,
    0.6699999866997488,
    0.6600000635019584,
    0.6699999803662866,
    0.66,
    0.6500001144860509,
    0.66,
    0.6500000385000034,
    0.6500000251880944,
    0.6600000367200034,
    0.6699999739805583,
    0.66,
    0.6599998256600945,
    0.66,
    0.65,
    0.6502825,
    0.65,
    0.64,
    0.6400000178612328,
    0.6400001296000829,
    0.64,
    0.63,
    0.64,
    0.64,
    0.64,
    0.6400001296000829,
    0.6499999472972446,
    0.65,
    0.6400001301205133,
    0.6400001630189479,
    0.65,
    0.65,
    0.65,
    0.65,
    0.65,
    0.65,
    0.65,
    0.6499999934999994,
    0.65,
    0.6400000792000222,
    0.6499999869999994,
    0.65,
    0.65,
    0.6400001296000829,
    0.6400001296000829,
    0.6499999674999887,
    0.6400001737931694,
    0.65,
    0.65,
    0.65,
    0.64,
    0.6300001129473934,
    0.64,
    0.6300000749367253,
    0.6461810662854542,
    0.64,
    0.64,
    0.64,
    0.63,
    0.63,
    0.6399356762191368,
    0.6399356768653413,
    0.6399356819604967,
    0.6399354688427907,
    0.65,
    0.6300000999270533,
    0.63,
    0.630000072899641,
    0.63,
    0.6399796726845997,
    0.6399797321630017,
    0.6399797619047619,
    0.6300001369000863,
    0.6399797424140113,
    0.6300000888000231,
    0.6399237721278084,
    0.6399238258737602,
    0.649999980712161,
    0.63,
    0.65,
    0.6300001005641268,
    0.65,
    0.63,
    0.6300000609411843,
    0.6402301243587922,
    0.6300002364177976,
    0.6402301521971886,
    0.6402300406841889,
    0.65,
    0.649999991751267,
    0.63,
    0.6402538144519762,
    0.65,
    0.63,
    0.6446707363513253,
    0.6300001369000863,
    0.63,
    0.6399218747484346,
    0.6399217246180939,
    0.63,
    0.639921880094539,
    0.6300000888000231,
    0.6399958935756924,
    0.6399958528185794,
    0.6399958528185794,
    0.6399959436230721,
    0.65,
    0.6300000285323432,
    0.6401670298263218,
    0.63,
    0.64,
    0.64,
    0.64,
    0.6300001369000863,
    0.6300000888000231,
    0.63,
    0.6300001277579753,
    0.64,
    0.63,
    0.64,
    0.64,
    0.64,
    0.6300000229400009,
    0.64,
    0.6300001369000863,
    0.64,
    0.6300001005641268,
    0.64,
    0.6399104798209596,
    0.6399104877269057,
    0.6300000888000231,
    0.63,
    0.63,
    0.6399104892312556,
    0.6399104892312556,
    0.6399105242215117,
    0.6399104892312556,
    0.6499999627506972,
    0.6499999674999887,
    0.6399720732211052,
    0.6300000888000231,
    0.6300001369000863,
    0.6499999627506972,
    0.6300000842574482,
    0.6400202544209873,
    0.64,
    0.6400000029831311,
    0.6400000131334143,
    0.64,
    0.64,
    0.6499999820936595,
    0.65,
    0.6300000669524007,
    0.65,
    0.6499999856828166,
    0.6300000830038153,
    0.6300000712134052,
    0.65,
    0.6499999924942247,
    0.63,
    0.6300001618666462,
    0.6300000888000231,
    0.65,
    0.65,
    0.649999984813081,
    0.65,
    0.65,
    0.63,
    0.6499999593749923,
    0.65,
    0.65,
    0.6499999724576128,
    0.6300001369000863,
    0.6300000229400009,
    0.6300000776097777,
    0.6401866667386908,
    0.6300000229400009,
    0.63,
    0.6300000622191659,
    0.63,
    0.644193648285071,
    0.6399173818147739,
    0.6399173855846156,
    0.6399172201428426,
    0.6300000467984316,
    0.6300000325600037,
    0.64,
    0.64,
    0.64,
    0.6300001369000863,
    0.64,
    0.64,
    0.6300000657438172,
    0.64,
    0.6300000176190483,
    0.64,
    0.6300000510344904,
    0.64,
    0.6300000812878918,
    0.64,
    0.6300001369000863,
    0.64,
    0.64,
    0.63,
    0.63,
    0.64,
    0.64,
    0.64,
    0.6300000408275958,
    0.6300000542934998,
    0.64,
    0.6300000825751243,
    0.64,
    0.6300001369000863,
    0.6300001369000863,
    0.64,
    0.6300000727666766,
    0.64,
    0.64,
    0.64,
    0.6300000693750158,
    0.64,
    0.64,
    0.6399873270102139,
    0.6300001369000863,
    0.6499999818941409,
    0.6300000888000231,
    0.6300000711538667,
    0.6300000884782782,
    0.649999953237391,
    0.6400001296000829,
    0.64,
    0.65,
    0.6400001296000829,
    0.65,
    0.6400000792000222,
    0.64,
    0.64,
    0.64,
    0.64,
    0.6400001296000829,
    0.64,
    0.64,
    0.64,
    0.64,
    0.64,
    0.6499999746093694,
    0.6400000230400031,
    0.64,
    0.65,
    0.65,
    0.64,
    0.64,
    0.6599999932994891,
    0.6500000654205791,
    0.6500000829384083,
    0.6599999678831976,
    0.6500001225000797,
    0.6500001213873113,
    0.7099999583519345,
    0.65000000245,
    0.6599998943999641,
    0.650000070000021,
    0.6599999864615318,
    0.6500000676328699,
    0.66,
    0.6599999449999883,
    0.6500001166666926,
    0.650000061403525,
    0.6599999608219023,
    0.659999986426732,
    0.6500001009615579,
    0.6599999644117579,
    0.6400000657201025,
    0.6599826498958231,
    0.64,
    0.6499070674843339,
    0.6499070901848732,
    0.63,
    0.630218323732024,
    0.6302183236455041,
    0.64,
    0.66,
    0.6800951633781754,
    0.6800951629668085,
    0.6800951628094435,
    0.6800183545534437,
    0.6800183542467878,
    0.75,
    0.75,
    0.7399638501431285,
    0.7399579934528807,
    0.7399579916643756,
    0.7399579917178492
]
