[
    0.001,
    0.001,
    0.001,
    0.001,
    0.001,
    0.001,
    0.001,
    0.001,
    0.014,
    0.001,
    0.001,
    0.016,
    0.012,
    0.01,
    0.001,
    0.009,
    0.001,
    0.16,
    0.16,
    0.229,
    0.17,
    0.16999988609996242,
    0.07,
    0.01,
    0.07,
    0.07,
    0.07,
    0.05932198111174368,
    0.04,
    0.01,
    0.04,
    0.04,
    0.04,
    0.05,
    0.05,
    0.05979310202139325,
    0.0599999459999946,
    0.03674823878383389,
    0.005,
    0.005,
    0.005,
    0.024,
    0.019,
    0.01,
    0.01,
    0.002,
    0.002,
    0.01,
    0.002,
    0.008,
    0.008,
    0.01,
    0.002,
    0.002,
    0.002,
    0.002,
    0.002,
    0.002,
    0.002,
    0.002,
    0.002,
    0.002,
    0.004,
    0.004,
    0.004,
    0.003,
    0.003,
    0.005,
    0.005,
    0.005,
    0.005,
    0.003,
    0.009,
    0.002,
    0.01,
    0.01,
    0.01,
    0.01,
    0.01,
    0.01,
    0.02,
    0.01,
    0.01,
    0.01,
    0.01,
    0.01,
    0.01,
    0.01,
    0.01,
    0.01,
    0.02,
    0.03,
    0.02,
    0.02,
    0.02,
    0.02,
    0.03,
    0.03,
    0.03,
    0.05,
    0.04,
    0.05,
    0.05,
    0.09,
    0.08999999189999992,
    0.1,
    0.09000000151818535,
    0.09,
    0.1,
    0.11,
    0.12,
    0.11,
    0.11,
    0.11,
    0.1,
    0.12,
    0.12,
    0.12,
    0.12,
    0.12,
    0.15,
    0.15,
    0.15,
    0.15000001931819895,
    0.16,
    0.16,
    0.18,
    0.18000001640001606,
    0.15,
    0.09000005308350718,
    0.11000002002500456,
    0.08,
    0.06000002892334302,
    0.060000015040047885,
    0.060000019789577426,
    0.06000000094000056,
    0.08,
    0.06,
    0.0600000000376,
    0.06000000020766597,
    0.06,
    0.08,
    0.06,
    0.08,
    0.06,
    0.06,
    0.06,
    0.0600000000032534,
    0.06,
    0.10999999702999998,
    0.11,
    0.15,
    0.16,
    0.15,
    0.2,
    0.2,
    0.21,
    0.21000000010533684,
    0.2100000007184721,
    0.27,
    0.28,
    0.15,
    0.07000000930010221,
    0.08,
    0.10999996092104937,
    0.1099999677655654,
    0.11,
    0.11,
    0.12,
    0.12,
    0.18999997263999846,
    0.19,
    0.18999999863199998,
    0.25999995839999623,
    0.22,
    0.22,
    0.22000000580789403,
    0.22000000624000088,
    0.22,
    0.21,
    0.25,
    0.2,
    0.19,
    0.15,
    0.12,
    0.12,
    0.08,
    0.1299999789399992,
    0.08000002628575109,
    0.11,
    0.11000000056724042,
    0.11000000021707321,
    0.11000000056724042,
    0.11000001112500914,
    0.12,
    0.11,
    0.11,
    0.11,
    0.11,
    0.12000000112173384,
    0.11000000006771739,
    0.11,
    0.11,
    0.11,
    0.1,
    0.11,
    0.1,
    0.11999998991999984,
    0.09,
    0.07,
    0.07,
    0.09,
    0.06000000002911975,
    0.08,
    0.09,
    0.09,
    0.08,
    0.06,
    0.07,
    0.1,
    0.09,
    0.08,
    0.09,
    0.12,
    0.09428395241672366,
    0.05,
    0.05,
    0.05,
    0.05,
    0.05,
    0.05,
    0.05,
    0.03,
    0.06,
    0.06,
    0.07,
    0.08,
    0.08,
    0.13,
    0.13,
    0.13000000138866746,
    0.15000000339186034,
    0.14,
    0.14,
    0.16,
    0.15,
    0.14,
    0.15,
    0.15000000339186034,
    0.15,
    0.16,
    0.17999995199999597,
    0.18,
    0.16000000134078224,
    0.16000000134078224,
    0.2,
    0.2,
    0.2,
    0.21,
    0.24,
    0.26,
    0.2999999819999993,
    0.3,
    0.23000000010826852,
    0.24,
    0.27,
    0.27,
    0.25,
    0.28,
    0.31,
    0.3,
    0.2999999924999998,
    0.299999819999928,
    0.29,
    0.3099998294999233,
    0.31,
    0.31,
    0.2994927536231884,
    0.3,
    0.3,
    0.35,
    0.35,
    0.35,
    0.36,
    0.37,
    0.33,
    0.37,
    0.27000000595023665,
    0.28,
    0.28,
    0.3,
    0.31,
    0.31000000414414447,
    0.31000000414414447,
    0.33,
    0.357519906951776,
    0.34999996854574933,
    0.34999994749999036,
    0.35,
    0.33000000368592153,
    0.4,
    0.41000015340011353,
    0.41,
    0.36,
    0.36,
    0.35,
    0.32,
    0.31,
    0.3399999632799966,
    0.305,
    0.3,
    0.3075,
    0.3099998294999233,
    0.32,
    0.35,
    0.379999998695858,
    0.36,
    0.36,
    0.36,
    0.3300000028140001,
    0.35,
    0.35,
    0.359999992150644,
    0.39,
    0.38999999024999976,
    0.38,
    0.37,
    0.3599999753142839,
    0.34,
    0.340000000704,
    0.37,
    0.35,
    0.33944625786896715,
    0.29000000770188855,
    0.3,
    0.31431340872374797,
    0.32,
    0.31,
    0.32,
    0.32,
    0.29,
    0.3213270906986867,
    0.3099999960621621,
    0.32,
    0.339999829999915,
    0.34,
    0.3200000020971474,
    0.3200000046463959,
    0.3200000046463959,
    0.3200000553488649,
    0.32,
    0.31,
    0.25,
    0.28,
    0.31,
    0.31,
    0.32,
    0.32,
    0.31,
    0.25,
    0.25,
    0.23000000259806022,
    0.24818329825676053,
    0.23,
    0.23,
    0.22,
    0.23999991839998694,
    0.2100000079340045,
    0.21000000851617093,
    0.21,
    0.2,
    0.2,
    0.2,
    0.22999996917999796,
    0.2399998559999424,
    0.19000002592001472,
    0.23,
    0.22,
    0.22,
    0.22,
    0.22,
    0.21,
    0.19000000519971558,
    0.1800000035092731,
    0.19,
    0.18000000851279457,
    0.19000000145317555,
    0.19,
    0.18000000055126053,
    0.1900000068850003,
    0.19,
    0.18000001379775663,
    0.19000000145317555,
    0.19000002592001472,
    0.2,
    0.19,
    0.18000000033269378,
    0.19,
    0.19000002592001472,
    0.18,
    0.18,
    0.19,
    0.18,
    0.18,
    0.19,
    0.19000002430009647,
    0.18000001778501432,
    0.19,
    0.1900000068850003,
    0.19000000145317555,
    0.19000000145317555,
    0.18000000006970254,
    0.18,
    0.19,
    0.19000002430009647,
    0.19,
    0.19000000063116884,
    0.19,
    0.1900000068850003,
    0.19000002430009647,
    0.19000002430009647,
    0.18,
    0.17000001106830956,
    0.25,
    0.2999999742857128,
    0.26,
    0.28,
    0.27,
    0.25,
    0.2800000011735942,
    0.28000013967053466,
    0.2700000002974735,
    0.24000000619396974,
    0.27,
    0.26999998055999946,
    0.25,
    0.25,
    0.22000000128978928,
    0.280000003571724,
    0.31,
    0.3200000011244316,
    0.3,
    0.3,
    0.2900000047333335,
    0.28,
    0.27000000031626115,
    0.28000000612331716,
    0.28000002354223996,
    0.2800000261818315,
    0.28000000612331716,
    0.28000000612331716,
    0.3,
    0.2700000010960962,
    0.28956521739130436,
    0.23594122899586006,
    0.27,
    0.23,
    0.20999997395999803,
    0.2099999285999886,
    0.18,
    0.24,
    0.22,
    0.24,
    0.23,
    0.21,
    0.24,
    0.26,
    0.26000000627602177,
    0.26,
    0.23,
    0.23000000063263407,
    0.2300000006788627,
    0.26999985419993294,
    0.24,
    0.24,
    0.23,
    0.22000000325869085,
    0.24,
    0.24,
    0.25,
    0.25,
    0.25,
    0.25,
    0.24000000124794754,
    0.24,
    0.25,
    0.24000000693747203,
    0.25,
    0.27,
    0.28,
    0.289999866599928,
    0.28,
    0.28,
    0.28,
    0.28,
    0.2800001440004032,
    0.29799733333333334,
    0.29,
    0.29,
    0.3,
    0.3,
    0.3,
    0.31,
    0.38,
    0.38,
    0.36,
    0.35000000427631606,
    0.36,
    0.32,
    0.32,
    0.32,
    0.32999999676664665,
    0.32,
    0.33,
    0.33,
    0.33,
    0.33,
    0.33,
    0.33,
    0.33,
    0.33,
    0.34,
    0.37,
    0.36,
    0.37,
    0.3700000004404255,
    0.370000018900007,
    0.37,
    0.3700000058640228,
    0.37,
    0.37000000003565997,
    0.37,
    0.3700000058640228,
    0.37000000850500075,
    0.3700000058640228,
    0.37,
    0.36,
    0.36,
    0.36,
    0.36,
    0.36,
    0.36,
    0.37,
    0.36,
    0.3400000000812156,
    0.36,
    0.36,
    0.35,
    0.36,
    0.34,
    0.36,
    0.35,
    0.36,
    0.3400000046200002,
    0.34,
    0.34,
    0.33,
    0.34,
    0.33,
    0.34,
    0.33,
    0.33,
    0.3200000036266668,
    0.33,
    0.32,
    0.3200001088000914,
    0.32,
    0.32,
    0.32,
    0.33,
    0.31,
    0.3,
    0.31,
    0.31,
    0.31,
    0.3191476882430647,
    0.3,
    0.3,
    0.3,
    0.31,
    0.30000002800000447,
    0.3,
    0.3,
    0.3,
    0.3,
    0.3,
    0.3,
    0.3,
    0.3,
    0.2900001183333925,
    0.290000001988,
    0.29000000318957797,
    0.29000000318957797,
    0.2900000213000085,
    0.29,
    0.2900000025539922,
    0.29000000318957797,
    0.29,
    0.29,
    0.29000000318957797,
    0.3,
    0.3,
    0.29000001846000134,
    0.29,
    0.29,
    0.29,
    0.29,
    0.29,
    0.28,
    0.3,
    0.32,
    0.3,
    0.32,
    0.33,
    0.33,
    0.32000000004396806,
    0.33,
    0.33,
    0.34,
    0.36,
    0.35,
    0.35,
    0.36,
    0.36,
    0.36,
    0.369999999593,
    0.37,
    0.37,
    0.37,
    0.36,
    0.36,
    0.36,
    0.36,
    0.35,
    0.35,
    0.34,
    0.34,
    0.35,
    0.34,
    0.34,
    0.33000001608000123,
    0.34,
    0.33000000289070003,
    0.34,
    0.34,
    0.34,
    0.34,
    0.33000000289070003,
    0.35,
    0.359999998704,
    0.36,
    0.36,
    0.36,
    0.36,
    0.36,
    0.36,
    0.3626952,
    0.36,
    0.37,
    0.370000009060403,
    0.37,
    0.37,
    0.37,
    0.37,
    0.37,
    0.37,
    0.37,
    0.37,
    0.37,
    0.37,
    0.38,
    0.37,
    0.37,
    0.37,
    0.37,
    0.37,
    0.4,
    0.36,
    0.39,
    0.38,
    0.39,
    0.39,
    0.4099999835999974,
    0.4,
    0.4,
    0.4,
    0.4,
    0.4,
    0.4,
    0.4,
    0.4000000018897638,
    0.4,
    0.4,
    0.4,
    0.4,
    0.4,
    0.4,
    0.40000000150000004,
    0.4,
    0.4,
    0.41738556745246297,
    0.4,
    0.4,
    0.4,
    0.41,
    0.39000000061000006,
    0.3900004575053757,
    0.4,
    0.4,
    0.4,
    0.4,
    0.4099999835999974,
    0.4099999909799993,
    0.41802835315469994,
    0.4,
    0.4,
    0.4,
    0.4000000028570069,
    0.4,
    0.4,
    0.39000000002333657,
    0.4,
    0.4,
    0.4,
    0.4,
    0.40000000600000024,
    0.4,
    0.4,
    0.4,
    0.40999999304727625,
    0.4,
    0.3900000041531916,
    0.4,
    0.39000002135000994,
    0.39,
    0.3800000372000052,
    0.39,
    0.38000000111190246,
    0.39,
    0.3899998478999072,
    0.389999998245,
    0.39,
    0.39,
    0.39,
    0.39,
    0.39,
    0.39,
    0.39,
    0.39,
    0.39,
    0.39,
    0.39,
    0.39,
    0.39,
    0.39,
    0.39,
    0.39,
    0.39,
    0.39,
    0.39,
    0.39,
    0.39,
    0.39,
    0.39,
    0.38999998120909013,
    0.38000000043946075,
    0.38,
    0.38,
    0.38,
    0.38,
    0.38,
    0.38,
    0.3800000009099458,
    0.3899999880943563,
    0.3899999960105393,
    0.37000000502079033,
    0.38000000580524396,
    0.38999998120909013,
    0.3899999990803493,
    0.3899999859599991,
    0.38,
    0.37,
    0.37,
    0.36,
    0.37,
    0.37,
    0.36,
    0.37,
    0.3699998670311939,
    0.37,
    0.36,
    0.37,
    0.38,
    0.36,
    0.37,
    0.36,
    0.36,
    0.36,
    0.35,
    0.35,
    0.35,
    0.34,
    0.3400000059459461,
    0.3400000050859515,
    0.34,
    0.34000007333340665,
    0.34000001358670023,
    0.3499999951469772,
    0.34000000487324644,
    0.34000000536585473,
    0.340000000495,
    0.34999999299649803,
    0.34,
    0.340000004142569,
    0.34999999183333297,
    0.34999999467478116,
    0.3499999562499945,
    0.3499998774999204,
    0.3400000023760001,
    0.34,
    0.34,
    0.34,
    0.3300000028140001,
    0.3300000804000707,
    0.3300000001392173,
    0.33,
    0.33,
    0.33,
    0.3300000046962622,
    0.3300000008246154,
    0.35,
    0.35,
    0.3400000048328047,
    0.34999999895,
    0.34000000859135315,
    0.34999999648359004,
    0.3499998627450173,
    0.3300000047035885,
    0.3300000804000707,
    0.33000000067,
    0.33,
    0.33,
    0.34999987166662816,
    0.3300000028140001,
    0.339999829999915,
    0.3399999857199992,
    0.3499999922222221,
    0.33,
    0.3300000804000707,
    0.33,
    0.3300000159735138,
    0.3300000804000707,
    0.3300000036837001,
    0.34999999521263364,
    0.34,
    0.3300000015073117,
    0.3300000120057815,
    0.3300000375200129,
    0.33000000055938217,
    0.3499999481481366,
    0.33,
    0.33,
    0.33000000034457144,
    0.33000000045859,
    0.34,
    0.3300000012889122,
    0.3300000093952688,
    0.330000029315537,
    0.33,
    0.3499999944148935,
    0.3400000027831326,
    0.34999987399994453,
    0.3499999695357801,
    0.3400000029376857,
    0.34999998159655754,
    0.34,
    0.34,
    0.34999996911764375,
    0.34,
    0.33000007816678784,
    0.3300000067000044,
    0.33000003416432355,
    0.33,
    0.33,
    0.33000000879925273,
    0.3399999594385871,
    0.3300000804000707,
    0.3300000022711866,
    0.34999996585365356,
    0.34999982051275913,
    0.34,
    0.3300000014657624,
    0.34999999642776136,
    0.34,
    0.34,
    0.34,
    0.33000000336943913,
    0.34,
    0.34,
    0.34,
    0.33000012090241565,
    0.3300000804000707,
    0.3399999632799966,
    0.33,
    0.330000000551021,
    0.34,
    0.34,
    0.33,
    0.34,
    0.34000003960001346,
    0.34000003960001346,
    0.35,
    0.35,
    0.35,
    0.35,
    0.3499999724409416,
    0.34,
    0.34000003992139477,
    0.3499999709715595,
    0.34,
    0.34000000348355675,
    0.3599999500990045,
    0.34000000258823554,
    0.3400000321168024,
    0.3400000019362951,
    0.3400000320149298,
    0.35362832351192147,
    0.3499999740953924,
    0.34999999754999994,
    0.34999999542227195,
    0.340000003088442,
    0.3400000046200002,
    0.34999999518749997,
    0.3400000158400012,
    0.35,
    0.35,
    0.3400000079531496,
    0.34,
    0.34,
    0.34,
    0.34,
    0.34999998985833836,
    0.34999997617574125,
    0.3400000046200002,
    0.34,
    0.34,
    0.3400000285826872,
    0.3400000019555557,
    0.3400000149690749,
    0.3400000313663413,
    0.34,
    0.34,
    0.3499998774999204,
    0.34,
    0.34,
    0.349999994431818,
    0.34000000318840595,
    0.34000000088000004,
    0.349999999125,
    0.34000003681276164,
    0.34000007040003943,
    0.34000003130435874,
    0.34,
    0.34000002905662075,
    0.3400000158400012,
    0.34,
    0.3400000313663413,
    0.34000000742500036,
    0.34,
    0.34000000586666695,
    0.3499999842499991,
    0.35,
    0.34000002145000197,
    0.3400000023760001,
    0.340000001017694,
    0.34,
    0.34000000102974565,
    0.34,
    0.35,
    0.35,
    0.35,
    0.34000007700011936,
    0.3400001056000359,
    0.34,
    0.34,
    0.34999994749999036,
    0.34000000521052653,
    0.34999994749999036,
    0.3499998774999204,
    0.34000000586666695,
    0.3400000027500001,
    0.34,
    0.3400000746945925,
    0.34000000880000103,
    0.34000002430940035,
    0.34,
    0.34999994067795603,
    0.3499999611111058,
    0.3400000526087105,
    0.34999999754999994,
    0.34000003960001346,
    0.34,
    0.3499999922222221,
    0.34,
    0.34,
    0.3399999911599998,
    0.34,
    0.3399999814545448,
    0.34,
    0.33000000216390796,
    0.33999998753333277,
    0.3399999857199992,
    0.339999985493333,
    0.34,
    0.34,
    0.33000000067,
    0.339999985493333,
    0.3300000050250002,
    0.33999999895733335,
    0.34,
    0.34,
    0.34,
    0.34,
    0.34,
    0.33999999045177015,
    0.3399999437409963,
    0.34,
    0.3300000050250002,
    0.33999995686566103,
    0.33000003402802525,
    0.3300000804000707,
    0.33000003970373076,
    0.34,
    0.33999999673637293,
    0.3300000823770728,
    0.33,
    0.33,
    0.33,
    0.33,
    0.34,
    0.33,
    0.3300000032224233,
    0.33,
    0.34,
    0.33,
    0.330000012355267,
    0.34,
    0.34,
    0.3300000804000707,
    0.3399999931999999,
    0.33,
    0.33000044666785777,
    0.33,
    0.33000000234304755,
    0.34,
    0.3300000329017914,
    0.34,
    0.34,
    0.34,
    0.34,
    0.33,
    0.33,
    0.31999993564489226,
    0.34,
    0.33949330528874183,
    0.32,
    0.31000000182700826,
    0.3199200541122013,
    0.3100000414000389,
    0.3100000746753489,
    0.31,
    0.31013119533527694,
    0.310000005376188,
    0.319951047440789,
    0.31004882162030695,
    0.31000000227686497,
    0.31,
    0.31995112003151116,
    0.3100487934336551,
    0.3100487764611929,
    0.3199413975715034,
    0.31000000446602227,
    0.31000000103500003,
    0.3100926720198,
    0.3100778900298392,
    0.3100000005908331,
    0.3100922544638991,
    0.310092353106219,
    0.31013969163796984,
    0.31013955337319726,
    0.3198753592960115,
    0.3101395533973826,
    0.3198943975283021,
    0.31010553795874085,
    0.3100779028907767,
    0.3101084731204801,
    0.3101055765976766,
    0.310108344415794,
    0.3198925301317196,
    0.3198601224703985,
    0.31007872666817216,
    0.3101570680628272,
    0.3101315912009531,
    0.31007796826588224,
    0.3198685496854886,
    0.3101315994464759,
    0.31992192732743674,
    0.3199204828320999,
    0.31010263566388824,
    0.31000007819525355,
    0.3101026384821815,
    0.3199939463045412,
    0.31000000528735727,
    0.32,
    0.32,
    0.31000001311000236,
    0.31000000828000324,
    0.31,
    0.31000005058655106,
    0.31,
    0.32,
    0.31000000745200024,
    0.3100000443967919,
    0.3100000109523833,
    0.32,
    0.31,
    0.31001498428979685,
    0.31,
    0.3100000012391541,
    0.32,
    0.31001500993647585,
    0.32,
    0.32,
    0.32,
    0.32986074930867904,
    0.32,
    0.32,
    0.3200113866396761,
    0.32,
    0.3200256191289496,
    0.32,
    0.3201168857249415,
    0.32,
    0.32001006936754023,
    0.3201391040447947,
    0.32,
    0.32,
    0.32,
    0.3201391492200654,
    0.3201170759565962,
    0.3201168833896183,
    0.32002563326982053,
    0.3201426049828023,
    0.3299965566499828,
    0.3201421991050349,
    0.3299742688163405,
    0.3201422537193392,
    0.3299629157941484,
    0.3298579286485733,
    0.3299160434302319,
    0.32001009903619415,
    0.32001008880337545,
    0.32001006938913706,
    0.3200100693765717,
    0.32008364312267656,
    0.3200101073717855,
    0.3299378121057478,
    0.320014849044309,
    0.32001006954277983,
    0.3200148490609264,
    0.3200621118012422,
    0.3299377706804433,
    0.32994501473681276,
    0.3200149505652039,
    0.32012142741975985,
    0.3298786965084527,
    0.3201213447770541,
    0.3200148672008904,
    0.3299850833212675,
    0.3200149964530448,
    0.3200148500042636,
    0.32001007633339473,
    0.32001484687083886,
    0.3200148490628977,
    0.3200149052881814,
    0.32999826373749347,
    0.32998495945652967,
    0.32997793057993247,
    0.3200000008430623,
    0.32012212243272914,
    0.32989468888338613,
    0.32000000453333405,
    0.32000001990244814,
    0.32,
    0.32,
    0.32,
    0.32000007846168027,
    0.32000002720000437,
    0.3200000068686885,
    0.3200000054400005,
    0.32000005964914374,
    0.3201052631578947,
    0.32000000766904724,
    0.32989323972472856,
    0.32013761467889906,
    0.32,
    0.32999392566455615,
    0.32000883218842,
    0.32999989523804535,
    0.3299997981552673,
    0.32999999549616144,
    0.3299999635971176,
    0.32999994124628385,
    0.3299998577585594,
    0.32999995950391087,
    0.3299999970252792,
    0.3299998949253543,
    0.32999984522117454,
    0.32999978219992593,
    0.32999991391301914,
    0.32999992826086116,
    0.3299999251388712,
    0.3299999178113102,
    0.32999999127146157,
    0.3299999254444337,
    0.3299998032691589,
    0.32999993024388885,
    0.3299999590799969,
    0.32999996382549923,
    0.32999994538731375,
    0.32999978762368876,
    0.3299999195624693,
    0.32999995568570756,
    0.3299999063225468,
    0.32999994133331767,
    0.32999978219992593,
    0.32999992957314284,
    0.32999978219992593,
    0.3299998274311246,
    0.32000004029630885,
    0.32,
    0.33,
    0.33,
    0.33,
    0.33,
    0.330000182727389,
    0.3399999911599998,
    0.33,
    0.33,
    0.3300000084866677,
    0.33999984353975654,
    0.33999999467759956,
    0.3300000804000707,
    0.33,
    0.33000004030076463,
    0.33,
    0.33,
    0.33,
    0.33000000008625796,
    0.34,
    0.34,
    0.34,
    0.34999386643804997,
    0.3499937955588929,
    0.3499939312350155,
    0.3499939276023199,
    0.34999396408586597,
    0.34999391471235314,
    0.349994,
    0.34999395464853383,
    0.34999387510106084,
    0.34999392978898636,
    0.34999384144859896,
    0.340006943417728,
    0.34006,
    0.3499179116673934,
    0.3400600279253272,
    0.34008221770178,
    0.34008206680165465,
    0.34993991653929263,
    0.3400600325790581,
    0.3499398868512411,
    0.3499939601030809,
    0.34000699831047587,
    0.340006943669147,
    0.3400069642479061,
    0.340006942901522,
    0.34000696167786826,
    0.34000694286154626,
    0.34002401924915004,
    0.34002405873614133,
    0.3400240193602755,
    0.3301573679274836,
    0.3301801251731973,
    0.33015740624239703,
    0.3498761208190003,
    0.3498425357172094,
    0.3301800237494362,
    0.34983126754951294,
    0.3300895427491567,
    0.34991040994624595,
    0.33008950947238735,
    0.33008946407157125,
    0.3499162884686844,
    0.33000679061041943,
    0.33000682804330544,
    0.3300068138375171,
    0.3300000375200129,
    0.34987646079820217,
    0.34006415113962274,
    0.34,
    0.3400063848475113,
    0.33000000108740335,
    0.34,
    0.34012345679012346,
    0.3400641331704485,
    0.3400064483981593,
    0.34999684792835606,
    0.3301139434240332,
    0.330006559199433,
    0.33007458979575044,
    0.3301385108544682,
    0.34000003960001346,
    0.3498891709128704,
    0.34,
    0.34,
    0.34,
    0.3400000158400012,
    0.3301138540770692,
    0.34034033019646565,
    0.3301137806826841,
    0.3301512605042017,
    0.33007459704547587,
    0.34997851846741046,
    0.3300745787347706,
    0.3499254136986781,
    0.34004719454640797,
    0.34002909796314257,
    0.340009,
    0.3499908151156383,
    0.34997707699954156,
    0.34000000639427685,
    0.34,
    0.34,
    0.3400060036102287,
    0.34004333269764075,
    0.3400091759519477,
    0.34995651785917387,
    0.34004741833508956,
    0.3400093200364482,
    0.34995896741414423,
    0.34004844260928313,
    0.3400888450148075,
    0.34000924205330896,
    0.3499418043109624,
    0.34004843196865064,
    0.34995687054300467,
    0.34995132643457466,
    0.3400091862724083,
    0.34001178110624986,
    0.3400117021114569,
    0.3400121154078554,
    0.34011896646999984,
    0.3400116448954817,
    0.34011892930056536,
    0.34011891923128884,
    0.3499877361921189,
    0.34997583468159954,
    0.3400121490612197,
    0.3499878812454555,
    0.3400116369340575,
    0.3499833579420965,
    0.34001176100217995,
    0.3400132516531861,
    0.34000601043205997,
    0.3498814600427975,
    0.3400133317447322,
    0.3400424605611789,
    0.3400601443919014,
    0.3400642360447938,
    0.3400212273614944,
    0.3400060014102608,
    0.3401188903566711,
    0.34997248273354675,
    0.349922136651094,
    0.3400643558767077,
    0.3401216243736315,
    0.34987806265722854,
    0.3400642211138443,
    0.34993577337407095,
    0.3400642753705297,
    0.34006004381575744,
    0.34006,
    0.34006003445907473,
    0.34018,
    0.3400424328401702,
    0.3498370752494134,
    0.3400424330523397,
    0.3400212286901089,
    0.3499789884267307,
    0.3400060064169804,
    0.34000003960001346,
    0.35,
    0.33014175691280906,
    0.33001800432526,
    0.33014950252934055,
    0.35,
    0.3301495308697548,
    0.349999943548376,
    0.3499997961164257,
    0.3399973195720619,
    0.3301495107651161,
    0.33014178225879237,
    0.33001802189458096,
    0.33999914285714283,
    0.33000004476616396,
    0.330006,
    0.33,
    0.34999399460287245,
    0.3300956769800965,
    0.33000000066329843,
    0.34,
    0.34995279063607754,
    0.3499528438071408,
    0.3300001340001008,
    0.33,
    0.33,
    0.3300000050250002,
    0.3499528940989353,
    0.3300000268000056,
    0.33,
    0.330000170158822,
    0.3400472308297831,
    0.33000000225586823,
    0.34004702195402314,
    0.3400471284269044,
    0.34,
    0.3400001436657759,
    0.349994,
    0.34,
    0.3499938570001354,
    0.34,
    0.3400198770285811,
    0.3400198680039736,
    0.34001990130859094,
    0.34987386567521817,
    0.349947314792066,
    0.3499472912220804,
    0.34994566785885795,
    0.33001058585199056,
    0.3300104743346149,
    0.3300106260527229,
    0.33001049875157334,
    0.3300303805578589,
    0.3499186404006485,
    0.3300301528454702,
    0.3300301696728958,
    0.33003013153187954,
    0.34,
    0.349914323152908,
    0.33003015537286207,
    0.3499143076390017,
    0.3300301730596116,
    0.33001046423208763,
    0.33008564751569325,
    0.33001438524243365,
    0.3300855635769739,
    0.33008559318950564,
    0.330010540543346,
    0.34991386696670523,
    0.3300105554139182,
    0.33009011473136135,
    0.3300900305586193,
    0.3300106073580538,
    0.3499895049968515,
    0.3300104888157804,
    0.3300104883860311,
    0.3499803292945723,
    0.34994898937162977,
    0.33001903411739564,
    0.33000000049272,
    0.33005092858030116,
    0.33005088934080684,
    0.3499807677052106,
    0.3499758217045787,
    0.3300190320076128,
    0.33001911417930546,
    0.33000000837500126,
    0.33,
    0.3300293353246339,
    0.3300060000039232,
    0.330029478761892,
    0.3499444270697019,
    0.33002935996732974,
    0.3301750972762646,
    0.33000600668674224,
    0.330006137156058,
    0.34999397942990956,
    0.349993915612215,
    0.3499939716100794,
    0.3499938178604302,
    0.3300060022262299,
    0.330006137156058,
    0.34993528710795024,
    0.3401226355335355,
    0.34000600084134597,
    0.34,
    0.3300000001695234,
    0.340122640706874,
    0.3400060338442324,
    0.3499999649999977,
    0.33999399636270455,
    0.33009300463925445,
    0.3300902131715435,
    0.3399938682791654,
    0.33995947564375556,
    0.339878141041941,
    0.33000602016927877,
    0.3300060350357743,
    0.33,
    0.33000020059931434,
    0.33,
    0.3399939311052953,
    0.3399939320808848,
    0.3300000110780452,
    0.33,
    0.34,
    0.340006,
    0.34000020910905165,
    0.34999984855761224,
    0.3400001922331404,
    0.3400000526087105,
    0.34,
    0.3499999432153317,
    0.34,
    0.34,
    0.3400000026400002,
    0.3499998774999204,
    0.34000003473687684,
    0.3400000308000037,
    0.34000001103064664,
    0.34,
    0.34,
    0.34,
    0.35,
    0.35,
    0.3500000325000114,
    0.3599997902911807,
    0.3500000325000114,
    0.35000014772750776,
    0.35,
    0.35000005803581274,
    0.36,
    0.35,
    0.35,
    0.35999992079997784,
    0.35000005342468243,
    0.35999987039991704,
    0.36,
    0.35,
    0.35,
    0.36,
    0.35,
    0.35,
    0.35999997695999686,
    0.35000000325675784,
    0.35,
    0.35999999308799985,
    0.36,
    0.35000011948544785,
    0.35,
    0.35,
    0.36,
    0.36,
    0.36,
    0.36,
    0.36,
    0.36,
    0.36,
    0.3699998962616144,
    0.37,
    0.36,
    0.36,
    0.36,
    0.37,
    0.36,
    0.37,
    0.36,
    0.36,
    0.37,
    0.36,
    0.369999996441107,
    0.36,
    0.36,
    0.36,
    0.36,
    0.36,
    0.37,
    0.36,
    0.36,
    0.36,
    0.36,
    0.36,
    0.37,
    0.36,
    0.36,
    0.37,
    0.36999986309991373,
    0.36,
    0.36,
    0.36,
    0.36999996743999636,
    0.36,
    0.36,
    0.36,
    0.35,
    0.34573551401869157,
    0.34,
    0.339995495,
    0.34,
    0.330006137156058,
    0.33,
    0.33005486184873145,
    0.33001800208573134,
    0.33,
    0.33000600050023005,
    0.3399999976590164,
    0.339999099,
    0.3300550628845073,
    0.3399970648967552,
    0.33001801648732026,
    0.3399817973563669,
    0.3300180359325086,
    0.33998197687183745,
    0.33998195390873454,
    0.3399939893059084,
    0.3300060029465738,
    0.3399939786688793,
    0.33994880115855525,
    0.3398473064525173,
    0.33,
    0.3300000804000707,
    0.33984741859275813,
    0.3398474859335398,
    0.33,
    0.35,
    0.3300001833021825,
    0.3300000647734468,
    0.3300000804000707,
    0.3300000804000707,
    0.34999980909083966,
    0.3300000067000044,
    0.3300000804000707,
    0.3300000804000707,
    0.33,
    0.35,
    0.3398871228671186,
    0.33988703492082156,
    0.33000007730783204,
    0.3499998923076426,
    0.33000001608000123,
    0.33,
    0.3401763553233181,
    0.33,
    0.3300000693433685,
    0.34999990962439403,
    0.3499998774999204,
    0.3300000287142982,
    0.3300000028586667,
    0.330000077767987,
    0.3300000804000707,
    0.34999980909083966,
    0.3300000244270888,
    0.34001291440684145,
    0.35,
    0.3400129148932561,
    0.3499998349055825,
    0.3300000463522272,
    0.330000030180206,
    0.34999991599998653,
    0.3499998774999204,
    0.3499999245097906,
    0.349999821759185,
    0.3300002305262915,
    0.330000030180206,
    0.34,
    0.34,
    0.34,
    0.35,
    0.3499997961164257,
    0.340000089491665,
    0.3499998774999204,
    0.3499997961164257,
    0.34,
    0.3400001056000359,
    0.34,
    0.34,
    0.3499998774999204,
    0.34,
    0.3400001603739427,
    0.34000003960001346,
    0.35,
    0.3499998774999204,
    0.34000007040003943,
    0.3499998793102824,
    0.3499998665253615,
    0.35,
    0.3499998094058557,
    0.3499999270833148,
    0.3499999614999965,
    0.3400001296430632,
    0.34,
    0.3490271650382575,
    0.33000027743355465,
    0.33,
    0.33000001725995676,
    0.3300001290827808,
    0.3300000804000707,
    0.339999829999915,
    0.34,
    0.3300000375200129,
    0.33,
    0.3300000134039333,
    0.34,
    0.3399998994782032,
    0.339999829999915,
    0.33000017601705206,
    0.3399999857199992,
    0.33999986642850466,
    0.3300001290827808,
    0.33000001608000123,
    0.33,
    0.33,
    0.3300000804000707,
    0.3499999842499991,
    0.33,
    0.3499999842499991,
    0.34007331425768067,
    0.3499998715595623,
    0.34007316920964775,
    0.3300000804000707,
    0.34,
    0.34,
    0.34972402258228497,
    0.3300000062379312,
    0.3300000018272729,
    0.33,
    0.3300000040798791,
    0.3300000050250002,
    0.33978896290126287,
    0.3397889783294202,
    0.33,
    0.3401565334418784,
    0.33000012715316773,
    0.3300000804000707,
    0.3300005612181023,
    0.34,
    0.3499998923076426,
    0.3400000424437408,
    0.33000008216984,
    0.3499999894999998,
    0.3300000804000707,
    0.34999990655337765,
    0.33988335683884235,
    0.33000001316953936,
    0.34086955778601125,
    0.3399999857199992,
    0.33,
    0.3300000804000707,
    0.35,
    0.35,
    0.3300000804000707,
    0.33,
    0.34,
    0.3200000000746762,
    0.32,
    0.33,
    0.33,
    0.32,
    0.34,
    0.33,
    0.33,
    0.33,
    0.32,
    0.34,
    0.34,
    0.340000061991252,
    0.34,
    0.34000003960001346,
    0.3499998870967378,
    0.34,
    0.3499998541666059,
    0.34,
    0.34,
    0.34,
    0.34,
    0.34999994749999036,
    0.34000006078950806,
    0.34,
    0.3400000144000023,
    0.34,
    0.35,
    0.35,
    0.35,
    0.330000411048997,
    0.34,
    0.34,
    0.3400000011773185,
    0.34,
    0.340000001843919,
    0.34,
    0.34000000202516123,
    0.34,
    0.3400000022664446,
    0.34,
    0.34,
    0.34,
    0.34,
    0.35,
    0.3499999151982211,
    0.3400001440002304,
    0.34,
    0.3400000158400012,
    0.34,
    0.34000003651064403,
    0.34000004248276566,
    0.35999987039991704,
    0.3599999890160178,
    0.36,
    0.35999987039991704,
    0.35,
    0.35,
    0.35,
    0.35,
    0.35,
    0.35,
    0.35,
    0.35,
    0.3451408166100131,
    0.349999929999979,
    0.3300000804000707,
    0.34000904160494516,
    0.3300000804000707,
    0.33,
    0.34014415225265116,
    0.3499999614999965,
    0.35,
    0.3401439718290509,
    0.34014415225265116,
    0.34014415225265116,
    0.3499998774999204,
    0.3499999858965745,
    0.34014397269568003,
    0.3499999405660254,
    0.3499999839583327,
    0.3300000086266167,
    0.3300000804000707,
    0.33999999670303027,
    0.3300000804000707,
    0.3300000804000707,
    0.33,
    0.33999993036141807,
    0.34595696890564676,
    0.339999829999915,
    0.3300000375200129,
    0.3300000067000044,
    0.33000008104844264,
    0.33000000019142856,
    0.3399999053608023,
    0.3399999879210523,
    0.3399999929733332,
    0.3300000804000707,
    0.3300000026800002,
    0.33000007816678784,
    0.339999985493333,
    0.3300000026934675,
    0.3399999396774057,
    0.34,
    0.34,
    0.34,
    0.3400000684444627,
    0.3400000277310971,
    0.349999929999979,
    0.34000003492065156,
    0.34,
    0.34000009064380327,
    0.3499998774999204,
    0.35,
    0.35,
    0.3300000804000707,
    0.34,
    0.34,
    0.34999999619565214,
    0.3400258992883833,
    0.34,
    0.35,
    0.3400259132329081,
    0.33000000314554134,
    0.3300000804000707,
    0.3499999614999965,
    0.33000001890282277,
    0.34999999533333326,
    0.33,
    0.3499999457964446,
    0.34,
    0.33,
    0.3499998774999204,
    0.34010979525966173,
    0.34010978974510686,
    0.34,
    0.34,
    0.34,
    0.34,
    0.3499998774999204,
    0.34,
    0.33000003631438085,
    0.35,
    0.33,
    0.35,
    0.34,
    0.3499999372509823,
    0.3300000017478261,
    0.330000077767987,
    0.34,
    0.3300000497714533,
    0.34999992473115854,
    0.34,
    0.3300000297777812,
    0.339999829999915,
    0.34,
    0.34,
    0.34,
    0.34,
    0.34,
    0.33,
    0.33,
    0.33,
    0.33,
    0.33,
    0.339999829999915,
    0.339999829999915,
    0.3300000159523853,
    0.3399999051162504,
    0.339999829999915,
    0.34,
    0.34,
    0.34,
    0.34,
    0.34,
    0.33,
    0.33,
    0.33,
    0.33,
    0.33,
    0.3399999929733332,
    0.3399999814545448,
    0.33000004322585946,
    0.33,
    0.33,
    0.33,
    0.33,
    0.33,
    0.3300000012683317,
    0.3300000050250002,
    0.33999991365076987,
    0.34,
    0.34,
    0.34,
    0.33,
    0.33,
    0.33,
    0.3300000026758377,
    0.33,
    0.3300001182521356,
    0.34,
    0.34,
    0.34,
    0.33,
    0.33,
    0.33,
    0.3300000067000044,
    0.33999994106665726,
    0.3399998947096421,
    0.339999829999915,
    0.3300000050250002,
    0.3399999632799966,
    0.34,
    0.3399999911599998,
    0.33000000038844046,
    0.3300000804000707,
    0.33000000134,
    0.3300000472699643,
    0.3300000038903228,
    0.34,
    0.34,
    0.34,
    0.34,
    0.34,
    0.34,
    0.34,
    0.33999991449098826,
    0.3400000158400012,
    0.3400000303448349,
    0.34999992473115854,
    0.34,
    0.3499998774999204,
    0.3499998396946075,
    0.34999991421566523,
    0.3499999335442884,
    0.34000001453745105,
    0.34000001010204584,
    0.35,
    0.35,
    0.35,
    0.3599999210126422,
    0.35,
    0.37,
    0.37,
    0.37,
    0.35,
    0.35,
    0.3699999324481171,
    0.32,
    0.32,
    0.3592033360352274,
    0.36999995137142105,
    0.36999995137142105,
    0.36999995137142105,
    0.34999992473115854,
    0.34999999754999994,
    0.35,
    0.35,
    0.33,
    0.32,
    0.32,
    0.31,
    0.31,
    0.31,
    0.33,
    0.33,
    0.33,
    0.31,
    0.31,
    0.31,
    0.33,
    0.33,
    0.33,
    0.33,
    0.31,
    0.31,
    0.31,
    0.31,
    0.31000000828000324,
    0.3299537279951859,
    0.3100000087619074,
    0.3100436114325998,
    0.3100436118069533,
    0.3100436115571404,
    0.3000000226537356,
    0.32999992492061225,
    0.3299998892617078,
    0.3,
    0.3,
    0.3,
    0.3198577594056534,
    0.31985777017293515,
    0.31985773546809726,
    0.30000002333334036,
    0.3,
    0.3299998771034093,
    0.3,
    0.32999998320254414,
    0.3000000070000006,
    0.30005048912040283,
    0.31,
    0.33,
    0.3000504891160776,
    0.33,
    0.30005048912349136,
    0.33,
    0.2900549452819923,
    0.35,
    0.35,
    0.34000001012787967,
    0.3499999246411285,
    0.34000002544579444,
    0.34999990540538833,
    0.34,
    0.34,
    0.34,
    0.34,
    0.32,
    0.32,
    0.31,
    0.31,
    0.31,
    0.26,
    0.25,
    0.25,
    0.25,
    0.25,
    0.25,
    0.25,
    0.25,
    0.25,
    0.2996836246309517,
    0.260106022352718,
    0.26010602220009654,
    0.2601060253022034,
    0.25,
    0.29981721144426915,
    0.29,
    0.29,
    0.3,
    0.3099998294999233,
    0.29995341921997554,
    0.29995347247693976,
    0.2900000010139236,
    0.2999535032707215,
    0.29,
    0.3000427553647294,
    0.3099950380617932,
    0.3098167450008847,
    0.3098167246221557,
    0.29,
    0.30989263500352066,
    0.29995746050774363,
    0.25,
    0.303212011179352,
    0.25,
    0.25,
    0.25,
    0.25,
    0.2600776161169385,
    0.2600776159692643,
    0.2600776159709501
]
