[
    0.002,
    0.01,
    0.03,
    0.01,
    0.01,
    0.03,
    0.029999994299999944,
    0.01,
    0.01,
    0.02,
    0.03,
    0.02,
    0.02,
    0.02,
    0.02,
    0.02,
    0.03,
    0.03,
    0.03000000021698407,
    0.07000001116000433,
    0.21,
    0.21,
    0.2,
    0.2,
    0.21,
    0.19,
    0.19,
    0.2,
    0.2,
    0.19,
    0.21,
    0.19,
    0.23,
    0.20189295610325214,
    0.17,
    0.17,
    0.17,
    0.17,
    0.17,
    0.17,
    0.17,
    0.17,
    0.17,
    0.17,
    0.19,
    0.19,
    0.19,
    0.18,
    0.1799998703999637,
    0.16000000112000015,
    0.16,
    0.1600000003027027,
    0.17999998703999964,
    0.18,
    0.179999997552,
    0.21,
    0.259999999390991,
    0.33,
    0.39,
    0.4,
    0.4,
    0.33,
    0.35999999985573433,
    0.37999999599272727,
    0.33,
    0.359999997696,
    0.33,
    0.5399999654399953,
    0.6028854314002828,
    0.64,
    0.61,
    0.6400000069120001,
    0.6,
    0.61,
    0.62,
    0.62,
    0.6200000988000731,
    0.6299999765853613,
    0.6200000167200009,
    0.6354545454545455,
    0.5500000120000005,
    0.55,
    0.5403647416413374,
    0.48000000416000005,
    0.48000000840404194,
    0.46,
    0.46,
    0.44,
    0.45,
    0.45,
    0.4,
    0.39,
    0.44,
    0.44,
    0.44,
    0.42,
    0.44,
    0.44,
    0.46,
    0.48,
    0.46,
    0.47,
    0.46,
    0.5099998316998873,
    0.53,
    0.48000000034753554,
    0.48,
    0.47,
    0.47,
    0.4399999794666642,
    0.34,
    0.3399999998215101,
    0.3899999700999973,
    0.3,
    0.3368421052631579,
    0.32,
    0.3299999922449998,
    0.3299999480249952,
    0.32999978219992593,
    0.29832408435072144,
    0.28,
    0.22,
    0.22,
    0.22,
    0.22,
    0.22,
    0.22,
    0.22,
    0.2,
    0.13,
    0.17,
    0.17999998726915487,
    0.19,
    0.16,
    0.18,
    0.17,
    0.19,
    0.1824390243902439,
    0.17,
    0.1500000850003315,
    0.17999999764363636,
    0.17052630882880876,
    0.1500000009709848,
    0.16999988609996242,
    0.15,
    0.17,
    0.15,
    0.13000000024144312,
    0.14,
    0.13,
    0.11,
    0.09,
    0.07,
    0.07,
    0.06,
    0.05,
    0.05,
    0.06,
    0.05,
    0.05,
    0.07,
    0.07,
    0.04,
    0.05,
    0.05,
    0.05,
    0.08,
    0.16,
    0.16,
    0.1,
    0.18,
    0.22,
    0.22301,
    0.19,
    0.2,
    0.2,
    0.2,
    0.22,
    0.2199999850399995,
    0.21999997271999794,
    0.21999999361999986,
    0.21,
    0.2,
    0.19743589743589743,
    0.2,
    0.18,
    0.18,
    0.18,
    0.18,
    0.16,
    0.16,
    0.15719298245614036,
    0.13,
    0.16,
    0.13,
    0.13,
    0.13,
    0.15,
    0.13,
    0.13,
    0.13,
    0.13,
    0.13,
    0.13,
    0.13,
    0.13,
    0.13,
    0.13,
    0.13,
    0.13,
    0.13,
    0.14,
    0.13,
    0.13,
    0.13,
    0.13,
    0.13,
    0.15,
    0.15,
    0.13,
    0.1,
    0.13999988239998118,
    0.14,
    0.14,
    0.1400000860004214,
    0.17892643525131507,
    0.14000001720000538,
    0.16,
    0.16000000448000146,
    0.16,
    0.15,
    0.1,
    0.12,
    0.12,
    0.12,
    0.12,
    0.13,
    0.15000000141666686,
    0.15,
    0.15,
    0.14,
    0.14,
    0.14,
    0.15,
    0.14,
    0.15,
    0.14,
    0.15,
    0.15000000007726852,
    0.15000000042500003,
    0.14,
    0.14,
    0.15,
    0.15000001700002005,
    0.15,
    0.15,
    0.14997188416348525,
    0.12,
    0.11,
    0.13,
    0.13,
    0.13,
    0.12,
    0.11,
    0.11000000122227738,
    0.11,
    0.11,
    0.14,
    0.14,
    0.14,
    0.14,
    0.1300000000678345,
    0.14,
    0.13999998879999978,
    0.1399999726999985,
    0.13,
    0.13000000870001732,
    0.13999988239998118,
    0.13,
    0.16,
    0.18,
    0.160000000112,
    0.2,
    0.2,
    0.2,
    0.2,
    0.2,
    0.2,
    0.2,
    0.2,
    0.2,
    0.2,
    0.2,
    0.2,
    0.2,
    0.2,
    0.27,
    0.27,
    0.26,
    0.25,
    0.27,
    0.29,
    0.29,
    0.27,
    0.28,
    0.33,
    0.33,
    0.3200001088000914,
    0.31,
    0.32,
    0.29,
    0.35,
    0.4199999453999798,
    0.41000015340011353,
    0.410000000944,
    0.41000000265066444,
    0.44,
    0.4100000006438912,
    0.41000002377216455,
    0.4399999963823227,
    0.41,
    0.41,
    0.41,
    0.41000000043703594,
    0.41,
    0.41000000531000047,
    0.43999999753599994,
    0.4299999879278062,
    0.4300000082080002,
    0.48999982849988855,
    0.48,
    0.4641215868109222,
    0.4599997607998852,
    0.46,
    0.5,
    0.49,
    0.49,
    0.5,
    0.5,
    0.5,
    0.51,
    0.51,
    0.53,
    0.55,
    0.55,
    0.55,
    0.5699999906557369,
    0.5699999829511454,
    0.5699999787647025,
    0.5699999711999953,
    0.5699999789089172,
    0.5699999845436492,
    0.59,
    0.57,
    0.57,
    0.55,
    0.55,
    0.55,
    0.53,
    0.53,
    0.53,
    0.53,
    0.51,
    0.51,
    0.52,
    0.51,
    0.54,
    0.54,
    0.52,
    0.55,
    0.54,
    0.5399999992216216,
    0.53,
    0.52,
    0.53,
    0.519999989599995,
    0.529999805666414,
    0.49,
    0.4900001683001128,
    0.43,
    0.4299998279998968,
    0.4499997974998886,
    0.49,
    0.52,
    0.54,
    0.55,
    0.5599999775999964,
    0.5857142857142857,
    0.5500000054000002,
    0.55,
    0.55,
    0.55,
    0.55,
    0.55,
    0.5500000450000045,
    0.55,
    0.55,
    0.55,
    0.55,
    0.55,
    0.5400000529000072,
    0.59,
    0.59,
    0.61,
    0.61,
    0.6299999880299978,
    0.610000004134,
    0.6299999914949993,
    0.61,
    0.6299999180999697,
    0.63,
    0.6499997941665946,
    0.619909793814433,
    0.61,
    0.580000000644,
    0.5799999958072288,
    0.6026900584795322,
    0.58,
    0.58,
    0.58,
    0.58,
    0.58,
    0.58,
    0.5,
    0.52,
    0.5199999988170616,
    0.59,
    0.55,
    0.55,
    0.52,
    0.56,
    0.56,
    0.5799999921285712,
    0.5600001936001084,
    0.6,
    0.5898130932832647,
    0.57,
    0.5699999917919998,
    0.5699999987527351,
    0.56,
    0.5600000026825551,
    0.56,
    0.56,
    0.5500000202500012,
    0.5699998232997013,
    0.5699999555399857,
    0.5899999978980542,
    0.59,
    0.6,
    0.5700000014827586,
    0.5700000129000022,
    0.57,
    0.56,
    0.5600000043367557,
    0.52,
    0.52,
    0.519999989599995,
    0.519999989599995,
    0.48,
    0.52,
    0.46535958338171846,
    0.48,
    0.4599997607998852,
    0.4491847184656029,
    0.43999997555555354,
    0.43,
    0.4,
    0.42,
    0.4699999978145029,
    0.42,
    0.42999999612999984,
    0.43,
    0.45999998016869625,
    0.47999999808,
    0.4799999519999808,
    0.4399999894399992,
    0.44,
    0.44999999212499975,
    0.44716087040621316,
    0.41000001062000035,
    0.455,
    0.4509803638600499,
    0.41,
    0.42,
    0.43999997066665886,
    0.46,
    0.4716166666666667,
    0.47,
    0.46,
    0.46,
    0.4399999295999761,
    0.44,
    0.46,
    0.46,
    0.46,
    0.46,
    0.46,
    0.44,
    0.44,
    0.42999995054998097,
    0.43,
    0.44,
    0.45,
    0.45,
    0.45,
    0.45,
    0.46,
    0.46,
    0.46999998871999804,
    0.4299999931682238,
    0.4,
    0.39000000508333366,
    0.39,
    0.390000003904,
    0.39,
    0.38999999656001383,
    0.39,
    0.38999999807468355,
    0.3899998478999072,
    0.4,
    0.4,
    0.4,
    0.4,
    0.4,
    0.4,
    0.400000001917852,
    0.4,
    0.41,
    0.4099998236998995,
    0.41,
    0.41,
    0.42,
    0.41,
    0.43,
    0.43000002016509836,
    0.43,
    0.43000000028218155,
    0.43,
    0.4300000001209318,
    0.43,
    0.43,
    0.43,
    0.43,
    0.43,
    0.43,
    0.43,
    0.43,
    0.4300001767002986,
    0.43,
    0.43,
    0.43,
    0.43,
    0.43,
    0.43,
    0.43,
    0.43,
    0.43,
    0.43,
    0.43,
    0.43,
    0.429997335262096,
    0.43,
    0.4200000040600001,
    0.42,
    0.42,
    0.42,
    0.42,
    0.42,
    0.42,
    0.42,
    0.42,
    0.42,
    0.42,
    0.42,
    0.42,
    0.42,
    0.42,
    0.42,
    0.42,
    0.420000000464,
    0.42000000001546667,
    0.42,
    0.42,
    0.42,
    0.42,
    0.42,
    0.42,
    0.42,
    0.42,
    0.42,
    0.42,
    0.42,
    0.42,
    0.416539688950781,
    0.42,
    0.42,
    0.42,
    0.42,
    0.42,
    0.4,
    0.4099863819972764,
    0.400006004805045,
    0.40001072944019295,
    0.4,
    0.40000600577171974,
    0.4000136208207121,
    0.4000060059914682,
    0.40000000202258557,
    0.4,
    0.4008666674041726,
    0.3999988000036,
    0.39000002135000994,
    0.4,
    0.4,
    0.4,
    0.40001201228928973,
    0.4000121197612407,
    0.4,
    0.4,
    0.4,
    0.4,
    0.4,
    0.4001206702898138,
    0.40001540001540004,
    0.40002031479189304,
    0.40001348449491914,
    0.4000165286061257,
    0.40001082752023676,
    0.4,
    0.4099169926122285,
    0.4000203296728316,
    0.400023746701847,
    0.4000165581664174,
    0.40997612296672137,
    0.40001653053502073,
    0.4099999885146576,
    0.40999999006060583,
    0.4099998236998995,
    0.4099997173051808,
    0.40998339976661,
    0.40998338746483365,
    0.40998345637335504,
    0.40998346741502323,
    0.4099999446499798,
    0.4000153998500002,
    0.40999382443518056,
    0.4099845640734447,
    0.40002065167508033,
    0.40001348692124616,
    0.40999059358562323,
    0.40997933252980107,
    0.40001346814943267,
    0.40998458252591974,
    0.4099999446499798,
    0.40007344436582404,
    0.40018,
    0.4000207585998559,
    0.40001115552157507,
    0.40003956043956046,
    0.40999341055386834,
    0.40998538982976157,
    0.40007344004406403,
    0.40002077102569084,
    0.4000163123383522,
    0.40002757352941176,
    0.4000352406605565,
    0.40006753002294426,
    0.40003519582025293,
    0.4099914836690814,
    0.4099588776847092,
    0.40006767243422187,
    0.4000721153846154,
    0.40003532651289886,
    0.40003527796093385,
    0.409999928933322,
    0.4099998236998995,
    0.41,
    0.40999828902829305,
    0.4099761144141746,
    0.40001628359821084,
    0.40001605549660213,
    0.40002009825815094,
    0.40003178672653106,
    0.4000160337437425,
    0.40999450845865204,
    0.4099820282387696,
    0.4099680552571896,
    0.40998396853175495,
    0.40001604357420356,
    0.400009829407605,
    0.4099901860598593,
    0.40999399336448183,
    0.400006,
    0.4,
    0.4099891510514013,
    0.4001280227596017,
    0.4000060016536788,
    0.4000000184073975,
    0.40999391842143174,
    0.4000060034580481,
    0.4099889214998514,
    0.40000002803738843,
    0.4000000022066937,
    0.4000000019005385,
    0.40002101330842865,
    0.40000840485881,
    0.4,
    0.4000084044934848,
    0.40000951202450413,
    0.4000355668388804,
    0.4000304156809733,
    0.40001714297959273,
    0.4000095105684021,
    0.40999995218361657,
    0.4000356379187455,
    0.40998841624399474,
    0.4099807278824461,
    0.4000162691403969,
    0.4099889965200292,
    0.4099740184637049,
    0.40000002400000384,
    0.4,
    0.4,
    0.4,
    0.4,
    0.4,
    0.4000092153042408,
    0.4000488599348534,
    0.4,
    0.40000921571526105,
    0.4000190583822089,
    0.400021603456553,
    0.40001905551079475,
    0.4001782178217822,
    0.4099910745872832,
    0.4099850940837522,
    0.4099939134690592,
    0.4,
    0.3900000645192446,
    0.39,
    0.4000088619809666,
    0.3900000001563309,
    0.4,
    0.40998236838174645,
    0.40999399289231403,
    0.3900000020554348,
    0.39,
    0.39,
    0.39000000065124557,
    0.4,
    0.3900000002090511,
    0.39,
    0.4,
    0.400006,
    0.39,
    0.4099941064955753,
    0.4099803491104156,
    0.39000000578967386,
    0.39,
    0.4000000018888714,
    0.4,
    0.4,
    0.4,
    0.4,
    0.4,
    0.4,
    0.4,
    0.4,
    0.4098596762023348,
    0.4,
    0.4098596762023348,
    0.40000935303985924,
    0.4001404368831998,
    0.4,
    0.4000098630204541,
    0.4098811951890839,
    0.4000098007250435,
    0.40000935109370045,
    0.4000130851991858,
    0.40011882081076455,
    0.4001188365179041,
    0.4099794964995121,
    0.40000939859166923,
    0.40001761252446183,
    0.4000131132619871,
    0.4000298871211707,
    0.40001310649720045,
    0.4000131087347969,
    0.40999474919848805,
    0.40998687495059294,
    0.4099736483434931,
    0.4000093691790848,
    0.40002461539085765,
    0.40007042253521125,
    0.40010871054497155,
    0.4099295330925358,
    0.409940062695544,
    0.4098887766248512,
    0.400024627477188,
    0.4001111111111111,
    0.40002462269523964,
    0.40997537059870626,
    0.4000246331399876,
    0.4000738063858774,
    0.400036808751215,
    0.4000093623664453,
    0.4001308139534884,
    0.4099492223194409,
    0.4099261769210027,
    0.40007380007380006,
    0.4099631730008039,
    0.4000368302925855,
    0.40003681374847117,
    0.4099906347992319,
    0.40997781506712766,
    0.4,
    0.4000166131922115,
    0.4,
    0.40001016370130876,
    0.40001662164198903,
    0.4000166467239549,
    0.40001679356838504,
    0.40014781616476985,
    0.40001677667454827,
    0.40998394741055555,
    0.40997439038948424,
    0.4001280227596017,
    0.40001015659118117,
    0.40998977445287343,
    0.40009056340761473,
    0.4,
    0.4000061182520154,
    0.4099652096661332,
    0.4099936422842145,
    0.40000615450505556,
    0.4099811875511334,
    0.4,
    0.4001388888888889,
    0.4,
    0.40001242392575276,
    0.4098653862364058,
    0.400012599748005,
    0.4000125717242846,
    0.4000124151722996,
    0.40001260001260003,
    0.4000126104251881,
    0.4099727987663989,
    0.400013651227088,
    0.4000125736044679,
    0.40993796269866817,
    0.4000385769395628,
    0.4000136542280632,
    0.4000183596986702,
    0.400020969884734,
    0.4099379461029767,
    0.40002096927236624,
    0.40006198347107436,
    0.4000211335889536,
    0.40002098204946407,
    0.4099871997026646,
    0.40998503143153386,
    0.40998255262724936,
    0.400018402800755,
    0.4000263004314421,
    0.400011699030546,
    0.40001477104874444,
    0.4,
    0.4099815777790627,
    0.40996397962455966,
    0.40002631851212056,
    0.4000701480904131,
    0.4099225433493641,
    0.40990797911305027,
    0.40002665156411366,
    0.40008794671357156,
    0.40008797220705034,
    0.40008805326429214,
    0.40989959679201615,
    0.40001172642496563,
    0.4000117034783034,
    0.40001171907721345,
    0.400011868157952,
    0.4000265356877735,
    0.4000117685353623,
    0.4001004687836391,
    0.4099090610360205,
    0.40002667654392976,
    0.4098826914563966,
    0.40002655998167563,
    0.4001159793814433,
    0.40001176664967547,
    0.40011602099516763,
    0.4099881639754942,
    0.40998377306243067,
    0.4098838107081898,
    0.4099261720153885,
    0.4001221166892809,
    0.4000116884503247,
    0.4000326560232221,
    0.40007377049180326,
    0.4099132623363421,
    0.40996728541429583,
    0.4099696511735977,
    0.4000120736087681,
    0.4001255230125523,
    0.40987438601557963,
    0.40001170386505597,
    0.4000145820444723,
    0.40999364099544866,
    0.4000147023689192,
    0.40004363764351386,
    0.4000145886069602,
    0.40001666766706634,
    0.400140955934175,
    0.40014085789712195,
    0.4099103555881115,
    0.409985253799428,
    0.40004364174544427,
    0.4099738655549348,
    0.4000166721067822,
    0.4099173770711995,
    0.40001673246300923,
    0.40001670643496445,
    0.4099853750820497,
    0.4099848297163906,
    0.4098626446491395,
    0.40013698630136985,
    0.40000627656456894,
    0.4001066362901895,
    0.4000062937062937,
    0.40998670602563214,
    0.4001066954044383,
    0.40988454638857846,
    0.4000000292682984,
    0.40013313609467455,
    0.4000586701434159,
    0.4,
    0.40013317591667347,
    0.4001333702394311,
    0.4099554500966881,
    0.40995553253832795,
    0.4099939863193654,
    0.4001333893479425,
    0.40999392846928895,
    0.400000004368402,
    0.40000000385480255,
    0.4100060055384498,
    0.410011035178344,
    0.4100114420312637,
    0.4100111216192846,
    0.4100114354162103,
    0.4100171037628278,
    0.4100110229115469,
    0.4100147973638846,
    0.41005312868949234,
    0.4100147659606175,
    0.41001477154925114,
    0.41999999748160255,
    0.41999999535626525,
    0.4199999949883268,
    0.4199999192307537,
    0.4199999930372999,
    0.4199776819291494,
    0.4101430842607313,
    0.410011214848141,
    0.4100110291885987,
    0.41001124000755695,
    0.4199905046081121,
    0.41998424645545246,
    0.4100111906384403,
    0.4100157535445475,
    0.4101595744680851,
    0.41001118437466644,
    0.41012590371432456,
    0.4101070428443672,
    0.41999131503863124,
    0.41996725285189584,
    0.41014881350134624,
    0.4101582577110296,
    0.41012603989970414,
    0.4199841883389757,
    0.419867642932561,
    0.4198454576345003,
    0.41015820154786364,
    0.41985116884681944,
    0.41014853829140435,
    0.41000600527596665,
    0.41014563106796115,
    0.4100608149917498,
    0.41985453191821365,
    0.4101353383458647,
    0.41006102068123185,
    0.4199391345247609,
    0.41006087704667743,
    0.41000603269278124,
    0.41008845347108913,
    0.41993639408269595,
    0.4101304347826087,
    0.41008996922105595,
    0.41008844909133285,
    0.4100061000291919,
    0.41000603159247695,
    0.41999366266674487,
    0.41999403395119456,
    0.4199939220628321,
    0.409987635,
    0.4199999954505168,
    0.41,
    0.41,
    0.40015490533562825,
    0.4000080541237113,
    0.40988953644573956,
    0.4,
    0.4000000553505739,
    0.4,
    0.40011042944785274,
    0.4000147608727741,
    0.40998520493067503,
    0.4000147464819036,
    0.4000147596516722,
    0.40997977733669416,
    0.4001622297788457,
    0.4099939223341127,
    0.400000060000024,
    0.4,
    0.41,
    0.41,
    0.41,
    0.41,
    0.4100000029698069,
    0.41000646548988595,
    0.41001541489805216,
    0.41,
    0.41,
    0.41998968813301196,
    0.4100064677345378,
    0.4199723074604175,
    0.4100064899307741,
    0.41989977399322304,
    0.41994442474059235,
    0.41000668068093976,
    0.41005446388823125,
    0.4100544605672932,
    0.41005445850615113,
    0.419941799449863,
    0.4199418306635397,
    0.4100000756151229,
    0.41005818033846636,
    0.4100060026027514,
    0.41005813983186956,
    0.4100060161325305,
    0.4100064815276462,
    0.41011829571023484,
    0.41990961511602387,
    0.419878962848507,
    0.41012096774193546,
    0.41000611549550076,
    0.4100061204453387,
    0.41014234644359,
    0.4198869623019251,
    0.410142222983258,
    0.4198556278770335,
    0.41000619909792435,
    0.4101444992670141,
    0.41999377063342025,
    0.4100060121686293,
    0.4100064890719187,
    0.410130848947044,
    0.41000001308685785,
    0.41010173984782644,
    0.41007426701465194,
    0.4199999412587084,
    0.4199999972,
    0.4199799995440697,
    0.41985557793388023,
    0.4101308414995159,
    0.4101442307692308,
    0.41010216317180176,
    0.41010172221490193,
    0.4100795182508171,
    0.41007427472998464,
    0.4199376912006882,
    0.41007960938692267,
    0.41007944403747093,
    0.4101125295063273,
    0.41016032812826253,
    0.41999993699997007,
    0.41016024139986373,
    0.41984756016570396,
    0.4101601892055422,
    0.41011238250883186,
    0.41988741957889353,
    0.41999326288800265,
    0.419920481520049,
    0.4100795305401207,
    0.4100065255731922,
    0.4100150887378388,
    0.4199888901177764,
    0.41007564959890325,
    0.4100150709072973,
    0.41005426796683625,
    0.41012730255720586,
    0.4199242976622368,
    0.419984919178506,
    0.4100541949577325,
    0.41997381833900366,
    0.41000002052498813,
    0.4101387463894115,
    0.419920336823151,
    0.41013885709213066,
    0.41987312238713465,
    0.4100001439024917,
    0.4100000063700185,
    0.4100416851259152,
    0.41004177929301383,
    0.4100417014507507,
    0.41982516599255365,
    0.41004927368077837,
    0.41000000512384593,
    0.4101747572815534,
    0.41000730341637587,
    0.4100858318833825,
    0.41008583690987127,
    0.41008583256306846,
    0.4199998833332847,
    0.4199911846100184,
    0.4100857426101928,
    0.4199506705451961,
    0.4100000295000044,
    0.4100000796624701,
    0.41000004597405226,
    0.41000009315796176,
    0.41000002845659944,
    0.4199768016348075,
    0.41997681018914645,
    0.41,
    0.41,
    0.4100069389748718,
    0.41,
    0.41000709137796126,
    0.41997666245042625,
    0.4100069515936721,
    0.4100066713330123,
    0.41,
    0.41006078881801244,
    0.4100066610744723,
    0.4100752830853215,
    0.4100753500604817,
    0.4199768407924595,
    0.4199767164675555,
    0.4199379701101531,
    0.4199218172607386,
    0.4100614038081387,
    0.4100899100899101,
    0.410077826972966,
    0.41991739442226855,
    0.41007782699496637,
    0.4100778642813942,
    0.4199223106881162,
    0.41006081045473963,
    0.41999216014375657,
    0.419992035992559,
    0.41006078693341197,
    0.41997819204353637,
    0.4100064080133894,
    0.41008889018847666,
    0.41006502161592046,
    0.41008885794679306,
    0.41993503720860453,
    0.41991381047616655,
    0.41006497641708484,
    0.4199349184212615,
    0.41006497296199423,
    0.4100651404546611,
    0.4100078062988304,
    0.41008973080757727,
    0.4100657041455913,
    0.4199778797956189,
    0.4199223229084003,
    0.41991021756675384,
    0.41015337080652237,
    0.4100972053774497,
    0.4100660076658228,
    0.4101063115793506,
    0.41993032849664846,
    0.4101533366067653,
    0.41986741128355054,
    0.41010635517600996,
    0.41010634872271673,
    0.4198938034194016,
    0.41009710172101294,
    0.4100971374041207,
    0.4199027675174331,
    0.4199028488663543,
    0.41006568332039683,
    0.4199342102656812,
    0.4100060216326019,
    0.4100727154448711,
    0.41007276352365696,
    0.4100728122733013,
    0.41997379778140703,
    0.41992767908175765,
    0.4199278426918675,
    0.4100062046840531,
    0.4100847964014444,
    0.41999214902479154,
    0.41008481749402514,
    0.41991530068402594,
    0.4199152840322186,
    0.41000603138290737,
    0.4100060474406204,
    0.4156462054994215,
    0.4099052434994258,
    0.4000206659615927,
    0.4000207004892582,
    0.4099939848021076,
    0.40999395206202305,
    0.4,
    0.41007698225168426,
    0.4,
    0.40000000314173184,
    0.4,
    0.41,
    0.41,
    0.410111296266917,
    0.4,
    0.41,
    0.4,
    0.4,
    0.41,
    0.4101510067114094,
    0.41011130906654025,
    0.41988872146140427,
    0.4198888052026592,
    0.41007697840600404,
    0.4199231293659655,
    0.41000004575511717,
    0.41992412199380025,
    0.41000001738947683,
    0.41000015238416754,
    0.4199169108083991,
    0.41000000277434656,
    0.41000600316801317,
    0.4100830258302583,
    0.4199939348883477,
    0.4199939362039341,
    0.4100060017091879,
    0.41000007581175435,
    0.4100084392029929,
    0.4100670312882423,
    0.410006007161701,
    0.4100694570711662,
    0.41006035718684924,
    0.41011497379322853,
    0.4101270838982566,
    0.41006646917098083,
    0.410127076765617,
    0.4101270377506595,
    0.41988526809145404,
    0.41988207733629596,
    0.4198655882556458,
    0.4101150164452751,
    0.41014195583596214,
    0.4101147059074031,
    0.41987496950654984,
    0.41012837450589185,
    0.41006653994679687,
    0.4198717417149292,
    0.41012826976023603,
    0.4100664630113008,
    0.4199334894787326,
    0.41996962847593505,
    0.4101114943812809,
    0.41006038786067917,
    0.41011143654522675,
    0.41989493076017603,
    0.41016363636363634,
    0.41006033556875726,
    0.41993967495398316,
    0.41999720857345846,
    0.4199766069606611,
    0.4198458903486922,
    0.4101541490517889,
    0.4100088125550785,
    0.41000845045778417,
    0.41002403846153845,
    0.4100060034241667,
    0.4100060099743804,
    0.4199897548564612,
    0.41998837502778463,
    0.41000607751611173,
    0.4199885527897157,
    0.4199884523451281,
    0.4100060836222544,
    0.41,
    0.41,
    0.4000062307165093,
    0.4000722891566265,
    0.40000600599893305,
    0.4099939008239671,
    0.4099108552902156,
    0.4000060243340671,
    0.40008911035199657,
    0.4000891903191341,
    0.40991073131973754,
    0.40000606735778366,
    0.40008921900108835,
    0.40000604794145594,
    0.40999997341645394,
    0.4,
    0.4099964507710752,
    0.4000000008718269,
    0.4,
    0.4199939265366414,
    0.4199939943819201,
    0.40000614628599696,
    0.4,
    0.4100060025112393,
    0.4,
    0.40000000434180355,
    0.4,
    0.4,
    0.4,
    0.4199999460740677,
    0.4199963279272153,
    0.41000614896588183,
    0.4101069157150531,
    0.4100374955309187,
    0.41,
    0.4100000147670197,
    0.41001403539198794,
    0.419994282747003,
    0.41997308181340953,
    0.4199625007881735,
    0.4100375280300224,
    0.4100375345760244,
    0.41006710251677564,
    0.4199939478841849,
    0.4199448375410136,
    0.4100717925640737,
    0.41006701679325536,
    0.41993295673226144,
    0.4101149357963827,
    0.4100701158707868,
    0.41993073655308855,
    0.4101148979421029,
    0.4199297341730944,
    0.4199024610807216,
    0.41011498883946584,
    0.4100000407978768,
    0.41992928848129785,
    0.4100706503404835,
    0.4100002694496562,
    0.4100707163731895,
    0.4199462549035839,
    0.41994629411778606,
    0.41005361704352894,
    0.41000000269349507,
    0.41011956193209204,
    0.41994632663315634,
    0.41995962675324783,
    0.41990508489089456,
    0.4199050687483107,
    0.4101196110689473,
    0.41016641580609126,
    0.4101197801068354,
    0.4101665413751229,
    0.41991465554589114,
    0.4198902882511682,
    0.4100002247620332,
    0.41,
    0.41,
    0.4101259063465341,
    0.4100060011079506,
    0.4199938651888279,
    0.4199939478841849,
    0.41000603320443113,
    0.41999989869344084,
    0.410006012301109,
    0.4100525840271689,
    0.41,
    0.41999382608458263,
    0.41,
    0.41000600036220486,
    0.4,
    0.41007558608117195,
    0.41,
    0.4,
    0.41999814841979527,
    0.4199239555590817,
    0.41007960979126196,
    0.41000607168603864,
    0.4100796535832695,
    0.4198951723901838,
    0.4198341139544282,
    0.41015030776238126,
    0.41000603171955147,
    0.4101378550467456,
    0.41996027986977164,
    0.410150388357761,
    0.41013761510048136,
    0.41989725312778836,
    0.4198699251559326,
    0.4100081081547335,
    0.41014128728414445,
    0.41000604900873927,
    0.4099900996216013,
    0.4000061039876727,
    0.4099939565515014,
    0.4000060506466164,
    0.4,
    0.410088797660513,
    0.41008880504440254,
    0.41008892228658567,
    0.4,
    0.4,
    0.41999996154928576,
    0.4,
    0.4181551615454572,
    0.4099999028947087,
    0.40000003015075986,
    0.4099999018803234,
    0.40000003458214056,
    0.4,
    0.4,
    0.40000004724410937,
    0.4099998415908503,
    0.4099999727622348,
    0.4,
    0.40000003234502046,
    0.4099999484571346,
    0.4,
    0.400000035502967,
    0.40000002521008826,
    0.40999994370465637,
    0.4,
    0.4,
    0.40000003873467754,
    0.40999996557250884,
    0.40999996411378087,
    0.4,
    0.4,
    0.4,
    0.41972290138549306,
    0.4099999167896541,
    0.4099999635555453,
    0.4,
    0.4,
    0.40999991901232835,
    0.4,
    0.41362890800260504,
    0.4,
    0.4,
    0.39,
    0.4,
    0.39000000026453036,
    0.4,
    0.400000060000024,
    0.4099997850484477,
    0.40999987430651613,
    0.4099999556464311,
    0.4,
    0.40999994323076255,
    0.4,
    0.4,
    0.4,
    0.4,
    0.4,
    0.4099999349206194,
    0.4099999367916501,
    0.40000002166065296,
    0.4099999726666617,
    0.4,
    0.40999993885963143,
    0.4099999036746634,
    0.4099999680376283,
    0.4,
    0.4,
    0.40000003015075986,
    0.40999993885963143,
    0.4,
    0.4,
    0.40999994973178766,
    0.4099999173764111,
    0.4099998672380118,
    0.4000000857143347,
    0.4099998291665797,
    0.4,
    0.4000000256959359,
    0.4099999381465344,
    0.4099999624504892,
    0.4,
    0.4099998462499509,
    0.4,
    0.4099999909799993,
    0.4132913084140066,
    0.4,
    0.4,
    0.3900000050584246,
    0.4,
    0.4,
    0.4,
    0.4099998236998995,
    0.4,
    0.4,
    0.40999994323076255,
    0.4,
    0.4,
    0.4,
    0.4099999186639508,
    0.4099999490462344,
    0.41,
    0.4,
    0.4,
    0.4,
    0.4,
    0.4,
    0.41358817860584646,
    0.4099999446499798,
    0.4,
    0.4,
    0.4,
    0.40999997492805457,
    0.4,
    0.40999978925224784,
    0.4099999460142228,
    0.4000000618556956,
    0.4,
    0.4000000521739312,
    0.400000029925193,
    0.40000002400000384,
    0.4099998236998995,
    0.40999996181371967,
    0.4,
    0.4115595633222698,
    0.41,
    0.4099999395981962,
    0.4,
    0.4099999979699029,
    0.4,
    0.4099999688399899,
    0.400000033994342,
    0.4099999698099713,
    0.40000004615386037,
    0.4,
    0.40000002238806304,
    0.40999997911527697,
    0.40000002586207345,
    0.4099999754891275,
    0.4099999835999974,
    0.4,
    0.4099999522085799,
    0.4,
    0.41,
    0.4,
    0.4099999946699998,
    0.4099999946699998,
    0.4099998291665797,
    0.4,
    0.4,
    0.40000000600000024,
    0.4,
    0.4,
    0.40999999343999965,
    0.39000000335500007,
    0.40999999540799986,
    0.39985003944357267,
    0.39994468191473476,
    0.39994468191306687,
    0.4,
    0.4,
    0.39,
    0.4,
    0.39000002517461013,
    0.40011700408805806,
    0.4001170372245561,
    0.40011700120348553,
    0.40999993747799707,
    0.40005406237680613,
    0.40179794951242354,
    0.39000000061000006,
    0.4,
    0.4,
    0.4,
    0.4,
    0.4,
    0.4,
    0.4,
    0.4,
    0.4,
    0.4,
    0.4099999835999974,
    0.4,
    0.4099999740842762,
    0.4,
    0.4,
    0.4,
    0.41,
    0.4100000118000015,
    0.4199998235998977,
    0.4199998235998977,
    0.41000008428576246,
    0.4199999788900512,
    0.4199999453999798,
    0.41,
    0.41,
    0.4199999453999798,
    0.4,
    0.41,
    0.40000000413793113,
    0.4099999900428569,
    0.41,
    0.42,
    0.41999992719998835,
    0.42,
    0.42,
    0.42,
    0.42,
    0.42,
    0.42,
    0.42,
    0.42,
    0.43,
    0.4399999964799999,
    0.439999999296,
    0.42000004855814677,
    0.43,
    0.43999998389542333,
    0.4399915325942637,
    0.4399915325872986,
    0.43000000330651206,
    0.43,
    0.43,
    0.449999879999952,
    0.44,
    0.44,
    0.449999998875,
    0.4400000746667065,
    0.4400001568001129,
    0.4499999212499744,
    0.4499997974998886,
    0.44000000112000004,
    0.44000000112000004,
    0.4400001568001129,
    0.44,
    0.43,
    0.449999879999952,
    0.4300591385874876,
    0.42000000987407754,
    0.43,
    0.43,
    0.44,
    0.45,
    0.45000003666667643,
    0.45,
    0.45,
    0.45,
    0.44,
    0.44,
    0.44,
    0.44,
    0.4498634163859451,
    0.44986341700638993,
    0.44986341687762227
]
