[
    0.999,
    0.999,
    0.999,
    0.999,
    0.999,
    0.999,
    0.999,
    0.999,
    0.999,
    0.999,
    0.999,
    0.999,
    0.999,
    0.999,
    0.999,
    0.999,
    0.999,
    0.999,
    0.999,
    0.999,
    0.999,
    0.999,
    0.999,
    0.999,
    0.999,
    0.999,
    0.999,
    0.999,
    0.999,
    0.999,
    0.999,
    0.999,
    0.999,
    0.999,
    0.999,
    0.999,
    0.999,
    0.999,
    0.998034749034749,
    0.99,
    0.99,
    0.9841851728642482,
    0.95,
    0.95,
    0.95,
    0.95,
    0.95,
    0.95,
    0.95,
    0.95,
    0.95,
    0.95,
    0.98,
    0.98,
    0.97,
    0.96,
    0.97,
    0.95,
    0.97,
    0.9799999607999937,
    0.979999998138,
    0.9799999931399999,
    0.979999999216,
    0.9699998156998507,
    0.9699995891761612,
    0.9799991571990392,
    0.979999999216,
    0.9799996833842306,
    0.9799999972940635,
    0.9751470732192367,
    0.98999933999934,
    0.98,
    0.9899998252939429,
    0.98999918999919,
    0.9899999859188314,
    0.98,
    0.95,
    0.95,
    0.93,
    0.9399999999436129,
    0.94,
    0.93,
    0.99,
    0.94,
    0.95,
    0.95,
    0.93,
    0.9,
    0.9,
    0.9,
    0.9,
    0.9,
    0.8960081420332466,
    0.81,
    0.8099999756999036,
    0.8,
    0.8,
    0.8099999977319999,
    0.81,
    0.78,
    0.78,
    0.78,
    0.8,
    0.8500001125000282,
    0.85,
    0.9,
    0.9,
    0.9059204463713865,
    0.9,
    0.9,
    0.9099999999634835,
    0.89,
    0.9,
    0.87,
    0.91,
    0.86,
    0.9,
    0.86,
    0.8492240711360366,
    0.81,
    0.75,
    0.75,
    0.76,
    0.7528571428571429,
    0.78,
    0.7800000070933074,
    0.8099999756999036,
    0.8099999985286103,
    0.780000046933339,
    0.75,
    0.74,
    0.739999998816,
    0.74,
    0.77985,
    0.75,
    0.8,
    0.8,
    0.8,
    0.81,
    0.8,
    0.86,
    0.86,
    0.86,
    0.86,
    0.86,
    0.74,
    0.74,
    0.74,
    0.74,
    0.75,
    0.74,
    0.75,
    0.7022890416929557,
    0.7,
    0.7,
    0.6999999986086265,
    0.7,
    0.7,
    0.7,
    0.7548296001097504,
    0.75,
    0.7540030368075518,
    0.74,
    0.7399999940799994,
    0.7046332015589362,
    0.74,
    0.7399999903267969,
    0.75,
    0.75,
    0.74,
    0.77,
    0.77,
    0.77,
    0.79,
    0.8,
    0.8,
    0.82,
    0.8499999829999799,
    0.8472906364706738,
    0.81,
    0.839999999328,
    0.85,
    0.85,
    0.8472836748567544,
    0.84,
    0.84,
    0.81000000249375,
    0.81,
    0.85,
    0.849929401758421,
    0.8399999949599988,
    0.81,
    0.79,
    0.7987602368622038,
    0.77,
    0.77,
    0.77,
    0.77,
    0.74,
    0.74,
    0.73,
    0.689999991138698,
    0.6899999585999611,
    0.69,
    0.69,
    0.72,
    0.72,
    0.75,
    0.75,
    0.69,
    0.69,
    0.68,
    0.7,
    0.7,
    0.72,
    0.7199999998774468,
    0.7,
    0.7,
    0.73,
    0.76,
    0.76,
    0.765,
    0.75,
    0.75,
    0.720000001904,
    0.75,
    0.74,
    0.72,
    0.7399999911199997,
    0.72,
    0.72,
    0.7,
    0.7,
    0.7199999539199937,
    0.7399999911199997,
    0.8,
    0.75,
    0.75,
    0.8099999997565618,
    0.8,
    0.8299999992529999,
    0.8,
    0.79,
    0.81,
    0.8199999835999839,
    0.78,
    0.78000000199375,
    0.78,
    0.78,
    0.7700000097750002,
    0.77,
    0.78,
    0.7799998595999691,
    0.7400000353600023,
    0.75,
    0.75,
    0.7400000023532847,
    0.7400000161200007,
    0.7701761700298365,
    0.7722,
    0.72,
    0.6900000009145,
    0.7199999977726217,
    0.619999999876,
    0.6180997894054755,
    0.6099999915900732,
    0.6099999927504239,
    0.6099999857309921,
    0.61,
    0.609999859699892,
    0.5700000129000022,
    0.52,
    0.52,
    0.53,
    0.53,
    0.56,
    0.6,
    0.6,
    0.6199999282314965,
    0.61,
    0.6100000232916685,
    0.64,
    0.6100000206097571,
    0.59,
    0.59,
    0.59,
    0.59,
    0.59,
    0.59,
    0.65,
    0.64,
    0.6799999934719999,
    0.64,
    0.61,
    0.58,
    0.58,
    0.57,
    0.59,
    0.6,
    0.59,
    0.59,
    0.6,
    0.6,
    0.6,
    0.6,
    0.6,
    0.6,
    0.6,
    0.6,
    0.61,
    0.6,
    0.6,
    0.6,
    0.6099999926799997,
    0.6199999366134048,
    0.64,
    0.64,
    0.64,
    0.64,
    0.61,
    0.6200000033210672,
    0.6699999195999292,
    0.6100000226200032,
    0.5735766704671367,
    0.57,
    0.55,
    0.55,
    0.51,
    0.48,
    0.47,
    0.44,
    0.44000002390608733,
    0.4499999779843433,
    0.44,
    0.41000000531000047,
    0.41,
    0.44,
    0.45,
    0.46,
    0.41000015340011353,
    0.41,
    0.41,
    0.42,
    0.42,
    0.42,
    0.44,
    0.44,
    0.42,
    0.42000000116,
    0.42000000148641725,
    0.4200000629152901,
    0.42,
    0.42000000464000087,
    0.46,
    0.5099999999021212,
    0.55,
    0.55,
    0.56,
    0.5499999214285546,
    0.53,
    0.53,
    0.53,
    0.5424346469622332,
    0.45000003666667643,
    0.45,
    0.46,
    0.46,
    0.45,
    0.47,
    0.47,
    0.51,
    0.5099998316998873,
    0.5,
    0.5,
    0.5,
    0.4834640522875817,
    0.47,
    0.47,
    0.47,
    0.47,
    0.48,
    0.47,
    0.48,
    0.47,
    0.47,
    0.48,
    0.47,
    0.47,
    0.47,
    0.46,
    0.46,
    0.46,
    0.46,
    0.46,
    0.46,
    0.46,
    0.46,
    0.46,
    0.46,
    0.47,
    0.47,
    0.47,
    0.47,
    0.49,
    0.52,
    0.48,
    0.48,
    0.51,
    0.51,
    0.53,
    0.530000011280002,
    0.53,
    0.5399998469999159,
    0.5399999881199997,
    0.53,
    0.54,
    0.54,
    0.54,
    0.53,
    0.52,
    0.52,
    0.52,
    0.53,
    0.52,
    0.53,
    0.55,
    0.52,
    0.53,
    0.54,
    0.54,
    0.52,
    0.52,
    0.53,
    0.52,
    0.54,
    0.55,
    0.55,
    0.56,
    0.56,
    0.56,
    0.5710908,
    0.56,
    0.56,
    0.56,
    0.56,
    0.56,
    0.56,
    0.56,
    0.56,
    0.5600000105600008,
    0.55,
    0.52,
    0.52,
    0.53,
    0.49783734856995077,
    0.4875,
    0.48,
    0.48,
    0.48,
    0.48,
    0.48,
    0.48,
    0.47,
    0.47,
    0.45,
    0.46,
    0.47,
    0.46,
    0.45,
    0.44,
    0.44,
    0.43,
    0.42,
    0.42,
    0.42,
    0.42,
    0.42,
    0.41,
    0.42,
    0.42,
    0.41,
    0.45,
    0.444,
    0.44,
    0.44,
    0.44,
    0.45,
    0.45000004400000526,
    0.45,
    0.45,
    0.46,
    0.48999982849988855,
    0.44,
    0.46,
    0.45999999263999963,
    0.45999999769999994,
    0.44,
    0.44,
    0.44000000210922807,
    0.44000000449623156,
    0.45999988499997124,
    0.46,
    0.4899999784399923,
    0.4699999989165968,
    0.46,
    0.46,
    0.45999998435999895,
    0.469999937522648,
    0.469999937522648,
    0.46999999812,
    0.45000000036666665,
    0.46999999858999997,
    0.46,
    0.46,
    0.4600000065805891,
    0.46,
    0.46999999590306824,
    0.46999999122495423,
    0.45999997371428347,
    0.46,
    0.45,
    0.45,
    0.45,
    0.44999999549999997,
    0.45,
    0.45,
    0.45,
    0.4500000015376014,
    0.45999999867625896,
    0.45999999633466127,
    0.45000000660603995,
    0.4500000058188745,
    0.45,
    0.45,
    0.45999995951999545,
    0.45999999677999986,
    0.46,
    0.4500000003651044,
    0.46,
    0.46,
    0.46000000495000015,
    0.4699999702333253,
    0.46000001188000034,
    0.4500000062642373,
    0.48,
    0.4600000062068968,
    0.46000002880000807,
    0.45000000122767864,
    0.469999994998435,
    0.46,
    0.45000000201388485,
    0.46000002113043853,
    0.46,
    0.47,
    0.47,
    0.4600000060000006,
    0.46,
    0.460000000144,
    0.4600000345600047,
    0.4600000006174413,
    0.46,
    0.46,
    0.46,
    0.46,
    0.47999998079999695,
    0.48,
    0.47999999569935287,
    0.4799999966479146,
    0.47999999308799984,
    0.4799999519999808,
    0.4700001219000939,
    0.499019511716835,
    0.47,
    0.47,
    0.47,
    0.47,
    0.48,
    0.48,
    0.49,
    0.49,
    0.49,
    0.49,
    0.5,
    0.5,
    0.49,
    0.5099999958135717,
    0.5,
    0.5,
    0.5,
    0.509999986069802,
    0.5099999934701246,
    0.4900000005441244,
    0.4900000060283689,
    0.49,
    0.4900001048619231,
    0.5099999872420258,
    0.5013684348491555,
    0.49,
    0.49,
    0.49000000163928575,
    0.49000000743668476,
    0.4900000089250003,
    0.49,
    0.5,
    0.5,
    0.4900000047600001,
    0.4900000015983217,
    0.49,
    0.4900000019883041,
    0.5,
    0.49,
    0.4900000132341777,
    0.49000000442000025,
    0.490000001771987,
    0.4900000220647029,
    0.5,
    0.5,
    0.48000000198435416,
    0.4800000091520002,
    0.4800000166400028,
    0.49,
    0.4800000490418887,
    0.4900000676344239,
    0.5,
    0.49000000255639103,
    0.49,
    0.49000018268677437,
    0.5,
    0.5,
    0.4900000078210864,
    0.4900000020559911,
    0.5,
    0.49000000181451614,
    0.5,
    0.5,
    0.49,
    0.5,
    0.48000000166400003,
    0.48,
    0.48,
    0.48000000068017423,
    0.48,
    0.49,
    0.5,
    0.5,
    0.5,
    0.4800000095412847,
    0.48000000269220816,
    0.4800000058426982,
    0.5,
    0.48000000629159134,
    0.48,
    0.48000001569621853,
    0.48,
    0.48000001226745825,
    0.5,
    0.5,
    0.49,
    0.49,
    0.48000000463137066,
    0.5,
    0.5,
    0.5,
    0.4900000029310345,
    0.5,
    0.5,
    0.48000001560000344,
    0.49,
    0.4900000084424384,
    0.49,
    0.49,
    0.4900000121623939,
    0.500113556655042,
    0.5001135598521155,
    0.5099999943199052,
    0.5099999944481401,
    0.49000000716917136,
    0.49000000611867717,
    0.5099999945551592,
    0.4900000363619785,
    0.49000005196227847,
    0.5,
    0.5,
    0.5,
    0.5,
    0.490000043350018,
    0.5,
    0.5,
    0.49000002142000126,
    0.5,
    0.49000000804230787,
    0.49,
    0.5,
    0.49,
    0.49,
    0.49,
    0.5,
    0.5,
    0.4900000256281459,
    0.49000002778211044,
    0.4900001683001128,
    0.4900000685573903,
    0.5000386473454845,
    0.5099998316998873,
    0.49000000142800004,
    0.4900000714555439,
    0.49,
    0.5099999956677677,
    0.49,
    0.49000004103449124,
    0.4900000085311717,
    0.5001406551601754,
    0.5001406340445755,
    0.5001405996363617,
    0.5099999774999944,
    0.5,
    0.5,
    0.5,
    0.5,
    0.5,
    0.5,
    0.51,
    0.5099999925183357,
    0.5099999735245843,
    0.5099999965999995,
    0.509999997843226,
    0.5,
    0.5,
    0.5,
    0.5,
    0.5,
    0.5,
    0.5099999933478248,
    0.5,
    0.5,
    0.5099999768181753,
    0.5099999910749997,
    0.5,
    0.5099997827776692,
    0.5,
    0.5,
    0.5099999609316719,
    0.5,
    0.5,
    0.5,
    0.509999996426991,
    0.5,
    0.5,
    0.5099999370370254,
    0.5,
    0.5099999886104193,
    0.5,
    0.5,
    0.5,
    0.5,
    0.5,
    0.5099999797247653,
    0.5,
    0.5,
    0.5,
    0.5,
    0.5,
    0.5,
    0.5,
    0.5099999963034241,
    0.51,
    0.519999998075559,
    0.5099999785799988,
    0.5099999978604723,
    0.509999998776,
    0.5,
    0.5099999795999968,
    0.5,
    0.51,
    0.5085137846473954,
    0.5,
    0.5,
    0.5,
    0.48999859716163896,
    0.4899939912638686,
    0.48999382607161757,
    0.49,
    0.49,
    0.48999979466655713,
    0.49,
    0.4800000166400028,
    0.47,
    0.47000020183587843,
    0.48999998039999687,
    0.49965,
    0.4700001219000939,
    0.49,
    0.4899998742477086,
    0.49,
    0.49,
    0.49,
    0.48999997123287276,
    0.48,
    0.47,
    0.4800000233053276,
    0.4899999972650475,
    0.48000009043481057,
    0.48999997487178326,
    0.4899999980944444,
    0.48999567406611644,
    0.48998973797623396,
    0.48998536021667544,
    0.4800000054953768,
    0.4800000091520002,
    0.48995465370782076,
    0.48000604059096313,
    0.48,
    0.48000005590936345,
    0.48,
    0.4800102573104414,
    0.48995317677685724,
    0.4899531660442502,
    0.4800102541982999,
    0.480010258358307,
    0.4800468018720749,
    0.4800161191265639,
    0.48000600552571293,
    0.4800936524453694,
    0.480016153307609,
    0.4899452593695301,
    0.4800161319827478,
    0.4899605504818302,
    0.48002590370281767,
    0.4800060217684559,
    0.4800936524453694,
    0.48002604025484125,
    0.48012278308321965,
    0.4898627060459389,
    0.4800260541785481,
    0.4898356646864413,
    0.4800260932791757,
    0.48002611219071545,
    0.4800060428792641,
    0.48000600667390053,
    0.48999374942928847,
    0.489993685646211,
    0.48000600318760805,
    0.48999374904152276,
    0.48999995916666284,
    0.48002246964979456,
    0.4800224754056488,
    0.48000605242246236,
    0.49999395327479923,
    0.499993957689739,
    0.49999306807339755,
    0.49997925368012563,
    0.4800000272965901,
    0.49003968674637777,
    0.49,
    0.4900396488075982,
    0.49995726798251483,
    0.49000000505663177,
    0.49000602571891205,
    0.4900118572761587,
    0.4900118776293088,
    0.4999526234919867,
    0.4900119001623965,
    0.49997822759850724,
    0.4900306088659617,
    0.49000600610002626,
    0.4900192235643232,
    0.49001477362586554,
    0.49003062547182086,
    0.4900192337558876,
    0.5,
    0.4999970337545557,
    0.499940666127367,
    0.49991760150715553,
    0.4999597294568721,
    0.49001476118144094,
    0.49001477958617157,
    0.4900147650737567,
    0.49995959227924885,
    0.49001481742437203,
    0.4900147916169006,
    0.49000600255249466,
    0.4999939701420802,
    0.49000003034325457,
    0.49000005059525314,
    0.4900000274850367,
    0.5,
    0.5,
    0.5,
    0.49,
    0.49000006434581633,
    0.49000021722233084,
    0.49000000159874635,
    0.490000043350018,
    0.5,
    0.49,
    0.4900000204000033,
    0.480000010400005,
    0.5,
    0.5,
    0.5,
    0.48999998137999884,
    0.49,
    0.49,
    0.49,
    0.49,
    0.4900000189073182,
    0.49,
    0.49,
    0.5,
    0.4900000244311512,
    0.490000074102585,
    0.5,
    0.5,
    0.49000000665217525,
    0.4900000535359208,
    0.5,
    0.49,
    0.5,
    0.5,
    0.5,
    0.5,
    0.4900000218113226,
    0.49,
    0.5,
    0.49000002946667803,
    0.49000000202311145,
    0.4900000563091598,
    0.5,
    0.49,
    0.49000003827225513,
    0.4900000044347845,
    0.4900000375204434,
    0.5,
    0.49000010685722223,
    0.5,
    0.4900000852962124,
    0.5,
    0.5,
    0.5,
    0.5,
    0.49000005390247714,
    0.4900000198936198,
    0.5099999599833019,
    0.5,
    0.5,
    0.5,
    0.5,
    0.5,
    0.5,
    0.5,
    0.5,
    0.5,
    0.5,
    0.5,
    0.5,
    0.5,
    0.52,
    0.5199999987288006,
    0.5199999980578897,
    0.5,
    0.517504661924166,
    0.5099999942194743,
    0.5,
    0.5099999795999968,
    0.5,
    0.5099999715857119,
    0.5,
    0.5099999910749997,
    0.509999989956236,
    0.5099999174688588,
    0.5,
    0.5,
    0.5,
    0.5,
    0.5,
    0.5,
    0.5099999974801617,
    0.5,
    0.5,
    0.51,
    0.5,
    0.5,
    0.5099999565116148,
    0.5,
    0.5099999583673334,
    0.5100000254677794,
    0.5199999895126035,
    0.5,
    0.51,
    0.51,
    0.5,
    0.5100000064994576,
    0.51,
    0.5199978806852439,
    0.5199916135685472,
    0.5199827080989471,
    0.5100000067867054,
    0.5199736260731997,
    0.5199736269244558,
    0.5100001289474023,
    0.5199736161413366,
    0.5100000853788054,
    0.5100000714237426,
    0.5100000625815307,
    0.5199735689691285,
    0.5199735835567418,
    0.5100000619382118,
    0.5101341281669151,
    0.5100000093316814,
    0.5100082910053738,
    0.5100080564870411,
    0.5198721168694599,
    0.5199346961695092,
    0.5100083455005971,
    0.519934620794677,
    0.5100083036129904,
    0.5100162363678536,
    0.5100080443366805,
    0.5100263388937665,
    0.510016237808266,
    0.5100162673866665,
    0.510065170166546,
    0.5100450599821913,
    0.5199347343271166,
    0.5100457124933929,
    0.5100660608036597,
    0.5100661490938748,
    0.5199967805958998,
    0.5199340948107275,
    0.5199999666054991,
    0.5199999603809177,
    0.5100450712884643,
    0.5100450673949442,
    0.519999946514276,
    0.5199906197885881,
    0.5199538851945467,
    0.5100162852606491,
    0.5101155353313312,
    0.510120168773732,
    0.5198841250380865,
    0.5101232058491662,
    0.5101202725533398,
    0.519991950523801,
    0.5101233086277087,
    0.5101782178217822,
    0.5199876455175532,
    0.5198396211844607,
    0.5198796725191698,
    0.519993973950033,
    0.5100162248343696,
    0.5100162402147335,
    0.52,
    0.510016257676828,
    0.5000293000175801,
    0.5199707221034316,
    0.500029331622322,
    0.5000295027901532,
    0.5199765802360904,
    0.5199372619276336,
    0.500015647433336,
    0.51,
    0.5100060039963084,
    0.5100637430187641,
    0.5,
    0.5100200621548995,
    0.5100885391426088,
    0.51,
    0.5100893743793445,
    0.5199104713608762,
    0.510113710212457,
    0.5100882574329328,
    0.5199034554865718,
    0.510113707564191,
    0.5198862633411341,
    0.5100882081357955,
    0.5198745480079807,
    0.5100636858543404,
    0.5100907947846288,
    0.5100640376100345,
    0.5100910925653194,
    0.5100203557408036,
    0.5100906919233994,
    0.5101470588235294,
    0.5100905859138912,
    0.5199350679128957,
    0.5199257444322675,
    0.5199244776847836,
    0.5199106454120274,
    0.5100894926849908,
    0.5100640613729857,
    0.5199187303223346,
    0.5199166628043459,
    0.5199166053006964,
    0.5100201443406619,
    0.5100833601950395,
    0.5100834720615022,
    0.5100835077314442,
    0.5100200921609297,
    0.5199766084111027,
    0.5199766010412536,
    0.5100200940859886,
    0.5100060008676903,
    0.500009,
    0.5199909737330727,
    0.519990952155623,
    0.5000091344572882,
    0.5199910008956429,
    0.5199908644652679,
    0.5199909902886908,
    0.5000090684718644,
    0.5199909854356756,
    0.5000063308656596,
    0.5000453629032258,
    0.5199999524182894,
    0.5099908662634025,
    0.509954627332333,
    0.5000063626099327,
    0.5001162790697674,
    0.5000884648240824,
    0.5000884844267409,
    0.5099997929701761,
    0.5099999910749997,
    0.5000883628074188,
    0.5099999303197567,
    0.51,
    0.5000464593460096,
    0.5199999502127575,
    0.5099992031760417,
    0.5000989430012203,
    0.5000063559214306,
    0.500052844527355,
    0.5000989483498786,
    0.5099054844513498,
    0.509901029070094,
    0.5001162790697674,
    0.5000528656873787,
    0.5098882575018902,
    0.5098838350888972,
    0.5000529451599157,
    0.5001666666666666,
    0.5099090537248763,
    0.5000528647999868,
    0.5000062999231409,
    0.5000186441309971,
    0.5001386748844376,
    0.5000063999869968,
    0.5099436964186054,
    0.5000207202353819,
    0.5001447620426305,
    0.5001428591837026,
    0.5001447201426636,
    0.5099936347989846,
    0.5099935893741709,
    0.5001447082516693,
    0.5098871015432125,
    0.5098551050933566,
    0.5001413587833791,
    0.5098580285709297,
    0.5000183938331753,
    0.5000585608231071,
    0.5099936978684998,
    0.5099942931893304,
    0.5000585268304056,
    0.5000584889952955,
    0.5099770308412392,
    0.5099769439193094,
    0.5099769439193094,
    0.5000182400820711,
    0.5000229198688478,
    0.5000182153313747,
    0.5000188603561574,
    0.5099626434496303,
    0.5000189509098856,
    0.5000188304657456,
    0.5000188536914815,
    0.500060677114936,
    0.500047194546408,
    0.5000606042077663,
    0.5000605241807388,
    0.5099527641101599,
    0.5099527518387373,
    0.5099817469385752,
    0.5099817654582607,
    0.5000188326271098,
    0.5099817226328575,
    0.5000188253360631,
    0.5000776882138108,
    0.5099811650929087,
    0.5099811572537932,
    0.5000776628481919,
    0.5099743266911562,
    0.509899736764207,
    0.5,
    0.5,
    0.5098628863514523,
    0.5001367781570755,
    0.5,
    0.5099329182941067,
    0.5,
    0.5,
    0.5,
    0.5,
    0.5,
    0.5,
    0.5,
    0.4900000004830245,
    0.49,
    0.5001070154577884,
    0.5,
    0.5,
    0.5,
    0.5,
    0.5,
    0.49,
    0.5001280010240082,
    0.5099328351359105,
    0.5001271670996211,
    0.5099939823073655,
    0.509993999887423,
    0.5,
    0.5,
    0.5,
    0.5,
    0.5099999779220693,
    0.5099999965999995,
    0.5100142073583487,
    0.51,
    0.5101549088312939,
    0.5198449791673144,
    0.519985798528853,
    0.5100366028573644,
    0.5100141895374581,
    0.5100366086281474,
    0.5199814130274729,
    0.5100000041841851,
    0.510006,
    0.5099960698689956,
    0.5,
    0.510006000459299,
    0.51,
    0.5,
    0.5100465982488033,
    0.5100881488736533,
    0.519924714350688,
    0.5100465945781746,
    0.519993169368361,
    0.5100061293834446,
    0.5100060198312372,
    0.5199929851857932,
    0.5199931964235972,
    0.5100061505953197,
    0.510000027494994,
    0.5001002300041142,
    0.5199937804604499,
    0.5199939805484772,
    0.52,
    0.52,
    0.52,
    0.51059861,
    0.52,
    0.5098968579775457,
    0.5001137800252845,
    0.5000443609144855,
    0.5098859924082444,
    0.5099555882984524,
    0.5099939860123665,
    0.509999855660282,
    0.5,
    0.5,
    0.5,
    0.5,
    0.5100543162407141,
    0.5100464167144318,
    0.5,
    0.5,
    0.5,
    0.5,
    0.510033059312332,
    0.51,
    0.5100001715001115,
    0.5100330957418547,
    0.5199705835663538,
    0.5199820097236275,
    0.5100000052578586,
    0.5100064841107502,
    0.5100180105734985,
    0.5100180264404125,
    0.5100180045661815,
    0.5100064696299491,
    0.5199763418754983,
    0.510006468314877,
    0.5,
    0.51,
    0.5100651630815584,
    0.5100065140633989,
    0.5101408450704226,
    0.51,
    0.5100651353803958,
    0.5199843926651526,
    0.5198671815244168,
    0.5100652250492017,
    0.5198672307971475,
    0.5100791960956854,
    0.5101327433628319,
    0.5100066032307514,
    0.5100775503877519,
    0.5100791650329819,
    0.5199934649848099,
    0.5199934621028366,
    0.5199934863027026,
    0.5199754301185191,
    0.5199207779957337,
    0.5100765054815148,
    0.5199932608738608,
    0.5199909887855608,
    0.5100468054549131,
    0.51,
    0.5100000024783968,
    0.51,
    0.5199531634269983,
    0.5100467741532905,
    0.5100000479510803,
    0.5199560179559549,
    0.5100001715001115,
    0.51,
    0.510000001996237,
    0.51000000070006,
    0.5100439892516119,
    0.5100060031659875,
    0.5199939907455723,
    0.5100060073283526,
    0.5100060119801365,
    0.51,
    0.5100060004000266,
    0.5199957051216725,
    0.5199959975029175,
    0.51,
    0.510006,
    0.5100000094485708,
    0.5199939805484772,
    0.5100000065053549,
    0.5100060004000266,
    0.5199957139400505,
    0.528180175504105,
    0.5100000005501312,
    0.510006,
    0.5199955770152225,
    0.5100000011624597,
    0.5100060008002001,
    0.510018,
    0.5199957202545631,
    0.52,
    0.5100060077265856,
    0.5199957051216725,
    0.5,
    0.51,
    0.5,
    0.519995674520229,
    0.51,
    0.5100000041627507,
    0.5100060066738689,
    0.5100060010546239,
    0.5199957139400505,
    0.510006,
    0.5100000087500624,
    0.51,
    0.5100060159883896,
    0.5199999841624356,
    0.51,
    0.52,
    0.510000010256899,
    0.5100000049000016,
    0.5199999861333291,
    0.5199998688287437,
    0.52,
    0.51,
    0.51,
    0.5,
    0.51,
    0.5199999861333291,
    0.51,
    0.5,
    0.5199999992366973,
    0.5100000095726506,
    0.5199999982752902,
    0.51,
    0.5,
    0.51,
    0.5100019712942016,
    0.5100000858547225,
    0.51,
    0.5,
    0.5213228166596214,
    0.5100001309901937,
    0.5199999763367447,
    0.5100000015441144,
    0.51,
    0.5203898449385284,
    0.5202528802536078,
    0.51,
    0.5100000292367645,
    0.5100001062069258,
    0.5199999459740176,
    0.5254800009681981,
    0.51,
    0.5,
    0.5,
    0.51,
    0.5199999848175132,
    0.52,
    0.5100000123689326,
    0.5199999620833262,
    0.5100000187431738,
    0.52,
    0.5100000373895704,
    0.51,
    0.510000004009689,
    0.5199999715068411,
    0.5100000912745822,
    0.52,
    0.5199999906516846,
    0.5100000050965828,
    0.5100000239223316,
    0.51,
    0.5199999960754716,
    0.5212326712637491,
    0.5100000215600077,
    0.5199999810909081,
    0.5100000465500188,
    0.52,
    0.5263525445925159,
    0.5100001715001115,
    0.51,
    0.5,
    0.51,
    0.51,
    0.5,
    0.5199999990545454,
    0.51,
    0.5100000132688146,
    0.52,
    0.5100000005858669,
    0.51,
    0.52,
    0.5100000061250002,
    0.51,
    0.5100000131543638,
    0.5199999992366973,
    0.5199999857858741,
    0.51,
    0.5100000457177101,
    0.5199999939789473,
    0.5271289006266052,
    0.5100000031499843,
    0.51,
    0.5100000022866668,
    0.52,
    0.5100001715001115,
    0.5100000042000001,
    0.5199999872912401,
    0.52,
    0.5199999983570299,
    0.5199999973999998,
    0.5100000324572698,
    0.5100001715001115,
    0.5100000060995855,
    0.5100000196000032,
    0.5199999981494662,
    0.51,
    0.5100000259000024,
    0.5199999937599997,
    0.5199999893877545,
    0.51,
    0.5,
    0.51,
    0.5204504488171333,
    0.5100000150076577,
    0.5100000465500188,
    0.51,
    0.5100000021495188,
    0.5199999994222222,
    0.5100000024500002,
    0.52,
    0.5100000184731396,
    0.5199999959143586,
    0.5100001715001115,
    0.5199999872056231,
    0.5100001715001115,
    0.5100000235101059,
    0.52,
    0.5100000186200011,
    0.5100000465500188,
    0.51,
    0.51,
    0.5,
    0.51,
    0.51,
    0.5212336274744167,
    0.5100001715001115,
    0.51,
    0.5199999590147715,
    0.52,
    0.5100001715001115,
    0.5100000531783025,
    0.525841073482954,
    0.5100000014800116,
    0.51,
    0.52,
    0.51,
    0.5100000003201924,
    0.5229017249067703,
    0.510000088200043,
    0.5100001715001115,
    0.5199999018867184,
    0.5199999954782599,
    0.52,
    0.5100000200911199,
    0.5199999839382232,
    0.5100001715001115,
    0.51,
    0.5100003507923291,
    0.5199998613332547,
    0.51999985699995,
    0.52,
    0.5199999029332868,
    0.5199999755293985,
    0.5199999306666374,
    0.510000088200043,
    0.5100001507693004,
    0.5100001289474023,
    0.5100001507693004,
    0.5100000898333917,
    0.510000087111144,
    0.5100000042142302,
    0.5100000437800799,
    0.5100000049000016,
    0.52,
    0.5259352051846126,
    0.5100000061250002,
    0.51,
    0.5100000548418564,
    0.5199999992527393,
    0.5100000004647656,
    0.51,
    0.5299999906607911,
    0.51,
    0.5100000005418961,
    0.51,
    0.51,
    0.5207900137038229,
    0.51,
    0.52,
    0.52,
    0.5299999987859031,
    0.5100000004530325,
    0.52,
    0.5299999992368,
    0.5299999518181424,
    0.51,
    0.5100000036850003,
    0.5289032262479324,
    0.5100000018666667,
    0.5100001715001115,
    0.5292076218296498,
    0.5100000009514564,
    0.5199999994290943,
    0.52,
    0.5100000009514564,
    0.52,
    0.5100000850694593,
    0.5199999984927536,
    0.51,
    0.51,
    0.5100000046110063,
    0.5100000118787912,
    0.5199999798058195,
    0.5199999833599972,
    0.5100001715001115,
    0.5100000061250002,
    0.5100000061250002,
    0.5199999937599997,
    0.51,
    0.5,
    0.5199999981056466,
    0.51,
    0.51,
    0.5,
    0.51,
    0.51,
    0.5199999833599972,
    0.519999996634304,
    0.52,
    0.52,
    0.5100000186200011,
    0.5100000021777779,
    0.5100000186200011,
    0.5100000186200011,
    0.52,
    0.5199999809333324,
    0.5100000186200011,
    0.5100000061250002,
    0.5100000186200011,
    0.51,
    0.5100000259418213,
    0.5199999986133332,
    0.5100000465500188,
    0.5199999196566303,
    0.5100024855306607,
    0.51,
    0.5199999812799988,
    0.5199999812799988,
    0.5199999812799988,
    0.5199999812799988,
    0.5199999812799988,
    0.5199999812799988,
    0.5199999978611825,
    0.5199999812799988,
    0.5100001715001115,
    0.5100001715001115,
    0.5100000003563636,
    0.52,
    0.52,
    0.5100000010555795,
    0.5100000616000099,
    0.5199999537777716,
    0.5100001715001115,
    0.5199999243635786,
    0.51,
    0.5100000176226048,
    0.51,
    0.5100000061250002,
    0.5100000559673726,
    0.5100000533467899,
    0.5199999915171286,
    0.5199999597419256,
    0.5199999668789724,
    0.5100000714237426,
    0.5100001482513751,
    0.51,
    0.5100000061250002,
    0.5199999809333324,
    0.52,
    0.5199999809333324,
    0.5199999809333324,
    0.5100000061250002,
    0.5199999809333324,
    0.5100000024500002,
    0.5100000024500002,
    0.5199999937599997,
    0.5100000024500002,
    0.5199999937599997,
    0.52,
    0.5199999937599997,
    0.5199999937599997,
    0.5199999930666664,
    0.5100000851418593,
    0.5199999244884349,
    0.5199999937599997,
    0.5199999937599997,
    0.5199999937599997,
    0.5199999937599997,
    0.5,
    0.5199999937599997,
    0.5,
    0.5,
    0.5199999243635786,
    0.5199999768888813,
    0.5,
    0.5,
    0.5199999614814754,
    0.5,
    0.5,
    0.5,
    0.5,
    0.5,
    0.51,
    0.5100000061250002,
    0.5100000061250002,
    0.51,
    0.5100000246622537,
    0.5199999861333291,
    0.52,
    0.5,
    0.51,
    0.5,
    0.5199999937599997,
    0.5199999937599997,
    0.5152570585390014,
    0.5099999910749997,
    0.5099999910749997,
    0.5099999742315748,
    0.5099999826923044,
    0.5,
    0.51,
    0.5,
    0.509999994032403,
    0.51,
    0.5,
    0.5099999989336363,
    0.5,
    0.5,
    0.5099999716666525,
    0.5099999979324323,
    0.5099999436908402,
    0.5,
    0.51,
    0.5,
    0.4900001683001128,
    0.4900000284142882,
    0.4900000089250003,
    0.52,
    0.4900001683001128,
    0.5199999673725447,
    0.4900000204000033,
    0.4900001683001128,
    0.490000043350018,
    0.5099998316998873,
    0.51,
    0.4900001683001128,
    0.5,
    0.5,
    0.5,
    0.5,
    0.4900001683001128,
    0.5,
    0.5,
    0.5,
    0.5,
    0.5,
    0.4900000048820744,
    0.5,
    0.5,
    0.5,
    0.519999991369293,
    0.5199999900239786,
    0.5199999666054991,
    0.5199999698550669,
    0.52,
    0.5100000435279259,
    0.5100000280697403,
    0.52,
    0.5299998780999061,
    0.5299999714478034,
    0.5200000352941281,
    0.53,
    0.53,
    0.53,
    0.53,
    0.53,
    0.53,
    0.5299998780999061,
    0.53,
    0.53,
    0.53,
    0.53,
    0.53,
    0.53,
    0.53,
    0.57,
    0.57,
    0.57,
    0.57,
    0.5300000252811784,
    0.5300000002585,
    0.5499999551020262,
    0.55,
    0.53,
    0.53,
    0.4500127323656735,
    0.45,
    0.55,
    0.55,
    0.53,
    0.53,
    0.55,
    0.55,
    0.5300000365048604,
    0.5499999721095292,
    0.53,
    0.53,
    0.53,
    0.55,
    0.55,
    0.55,
    0.5300001105882743,
    0.5300000014071615,
    0.5499999677985892,
    0.5399632942914594,
    0.530000065096962,
    0.5681063099645699,
    0.54,
    0.5299999559382355,
    0.53,
    0.52,
    0.510000070516621,
    0.5399999327212978,
    0.5200000271954736,
    0.5399999760591084,
    0.5200001728001106,
    0.5399997974998951,
    0.5300864886548821,
    0.5301038989910878,
    0.5301039295216179,
    0.5301039156574736,
    0.5200000345323841,
    0.5399999345454426,
    0.5699999543446528,
    0.52,
    0.5,
    0.5100953205999789,
    0.5199999945549725,
    0.5100951109445537,
    0.5100951268756716,
    0.5100951384735314,
    0.5098443706818323,
    0.5098443703416224,
    0.48617244018666206,
    0.4698130045099105,
    0.47008446421698413,
    0.47008448865526153,
    0.47008455148088923,
    0.46011774945548356,
    0.4601176714588158,
    0.46011765245517167,
    0.5899998465998865,
    0.64
]
