[
    0.001,
    0.001,
    0.001,
    0.001,
    0.001,
    0.001,
    0.001,
    0.001,
    0.001,
    0.001,
    0.001,
    0.002,
    0.002,
    0.002,
    0.002,
    0.002,
    0.002,
    0.002,
    0.002,
    0.002,
    0.002,
    0.002,
    0.003,
    0.003,
    0.002,
    0.002,
    0.002,
    0.003,
    0.002,
    0.01,
    0.03,
    0.01,
    0.01,
    0.01,
    0.01,
    0.01,
    0.01,
    0.01,
    0.03,
    0.03,
    0.04,
    0.04,
    0.06698563356150253,
    0.03902439024390244,
    0.02,
    0.02,
    0.03,
    0.02,
    0.06999999390999992,
    0.04,
    0.08,
    0.08,
    0.08,
    0.08,
    0.08,
    0.1,
    0.12999999024999975,
    0.14285714285714285,
    0.16,
    0.1499999976,
    0.15,
    0.15,
    0.15,
    0.14999999815384615,
    0.14,
    0.15,
    0.14,
    0.14,
    0.14,
    0.13,
    0.13,
    0.1,
    0.04,
    0.04,
    0.08,
    0.1,
    0.13,
    0.09,
    0.04,
    0.06,
    0.06,
    0.04,
    0.07,
    0.08,
    0.07,
    0.04,
    0.06,
    0.05,
    0.06,
    0.06,
    0.05,
    0.05,
    0.06555813055233681,
    0.06,
    0.06999993629999426,
    0.06999999792333332,
    0.07,
    0.06999998739999974,
    0.08,
    0.08,
    0.08,
    0.08999999189999992,
    0.10999995214999689,
    0.1241217199755609,
    0.12,
    0.12,
    0.13,
    0.13,
    0.13,
    0.13,
    0.13,
    0.13,
    0.13,
    0.14545454545454545,
    0.13,
    0.14,
    0.15,
    0.15,
    0.15,
    0.15,
    0.15,
    0.15,
    0.15,
    0.15,
    0.1484972430643565,
    0.12,
    0.14999988749997187,
    0.15,
    0.149999939999994,
    0.15,
    0.15,
    0.13999988239998118,
    0.12,
    0.14999988749997187,
    0.16,
    0.14879333826529376,
    0.16,
    0.12,
    0.14,
    0.14,
    0.1799998703999637,
    0.18095237483446702,
    0.2,
    0.18,
    0.21999991639998998,
    0.2,
    0.19,
    0.21,
    0.18000000267973987,
    0.2,
    0.2,
    0.23,
    0.22,
    0.23,
    0.23,
    0.24,
    0.23,
    0.25,
    0.25,
    0.24000009120017146,
    0.24,
    0.24,
    0.24,
    0.23,
    0.23,
    0.2099999285999886,
    0.21,
    0.21000000790002363,
    0.22,
    0.2,
    0.2,
    0.15,
    0.19047619047619047,
    0.19801980198019803,
    0.19301665733752824,
    0.18999998802999957,
    0.2,
    0.1900000054241083,
    0.1900000103689789,
    0.19,
    0.1900000037042694,
    0.18,
    0.18,
    0.18,
    0.17,
    0.17,
    0.18,
    0.16,
    0.18,
    0.18999987839995622,
    0.18999998802999957,
    0.16,
    0.12999999024999975,
    0.1,
    0.17633228584194827,
    0.1,
    0.1,
    0.11,
    0.1,
    0.1,
    0.13,
    0.11,
    0.13,
    0.11,
    0.11,
    0.11,
    0.11,
    0.11,
    0.11,
    0.11,
    0.12799071088684136,
    0.14705882352941177,
    0.13967080665262796,
    0.11,
    0.11,
    0.1456179639464711,
    0.12,
    0.12,
    0.12,
    0.11999998079999923,
    0.11999998991999984,
    0.12,
    0.11,
    0.11,
    0.11,
    0.11000000044500002,
    0.11,
    0.11999999596799997,
    0.11,
    0.11,
    0.11999989919998387,
    0.11,
    0.11940298507462686,
    0.1199,
    0.1,
    0.1199999519999952,
    0.12,
    0.11,
    0.12,
    0.11,
    0.10999990319998838,
    0.1199999519999952,
    0.1,
    0.12981714131064234,
    0.1,
    0.1,
    0.1,
    0.09,
    0.1,
    0.09,
    0.1,
    0.1,
    0.11999989919998387,
    0.1235002,
    0.13,
    0.21999991639998998,
    0.2,
    0.2,
    0.19,
    0.18999987839995622,
    0.18,
    0.1899999939199999,
    0.18999993729998935,
    0.19,
    0.19,
    0.18,
    0.2,
    0.2,
    0.22,
    0.25,
    0.25,
    0.25,
    0.25,
    0.25,
    0.25999999029333304,
    0.25999995755101496,
    0.2794411144067155,
    0.25,
    0.27,
    0.27,
    0.26999999041499984,
    0.29,
    0.29,
    0.28,
    0.29,
    0.28,
    0.29,
    0.25,
    0.25323073071051844,
    0.25,
    0.25,
    0.25,
    0.25,
    0.24,
    0.24,
    0.25,
    0.25,
    0.25,
    0.25,
    0.25,
    0.25,
    0.25,
    0.25,
    0.25,
    0.25,
    0.25,
    0.24,
    0.24,
    0.24,
    0.25,
    0.25,
    0.25,
    0.25,
    0.21,
    0.22,
    0.2,
    0.2399998559999424,
    0.24,
    0.24,
    0.24,
    0.24,
    0.24,
    0.24000000623589834,
    0.25,
    0.24,
    0.2400000087734493,
    0.24,
    0.24,
    0.25,
    0.24,
    0.25,
    0.24,
    0.24,
    0.24,
    0.24,
    0.25,
    0.25,
    0.25,
    0.25,
    0.25,
    0.24,
    0.24,
    0.24,
    0.24,
    0.24,
    0.1900000145800012,
    0.24,
    0.1900000145800012,
    0.1900000145800012,
    0.2,
    0.19000004455008665,
    0.1900000145800012,
    0.23,
    0.23,
    0.22,
    0.19494324451004538,
    0.22,
    0.22,
    0.15,
    0.15,
    0.14,
    0.14,
    0.12,
    0.14,
    0.13999999481999995,
    0.1,
    0.13,
    0.1,
    0.1,
    0.1,
    0.109999999032,
    0.1,
    0.07,
    0.10192735268931878,
    0.0999090909090909,
    0.09,
    0.09,
    0.1,
    0.1,
    0.08,
    0.1,
    0.07000000930010221,
    0.08,
    0.09,
    0.08999999189999992,
    0.08999999189999992,
    0.08999998451999956,
    0.07,
    0.07,
    0.07000000930010221,
    0.07,
    0.07,
    0.07,
    0.08,
    0.07000000465000138,
    0.07000000465000138,
    0.07000000465000138,
    0.07000000127397348,
    0.08,
    0.08,
    0.09,
    0.09,
    0.09,
    0.1,
    0.11,
    0.11,
    0.11764705882352941,
    0.13725487989234822,
    0.13917920656634747,
    0.11,
    0.11764705882352941,
    0.11764705882352941,
    0.1,
    0.1,
    0.1,
    0.1,
    0.1,
    0.1,
    0.1,
    0.1,
    0.1,
    0.11,
    0.1,
    0.11,
    0.12,
    0.11,
    0.11999989919998387,
    0.11999989919998387,
    0.11,
    0.11,
    0.11,
    0.11,
    0.11,
    0.11,
    0.11999989919998387,
    0.11,
    0.11999989919998387,
    0.11,
    0.11,
    0.11,
    0.11,
    0.11,
    0.12999999794599998,
    0.11,
    0.11,
    0.14634144958358078,
    0.11,
    0.09,
    0.10999990319998838,
    0.1,
    0.11,
    0.14204545454545456,
    0.13837636119469968,
    0.11,
    0.12935322871463573,
    0.11,
    0.11,
    0.12,
    0.12,
    0.12,
    0.13,
    0.1299999985987013,
    0.1299999789399992,
    0.12,
    0.12,
    0.12,
    0.13999999673333333,
    0.17,
    0.17,
    0.17,
    0.18999999863199998,
    0.16836065573770492,
    0.13,
    0.16,
    0.18925,
    0.17,
    0.18,
    0.17,
    0.17,
    0.18,
    0.18,
    0.1995,
    0.17,
    0.17,
    0.17,
    0.16999988609996242,
    0.1509090909090909,
    0.15,
    0.16999999686115214,
    0.16,
    0.15,
    0.15,
    0.15,
    0.15,
    0.16,
    0.1300000000705787,
    0.15,
    0.17,
    0.17,
    0.17,
    0.17,
    0.17,
    0.1699999870799997,
    0.17,
    0.16,
    0.15,
    0.13,
    0.12,
    0.11000001424001402,
    0.12,
    0.11999997479999899,
    0.12,
    0.11999999519999995,
    0.12,
    0.11764705882352941,
    0.0900000145309553,
    0.11881187165964102,
    0.11,
    0.12,
    0.0900000000888424,
    0.09,
    0.11,
    0.11495,
    0.11,
    0.11,
    0.12,
    0.11999989919998387,
    0.12,
    0.11,
    0.11,
    0.11881187165964102,
    0.12,
    0.14111006012333077,
    0.12,
    0.12,
    0.13999988239998118,
    0.14,
    0.14,
    0.139999999454,
    0.12,
    0.11,
    0.13,
    0.13,
    0.12,
    0.12,
    0.12,
    0.11,
    0.13,
    0.11,
    0.11,
    0.14,
    0.12,
    0.12999999975625,
    0.11,
    0.14,
    0.14778325011769272,
    0.07,
    0.1,
    0.09,
    0.07000000006572438,
    0.09,
    0.1,
    0.1,
    0.1,
    0.1,
    0.117954661351708,
    0.0899999189999919,
    0.08999998724999968,
    0.08,
    0.0899999599499978,
    0.0899999998944,
    0.09,
    0.08999999841945902,
    0.08999999845199999,
    0.0899999995995,
    0.09,
    0.08999999985089463,
    0.09,
    0.09,
    0.0899999189999919,
    0.09,
    0.089999998944,
    0.1,
    0.1,
    0.1,
    0.0899999189999919,
    0.08999999697599997,
    0.0899999189999919,
    0.1,
    0.09935419771485346,
    0.1,
    0.0927564444647893,
    0.089994,
    0.08000600801562084,
    0.08000601676967548,
    0.08000601676967548,
    0.08000001840000884,
    0.08000001840000884,
    0.08000001840000884,
    0.08000001840000884,
    0.08000001840000884,
    0.08000001840000884,
    0.08000001840000884,
    0.08,
    0.08,
    0.08,
    0.08,
    0.08,
    0.080006,
    0.08,
    0.0899999599499978,
    0.08999999189999992,
    0.08999798321678613,
    0.08999488676000764,
    0.08999398444090093,
    0.09,
    0.09,
    0.09,
    0.09,
    0.09,
    0.09,
    0.09,
    0.09009009820632417,
    0.0999347425478588,
    0.090006,
    0.09999923911967494,
    0.09006190376498248,
    0.09,
    0.09,
    0.0999589950520986,
    0.09,
    0.09,
    0.09,
    0.09,
    0.09,
    0.09004094997686077,
    0.0900000000416729,
    0.09000600058231732,
    0.0999556060604202,
    0.09009677419354839,
    0.09000600043157678,
    0.09000600969098962,
    0.09999401035877951,
    0.09999775005062386,
    0.09000600093387566,
    0.09,
    0.0999998495,
    0.09,
    0.09,
    0.09,
    0.09,
    0.09,
    0.09009,
    0.09991,
    0.09000000007760506,
    0.09009,
    0.09000600696545392,
    0.09999401035877951,
    0.09000600049753643,
    0.09000000012998743,
    0.0900060001761463,
    0.1,
    0.1,
    0.09000604238404811,
    0.1,
    0.1,
    0.1,
    0.1,
    0.1,
    0.09999625,
    0.09999519323106139,
    0.09,
    0.09,
    0.09,
    0.09,
    0.09006934366965516,
    0.09000621687267324,
    0.09008991818971211,
    0.09991339498262404,
    0.09988614965277542,
    0.09000621980810959,
    0.09000621867798222,
    0.09000624701790975,
    0.09000622417695567,
    0.09000628810056593,
    0.09000622983133308,
    0.09009372683435232,
    0.09012064890504776,
    0.09009371624839838,
    0.09012064567028892,
    0.0901206491346388,
    0.09009366535630241,
    0.09009367507472624,
    0.09000622475127618,
    0.0999504195695823,
    0.09000623195374985,
    0.09016888469218133,
    0.09014165116611819,
    0.09014477728669903,
    0.09000000204967973,
    0.09001799757679434,
    0.09014423076923077,
    0.09016885836375443,
    0.09000882258484484,
    0.09997163804628627,
    0.0901447020782844,
    0.0998557403801357,
    0.0901447125246432,
    0.09014107683000605,
    0.0901410750821791,
    0.09014110837268202,
    0.09014061433447099,
    0.09014518659591869,
    0.09014517262323,
    0.09014519423776991,
    0.09014022756040817,
    0.09014020362066316,
    0.09014019614296058,
    0.09014265322517535,
    0.09014242503154984,
    0.09002047420910111,
    0.09014266029702682,
    0.09014264704235551,
    0.09014364692003424,
    0.09014426968946015,
    0.09014424647490266,
    0.09014424647490266,
    0.09014266196906673,
    0.09985091245352809,
    0.09014263119311901,
    0.09014263080754237,
    0.0901410840001131,
    0.09014724049280491,
    0.09014877384880764,
    0.09014879279765405,
    0.0901537183215621,
    0.09014879026281535,
    0.09014876335497207,
    0.09014876606206917,
    0.09014879026281535,
    0.09014879869219433,
    0.09014661613516745,
    0.0999820032394169,
    0.09014659998977026,
    0.09014659692382544,
    0.09014100062585134,
    0.09014804188245686,
    0.09014803124098582,
    0.09014803353824244,
    0.09015063731170336,
    0.09014802690435679,
    0.099982,
    0.09014803124098582,
    0.09014802976418883,
    0.09014084641936336,
    0.09014085646147298,
    0.09014088428555518,
    0.09001804569823173,
    0.09014520218884928,
    0.09014519423776991,
    0.09014517834823575,
    0.0999982668300393,
    0.09014519966297191,
    0.09003021148036254,
    0.09014516888171714,
    0.0998539933449244,
    0.09014517973450008,
    0.09001950887189174,
    0.09014612869370478,
    0.09014611983381933,
    0.09014610515120601,
    0.09999116164887722,
    0.09001803295480804,
    0.09001800331329932,
    0.09001799743182715,
    0.09999682190100634,
    0.09001802259120002,
    0.09998374064084511,
    0.09,
    0.09,
    0.09001624400279604,
    0.09,
    0.09,
    0.09,
    0.09998312378412874,
    0.0900000001972495,
    0.09001799817271416,
    0.09001803295480804,
    0.09997667743602322,
    0.09000002333335666,
    0.09000003791670458,
    0.09000000962963463,
    0.09,
    0.09000625663892034,
    0.09014567075148011,
    0.09,
    0.09000600142003473,
    0.09014565298994491,
    0.09014563210578626,
    0.09999746699351832,
    0.0900060334527227,
    0.09000602565206163,
    0.09000601193735054,
    0.0900068135362253,
    0.09000000000380737,
    0.09015076426334243,
    0.09008993055174498,
    0.0900898263246189,
    0.09015079103413123,
    0.099999925,
    0.09015078124962589,
    0.09017375821408428,
    0.09008998764280896,
    0.09990714620546284,
    0.09017378263447418,
    0.09017378263447418,
    0.09008994145556172,
    0.0900899179437344,
    0.09008995202845824,
    0.09999317746481932,
    0.09998739808828194,
    0.09991,
    0.0900898267535971,
    0.099982,
    0.09000001452128409,
    0.0900000030639029,
    0.0900085861395205,
    0.0900060041829141,
    0.09000900090009001,
    0.09000900205405192,
    0.09000901419402052,
    0.09001799440655603,
    0.09000858703515754,
    0.09000858670817746,
    0.09005932804074127,
    0.09014635475711498,
    0.0999970337069764,
    0.09005935541132745,
    0.09005934868108426,
    0.1,
    0.1,
    0.09005936788665034,
    0.1,
    0.09997598443552547,
    0.09999489645857369,
    0.09017342621986794,
    0.09000600121940598,
    0.09000600211041947,
    0.09000600496697268,
    0.09000604238404811,
    0.09999401035877951,
    0.09999399136045829,
    0.0900000003260514,
    0.09001087578698054,
    0.09000600059836417,
    0.09999636333333334,
    0.09998904119012675,
    0.09000600098320921,
    0.09999399036057836,
    0.09998650182225399,
    0.09000680676476158,
    0.0900000000261059,
    0.09000683949169944,
    0.09000679963053736,
    0.09000679963053736,
    0.09000681226614608,
    0.09000679963053736,
    0.09000683949169944,
    0.09000682990181459,
    0.09000687047560982,
    0.09000687047560982,
    0.0900068274388452,
    0.09000680102685926,
    0.0900068148681414,
    0.09,
    0.09008358447466049,
    0.0900175165434021,
    0.09000000011407704,
    0.0900205059218549,
    0.09004777855468166,
    0.09,
    0.09013045132711703,
    0.09001644736842106,
    0.09013046056233158,
    0.09008360430595413,
    0.09008356604227459,
    0.09004777895976519,
    0.0900478146714255,
    0.1,
    0.1,
    0.1,
    0.1,
    0.0999988,
    0.09002050692768465,
    0.09000944707427555,
    0.09006831890192826,
    0.09008189999843494,
    0.09999657378406024,
    0.09006828860287895,
    0.09000944934282296,
    0.09000948210593751,
    0.09999054341496198,
    0.0999943518190375,
    0.09000805729816706,
    0.09998862170560177,
    0.09001800360072014,
    0.09000000034615957,
    0.0900180160432385,
    0.09001800532374259,
    0.09005481611801422,
    0.099969887973379,
    0.09998195446550773,
    0.09001799640071985,
    0.0900000008929958,
    0.09000600086592578,
    0.099993982360938,
    0.0900060010908489,
    0.0900060098646019,
    0.09000601142990679,
    0.09000600846170914,
    0.09000604238404811,
    0.09000600143142556,
    0.09999775005062386,
    0.09,
    0.09,
    0.09,
    0.09,
    0.09,
    0.09,
    0.1,
    0.1,
    0.1,
    0.1,
    0.1,
    0.1,
    0.1,
    0.1,
    0.10000997561626863,
    0.1,
    0.1,
    0.1,
    0.10000600030029869,
    0.10001505772378412,
    0.10000600086198895,
    0.10000600055137042,
    0.10999999376666661,
    0.10000602997165914,
    0.10999906927586574,
    0.10999401192599075,
    0.10999808012648969,
    0.1,
    0.1,
    0.1000971012372918,
    0.10009710497585715,
    0.1,
    0.10000600057498849,
    0.10000605940714048,
    0.10999390503763952,
    0.1,
    0.10000600040122683,
    0.10999989158993168,
    0.1,
    0.100006,
    0.10999990319998838,
    0.10999759149652823,
    0.10999339727946356,
    0.1,
    0.1,
    0.1,
    0.1,
    0.10000649585034253,
    0.10000626299943366,
    0.1,
    0.1,
    0.1,
    0.10007389168628217,
    0.1,
    0.10000627599449069,
    0.10016216216216216,
    0.10999099273679414,
    0.10010577367313614,
    0.1099999684666652,
    0.11,
    0.11,
    0.11,
    0.10999999871400057,
    0.10999991851850342,
    0.11,
    0.10010578277680014,
    0.11,
    0.1099982,
    0.10000600388266745,
    0.10999990319998838,
    0.10999999130999982,
    0.10999998478333291,
    0.1099991,
    0.10999999853476283,
    0.1099999850468747,
    0.10999999130999982,
    0.1,
    0.10999997524999869,
    0.10999999559999996,
    0.10999995214999689,
    0.1,
    0.10999998711428538,
    0.1,
    0.10999990725488923,
    0.1,
    0.10999999687582561,
    0.1,
    0.1099999966714133,
    0.1,
    0.1099999925407724,
    0.10999999023208869,
    0.1,
    0.1,
    0.1,
    0.1,
    0.1,
    0.1,
    0.10999999130999982,
    0.11,
    0.10999995214999689,
    0.11,
    0.10999990319998838,
    0.1,
    0.1,
    0.11,
    0.11,
    0.10999999981943397,
    0.1,
    0.10999999130999982,
    0.10999995214999689,
    0.1,
    0.10999999559999996,
    0.11,
    0.1,
    0.1,
    0.1,
    0.1,
    0.1,
    0.1,
    0.10999998151999942,
    0.10999999376666661,
    0.10999999208771917,
    0.1099999920085469,
    0.11302590960194647,
    0.1,
    0.10999999791956522,
    0.11,
    0.1,
    0.1,
    0.1,
    0.1,
    0.11,
    0.11,
    0.11,
    0.1,
    0.1,
    0.1,
    0.12,
    0.10975669099756691,
    0.1,
    0.1,
    0.1,
    0.1,
    0.1,
    0.1,
    0.10976880373749145,
    0.11999989919998387,
    0.11,
    0.11000000159498308,
    0.1100000071838616,
    0.11000000796064892,
    0.11000000478066546,
    0.1100000071838616,
    0.11000000079964119,
    0.11000000720323799,
    0.11000000159498308,
    0.11000000080180188,
    0.11000005476931166,
    0.12,
    0.11999989919998387,
    0.11,
    0.11999989919998387,
    0.11999989919998387,
    0.11000004450002003,
    0.12,
    0.11999989919998387,
    0.11999998248175119,
    0.11,
    0.11,
    0.11,
    0.11999989919998387,
    0.11,
    0.11000004450002003,
    0.11999998079999923,
    0.1100000071838616,
    0.11000000399461686,
    0.1199999519999952,
    0.11000000399461686,
    0.11000000079964119,
    0.11999991272725687,
    0.1199999519999952,
    0.12,
    0.11000000079964119,
    0.11000000720323799,
    0.11000000613794793,
    0.11000000080180188,
    0.11000000404545636,
    0.110000000089,
    0.1100000890004361,
    0.11000000399104569,
    0.12,
    0.11999998079999923,
    0.11000000593333659,
    0.11999996748386929,
    0.11000000178000059,
    0.11,
    0.11999989919998387,
    0.1100000053400005,
    0.11000004450002003,
    0.1100000890004361,
    0.11999999369999993,
    0.11000005476931166,
    0.12,
    0.1100000267000437,
    0.11999999669074193,
    0.11000002321753202,
    0.11999989919998387,
    0.11000000778750091,
    0.12,
    0.1100000801802452,
    0.11999998079999923,
    0.11,
    0.12,
    0.1199999519999952,
    0.12,
    0.11999991504423276,
    0.11999999519999995,
    0.12,
    0.11999998079999923,
    0.11999998079999923,
    0.11999995126903058,
    0.10999998151999942,
    0.1,
    0.10999990319998838,
    0.1,
    0.1,
    0.1,
    0.10999990319998838,
    0.1,
    0.1,
    0.11,
    0.1,
    0.11,
    0.11000000372385066,
    0.11999989919998387,
    0.12,
    0.11,
    0.11,
    0.12,
    0.12,
    0.12,
    0.12,
    0.11,
    0.11,
    0.12,
    0.11,
    0.12,
    0.1100000890004361,
    0.11000000044500002,
    0.11,
    0.11000000253298645,
    0.11999999596799997,
    0.1100000890004361,
    0.11,
    0.12,
    0.12,
    0.12,
    0.12000001530436752,
    0.12,
    0.1299999994735,
    0.12999997214285516,
    0.1299999466999952,
    0.1299999466999952,
    0.12000003520017459,
    0.12000003520017459,
    0.12000003520017459,
    0.12000003520017459,
    0.12000003520017459,
    0.12000003520017459,
    0.1299999627333316,
    0.12000003520017459,
    0.12999989859997768,
    0.1299999466999952,
    0.12999989859997768,
    0.12,
    0.12,
    0.12,
    0.12999989859997768,
    0.12,
    0.13,
    0.13,
    0.13,
    0.13,
    0.13,
    0.13,
    0.13,
    0.13,
    0.14005171427607174,
    0.14999988749997187,
    0.14005172320865614,
    0.14003534100188728,
    0.14,
    0.15,
    0.14,
    0.14999999549999996,
    0.14,
    0.14,
    0.14,
    0.14999988749997187,
    0.15,
    0.15,
    0.14999991346152183,
    0.14999998874999973,
    0.14,
    0.1599622640905607,
    0.15,
    0.16,
    0.16,
    0.16,
    0.16,
    0.16,
    0.15,
    0.15,
    0.15,
    0.16831682246185004,
    0.14,
    0.13,
    0.13,
    0.13,
    0.14000575162546056,
    0.14000576066077214,
    0.1400057577836446,
    0.16,
    0.13000000870001732,
    0.16,
    0.15,
    0.15,
    0.15,
    0.15,
    0.14001697371804833,
    0.14,
    0.14,
    0.14,
    0.14,
    0.14,
    0.14,
    0.14,
    0.1300252768796408,
    0.1300614774842121,
    0.1300188342820468,
    0.11000004450002003,
    0.21999985479995063,
    0.22999982749995687,
    0.09000001296914252,
    0.1,
    0.09000000279141618,
    0.08000000904177118,
    0.08,
    0.07000000770718652,
    0.08000001175722966,
    0.08000001095241668,
    0.07000001042603925,
    0.07000001075145118,
    0.07000001242765551,
    0.07,
    0.07000001192311499,
    0.07000000877360758,
    0.07000001160083387,
    0.22999982749995687,
    0.070000004638419,
    0.07,
    0.07000000881517833,
    0.0900000086052151,
    0.09,
    0.1,
    0.1,
    0.09000002104051667,
    0.09000000530097804,
    0.1,
    0.09000000936214753,
    0.09,
    0.09000001946525063,
    0.1,
    0.1,
    0.1,
    0.09000001107826844,
    0.09000000842594146,
    0.09000001055686402,
    0.1,
    0.07,
    0.08,
    0.08000000562691817,
    0.0800000042445218,
    0.07,
    0.07000000317949151,
    0.07000000376519208,
    0.0700000166567559,
    0.0700000063157948,
    0.07,
    0.07000000130801762,
    0.07000000491024803,
    0.07000001567421868,
    0.07,
    0.07000000776619407,
    0.07000000740446208,
    0.07000000565923377,
    0.07,
    0.07000000121409954,
    0.07,
    0.07000001297678324,
    0.07000000613861483,
    0.0700000049206375,
    0.07000000843538746,
    0.07000000341284465,
    0.07000001317285286,
    0.07000000862710792,
    0.0700000052542432,
    0.07000000583683592,
    0.07000000931864839,
    0.0700000032978735,
    0.07,
    0.07,
    0.07000000572309274,
    0.0700000047449052,
    0.07000001145321876,
    0.0700000093561386,
    0.07000000254445998,
    0.07000000155258843,
    0.07000000155258843,
    0.07000000115384744,
    0.07,
    0.07000000714469265,
    0.07,
    0.07,
    0.05
]
