[
    0.999,
    0.999,
    0.999,
    0.999,
    0.999,
    0.999,
    0.999,
    0.999,
    0.999,
    0.999,
    0.999,
    0.999,
    0.999,
    0.999,
    0.999,
    0.999,
    0.999,
    0.999,
    0.999,
    0.999,
    0.999,
    0.999,
    0.999,
    0.999,
    0.999,
    0.999,
    0.999,
    0.999,
    0.999,
    0.998,
    0.997,
    0.99,
    0.99,
    0.997,
    0.9969999999836556,
    0.9891096433716996,
    0.98,
    0.981,
    0.98,
    0.99,
    0.99,
    0.98,
    0.98,
    0.99,
    0.9899999955750386,
    0.99,
    0.98,
    0.9899999922021656,
    0.9899999329846096,
    0.99,
    0.99,
    0.99,
    0.99,
    0.98,
    0.9712981941735935,
    0.9699999988712005,
    0.95,
    0.95,
    0.92,
    0.93,
    0.91,
    0.9733042143847429,
    0.9590279242959423,
    0.95,
    0.95,
    0.93,
    0.93,
    0.93,
    0.96,
    0.95,
    0.9499999981,
    0.94,
    0.92,
    0.92,
    0.92,
    0.9,
    0.9,
    0.9,
    0.88,
    0.85,
    0.85,
    0.84,
    0.84,
    0.8499999787499984,
    0.83,
    0.82,
    0.83,
    0.81,
    0.81,
    0.8,
    0.8,
    0.76,
    0.79,
    0.75,
    0.74,
    0.74,
    0.7200000268800028,
    0.75,
    0.77,
    0.77,
    0.75,
    0.75,
    0.75,
    0.75,
    0.78,
    0.7799996957998144,
    0.7979087251970645,
    0.7899999288998998,
    0.730000060750008,
    0.78,
    0.8,
    0.8,
    0.8299997053498099,
    0.8,
    0.8,
    0.78,
    0.8,
    0.78,
    0.7400000501428654,
    0.7666666666666667,
    0.7595,
    0.7400000065000002,
    0.7299999087499658,
    0.7299999941599996,
    0.71,
    0.71,
    0.71,
    0.7,
    0.67,
    0.68,
    0.68,
    0.67,
    0.68,
    0.7,
    0.67,
    0.67,
    0.67,
    0.67,
    0.6700000069915256,
    0.67,
    0.6999999146341047,
    0.67,
    0.67,
    0.67,
    0.6700000055440001,
    0.6700000530701824,
    0.7,
    0.670000030225227,
    0.6700000335238114,
    0.6700000234259279,
    0.670000002178,
    0.67,
    0.6899999585999611,
    0.67,
    0.67,
    0.67,
    0.67,
    0.67,
    0.66,
    0.65,
    0.65,
    0.6,
    0.56,
    0.58,
    0.5829505204893921,
    0.56,
    0.56,
    0.56,
    0.56,
    0.56,
    0.56,
    0.5599999968639999,
    0.55,
    0.58,
    0.55,
    0.57,
    0.55,
    0.56,
    0.5799999953599991,
    0.5975103734026618,
    0.55,
    0.55,
    0.55,
    0.56,
    0.55,
    0.55,
    0.55,
    0.55,
    0.53,
    0.53,
    0.53,
    0.53,
    0.55,
    0.55,
    0.54,
    0.5176439869825172,
    0.53,
    0.5275,
    0.508651952194353,
    0.47000000265,
    0.5,
    0.49,
    0.48,
    0.49,
    0.48,
    0.48,
    0.47,
    0.46,
    0.48,
    0.5,
    0.51,
    0.51,
    0.48,
    0.51,
    0.47,
    0.44,
    0.44,
    0.41999999895,
    0.39,
    0.38,
    0.38,
    0.38999999024999976,
    0.3899998478999072,
    0.3899999859599991,
    0.3899999859599991,
    0.389,
    0.37,
    0.38,
    0.377114,
    0.3599999459999946,
    0.35999999308799985,
    0.33,
    0.3516666666666667,
    0.32,
    0.32195121468292676,
    0.3,
    0.34,
    0.33666666666666667,
    0.3,
    0.27,
    0.25,
    0.25,
    0.28,
    0.25,
    0.25,
    0.26,
    0.31,
    0.26,
    0.24000002784189148,
    0.24,
    0.2600000030348601,
    0.26,
    0.2600000244722508,
    0.25004901960784315,
    0.25,
    0.25,
    0.25,
    0.25,
    0.25,
    0.25,
    0.25,
    0.26,
    0.3099999716571414,
    0.28,
    0.3,
    0.29,
    0.26,
    0.3,
    0.28,
    0.26,
    0.27,
    0.27,
    0.3099999997272,
    0.28,
    0.2984033613445378,
    0.29,
    0.29,
    0.29,
    0.29,
    0.29,
    0.27,
    0.28,
    0.28,
    0.29,
    0.23,
    0.2200000102439052,
    0.22000000641975437,
    0.23,
    0.23,
    0.22000000433333392,
    0.23,
    0.24,
    0.24,
    0.24,
    0.23,
    0.2,
    0.24,
    0.219999998548,
    0.22,
    0.21,
    0.21,
    0.19,
    0.2,
    0.19000000002955691,
    0.22,
    0.22,
    0.22,
    0.2,
    0.2,
    0.2,
    0.22,
    0.22,
    0.2,
    0.1709090909090909,
    0.14,
    0.16,
    0.13000000870001732,
    0.14,
    0.12666666666666668,
    0.11,
    0.08000001226669512,
    0.11,
    0.1,
    0.1,
    0.12,
    0.1,
    0.12,
    0.12,
    0.12000000352000104,
    0.12,
    0.13,
    0.12,
    0.13,
    0.12,
    0.1200000000816658,
    0.15,
    0.15,
    0.15,
    0.14,
    0.18,
    0.18,
    0.18,
    0.2,
    0.18,
    0.19,
    0.19,
    0.22,
    0.22,
    0.220000000468,
    0.22,
    0.21,
    0.21,
    0.21,
    0.2,
    0.23000000654500125,
    0.23,
    0.23,
    0.22,
    0.22,
    0.2,
    0.22,
    0.2,
    0.2,
    0.21,
    0.21,
    0.20999999022916643,
    0.21,
    0.2,
    0.2099999922299999,
    0.2,
    0.21,
    0.2099999488999954,
    0.22,
    0.22,
    0.22,
    0.22,
    0.23,
    0.26,
    0.29,
    0.31,
    0.29,
    0.28,
    0.31,
    0.3094574358417883,
    0.3099483418024886,
    0.3039215665715109,
    0.309999998016,
    0.28,
    0.29,
    0.29,
    0.29,
    0.27,
    0.28,
    0.29,
    0.2700000000718769,
    0.30999996217999704,
    0.29,
    0.29,
    0.29,
    0.30999999801406247,
    0.3,
    0.3,
    0.29000002184615836,
    0.30000002800000447,
    0.3,
    0.3,
    0.3000000313901472,
    0.29,
    0.28,
    0.29,
    0.3,
    0.29,
    0.31,
    0.3099999998387707,
    0.3,
    0.3,
    0.29,
    0.29,
    0.31,
    0.31,
    0.309999998016,
    0.309999999845,
    0.29,
    0.3,
    0.29,
    0.29,
    0.3,
    0.31,
    0.29,
    0.3,
    0.3,
    0.31,
    0.32,
    0.31,
    0.28,
    0.32,
    0.29,
    0.28,
    0.31,
    0.3,
    0.32,
    0.31,
    0.3,
    0.3200001088000914,
    0.32000003626668894,
    0.35,
    0.35,
    0.39,
    0.35,
    0.35000001641414236,
    0.36,
    0.35,
    0.3699999986676399,
    0.38,
    0.39,
    0.39,
    0.4,
    0.39,
    0.4,
    0.43,
    0.42999999366315783,
    0.41061451937205445,
    0.38,
    0.39,
    0.39,
    0.38,
    0.38,
    0.36,
    0.35,
    0.35,
    0.38,
    0.36,
    0.35,
    0.35,
    0.36,
    0.34,
    0.34,
    0.38,
    0.38000014880011307,
    0.38,
    0.29,
    0.29,
    0.29,
    0.29,
    0.31,
    0.31,
    0.33999999505454537,
    0.3431372531526336,
    0.32999998816806697,
    0.33,
    0.33,
    0.33,
    0.33,
    0.33000000067,
    0.33,
    0.34,
    0.33,
    0.3700000085406711,
    0.37,
    0.34809859759763445,
    0.34,
    0.34,
    0.34,
    0.34,
    0.37,
    0.38,
    0.409999997622,
    0.4,
    0.40000002400000384,
    0.3799999741599966,
    0.41,
    0.41,
    0.37,
    0.38,
    0.38,
    0.4,
    0.42,
    0.42,
    0.44,
    0.44,
    0.45,
    0.45,
    0.45,
    0.45,
    0.45,
    0.45,
    0.4400000019608988,
    0.4499999992053481,
    0.44,
    0.43,
    0.46000000151200005,
    0.5,
    0.5308967958698991,
    0.55,
    0.5500000202500012,
    0.55,
    0.55,
    0.5500000117391312,
    0.5699999952827586,
    0.5500000078750003,
    0.57,
    0.57,
    0.62,
    0.5900000152881376,
    0.59,
    0.6,
    0.619999999876,
    0.6,
    0.6,
    0.6,
    0.62,
    0.62,
    0.62,
    0.62,
    0.62,
    0.62,
    0.62,
    0.66,
    0.6400000230400031,
    0.6800000511795358,
    0.69,
    0.6900001705000767,
    0.71,
    0.7,
    0.68,
    0.75,
    0.7,
    0.7,
    0.7,
    0.7,
    0.7,
    0.71,
    0.7299999772684261,
    0.73,
    0.7299999087499658,
    0.73,
    0.74,
    0.74,
    0.74,
    0.7199999974588235,
    0.6899999949450548,
    0.71,
    0.71,
    0.7394913905776827,
    0.7274901588041179,
    0.7,
    0.6700001072500188,
    0.67,
    0.71,
    0.72,
    0.7,
    0.7,
    0.74,
    0.74,
    0.74,
    0.75,
    0.74,
    0.75,
    0.7599999964931804,
    0.75,
    0.74,
    0.74,
    0.71,
    0.69,
    0.69,
    0.69,
    0.7,
    0.695002472514361,
    0.6999550908740968,
    0.6999550946206973,
    0.71,
    0.69,
    0.69,
    0.6999990954194899,
    0.6999939100408027,
    0.69,
    0.6901500002203443,
    0.6900060000041667,
    0.69015,
    0.6999847628464262,
    0.7,
    0.690006,
    0.7,
    0.7,
    0.6900000164300008,
    0.7,
    0.69,
    0.7,
    0.69,
    0.69,
    0.6899994261174393,
    0.68,
    0.679994,
    0.6799946365950029,
    0.670144,
    0.6700092133315245,
    0.68006800680068,
    0.6800060034876071,
    0.6800542139115148,
    0.689993555447303,
    0.6800542140682244,
    0.6899935617884232,
    0.6800542145433608,
    0.6899939993481853,
    0.6899938176368469,
    0.6899938176368469,
    0.6899938176368469,
    0.6899938176368469,
    0.68,
    0.68,
    0.6899999585999611,
    0.680006,
    0.68,
    0.6899999585999611,
    0.6899999585999611,
    0.6799943792219362,
    0.6799961433333334,
    0.6799913504927227,
    0.670000002178,
    0.6700000025272186,
    0.6700060034674402,
    0.67,
    0.67,
    0.6799938800489596,
    0.679993988850133,
    0.6799938800489596,
    0.6799939946295201,
    0.6799939979194449,
    0.670006,
    0.67,
    0.6700000025881897,
    0.679999998096,
    0.679999998368,
    0.6799999957959801,
    0.67,
    0.67,
    0.67,
    0.67,
    0.6699999731999944,
    0.67,
    0.6699999995966556,
    0.6699643509893053,
    0.6698751485449628,
    0.6601391036601565,
    0.6699932055999094,
    0.6600587702219166,
    0.6698199953330409,
    0.660139149494828,
    0.6601801709219767,
    0.6600595313183584,
    0.66018,
    0.660180147816359,
    0.6601388889444448,
    0.6600590063726612,
    0.6601801555689438,
    0.67,
    0.6699989669099934,
    0.6601801794454338,
    0.6699724976832799,
    0.6600586703350794,
    0.6699791869076581,
    0.6600588846588841,
    0.6600120778329773,
    0.6600094775359578,
    0.6600493968651793,
    0.6600495240348626,
    0.6699765423971135,
    0.6600094988133676,
    0.6600096489358122,
    0.6600060705931272,
    0.660006043149946,
    0.6699976383999527,
    0.67,
    0.6699939600353675,
    0.6600060031032159,
    0.6600612244897959,
    0.6699999915133323,
    0.6699999195999292,
    0.6699999993561406,
    0.6699999979541985,
    0.6699999209026772,
    0.67,
    0.6699999756684194,
    0.6699997727824881,
    0.6699999837524996,
    0.6699996962663994,
    0.6699999969076923,
    0.669999817272611,
    0.6699999986599999,
    0.669999918642809,
    0.6699497462300043,
    0.6600060246944474,
    0.6699879353930085,
    0.6599974842960182,
    0.6599807846546509,
    0.6599851454938401,
    0.6599849655124167,
    0.6500149152026689,
    0.6599815482349518,
    0.6500299600532623,
    0.6500000019443533,
    0.6500371287128713,
    0.6599939910076312,
    0.6599939764509593,
    0.65999999912,
    0.6599999621599971,
    0.6599999999738043,
    0.6599999690624531,
    0.6500001650944175,
    0.65000000245,
    0.6599998239998793,
    0.65,
    0.6600611828687968,
    0.6600340136054422,
    0.6400000047735082,
    0.65,
    0.65,
    0.66,
    0.6600072878241829,
    0.64,
    0.66,
    0.65,
    0.66,
    0.65,
    0.64,
    0.6699387823217055,
    0.6600073193638926,
    0.6699574208621601,
    0.6600738310090238,
    0.6600061411444581,
    0.6600061856228581,
    0.6699999969505848,
    0.6699995501372081,
    0.6700101752402488,
    0.6701562509153203,
    0.6700283019757923,
    0.67,
    0.670060281312793,
    0.6700495050501432,
    0.67,
    0.679967170094454,
    0.6701563757344228,
    0.6798435722953955,
    0.6700495055950958,
    0.6799504856789184,
    0.6700302868251211,
    0.6799981994399856,
    0.6799927974399423,
    0.6700297029702971,
    0.670014844387886,
    0.6700100747838051,
    0.6700148612121966,
    0.67003300330033,
    0.6700060198397454,
    0.6700297297959579,
    0.6700297105285778,
    0.6799981912046306,
    0.6799702975359779,
    0.670029835932071,
    0.6799489417732957,
    0.6700060197069208,
    0.6700963597430407,
    0.6799584263425811,
    0.6700060987680676,
    0.6701769961172083,
    0.6798269266611465,
    0.6701769902436338,
    0.670006089176979,
    0.6799820175329054,
    0.6799820134992011,
    0.6700001725688755,
    0.6799821412349993,
    0.6700001100000266,
    0.6699896801445889,
    0.6799999735921828,
    0.6698269465585269,
    0.6600090593040538,
    0.6699909868318942,
    0.6600102075535896,
    0.6600000450664071,
    0.6699939969536072,
    0.6700167348456675,
    0.6700060000111008,
    0.67,
    0.6700060077501185,
    0.6799911247556621,
    0.6600827970689838,
    0.6600189115527512,
    0.66,
    0.6600087882042769,
    0.6799171718081576,
    0.660019435654946,
    0.6600898426959159,
    0.67,
    0.67,
    0.6600899052676039,
    0.6799999446511351,
    0.6699999195999292,
    0.6699994726273726,
    0.6699999584306443,
    0.6600189551950714,
    0.6699999881265795,
    0.6699977491999775,
    0.6699939616999396,
    0.6699939670732239,
    0.6699939670732239,
    0.6699939963213222,
    0.6699939947913628,
    0.6600000088400002,
    0.660000042742864,
    0.67,
    0.67,
    0.67,
    0.67,
    0.670000015922671,
    0.67,
    0.67,
    0.670006,
    0.67,
    0.6701772825048973,
    0.6700060445272124,
    0.6701584351765816,
    0.6700000252570341,
    0.6799962388338489,
    0.6701773029645484,
    0.6701579662732292,
    0.6798420794903349,
    0.6799939711843643,
    0.670006090996042,
    0.670006003104261,
    0.670000094651209,
    0.6799999622222034,
    0.6700001177193251,
    0.6799998568418842,
    0.6700000404960892,
    0.6799999690028328,
    0.6799999792366312,
    0.679999998096,
    0.6799999945599995,
    0.6799999818666651,
    0.6700001967308411,
    0.6899999994025974,
    0.6700000146666673,
    0.67,
    0.68999999954,
    0.69,
    0.6899999972263839,
    0.6892042855904457,
    0.6799999903574593,
    0.67,
    0.67,
    0.66,
    0.67,
    0.67,
    0.6600000042110166,
    0.67,
    0.67,
    0.67,
    0.670000217800074,
    0.68999999954,
    0.6799998911999086,
    0.6700001078000366,
    0.6896090493247746,
    0.68,
    0.68,
    0.68,
    0.68,
    0.68,
    0.68,
    0.68,
    0.68999999954,
    0.6899999934905539,
    0.68,
    0.6899999424999856,
    0.68,
    0.68,
    0.69,
    0.69,
    0.68,
    0.68,
    0.68,
    0.6899999585999611,
    0.68,
    0.6799999745794164,
    0.6799999954666659,
    0.6700000409200031,
    0.6700000409200031,
    0.6799998911999086,
    0.68,
    0.68,
    0.68,
    0.68,
    0.68,
    0.68,
    0.68,
    0.68,
    0.68,
    0.68,
    0.68,
    0.68,
    0.68,
    0.68,
    0.68,
    0.68,
    0.68,
    0.68,
    0.6899999868899976,
    0.68,
    0.6899999585999611,
    0.68,
    0.68,
    0.68,
    0.6899998879486404,
    0.6899999585999611,
    0.68,
    0.6899998943241501,
    0.68,
    0.68,
    0.68,
    0.68,
    0.6899999925479998,
    0.68,
    0.68,
    0.68,
    0.68,
    0.68,
    0.68,
    0.69,
    0.69,
    0.69,
    0.69,
    0.69,
    0.69,
    0.6899999424999856,
    0.68,
    0.68,
    0.68,
    0.68,
    0.68,
    0.69,
    0.69,
    0.69,
    0.69,
    0.69,
    0.68,
    0.68,
    0.6899998670641239,
    0.6899999585999611,
    0.68,
    0.68,
    0.68,
    0.68,
    0.68,
    0.68,
    0.7,
    0.69,
    0.68,
    0.68,
    0.68,
    0.68,
    0.7,
    0.6900001194505483,
    0.6999999984444444,
    0.6999998727270644,
    0.7,
    0.6999999929999994,
    0.6999999326922495,
    0.6999999326922495,
    0.6900001705000767,
    0.6900001359231219,
    0.7,
    0.6900000413920517,
    0.6900000609170452,
    0.6999999665071626,
    0.6900000316473359,
    0.7,
    0.7,
    0.6999998703702743,
    0.7,
    0.7,
    0.6999999448818073,
    0.6900000707608919,
    0.6900000798484945,
    0.6900001577193563,
    0.6999999435483689,
    0.7,
    0.7,
    0.6999999342722758,
    0.6999999836448526,
    0.6999999653465192,
    0.7,
    0.7,
    0.690000045750641,
    0.6999999787878666,
    0.69000003396068,
    0.6999999595375629,
    0.6999999659367248,
    0.6999999695652055,
    0.6999999814323563,
    0.6999999795321583,
    0.6900000772075571,
    0.690000010015385,
    0.69,
    0.69,
    0.69,
    0.69,
    0.69,
    0.69,
    0.7,
    0.7,
    0.7,
    0.7,
    0.7,
    0.7,
    0.68,
    0.6800001487707389,
    0.68,
    0.7,
    0.7,
    0.699999897058763,
    0.6999999704641238,
    0.6999999803370737,
    0.7,
    0.68,
    0.7,
    0.6999999435483689,
    0.7,
    0.6999999562499754,
    0.6999999686098528,
    0.7,
    0.6999999858870942,
    0.7,
    0.68,
    0.68,
    0.68,
    0.6999999821882865,
    0.6999999766666597,
    0.7,
    0.68,
    0.6999999821882865,
    0.7,
    0.7,
    0.6999999508771619,
    0.68,
    0.7,
    0.6999999419086944,
    0.6999999796511516,
    0.6999999369368858,
    0.6999999423867886,
    0.699999945098022,
    0.7,
    0.699999945098022,
    0.68,
    0.68,
    0.7,
    0.7,
    0.6999999517241247,
    0.68,
    0.6999999707724377,
    0.6999999505300214,
    0.68,
    0.7,
    0.7,
    0.6999998640774324,
    0.68,
    0.68,
    0.7,
    0.7,
    0.6999999571865207,
    0.7,
    0.6999999631578578,
    0.7,
    0.68,
    0.7,
    0.68,
    0.68,
    0.68,
    0.7,
    0.6999999496402551,
    0.6999999597700941,
    0.7,
    0.69999994776112,
    0.6999999383259694,
    0.7,
    0.68,
    0.68,
    0.68,
    0.7,
    0.68,
    0.68,
    0.7,
    0.68,
    0.7,
    0.68,
    0.68,
    0.6999774128549928,
    0.68,
    0.68,
    0.6999999528619402,
    0.68,
    0.68,
    0.68,
    0.6899084651038209,
    0.6899084578963955,
    0.6999999603399344,
    0.68,
    0.68,
    0.68,
    0.699999954248339,
    0.6999999613259477,
    0.7,
    0.6999999455252537,
    0.7,
    0.7,
    0.7,
    0.68,
    0.68,
    0.68,
    0.7,
    0.699999981865276,
    0.7,
    0.7,
    0.7,
    0.6999999665071626,
    0.68,
    0.68,
    0.68,
    0.68,
    0.68,
    0.68,
    0.68,
    0.7,
    0.7,
    0.7,
    0.7,
    0.7,
    0.69,
    0.7,
    0.6999999528619402,
    0.6999999756944284,
    0.7,
    0.6999999639175183,
    0.6999999278349845,
    0.6999998931296242,
    0.6999999773462644,
    0.6999999704641238,
    0.68,
    0.68,
    0.68,
    0.68,
    0.699999954248339,
    0.6999998803416962,
    0.68,
    0.6999999439999597,
    0.7,
    0.6999999627659397,
    0.68,
    0.68,
    0.68,
    0.6999999278349845,
    0.68,
    0.7,
    0.6999999856850689,
    0.68,
    0.68,
    0.7,
    0.7,
    0.6999999479553749,
    0.6999999435483689,
    0.68,
    0.6999999771986903,
    0.6999999108279801,
    0.6999999756944284,
    0.68,
    0.68,
    0.7,
    0.7,
    0.6999999406779208,
    0.7,
    0.68,
    0.68,
    0.7,
    0.6999999439999597,
    0.6999999439999597,
    0.6999999439999597,
    0.7,
    0.6999999695652055,
    0.6999999439999597,
    0.6999999439999597,
    0.690128710258345,
    0.690128710258345,
    0.690128710258345,
    0.6999999439999597,
    0.7,
    0.6999999824120563,
    0.7,
    0.6999999704641238,
    0.7,
    0.6999999814323563,
    0.68,
    0.68,
    0.68,
    0.6999999492753476,
    0.6999999559748317,
    0.699999950354543,
    0.699999952702642,
    0.6999999066666169,
    0.7,
    0.68,
    0.6999999755244678,
    0.6999999850427322,
    0.7,
    0.68,
    0.68,
    0.6999999766666597,
    0.6999999828009748,
    0.6999999505300214,
    0.7,
    0.7,
    0.68,
    0.69,
    0.6800069624829286,
    0.7,
    0.6999999848812033,
    0.6999999810810765,
    0.7,
    0.6999999639175183,
    0.6999999505300214,
    0.6900000697500134,
    0.6900000520800051,
    0.690000061234581,
    0.68,
    0.69,
    0.6800000313589535,
    0.699999897058763,
    0.690000045750641,
    0.6900000920312707,
    0.6999999383259694,
    0.6999999735848967,
    0.7,
    0.7,
    0.6999999611111025,
    0.6999999517241247,
    0.6900000599333417,
    0.6900001417829909,
    0.6999998032127487,
    0.6999998187701562,
    0.6999999549839112,
    0.68,
    0.68,
    0.7,
    0.6999999653465192,
    0.6999997850875967,
    0.6999998429486525,
    0.6999997548637084,
    0.68,
    0.68,
    0.7,
    0.6999999270833029,
    0.68,
    0.6999996631014062,
    0.7,
    0.6999997586205648,
    0.7,
    0.6999997052629717,
    0.68,
    0.68,
    0.6999999213482793,
    0.7,
    0.7,
    0.7,
    0.6999996387093977,
    0.68,
    0.6999999569230663,
    0.6999999435483689,
    0.6999995855260158,
    0.6999999552715398,
    0.6999999821882865,
    0.7,
    0.7,
    0.68,
    0.68,
    0.7,
    0.6999999632545855,
    0.7,
    0.68,
    0.7,
    0.6999999625668369,
    0.68,
    0.68,
    0.68,
    0.68,
    0.68,
    0.7,
    0.7,
    0.7,
    0.7,
    0.7,
    0.69,
    0.69,
    0.68,
    0.7,
    0.7,
    0.7,
    0.7,
    0.68,
    0.68,
    0.68,
    0.7,
    0.7,
    0.69,
    0.6800000302473987,
    0.6900001705000767,
    0.7,
    0.7,
    0.7,
    0.68,
    0.68,
    0.68,
    0.6999999929999994,
    0.6899686693456232,
    0.69,
    0.6999999716024294,
    0.6999999686098528,
    0.6999999817708291,
    0.7,
    0.69,
    0.68,
    0.68,
    0.68,
    0.699999954248339,
    0.68,
    0.68,
    0.7,
    0.7,
    0.7,
    0.7,
    0.6999999796511516,
    0.7,
    0.6999999756944284,
    0.68,
    0.7,
    0.68,
    0.68,
    0.68,
    0.68,
    0.69,
    0.68,
    0.68,
    0.68,
    0.690154273372416,
    0.69,
    0.68,
    0.68,
    0.69,
    0.68,
    0.68,
    0.68,
    0.6900000032671676,
    0.7000617957106506,
    0.7099999918349997,
    0.6900000635500187,
    0.6900000451714349,
    0.7,
    0.7,
    0.7,
    0.7,
    0.7,
    0.7,
    0.7,
    0.7,
    0.7099999431998909,
    0.7099999431998909,
    0.700000180000072,
    0.71,
    0.7100000522000081,
    0.7100000928000322,
    0.7100001334000721,
    0.7100000928000322,
    0.7100001334000721,
    0.7100000725000182,
    0.7100001691667089,
    0.7102727277737623,
    0.700000030000003,
    0.700000138461581,
    0.700000180000072,
    0.700000180000072,
    0.7,
    0.7,
    0.71999999856,
    0.700000180000072,
    0.71,
    0.71,
    0.71,
    0.7,
    0.7,
    0.69,
    0.6899999917199968,
    0.68,
    0.69,
    0.69,
    0.69,
    0.69,
    0.7,
    0.7,
    0.71,
    0.6900001705000767,
    0.69,
    0.69,
    0.69,
    0.69,
    0.68,
    0.68,
    0.68,
    0.68,
    0.68,
    0.68,
    0.68,
    0.68,
    0.68,
    0.68,
    0.68,
    0.6798844502227105,
    0.6798843874601721,
    0.6798844662640953,
    0.680025,
    0.6800250000119207,
    0.68,
    0.68,
    0.6700000409200031,
    0.6799801712215888,
    0.679934382587622,
    0.669859703378698,
    0.6671567647242379,
    0.67,
    0.66,
    0.61,
    0.6099794459270058,
    0.61,
    0.61,
    0.61,
    0.57,
    0.57,
    0.6099999786499901,
    0.5999498687142553,
    0.5999498648309898,
    0.5999498432339829,
    0.619999986359999,
    0.56,
    0.56,
    0.56,
    0.56,
    0.56,
    0.56,
    0.54,
    0.54,
    0.54,
    0.54,
    0.54,
    0.54,
    0.54,
    0.54,
    0.54,
    0.54,
    0.54,
    0.54,
    0.54,
    0.4400001568001129,
    0.64,
    0.54,
    0.54,
    0.54,
    0.54,
    0.54,
    0.54,
    0.54,
    0.54,
    0.54,
    0.54,
    0.54,
    0.54,
    0.54,
    0.54,
    0.54,
    0.54,
    0.54,
    0.54,
    0.54,
    0.54,
    0.54,
    0.54,
    0.55,
    0.55,
    0.55,
    0.55,
    0.55,
    0.55,
    0.55,
    0.7099999431998909,
    0.3300000804000707
]
