[
    0.999,
    0.999,
    0.999,
    0.999,
    0.999,
    0.999,
    0.999,
    0.999,
    0.999,
    0.999,
    0.999,
    0.999,
    0.999,
    0.999,
    0.999,
    0.999,
    0.999,
    0.999,
    0.999,
    0.999000000999,
    0.9989999509990475,
    0.9989999979408305,
    0.9989999592855432,
    0.9989999909990099,
    0.9989999988141125,
    0.999,
    0.9989999609990384,
    0.998999997576089,
    0.998,
    0.998,
    0.998,
    0.998,
    0.998,
    0.996,
    0.997,
    0.996,
    0.996,
    0.996,
    0.99,
    0.99,
    0.99,
    0.99,
    0.97,
    0.96,
    0.95,
    0.95,
    0.95,
    0.96,
    0.96,
    0.96,
    0.9699999986066021,
    0.96,
    0.9671488920734355,
    0.94,
    0.9699999999882551,
    0.9400000540000054,
    0.9400000077142858,
    0.9400000540000054,
    0.94,
    0.9399999623995127,
    0.9,
    0.8900000009274092,
    0.92,
    0.85,
    0.85,
    0.85,
    0.85,
    0.84,
    0.8300000241400014,
    0.78,
    0.78,
    0.7700000205205526,
    0.7800000056320001,
    0.8199999934399984,
    0.77,
    0.77,
    0.81,
    0.81,
    0.81,
    0.81,
    0.81,
    0.7858285883816196,
    0.7300000063000001,
    0.72,
    0.7200000129230774,
    0.72,
    0.72,
    0.73,
    0.73,
    0.7450681198910082,
    0.73,
    0.73,
    0.73,
    0.73,
    0.73,
    0.73,
    0.72,
    0.72,
    0.725,
    0.71,
    0.670000217800074,
    0.67,
    0.67,
    0.7,
    0.6700000160673304,
    0.67,
    0.68,
    0.68,
    0.68,
    0.7299998101998596,
    0.7,
    0.71,
    0.7,
    0.72,
    0.7258296702840923,
    0.69,
    0.6835947081008997,
    0.6400000129600009,
    0.6899999951699998,
    0.6716049334625814,
    0.63,
    0.6499999986999999,
    0.61,
    0.6,
    0.6,
    0.6,
    0.6,
    0.61,
    0.61,
    0.6,
    0.7,
    0.65,
    0.74,
    0.7700001725000432,
    0.8,
    0.7570774445336228,
    0.72,
    0.7200000026444444,
    0.71,
    0.7100000319000018,
    0.7,
    0.6900000164300008,
    0.7,
    0.7,
    0.71,
    0.69,
    0.69,
    0.69,
    0.69,
    0.7199995391993733,
    0.6900000105400002,
    0.72,
    0.6900000105400002,
    0.6900001705000767,
    0.6900000806000113,
    0.7,
    0.719999995392,
    0.7000000075000001,
    0.719999999808,
    0.71,
    0.7199999952844859,
    0.7199998559995968,
    0.72,
    0.7100000420500044,
    0.72,
    0.7199998559995968,
    0.71,
    0.690000001984,
    0.7199999807999877,
    0.7100000153700007,
    0.710000003944,
    0.77,
    0.7600000205714298,
    0.79,
    0.81,
    0.8,
    0.81,
    0.81,
    0.81,
    0.8099999952202989,
    0.8,
    0.7700001725000432,
    0.7700000067160001,
    0.81,
    0.82,
    0.8066666666666666,
    0.8,
    0.8,
    0.8100000060800001,
    0.81,
    0.81,
    0.82,
    0.81,
    0.81,
    0.81,
    0.85,
    0.86,
    0.8599999426666323,
    0.85,
    0.86,
    0.87,
    0.87,
    0.88,
    0.88,
    0.86,
    0.8300000023889826,
    0.84,
    0.8300000129200004,
    0.8200001296000363,
    0.84,
    0.83,
    0.82,
    0.8300000578000093,
    0.84,
    0.8599999426666323,
    0.85,
    0.85,
    0.86,
    0.88,
    0.87,
    0.87,
    0.87,
    0.87,
    0.88,
    0.88,
    0.88,
    0.8800000100800002,
    0.88,
    0.8799996820642207,
    0.8799998194871008,
    0.88,
    0.8700001014000223,
    0.8900000478500031,
    0.8800000048000001,
    0.9,
    0.9,
    0.9399997837999416,
    0.9100000810000081,
    0.9399999990976,
    0.91,
    0.9099997512665688,
    0.89,
    0.8800000013951557,
    0.9,
    0.86,
    0.860000002352,
    0.85,
    0.85,
    0.85,
    0.84,
    0.84,
    0.85,
    0.8600001176000188,
    0.8600000273000015,
    0.84,
    0.84,
    0.8499999829999799,
    0.8649710972915099,
    0.82,
    0.82,
    0.83,
    0.86,
    0.85,
    0.85,
    0.84,
    0.8673916548091015,
    0.8599999139995786,
    0.84,
    0.84,
    0.84,
    0.84,
    0.84,
    0.84,
    0.84,
    0.84,
    0.84,
    0.820000002448,
    0.84,
    0.84,
    0.84,
    0.84,
    0.84,
    0.84,
    0.8399999971076039,
    0.83,
    0.83,
    0.83,
    0.83,
    0.84,
    0.84,
    0.84,
    0.84,
    0.84,
    0.8399999551999426,
    0.83,
    0.83,
    0.82,
    0.8200000105000003,
    0.82,
    0.82,
    0.82,
    0.82,
    0.83,
    0.83,
    0.82,
    0.86,
    0.8200001296000363,
    0.820000008780488,
    0.82,
    0.82,
    0.83,
    0.8623282780356115,
    0.86,
    0.88,
    0.87,
    0.87,
    0.8700000097500002,
    0.87,
    0.88,
    0.87,
    0.879907608993434,
    0.87,
    0.8601000077164844,
    0.8699999912999827,
    0.8698950033056125,
    0.8698949855422441,
    0.8698950365991378,
    0.8501000844761396,
    0.8699999995215,
    0.8699999995215,
    0.87,
    0.8598989616699271,
    0.8501006036217303,
    0.8598990065410824,
    0.8598990075162893,
    0.8501000035518149,
    0.8501000356770473,
    0.8501001257211502,
    0.8501,
    0.8501,
    0.8598990098869873,
    0.8501,
    0.86,
    0.86,
    0.86,
    0.8615823961091729,
    0.8499200643366819,
    0.8498997622312013,
    0.8400000140071336,
    0.8401000112020803,
    0.84,
    0.84,
    0.8499,
    0.8499,
    0.84,
    0.84,
    0.8401,
    0.85,
    0.849999995749999,
    0.84997,
    0.8499925,
    0.84,
    0.85,
    0.85,
    0.85,
    0.85,
    0.85,
    0.8500000071856288,
    0.85,
    0.85,
    0.85,
    0.85,
    0.8500001188119047,
    0.8501005025125629,
    0.8500000011083154,
    0.8500000017480042,
    0.85,
    0.8501049475262369,
    0.8501049475262369,
    0.8501000058590495,
    0.85,
    0.8501000620061403,
    0.8598989400769598,
    0.8501001257211502,
    0.8598989442545559,
    0.8598990610047953,
    0.8598989616699271,
    0.85,
    0.85,
    0.8499984352816858,
    0.8401000146488383,
    0.8400000007264319,
    0.8401050131266409,
    0.8401002556856413,
    0.8401048548800938,
    0.8499999990555555,
    0.8499492478254387,
    0.8498996265529838,
    0.849899750069968,
    0.8401049743871897,
    0.8498999834889888,
    0.8498999002149942,
    0.84,
    0.8501,
    0.8501,
    0.8501000032980954,
    0.850100083244476,
    0.8599999978566977,
    0.8599999211004904,
    0.8599452746263595,
    0.849991563668302,
    0.8401001421830957,
    0.8401027153047249,
    0.84,
    0.84,
    0.8401001261843645,
    0.8400000014111836,
    0.8401056306347311,
    0.8401019830567005,
    0.84,
    0.8499904197376043,
    0.8498998816938181,
    0.8498999986330774,
    0.8498999979243551,
    0.849899983749909,
    0.8499999149996685,
    0.84,
    0.8401,
    0.8599999827999946,
    0.84,
    0.849910169687047,
    0.8498998816938181,
    0.8499,
    0.84,
    0.8401008877162522,
    0.8400000027399606,
    0.8401033363593721,
    0.84,
    0.8598999877320731,
    0.8599,
    0.8598999992409728,
    0.8401017214397496,
    0.84,
    0.84,
    0.8598999918911414,
    0.84,
    0.84,
    0.8698999786003964,
    0.85,
    0.85,
    0.84,
    0.85,
    0.8600535714285714,
    0.8501000057095242,
    0.8501000092884238,
    0.8699903067146305,
    0.8500000017008728,
    0.8601000221781433,
    0.8698999904310937,
    0.8601000288080023,
    0.8698999786003964,
    0.8601,
    0.8693100703739652,
    0.8599999981425483,
    0.8599998395157892,
    0.859897841531193,
    0.8598978234601545,
    0.85989774034716,
    0.8501,
    0.8599994720784866,
    0.859999535599322,
    0.8499144689950107,
    0.8599999925379594,
    0.8599992300944609,
    0.84,
    0.8599992300944609,
    0.84,
    0.8560938788516553,
    0.8499999149996685,
    0.85,
    0.8499999981625593,
    0.85,
    0.85,
    0.859999535599322,
    0.85,
    0.850000024000001,
    0.850000024000001,
    0.8599999872387094,
    0.85,
    0.8499998193749481,
    0.84,
    0.84,
    0.84,
    0.8499999920312499,
    0.8499994474992542,
    0.85,
    0.84,
    0.85,
    0.8499997449998725,
    0.8499999868636361,
    0.8499998864503102,
    0.85,
    0.8499996599997475,
    0.84,
    0.85,
    0.8499988864024779,
    0.84,
    0.84,
    0.8499994474992542,
    0.84,
    0.849999757550242,
    0.8499999694244396,
    0.8499996238933061,
    0.84,
    0.84,
    0.84,
    0.84,
    0.84,
    0.84,
    0.84,
    0.8499994474992542,
    0.85,
    0.8499974829990601,
    0.85,
    0.84,
    0.849999995749999,
    0.8499999978205125,
    0.85,
    0.84,
    0.84,
    0.85,
    0.8499999975714283,
    0.84,
    0.85,
    0.84,
    0.85,
    0.85,
    0.85,
    0.85,
    0.8499999845454492,
    0.84,
    0.85,
    0.85,
    0.8499999983653845,
    0.85,
    0.8499867683859058,
    0.840024329257865,
    0.840013261411289,
    0.849979816654341,
    0.8499756786329048,
    0.8400244506874076,
    0.8499592668156541,
    0.8400642857142857,
    0.84,
    0.8499692368173656,
    0.84,
    0.8400236220472441,
    0.840030792480738,
    0.84,
    0.84,
    0.84,
    0.8400065698254866,
    0.8499692320331267,
    0.8400691775557264,
    0.8400066205880469,
    0.8499934125450642,
    0.8499934125247031,
    0.8499934269721218,
    0.8499974762402477,
    0.84,
    0.8400060057345603,
    0.8499939923474352,
    0.8400104663332946,
    0.8400176618225451,
    0.84,
    0.8400000043026832,
    0.8400166635808184,
    0.85,
    0.85,
    0.85,
    0.85,
    0.85,
    0.85,
    0.8499833217502234,
    0.8499833303256144,
    0.8400176629461402,
    0.8400692307692308,
    0.8499918635995444,
    0.8499575169326744,
    0.8499823426649138,
    0.8499939971010793,
    0.85,
    0.84,
    0.8500193065564381,
    0.8500193287686694,
    0.8500193550058065,
    0.850006,
    0.8599912875323301,
    0.8545376702025205,
    0.8400091194893086,
    0.8400094198810316,
    0.8401761252446184,
    0.8499044974897975,
    0.8499045130847246,
    0.8400091163522294,
    0.8400092593706424,
    0.840095512215379,
    0.849904491823551,
    0.8400090355085064,
    0.8499235209975162,
    0.8400764655904843,
    0.840009025634794,
    0.8499234641624447,
    0.8499234647750481,
    0.8499910070933464,
    0.8499832130808485,
    0.8400000205769472,
    0.8400257248991037,
    0.84,
    0.8400258322483424,
    0.8499808754689453,
    0.8400133729569094,
    0.8400186605846983,
    0.84,
    0.849986570198761,
    0.84998661908498,
    0.8499909050882206,
    0.8499910005194729,
    0.8400102123010599,
    0.84,
    0.8499909050882206,
    0.8499909931899158,
    0.8400102681461245,
    0.840010322544312,
    0.8400764655904843,
    0.8400111463020105,
    0.8499909931899158,
    0.8400102340010234,
    0.8400765233774891,
    0.84,
    0.8499819881977543,
    0.8499039310707238,
    0.84,
    0.84,
    0.8400391600034052,
    0.8401530612244898,
    0.8400002504888446,
    0.8499608507640646,
    0.8499940369977442,
    0.84,
    0.8400060004000267,
    0.84,
    0.84,
    0.840006,
    0.84,
    0.84,
    0.84,
    0.85,
    0.8499974573497818,
    0.8599960619145942,
    0.859974194512769,
    0.8500258154213709,
    0.8500078246895635,
    0.859995439960088,
    0.8500000112500002,
    0.8599939995348006,
    0.85,
    0.85,
    0.8500060050670846,
    0.8599999999243956,
    0.85,
    0.850006,
    0.85,
    0.8499996315024434,
    0.840144,
    0.84001918444596,
    0.8400496516041512,
    0.8400576037062876,
    0.85,
    0.85,
    0.849948277600695,
    0.8499280414289043,
    0.8499280535183232,
    0.8499280535183232,
    0.8498794097940757,
    0.8498562105347112,
    0.8400576624691891,
    0.8400490923355368,
    0.84009,
    0.8400900932495995,
    0.8499869583619702,
    0.8499797679983815,
    0.8499520625838267,
    0.8499809349247699,
    0.8499654331190838,
    0.8499099244032776,
    0.8499099944415831,
    0.84991,
    0.8401115881957162,
    0.8400901567070339,
    0.8499868449776364,
    0.8401116285892405,
    0.8499732704035196,
    0.8499280535183232,
    0.8400065558277987,
    0.8400125560364566,
    0.8400190952405598,
    0.840012578717807,
    0.8400190914855168,
    0.849980875415592,
    0.8400191785200576,
    0.8499710204350869,
    0.8400906344410876,
    0.8400385735280099,
    0.8400125637290012,
    0.8499874371731158,
    0.8499873776117082,
    0.8400385897144995,
    0.8400386275108562,
    0.849987390651661,
    0.8499874574919545,
    0.8499834543631898,
    0.849961496551689,
    0.8400386275108562,
    0.8499934844177585,
    0.8499934956849783,
    0.8499935247218823,
    0.8499935195483578,
    0.8400065423447263,
    0.8499934568660712,
    0.8499934375410154,
    0.8499934375410154,
    0.8499934833718614,
    0.849993500947869,
    0.8400066056372917,
    0.8400065521552788,
    0.8400064814319322,
    0.84,
    0.84,
    0.8400060030491503,
    0.8400000001837109,
    0.84,
    0.84,
    0.84,
    0.84,
    0.8400060794245774,
    0.85,
    0.8499999716666203,
    0.84,
    0.84,
    0.8499999995001764,
    0.84,
    0.85,
    0.85,
    0.8499921735998494,
    0.8499765912949778,
    0.8599999139995786,
    0.86,
    0.84,
    0.8599999139995786,
    0.8599999745184627,
    0.8599999873992491,
    0.8599999918095121,
    0.84,
    0.8501694523380183,
    0.8599999986969696,
    0.8599999990444445,
    0.84,
    0.8499713671949658,
    0.8599999139995786,
    0.85,
    0.84,
    0.84,
    0.86,
    0.85,
    0.84,
    0.84,
    0.8599999654849282,
    0.8599999705982665,
    0.8599999398599338,
    0.8599999329868007,
    0.8599999596874704,
    0.859999967081278,
    0.8599999938571298,
    0.859999963533506,
    0.8599999911339933,
    0.8599999705982665,
    0.8599999850434525,
    0.8599999830541791,
    0.8599999311998404,
    0.8599999784999871,
    0.86,
    0.8599999392940505,
    0.8599999139995786,
    0.859999968382296,
    0.8599999359005861,
    0.8599999918095121,
    0.86,
    0.8599999673003318,
    0.8599999398599338,
    0.86,
    0.859999943420833,
    0.8599999777585925,
    0.86,
    0.8599999840739859,
    0.8599999870676305,
    0.8599999687271317,
    0.8599999710922922,
    0.8599999869696824,
    0.85,
    0.85,
    0.85,
    0.8499994921380294,
    0.8499997408534216,
    0.8499996522725534,
    0.849999569256393,
    0.8499997851984551,
    0.85,
    0.8499997755280703,
    0.85,
    0.849999351694311,
    0.8499996906129024,
    0.8499997551439019,
    0.8499999595237729,
    0.8499999715718978,
    0.8499999632034488,
    0.8499998466493541,
    0.8499993539994574,
    0.849999645832989,
    0.85,
    0.84,
    0.8499999595237729,
    0.8499999602803572,
    0.8499998043931868,
    0.8499994474992542,
    0.84,
    0.8499999715718978,
    0.8499997976189582,
    0.8499996391504158,
    0.84,
    0.8499994333328716,
    0.8499995072459483,
    0.8499998694538559,
    0.8499997177120625,
    0.84,
    0.8499996234174116,
    0.8499999754335125,
    0.849999780172218,
    0.8499997449998725,
    0.8499997711537317,
    0.849999859004629,
    0.84,
    0.8499994967101621,
    0.84,
    0.8499996341056332,
    0.8572162724898544,
    0.8499999568527722,
    0.84,
    0.84,
    0.85,
    0.85,
    0.8499999811110696,
    0.85,
    0.84,
    0.849999955026386,
    0.8499999766483138,
    0.8499999595237729,
    0.8499999845454492,
    0.8499999241070819,
    0.8499999613634976,
    0.8499999384056677,
    0.84,
    0.8499999604650261,
    0.85,
    0.85,
    0.85,
    0.849999979567259,
    0.85,
    0.8499999923007191,
    0.85,
    0.84,
    0.8499999451611877,
    0.85,
    0.8499999613634976,
    0.85,
    0.8499999716666203,
    0.8499999530385469,
    0.8499999727563937,
    0.8499999570706008,
    0.8499999365669796,
    0.8499999613634976,
    0.84,
    0.85,
    0.8499999517044933,
    0.8499999212961579,
    0.8499999786431844,
    0.84,
    0.84,
    0.84,
    0.84,
    0.8499999854452007,
    0.8499999405591954,
    0.8499999465408167,
    0.8499999771505137,
    0.84,
    0.85,
    0.8499999803240472,
    0.8499999241070819,
    0.8499999468748041,
    0.85,
    0.8499999679245174,
    0.85,
    0.8499999835271257,
    0.8499999595237729,
    0.85,
    0.8499999651639073,
    0.84,
    0.8499999699646124,
    0.8499999346151381,
    0.8499999782050841,
    0.8499999468748041,
    0.85,
    0.84,
    0.85,
    0.849999972929851,
    0.8499999696427498,
    0.85,
    0.8499999754335125,
    0.85,
    0.849999972929851,
    0.85,
    0.84,
    0.84,
    0.8499999654470154,
    0.85,
    0.8499999790640193,
    0.84,
    0.84,
    0.84,
    0.85,
    0.8499999149996685,
    0.8499999817596335,
    0.8499999852430455,
    0.8499999840823794,
    0.8499999182690029,
    0.8499999517044933,
    0.849999979567259,
    0.84,
    0.84,
    0.85,
    0.85,
    0.85,
    0.8499999568527722,
    0.849999968518473,
    0.8499999651639073,
    0.85,
    0.85,
    0.85,
    0.85,
    0.8499999384056677,
    0.849999955026386,
    0.8499999417807861,
    0.849999968518473,
    0.85,
    0.8499999845454492,
    0.8499999595237729,
    0.84,
    0.84,
    0.85,
    0.8499999742423782,
    0.85,
    0.85,
    0.85,
    0.8499999736024197,
    0.85,
    0.84,
    0.85,
    0.84,
    0.8499999934108508,
    0.85,
    0.8499999149996685,
    0.8499999325393667,
    0.85,
    0.849999940140765,
    0.8499999346151381,
    0.85,
    0.84,
    0.84,
    0.8499999481705769,
    0.85,
    0.85,
    0.8499999595237729,
    0.85,
    0.85,
    0.8499999451611877,
    0.84,
    0.8499999669260327,
    0.8499999182690029,
    0.85,
    0.84,
    0.8499999696427498,
    0.85,
    0.8499999675571789,
    0.84,
    0.84,
    0.85,
    0.85,
    0.85,
    0.85,
    0.8499999297518978,
    0.85,
    0.8499999736024197,
    0.8499999694244396,
    0.8499999761235425,
    0.8499999840823794,
    0.8499999247784349,
    0.8499999761235425,
    0.8499999654470154,
    0.8499999319998967,
    0.84,
    0.8499999716666203,
    0.84,
    0.8499999651639073,
    0.85,
    0.85,
    0.85,
    0.85,
    0.8499999653060389,
    0.8499999817596335,
    0.8499999561854338,
    0.84,
    0.84,
    0.84,
    0.84,
    0.8499999241070819,
    0.85,
    0.84,
    0.84,
    0.85,
    0.8499999848214072,
    0.8499999755746431,
    0.849999985494856,
    0.85,
    0.8499999820674958,
    0.84,
    0.8499999854452007,
    0.85,
    0.8499999814410161,
    0.84,
    0.8499999811110696,
    0.8499999848214072,
    0.8499999602803572,
    0.84,
    0.8499999694244396,
    0.85,
    0.8499999346151381,
    0.8499999561854338,
    0.8499999346151381,
    0.84,
    0.85,
    0.8499999319998967,
    0.84,
    0.85,
    0.85,
    0.8499999149996685,
    0.8499999273501851,
    0.85,
    0.8499999657257941,
    0.8499999694244396,
    0.8499999384056677,
    0.8499999247784349,
    0.8499999736024197,
    0.85,
    0.8499999712837265,
    0.85,
    0.84,
    0.84,
    0.8499999465408167,
    0.85,
    0.84,
    0.849999979567259,
    0.8499999633619916,
    0.8499999346151381,
    0.8499999674329265,
    0.84,
    0.84,
    0.8499999755746431,
    0.849999968518473,
    0.84,
    0.85,
    0.85,
    0.85,
    0.8499999478527319,
    0.85,
    0.8499999848214072,
    0.84,
    0.84,
    0.8499999689780694,
    0.85,
    0.85,
    0.85,
    0.84,
    0.849999968518473,
    0.85,
    0.8499999689780694,
    0.85,
    0.8499999848214072,
    0.8499999820674958,
    0.8499999689780694,
    0.8499999653060389,
    0.84,
    0.84,
    0.8499999505813121,
    0.8499999689780694,
    0.849999958737806,
    0.8499999297518978,
    0.85,
    0.8499999712837265,
    0.85,
    0.85,
    0.8499999829999799,
    0.8499999559585059,
    0.8499999149996685,
    0.84,
    0.85,
    0.85,
    0.84,
    0.85,
    0.85,
    0.8499999755746431,
    0.8499999570706008,
    0.8499999712837265,
    0.84,
    0.84,
    0.8499999712837265,
    0.8499999824379806,
    0.85,
    0.8499999843173319,
    0.85,
    0.85,
    0.84,
    0.84,
    0.85,
    0.8499999654470154,
    0.8499999613634976,
    0.8499999627192018,
    0.8499999823651383,
    0.85,
    0.8499999579207108,
    0.85,
    0.8499999437084639,
    0.8499999794685896,
    0.85,
    0.849999968518473,
    0.8499999319998967,
    0.85,
    0.8499999852430455,
    0.8499999799527929,
    0.84,
    0.8499999319998967,
    0.8499999297518978,
    0.8499999856902166,
    0.84,
    0.85,
    0.85,
    0.85,
    0.8499999149996685,
    0.8499999540539572,
    0.8499999149996685,
    0.8499999478527319,
    0.849999995749999,
    0.84,
    0.84,
    0.84,
    0.84,
    0.84,
    0.8499999810267777,
    0.84,
    0.8499999595237729,
    0.8499999481705769,
    0.85,
    0.85,
    0.8499999754335125,
    0.8499999597155272,
    0.84,
    0.8499999182690029,
    0.85,
    0.84,
    0.84,
    0.8499999149996685,
    0.84,
    0.85,
    0.8499999618833585,
    0.849999942176678,
    0.85,
    0.849999970790349,
    0.8499999618833585,
    0.85,
    0.85,
    0.85,
    0.84,
    0.84,
    0.8499999149996685,
    0.849999968518473,
    0.8499999716666203,
    0.85,
    0.84,
    0.84,
    0.84,
    0.84,
    0.84,
    0.84,
    0.84,
    0.84,
    0.84,
    0.8499999985833332,
    0.84,
    0.85,
    0.84,
    0.8499999998583333,
    0.84,
    0.84,
    0.84,
    0.84,
    0.84,
    0.8499999149996685,
    0.85,
    0.85,
    0.84,
    0.84,
    0.85,
    0.84,
    0.84,
    0.85,
    0.85,
    0.84,
    0.84,
    0.84,
    0.84,
    0.84,
    0.8499999989876131,
    0.85,
    0.85,
    0.84,
    0.84,
    0.8499999149996685,
    0.84,
    0.85,
    0.849999940140765,
    0.84,
    0.85,
    0.85,
    0.84,
    0.84,
    0.84,
    0.84,
    0.84,
    0.84,
    0.84,
    0.8499999985833332,
    0.84,
    0.85,
    0.84,
    0.83,
    0.8499999971666657,
    0.8499999716666203,
    0.83,
    0.830000005640482,
    0.83,
    0.8300000612000051,
    0.85,
    0.85,
    0.83,
    0.83,
    0.8300000074991619,
    0.83,
    0.84,
    0.84,
    0.84,
    0.84,
    0.85,
    0.8499999149996685,
    0.84,
    0.85,
    0.85,
    0.84,
    0.84,
    0.8499999829999799,
    0.85,
    0.85,
    0.84,
    0.84,
    0.8499999149996685,
    0.8499999149996685,
    0.8499999716666203,
    0.849999995749999,
    0.84,
    0.85,
    0.84,
    0.85,
    0.84,
    0.84,
    0.83,
    0.83,
    0.83,
    0.83,
    0.830360826544101,
    0.8300000453354369,
    0.8303609138220407,
    0.8399999949599988,
    0.83,
    0.83,
    0.83,
    0.83,
    0.83,
    0.84,
    0.84,
    0.84,
    0.84,
    0.84,
    0.84,
    0.81,
    0.81,
    0.81,
    0.8100000273600015,
    0.83,
    0.8300000503696092,
    0.8303519777465055,
    0.8303519035449947,
    0.8303518480963927,
    0.84,
    0.81,
    0.8299690401278643,
    0.8100000109043481,
    0.81,
    0.810000001368,
    0.8201526208645341,
    0.81,
    0.8201526762894507,
    0.8201526262506375,
    0.83,
    0.83,
    0.8199648946527257,
    0.8199648943892365,
    0.8299993774993936,
    0.829999995186,
    0.8299999833999961,
    0.8104580741286803,
    0.8399099072587545,
    0.8104580942641462,
    0.8399099095385277,
    0.83,
    0.83,
    0.83,
    0.790000132300049,
    0.8,
    0.8,
    0.8000933471061685,
    0.8000933760298803,
    0.8000108491087993,
    0.79,
    0.8,
    0.79,
    0.75,
    0.78,
    0.79,
    0.79,
    0.78,
    0.7699416464223997,
    0.7699417839712782,
    0.7699417847141053,
    0.7699417848836566,
    0.76,
    0.78,
    0.78,
    0.78,
    0.78,
    0.7699208928483091,
    0.7699208959084761,
    0.77,
    0.8279301705374961,
    0.8199954064969609,
    0.8199954044178922,
    0.8199954065189966,
    0.8000646670823837,
    0.8000646727947411,
    0.829999981496798,
    0.8299999086998274,
    0.8299999086998274,
    0.7800001452000493,
    0.8002493075436463,
    0.8002493762521861,
    0.8299999086998274,
    0.8002493138395241,
    0.8299999086998274,
    0.8199790062405611,
    0.8199790062981106,
    0.8299999086998274,
    0.8199752780447406,
    0.8299999086998274,
    0.8230044599574087,
    0.7999506629562528,
    0.799950662959027,
    0.8099999554499133,
    0.8199999835999839,
    0.8199999835999839,
    0.8299999086998274,
    0.8299999086998274,
    0.8299999086998274,
    0.8299999086998274,
    0.8299999086998274,
    0.8299999086998274,
    0.8280126355359959,
    0.8199998086665837,
    0.8199999835999839,
    0.8199999835999839,
    0.8199999835999839,
    0.8199999835999839,
    0.8199999835999839,
    0.8299999086998274,
    0.8299999086998274,
    0.8299999086998274,
    0.8299999086998274,
    0.8299999086998274,
    0.8299999086998274,
    0.8299999086998274,
    0.8299999086998274,
    0.8299999086998274,
    0.8299999086998274,
    0.8299999086998274,
    0.8299999086998274,
    0.8299999086998274,
    0.8299999086998274,
    0.8299999086998274,
    0.8299999086998274,
    0.8299999086998274,
    0.8299999086998274,
    0.8299999086998274,
    0.8299999086998274,
    0.8299999086998274,
    0.8299999086998274,
    0.8299999086998274,
    0.8299999086998274,
    0.8299999086998274,
    0.8299999086998274,
    0.8299999086998274,
    0.8299999086998274,
    0.8299999086998274,
    0.8299999086998274,
    0.8199999835999839,
    0.8199999835999839,
    0.8199999835999839,
    0.8199999835999839,
    0.8199999835999839,
    0.8199999835999839,
    0.8199999835999839,
    0.8199999835999839,
    0.8199999835999839,
    0.6700001197756493,
    0.69,
    0.6900000733779058,
    0.8199999835999839,
    0.74,
    0.8199999835999839,
    0.8199999835999839,
    0.74,
    0.74,
    0.8099433797286106,
    0.8099433795858116,
    0.8099433606041535,
    0.7999344052475802,
    0.7931251891628522,
    0.7400000937875884,
    0.8199999835999839,
    0.8099999554499133,
    0.8099999554499133,
    0.8099999756999036,
    0.8005542936289566,
    0.8,
    0.8,
    0.7599240379931622,
    0.74992478060683,
    0.7499247806044654,
    0.7628747427061634,
    0.75,
    0.7499570507945936,
    0.7499570508166796,
    0.7599999087998286,
    0.75,
    0.75,
    0.74,
    0.74,
    0.7400951289009596,
    0.74,
    0.74,
    0.74,
    0.74,
    0.74,
    0.74,
    0.74,
    0.74,
    0.74,
    0.74,
    0.74,
    0.74,
    0.74,
    0.74,
    0.74,
    0.74,
    0.6600000557376958,
    0.6802721088435374,
    0.6802275440102968,
    0.6802275643093755,
    0.6802276162765739,
    0.69,
    0.69,
    0.69,
    0.69,
    0.7,
    0.7,
    0.7,
    0.7,
    0.7098920180297513,
    0.7098920182486964,
    0.68,
    0.71,
    0.7099834156734868,
    0.6999682203354282,
    0.6999682203002353,
    0.6999682203232575,
    0.7099834161447661,
    0.7,
    0.7,
    0.7,
    0.7,
    0.7,
    0.7,
    0.7,
    0.13000004539134144,
    0.09000000631947074,
    0.9099999562499179,
    0.9299999932608062,
    0.98
]
