[
    0.999,
    0.999,
    0.999,
    0.999,
    0.999,
    0.999,
    0.999,
    0.999,
    0.999,
    0.999,
    0.999,
    0.999,
    0.999,
    0.999,
    0.999,
    0.999,
    0.999,
    0.999,
    0.999,
    0.999,
    0.999,
    0.999,
    0.999,
    0.999,
    0.999,
    0.999,
    0.999,
    0.999,
    0.999,
    0.9978807870253367,
    0.997,
    0.99,
    0.99,
    0.99,
    0.9899999980992,
    0.98,
    0.99,
    0.98,
    0.99,
    0.99,
    0.99,
    0.99,
    0.98,
    0.98,
    0.99,
    0.99,
    0.99,
    0.99,
    0.99,
    0.99,
    0.98,
    0.99,
    0.99,
    0.99,
    0.99,
    0.99,
    0.99,
    0.99,
    0.99,
    0.99,
    0.99,
    0.99,
    0.98,
    0.98,
    0.98,
    0.98,
    0.99,
    0.98,
    0.99,
    0.99,
    0.98,
    0.99,
    0.99,
    0.99,
    0.99,
    0.99,
    0.98,
    0.99,
    0.9707382175038182,
    0.96,
    0.98,
    0.98,
    0.9886560964170187,
    0.96,
    0.96,
    0.9770485507052431,
    0.95,
    0.95,
    0.95,
    0.95,
    0.9418604651162791,
    0.85,
    0.85,
    0.85,
    0.85,
    0.83,
    0.82,
    0.82,
    0.82,
    0.85,
    0.74,
    0.74,
    0.7699999953799994,
    0.74,
    0.73,
    0.75,
    0.7899999865699948,
    0.75,
    0.7899999907833288,
    0.75,
    0.75999064472793,
    0.73,
    0.73,
    0.72,
    0.7200000118938058,
    0.7794000373074783,
    0.77,
    0.88,
    0.88,
    0.88,
    0.88,
    0.88,
    0.89,
    0.89,
    0.9,
    0.89,
    0.89,
    0.92,
    0.94,
    0.96,
    0.9199999986113202,
    0.9203672092420718,
    0.9,
    0.92,
    0.92,
    0.92,
    0.92,
    0.93,
    0.92,
    0.91,
    0.9,
    0.9,
    0.9,
    0.9,
    0.89,
    0.89,
    0.89,
    0.9,
    0.9,
    0.8900000044,
    0.8900000080666668,
    0.89,
    0.899002,
    0.88,
    0.85,
    0.8999378333333333,
    0.87,
    0.860000001039367,
    0.8600000574000052,
    0.85,
    0.85,
    0.8500000112500002,
    0.85,
    0.85,
    0.8,
    0.83,
    0.8,
    0.8300000391000041,
    0.83,
    0.8388850347582559,
    0.82,
    0.82,
    0.8,
    0.8,
    0.8,
    0.7566162,
    0.7892476224870592,
    0.67,
    0.6699999949749997,
    0.66,
    0.67,
    0.7199999711999867,
    0.7,
    0.73,
    0.73,
    0.74,
    0.7000000075000001,
    0.6799999945599995,
    0.6300000229400009,
    0.64,
    0.64,
    0.6628827930216552,
    0.64,
    0.64,
    0.63,
    0.6200000236803853,
    0.64,
    0.64,
    0.66,
    0.6599999953799998,
    0.640000002304,
    0.63,
    0.6300000087732051,
    0.6300000727666766,
    0.63,
    0.6,
    0.58,
    0.58,
    0.58,
    0.58,
    0.58,
    0.57,
    0.51,
    0.5200001728001106,
    0.4400000224000036,
    0.4400001568001129,
    0.7,
    0.7,
    0.7,
    0.7,
    0.72,
    0.77,
    0.77,
    0.75,
    0.82,
    0.7831279650502039,
    0.82,
    0.82,
    0.82,
    0.83,
    0.8,
    0.8,
    0.8299999966799987,
    0.7566382034559268,
    0.9,
    0.82,
    0.85,
    0.85,
    0.82,
    0.850000024000001,
    0.8385918887368672,
    0.82,
    0.850000001125,
    0.82,
    0.79776,
    0.77,
    0.77,
    0.83,
    0.7700001725000432,
    0.7899999288998998,
    0.79,
    0.78,
    0.770000014566667,
    0.7992007992007992,
    0.8,
    0.7800000272800021,
    0.78,
    0.78,
    0.7700000003085922,
    0.8,
    0.78,
    0.78,
    0.78,
    0.71,
    0.71,
    0.71,
    0.7100000522000081,
    0.7,
    0.71,
    0.7,
    0.7,
    0.71,
    0.700000030000003,
    0.77,
    0.770000001403,
    0.77,
    0.7700000131100005,
    0.79,
    0.79,
    0.79,
    0.7899999826199865,
    0.77,
    0.75,
    0.7,
    0.69,
    0.69,
    0.6900000083210528,
    0.7,
    0.7,
    0.6999999719999955,
    0.7,
    0.68,
    0.65,
    0.6300000325600037,
    0.6200000040676057,
    0.62,
    0.65,
    0.61,
    0.61,
    0.63,
    0.61,
    0.61,
    0.61,
    0.6100001467327634,
    0.6499999986999999,
    0.610000109200024,
    0.63,
    0.63,
    0.63,
    0.63,
    0.63,
    0.63,
    0.59,
    0.5900000025625001,
    0.56,
    0.56,
    0.5700000129000022,
    0.66,
    0.67,
    0.6600000049454546,
    0.729999967879995,
    0.64,
    0.64,
    0.6300001206952124,
    0.63,
    0.64,
    0.6500000385000034,
    0.65,
    0.66,
    0.66,
    0.66,
    0.67,
    0.68,
    0.67,
    0.67,
    0.68,
    0.69,
    0.69,
    0.69,
    0.7399999999004473,
    0.71,
    0.71,
    0.73,
    0.72,
    0.72,
    0.71,
    0.76,
    0.74,
    0.7600000144000005,
    0.74,
    0.75,
    0.74,
    0.74,
    0.76,
    0.74,
    0.74,
    0.75,
    0.75,
    0.740000006563815,
    0.74,
    0.75,
    0.73,
    0.7531972789115646,
    0.71,
    0.71,
    0.71,
    0.7,
    0.71,
    0.71,
    0.71,
    0.7699999876799952,
    0.76,
    0.77,
    0.779999999688,
    0.7899999992589117,
    0.78999999921252,
    0.82,
    0.82,
    0.81,
    0.8,
    0.8,
    0.7700629645841504,
    0.780224,
    0.760000077054811,
    0.76,
    0.76,
    0.7699999876799952,
    0.7699999876799952,
    0.76,
    0.76,
    0.76,
    0.67,
    0.68,
    0.69,
    0.6899999663718307,
    0.68,
    0.7,
    0.6933333333333334,
    0.6700000095474782,
    0.7284806193674634,
    0.69,
    0.68999999954,
    0.6700000409200031,
    0.689999998965,
    0.6899999868899976,
    0.66,
    0.67,
    0.6600000009444444,
    0.6699999949749997,
    0.6699999949749997,
    0.67,
    0.67,
    0.68827642,
    0.66,
    0.6899999988688523,
    0.66,
    0.67,
    0.6699999991358742,
    0.67,
    0.64,
    0.6100001319549417,
    0.64,
    0.67,
    0.67000000495,
    0.67,
    0.67,
    0.67,
    0.67,
    0.67,
    0.670000217800074,
    0.67,
    0.67,
    0.67,
    0.64,
    0.6520275996869386,
    0.65,
    0.66,
    0.66,
    0.66,
    0.66,
    0.66,
    0.6600000054400001,
    0.66,
    0.66,
    0.6799999727999957,
    0.6300001369000863,
    0.66,
    0.66,
    0.649090909090909,
    0.6399317830158213,
    0.57,
    0.58,
    0.57,
    0.64,
    0.58,
    0.5799999921285712,
    0.64,
    0.5700000129000022,
    0.63,
    0.63,
    0.62,
    0.58,
    0.63,
    0.63,
    0.6480558324986159,
    0.630000001961,
    0.63,
    0.62,
    0.62,
    0.5999999939999998,
    0.6,
    0.57,
    0.57,
    0.57,
    0.57,
    0.56,
    0.5799999996176665,
    0.59,
    0.61,
    0.59,
    0.59,
    0.59,
    0.59,
    0.5900001763001005,
    0.59,
    0.5799999982599999,
    0.55,
    0.5686041284963967,
    0.5500000202500012,
    0.5699999869863005,
    0.5999999759999961,
    0.5499999931249997,
    0.52,
    0.51,
    0.5495875611058024,
    0.51,
    0.5,
    0.456,
    0.46,
    0.39,
    0.3799999997264,
    0.38,
    0.41,
    0.4100000019666667,
    0.4299998279998968,
    0.4000000029268293,
    0.41,
    0.4299999870999978,
    0.41,
    0.4199999805028985,
    0.37,
    0.37000000073449896,
    0.37000000123610205,
    0.38,
    0.43087190296575695,
    0.44,
    0.48,
    0.43,
    0.44,
    0.44,
    0.44,
    0.43,
    0.3900000073200003,
    0.4,
    0.41,
    0.40000000240000005,
    0.39,
    0.36,
    0.36,
    0.37,
    0.37,
    0.37,
    0.4,
    0.39,
    0.4,
    0.41,
    0.41999999327999976,
    0.42,
    0.43,
    0.43,
    0.43,
    0.43000000096202534,
    0.43,
    0.43,
    0.430000000855,
    0.42987654320987656,
    0.429999998538,
    0.4099999835999974,
    0.36,
    0.37,
    0.37,
    0.38,
    0.36,
    0.40935848,
    0.41999999327999976,
    0.44,
    0.43,
    0.4,
    0.4,
    0.375,
    0.38,
    0.37,
    0.34,
    0.35,
    0.3499999842499991,
    0.35,
    0.35,
    0.32,
    0.32,
    0.33,
    0.31,
    0.3,
    0.3,
    0.31,
    0.32,
    0.29000000002570875,
    0.31,
    0.32,
    0.36999997705999915,
    0.35,
    0.3400000060794487,
    0.3400000514286008,
    0.36815920152570475,
    0.34,
    0.34000001744494884,
    0.33,
    0.32,
    0.3200000831441309,
    0.32000002542058353,
    0.3200000564315774,
    0.3200000564315774,
    0.32000005264522513,
    0.32,
    0.32,
    0.32,
    0.32999999781375,
    0.32999999669999996,
    0.32,
    0.32,
    0.32,
    0.33,
    0.3200000054400005,
    0.3200000006170879,
    0.3200000126933348,
    0.3299999590799969,
    0.33,
    0.329999997822,
    0.33,
    0.3499999986,
    0.34,
    0.33,
    0.34,
    0.34,
    0.32999978219992593,
    0.3,
    0.3100000414000389,
    0.29,
    0.309999998016,
    0.31,
    0.3,
    0.29000000189333336,
    0.31,
    0.31,
    0.3,
    0.2999999982,
    0.2999999819999993,
    0.34,
    0.33,
    0.3499999609533433,
    0.3300000028140001,
    0.3499999985985986,
    0.3499998774999204,
    0.35,
    0.34,
    0.34,
    0.34,
    0.359999997696,
    0.359999998704,
    0.34,
    0.3400000017333336,
    0.3400000010621911,
    0.35,
    0.35000006500003683,
    0.350000001951952,
    0.35999993759999,
    0.35,
    0.35,
    0.36,
    0.35,
    0.35999987039991704,
    0.35999997695999686,
    0.35,
    0.33,
    0.3256,
    0.31,
    0.3100000024439198,
    0.329999997822,
    0.33,
    0.320000001904,
    0.320000001904,
    0.33,
    0.31000000126500005,
    0.31000000828000324,
    0.3100000414000389,
    0.26,
    0.28,
    0.28,
    0.2814634146341463,
    0.26,
    0.25,
    0.25,
    0.26,
    0.259999998492,
    0.26,
    0.27,
    0.26,
    0.26999985419993294,
    0.25,
    0.26999996984999836,
    0.2699999970403846,
    0.25,
    0.25,
    0.25,
    0.269999996328,
    0.26000005426668077,
    0.25,
    0.25,
    0.25,
    0.26,
    0.26,
    0.2600000035628313,
    0.24,
    0.22,
    0.21000000002624392,
    0.23,
    0.22,
    0.23,
    0.22,
    0.24,
    0.24000000152000003,
    0.24,
    0.24,
    0.25,
    0.25,
    0.23,
    0.24,
    0.23,
    0.23,
    0.25,
    0.23000000002472584,
    0.24,
    0.22,
    0.22,
    0.23,
    0.21000000316000045,
    0.21,
    0.21,
    0.21,
    0.26,
    0.2999999694500987,
    0.3,
    0.31,
    0.3075,
    0.3,
    0.31,
    0.31,
    0.33,
    0.32,
    0.33,
    0.33,
    0.32,
    0.33000000390720097,
    0.34,
    0.33000000708928745,
    0.33000000208074554,
    0.34,
    0.34,
    0.35,
    0.33000000242363353,
    0.29,
    0.31,
    0.30999996217999704,
    0.28000000288000015,
    0.28000000128628855,
    0.2800000017507599,
    0.3099998294999233,
    0.309999837326657,
    0.30999990424081714,
    0.3099998810691532,
    0.3099999330516262,
    0.30999992604058924,
    0.3099999330516262,
    0.3099998759999641,
    0.3099998668589462,
    0.30999987672512314,
    0.30999990270068944,
    0.3099999079687294,
    0.2900000004182211,
    0.29,
    0.32,
    0.28000000006194437,
    0.29,
    0.29,
    0.33,
    0.34,
    0.34,
    0.279999955199996,
    0.29,
    0.29,
    0.35000000650000057,
    0.35999987039991704,
    0.36,
    0.4,
    0.3689320363276463,
    0.36,
    0.36,
    0.36,
    0.36,
    0.36,
    0.32,
    0.31,
    0.31,
    0.31,
    0.25,
    0.2400000005872694,
    0.25,
    0.25,
    0.24,
    0.24000000633333382,
    0.25,
    0.25,
    0.25,
    0.2,
    0.2,
    0.22,
    0.22,
    0.21000000117080403,
    0.22,
    0.23,
    0.23000000654500125,
    0.21000000790002363,
    0.28,
    0.28,
    0.28,
    0.29,
    0.29,
    0.29,
    0.3,
    0.29,
    0.28,
    0.28,
    0.27,
    0.27,
    0.32,
    0.32,
    0.3899998478999072,
    0.3975,
    0.37,
    0.3700000044470593,
    0.3800000018600001,
    0.37,
    0.4,
    0.3900000057672729,
    0.42925,
    0.41,
    0.45,
    0.465,
    0.4899999951371861,
    0.48,
    0.5,
    0.49,
    0.5,
    0.5,
    0.49000001195312937,
    0.5,
    0.49000000192452836,
    0.5,
    0.49000011929828746,
    0.5,
    0.49000000153,
    0.5,
    0.49000000149600004,
    0.51,
    0.5100001715001115,
    0.52,
    0.57,
    0.51,
    0.45,
    0.46,
    0.46,
    0.44,
    0.45,
    0.45,
    0.47,
    0.51,
    0.51,
    0.51,
    0.53,
    0.5,
    0.5,
    0.51,
    0.56,
    0.55,
    0.5400000262857165,
    0.54,
    0.5400000043294119,
    0.54,
    0.55,
    0.54,
    0.54,
    0.54,
    0.539999999298,
    0.5200000480000192,
    0.54,
    0.53,
    0.5,
    0.509999999269,
    0.52,
    0.55,
    0.56,
    0.56,
    0.6,
    0.6499999934999994,
    0.57,
    0.56,
    0.54,
    0.54,
    0.57,
    0.57,
    0.6,
    0.62,
    0.62000000304,
    0.6200000929957971,
    0.62,
    0.6200000988000731,
    0.6200000085743592,
    0.62,
    0.62,
    0.62,
    0.62,
    0.62,
    0.62,
    0.62,
    0.62,
    0.62,
    0.6299999828181745,
    0.6199999110047123,
    0.6299998636566442,
    0.63,
    0.6299998804378916,
    0.6299998998461184,
    0.629999918884061,
    0.6299999314285323,
    0.6299998912229621,
    0.6199999561615971,
    0.6,
    0.6,
    0.62,
    0.6,
    0.6420572478865553,
    0.6,
    0.6,
    0.6,
    0.6199996550990728,
    0.6,
    0.5900000030750001,
    0.6,
    0.6,
    0.6,
    0.5700001720001032,
    0.5899998465998865,
    0.6,
    0.5999999939999998,
    0.58,
    0.5700000218909119,
    0.58,
    0.5742574242642878,
    0.57,
    0.57,
    0.5899999996013513,
    0.5799999953599991,
    0.6199999296906934,
    0.62,
    0.6099999374358718,
    0.619999942056026,
    0.6099999715677858,
    0.61,
    0.6,
    0.6299998709637263,
    0.619999994213333,
    0.6199999224999451,
    0.6199998546205232,
    0.6199999643165232,
    0.6199999734285536,
    0.5699998966045737,
    0.55,
    0.53,
    0.4599999958646794,
    0.4500000275000124,
    0.46,
    0.46,
    0.45,
    0.47000000811609705,
    0.47,
    0.4300001767002986,
    0.44,
    0.43999980639989156,
    0.44,
    0.44,
    0.44,
    0.43999980639989156,
    0.44,
    0.44,
    0.45,
    0.46,
    0.4499999831249964,
    0.42,
    0.44,
    0.42,
    0.43,
    0.43,
    0.48,
    0.48,
    0.47,
    0.48,
    0.470000016096297,
    0.45,
    0.4400000336000148,
    0.4400000104533338,
    0.44999996249999064,
    0.44,
    0.41,
    0.41,
    0.40999996855638865,
    0.4,
    0.38,
    0.38,
    0.38,
    0.39000014030010804,
    0.41,
    0.41,
    0.41,
    0.41,
    0.41000001062000035,
    0.4199998981817812,
    0.4299999673417608,
    0.42999993368156925,
    0.429999917230024,
    0.4299998944545234,
    0.42999992586203917,
    0.4299999415533776,
    0.4299999651904624,
    0.4299999261349367,
    0.4399999605381024,
    0.41,
    0.41,
    0.41,
    0.41,
    0.42,
    0.43,
    0.417,
    0.39,
    0.39,
    0.39,
    0.38,
    0.38,
    0.38,
    0.37,
    0.37,
    0.38,
    0.35,
    0.38,
    0.35000000072032805,
    0.37000000231,
    0.37999998327999907,
    0.38,
    0.34,
    0.38,
    0.38,
    0.36,
    0.37,
    0.37,
    0.3799999950599998,
    0.38,
    0.38,
    0.38,
    0.38,
    0.3800000089955366,
    0.3800000200972506,
    0.38,
    0.41,
    0.4,
    0.4,
    0.46,
    0.47,
    0.4909551287679194,
    0.49,
    0.49,
    0.49,
    0.49,
    0.49,
    0.5399999935199998,
    0.5200000671329047,
    0.52,
    0.549999909539429,
    0.5499999183168034,
    0.5499998784529984,
    0.55,
    0.550000002025,
    0.5400002392001149,
    0.5500000450000045,
    0.56,
    0.55,
    0.55,
    0.55,
    0.55,
    0.56,
    0.53,
    0.56,
    0.5500000450000045,
    0.5700001720001032,
    0.61,
    0.65,
    0.65,
    0.6500000061242346,
    0.6500000070000002,
    0.6500000105000002,
    0.6500001225000797,
    0.65,
    0.66,
    0.67,
    0.67,
    0.6799999965999992,
    0.6799998817390775,
    0.6699999845976838,
    0.68,
    0.660000170000085,
    0.669999921176364,
    0.6899999395360567,
    0.679999916855869,
    0.68,
    0.679999962739677,
    0.6799999823376398,
    0.68,
    0.69,
    0.6899999986446428,
    0.68,
    0.6900000195614981,
    0.68,
    0.68,
    0.69,
    0.710000001885,
    0.729999967879995,
    0.7100000119561409,
    0.71,
    0.7100000336235597,
    0.73,
    0.73,
    0.75,
    0.78,
    0.8006896508832335,
    0.7800000071238097,
    0.8,
    0.82,
    0.8200000630927939,
    0.8200000688995281,
    0.8299999527961217,
    0.8299999711804765,
    0.8299999716239205,
    0.8299999831471657,
    0.8299999617991489,
    0.8299999939854942,
    0.84,
    0.81,
    0.78,
    0.770000030820002,
    0.79,
    0.7800000011629025,
    0.83,
    0.8,
    0.79,
    0.7700000085863615,
    0.79,
    0.76,
    0.7599999141242064,
    0.7599999141242064,
    0.7599999855237891,
    0.7599999845685204,
    0.7599999161377667,
    0.7599999579723332,
    0.7599999594666418,
    0.7599999845685204,
    0.76,
    0.78,
    0.770000000612996,
    0.78,
    0.77,
    0.77,
    0.77,
    0.79,
    0.79,
    0.7899999767646656,
    0.7899999156740242,
    0.7899999209999248,
    0.789999963040851,
    0.7899999281817781,
    0.7899999895132652,
    0.7899999713470919,
    0.79,
    0.7899999980240118,
    0.7700000041220779,
    0.77,
    0.7700000069000001,
    0.78,
    0.77,
    0.77,
    0.7700001725000432,
    0.770000030820002,
    0.7700000019667104,
    0.77,
    0.77,
    0.7899992024957971,
    0.7700000396750031,
    0.7799232452752656,
    0.7799232452054163,
    0.78,
    0.78,
    0.78,
    0.78,
    0.78,
    0.78,
    0.78,
    0.78,
    0.78,
    0.78,
    0.78,
    0.78,
    0.78,
    0.78,
    0.78,
    0.78,
    0.78,
    0.78,
    0.78,
    0.78,
    0.78,
    0.78,
    0.78,
    0.78,
    0.78,
    0.78,
    0.78,
    0.78,
    0.78,
    0.78,
    0.78,
    0.78,
    0.78,
    0.78,
    0.78,
    0.78,
    0.78,
    0.78,
    0.79,
    0.78,
    0.78,
    0.78,
    0.78,
    0.78,
    0.78,
    0.7700000207000011,
    0.78,
    0.78,
    0.78,
    0.78,
    0.78,
    0.78,
    0.78,
    0.7899999981566667,
    0.78,
    0.78,
    0.7700000111241831,
    0.78,
    0.78,
    0.78,
    0.78,
    0.78,
    0.78,
    0.78,
    0.78,
    0.78,
    0.78,
    0.78,
    0.78,
    0.78,
    0.78,
    0.78,
    0.78,
    0.78,
    0.78,
    0.78,
    0.78,
    0.78,
    0.78,
    0.78,
    0.78,
    0.78,
    0.78,
    0.78,
    0.78,
    0.78,
    0.78,
    0.78,
    0.78,
    0.78,
    0.78,
    0.78,
    0.78,
    0.78,
    0.78,
    0.78,
    0.78,
    0.78,
    0.78,
    0.78,
    0.78,
    0.78,
    0.78,
    0.78,
    0.78,
    0.78,
    0.78,
    0.78,
    0.78,
    0.78,
    0.78,
    0.78,
    0.78,
    0.78,
    0.78,
    0.78,
    0.78,
    0.78,
    0.78,
    0.78,
    0.78,
    0.78,
    0.78,
    0.78,
    0.78,
    0.78,
    0.78,
    0.78,
    0.78,
    0.78,
    0.78,
    0.78,
    0.78,
    0.78,
    0.7799999812799929,
    0.7700001341667002,
    0.78,
    0.7800000037560976,
    0.7800003615540909,
    0.7899999966728084,
    0.780000001452,
    0.7899999989035391,
    0.79,
    0.78,
    0.78,
    0.78,
    0.78,
    0.78,
    0.78,
    0.78,
    0.7700000034979166,
    0.77,
    0.78,
    0.7899999920999764,
    0.7899999968399996,
    0.78,
    0.78,
    0.7899999920999764,
    0.77,
    0.77,
    0.78,
    0.79,
    0.78,
    0.7800000014712439,
    0.7899999631333104,
    0.78,
    0.7800000108533335,
    0.7899999858422916,
    0.78,
    0.78000008360001,
    0.7978633601605664,
    0.7899999857657628,
    0.7899999770105766,
    0.78,
    0.78,
    0.78,
    0.77,
    0.770000030820002,
    0.78,
    0.78,
    0.78,
    0.77,
    0.77,
    0.77,
    0.77,
    0.77,
    0.77,
    0.77,
    0.77,
    0.77,
    0.77,
    0.7699999876799952,
    0.77,
    0.77,
    0.77,
    0.77,
    0.77,
    0.77,
    0.77,
    0.77,
    0.77,
    0.77,
    0.77,
    0.7699999911999951,
    0.7699999876799952,
    0.7699999953799994,
    0.7699999986815064,
    0.77,
    0.7699999611572489,
    0.769999999538,
    0.77,
    0.77,
    0.7699999934549987,
    0.77,
    0.77,
    0.77,
    0.7699999993869426,
    0.77,
    0.7699999934549987,
    0.7699999969816379,
    0.76999999692492,
    0.7699999989885532,
    0.7699999991558868,
    0.769999999688826,
    0.7699999992363636,
    0.7699999897333283,
    0.76,
    0.7699999993689559,
    0.769999999846,
    0.7600000045098654,
    0.7699999970733561,
    0.76,
    0.7699999987729084,
    0.76,
    0.76,
    0.7699999969199998,
    0.7699999876799952,
    0.7699999994248365,
    0.7699999966620688,
    0.7600000049604864,
    0.7699999983620189,
    0.760000005324633,
    0.77,
    0.7699999983036533,
    0.7699999975043215,
    0.7699999845999964,
    0.76,
    0.7699998907096224,
    0.7699999934549987,
    0.7600000816000131,
    0.7600000144000005,
    0.7600000746114144,
    0.7699999876799952,
    0.77,
    0.7699998679997712,
    0.760000096000018,
    0.77,
    0.7699999970138504,
    0.7600000816000131,
    0.7699998322769321,
    0.7600000109530204,
    0.77,
    0.7699999992596154,
    0.7600000043782306,
    0.769999997393757,
    0.76,
    0.76,
    0.7599999750307863,
    0.76,
    0.76,
    0.76,
    0.76,
    0.7699999981746344,
    0.7699999973764904,
    0.77,
    0.77,
    0.76,
    0.769999999611062,
    0.7799999812799929,
    0.7799999995319999,
    0.7799999994217939,
    0.7799999984399996,
    0.78,
    0.7799999812799929,
    0.760000032640002,
    0.77,
    0.77,
    0.77,
    0.7799999850638285,
    0.7799999978105263,
    0.78,
    0.78,
    0.7799999701435275,
    0.7799999950458713,
    0.7799999985591766,
    0.7600000307924547,
    0.7699999752941167,
    0.7600000104281153,
    0.7699999922999996,
    0.7699999884898928,
    0.7699999712608087,
    0.7600001440000576,
    0.7699999984156378,
    0.77,
    0.7699999686051447,
    0.7699998690999699,
    0.7699997035498177,
    0.7699999845999964,
    0.76,
    0.7600000081600001,
    0.7600001440000576,
    0.76,
    0.76,
    0.7699999974589999,
    0.7699999815199986,
    0.76000000144,
    0.76,
    0.76,
    0.76,
    0.76,
    0.76,
    0.76,
    0.77,
    0.7699999676470574,
    0.760000032640002,
    0.760000003264,
    0.76,
    0.7699999815199986,
    0.769999941951211,
    0.77,
    0.7699999993932065,
    0.7600000508833994,
    0.7600000038543898,
    0.76,
    0.76,
    0.77,
    0.76,
    0.77,
    0.7699999104874881,
    0.7600001440000576,
    0.7699998690999699,
    0.7699999967234042,
    0.7600000144000005,
    0.7600000096709203,
    0.76,
    0.7699997035498177,
    0.7699999638099945,
    0.7699994758818288,
    0.76,
    0.7699999104874881,
    0.7699998730540064,
    0.7699999951142126,
    0.7600000144000005,
    0.76,
    0.76,
    0.7699999983156249,
    0.76,
    0.7600000144000005,
    0.7699999807499993,
    0.7699999896919353,
    0.7699999999117478,
    0.77,
    0.7699999986,
    0.7600000007236181,
    0.7699999987276354,
    0.76,
    0.76,
    0.76,
    0.76,
    0.76,
    0.76,
    0.76,
    0.76,
    0.77,
    0.77,
    0.7699999634125209,
    0.7699999893267317,
    0.76,
    0.7699999998889012,
    0.76,
    0.76,
    0.7600000792233133,
    0.7699999964499769,
    0.7600001440000576,
    0.76,
    0.76,
    0.769999992050144,
    0.76,
    0.7699999962779452,
    0.7600000075789475,
    0.7600001440000576,
    0.7699999891330632,
    0.769999999538,
    0.7600001440000576,
    0.77,
    0.77,
    0.76,
    0.7600000822857331,
    0.7600000082591094,
    0.7699999852438976,
    0.7699999845999964,
    0.75,
    0.7699999773898717,
    0.75,
    0.7699999807499684,
    0.76,
    0.75,
    0.76,
    0.75,
    0.76,
    0.7599999087998286,
    0.75,
    0.75,
    0.76,
    0.76,
    0.7599999898100526,
    0.76,
    0.76,
    0.7599998923893005,
    0.7599999830640625,
    0.7599999943599248,
    0.7599999921447009,
    0.75,
    0.7599999836851495,
    0.7599999695999891,
    0.7599999606217432,
    0.75,
    0.7599999689795693,
    0.75,
    0.75,
    0.75,
    0.75,
    0.75,
    0.75,
    0.75,
    0.75,
    0.75,
    0.75,
    0.75,
    0.75,
    0.75,
    0.75,
    0.75,
    0.75,
    0.75,
    0.75,
    0.75,
    0.75,
    0.75,
    0.75,
    0.75,
    0.75,
    0.75,
    0.75,
    0.75,
    0.7400001017391459,
    0.75,
    0.75,
    0.7400000161200007,
    0.75,
    0.75,
    0.75,
    0.7400000640298589,
    0.75,
    0.7400000972662206,
    0.75,
    0.7400001133834945,
    0.74,
    0.74,
    0.75,
    0.75,
    0.7400000494565258,
    0.75,
    0.7400001133834945,
    0.75,
    0.75,
    0.74000000728,
    0.7400001188571734,
    0.75,
    0.75,
    0.74,
    0.75,
    0.75,
    0.7400000477551054,
    0.75,
    0.75,
    0.7400001073016281,
    0.75,
    0.75,
    0.7400000414395927,
    0.7400000400995063,
    0.7400001358209259,
    0.75,
    0.7400000623041613,
    0.75,
    0.740000107851887,
    0.75,
    0.75,
    0.7400000065906212,
    0.75,
    0.75,
    0.7400000636287033,
    0.7400001300000306,
    0.75,
    0.74,
    0.740000072800016,
    0.75,
    0.7400001358209259,
    0.75,
    0.75,
    0.75,
    0.75,
    0.75,
    0.75,
    0.7400000972662206,
    0.75,
    0.740000107851887,
    0.75,
    0.75,
    0.7400001335780356,
    0.75,
    0.7400001190840059,
    0.7400000826168348,
    0.7400001274510428,
    0.75,
    0.75,
    0.7400001352000649,
    0.7400001352000649,
    0.7400000742857323,
    0.7400000623041613,
    0.75,
    0.75,
    0.74,
    0.7400000493931435,
    0.75,
    0.75,
    0.75,
    0.75,
    0.75,
    0.75,
    0.74,
    0.7400000396842149,
    0.75,
    0.75,
    0.75,
    0.75,
    0.7400001358209259,
    0.74,
    0.7400001352000649,
    0.75,
    0.75,
    0.7400001133834945,
    0.75,
    0.75,
    0.7400001418182119,
    0.75,
    0.75,
    0.7400000396842149,
    0.75,
    0.75,
    0.75,
    0.7400000698814317,
    0.75,
    0.75,
    0.75,
    0.75,
    0.7400001389655627,
    0.7400001418182119,
    0.75,
    0.75,
    0.75,
    0.75,
    0.75,
    0.75,
    0.740000050260232,
    0.740000050260232,
    0.75,
    0.75,
    0.7400000398977022,
    0.75,
    0.75,
    0.75,
    0.75,
    0.75,
    0.7400001010285899,
    0.74,
    0.74,
    0.74,
    0.7400001190840059,
    0.75,
    0.75,
    0.75,
    0.75,
    0.75,
    0.7400001459649583,
    0.7400001358209259,
    0.75,
    0.7400000416000038,
    0.75,
    0.75,
    0.7400001133834945,
    0.75,
    0.75,
    0.7400001352000649,
    0.74,
    0.75,
    0.75,
    0.75,
    0.75,
    0.75,
    0.75,
    0.75,
    0.75,
    0.75,
    0.75,
    0.75,
    0.7400000353600023,
    0.7400001243478567,
    0.75,
    0.7400001358209259,
    0.75,
    0.74,
    0.75,
    0.7400001352000649,
    0.75,
    0.74000000728,
    0.74,
    0.7400001352000649,
    0.74,
    0.73,
    0.7300000504498351,
    0.7300000575409902,
    0.7300000491693358,
    0.7300000471575422,
    0.7300000482474306,
    0.74,
    0.730000133689384,
    0.7399998801012245,
    0.73,
    0.7399867607279788,
    0.7399867438401899,
    0.7300000495505713,
    0.7399867344716996,
    0.7300001338843418,
    0.75,
    0.7300000974436471,
    0.75,
    0.7300000554071728,
    0.730000061893694,
    0.7300000619354918,
    0.730000048152873,
    0.7300000471428639,
    0.7300000441509501,
    0.7300000652349055,
    0.7300000538111969,
    0.740186197823868,
    0.7401862514064144,
    0.75,
    0.75,
    0.75,
    0.730000005301021,
    0.75,
    0.75,
    0.75,
    0.7300000729729927,
    0.75,
    0.75,
    0.730000122264211,
    0.7300000067500001,
    0.75,
    0.74,
    0.75,
    0.73,
    0.75,
    0.75,
    0.7399253728343207,
    0.7399253726874575,
    0.7399253728766387,
    0.75,
    0.75,
    0.75,
    0.75,
    0.75,
    0.75,
    0.7427652721487575,
    0.7300001458000671,
    0.7300000768000123,
    0.75,
    0.73,
    0.75,
    0.75,
    0.7431049377672003,
    0.7399999509933645,
    0.7399999471428043,
    0.7399999903583,
    0.7399999582444772,
    0.7399999483174147,
    0.74,
    0.74,
    0.7399999911199997,
    0.73,
    0.74,
    0.7300000061560001,
    0.74,
    0.74,
    0.74,
    0.7300001458000671,
    0.74,
    0.74,
    0.74,
    0.73,
    0.7399999674399819,
    0.73,
    0.7399999674399819,
    0.7399999498304268,
    0.74,
    0.74,
    0.73,
    0.7300000837000159,
    0.7399999777999969,
    0.7399999457333192,
    0.7399999713548305,
    0.739999984897944,
    0.74,
    0.74,
    0.7399999613071789,
    0.7399999730909003,
    0.7399999691666358,
    0.7399999953591788,
    0.7399999870402781,
    0.7300000222972988,
    0.7444223403652338,
    0.7300000668571581,
    0.7399999936344083,
    0.739999989639998,
    0.7399999881219849,
    0.7300001044000293,
    0.7300000102616825,
    0.7399999969727271,
    0.7300000707423704,
    0.7399999674399819,
    0.7300000493448355,
    0.7300000194400006,
    0.7399999926913554,
    0.7399999527659102,
    0.7399999854426137,
    0.7399999744827331,
    0.7399999637761876,
    0.7399999703009846,
    0.7399999533122616,
    0.7399999906918211,
    0.7399999500613225,
    0.74,
    0.73,
    0.7300001458000671,
    0.7300000318600026,
    0.7399999674399819,
    0.7399999815767621,
    0.7399999864771535,
    0.7399999859981041,
    0.7399999945185175,
    0.7399999909756083,
    0.7300000221691185,
    0.7300000190220827,
    0.7300000192000008,
    0.739999998482051,
    0.7399999920996435,
    0.7399999926123104,
    0.7399998923634563,
    0.739999992709359,
    0.7399999861105292,
    0.7399999852736306,
    0.7399999918307261,
    0.7399999859981041,
    0.739999985719296,
    0.7300000218052265,
    0.7399999947517726,
    0.730000017510461,
    0.7300000192000008,
    0.7300000830769351,
    0.7399999938333329,
    0.7300000130090915,
    0.7399999457333192,
    0.7300000104400003,
    0.730000051562508,
    0.7399999991542857,
    0.74,
    0.7399999970399999,
    0.73,
    0.73,
    0.7399999861105292,
    0.739999992709359,
    0.7399999918307261,
    0.7399999859981041,
    0.739999985719296,
    0.7399999852736306,
    0.7399999947517726,
    0.7300000218052265,
    0.7300000192000008,
    0.74,
    0.730000017510461,
    0.7399999598643817,
    0.7399999762820444,
    0.7399999561841987,
    0.7399999811464912,
    0.7399999786281517,
    0.7399999436677853,
    0.739999966363627,
    0.7399999631152322,
    0.7399999911199997,
    0.7399999803756846,
    0.7399999940799994,
    0.74,
    0.7300001458000671,
    0.7300000131301373,
    0.7399999959299999,
    0.7399999970181326,
    0.7300000325776985,
    0.7399999838251237,
    0.74,
    0.73,
    0.7399999407999033,
    0.7399999945588196,
    0.7300000548181873,
    0.7399999890370291,
    0.74,
    0.73,
    0.739999989639998,
    0.7300000630000063,
    0.7399999959299999,
    0.74,
    0.7399999931055897,
    0.7399999617712055,
    0.7399999890370291,
    0.730000024718311,
    0.7399999890370291,
    0.7399999583098175,
    0.7399999940799994,
    0.7399999777999969,
    0.74,
    0.7399999457333192,
    0.74,
    0.73,
    0.73,
    0.7200000019477414,
    0.72,
    0.72,
    0.73,
    0.74,
    0.74,
    0.74,
    0.74,
    0.74,
    0.74,
    0.720000156800069,
    0.7200000485333411,
    0.74,
    0.73,
    0.74,
    0.739999998816,
    0.72,
    0.7100000145000004,
    0.71,
    0.73,
    0.7399999890370291,
    0.7200000268800028,
    0.729943897597926,
    0.7299438983803066,
    0.7299438599615903,
    0.7399999617712055,
    0.7399999962340965,
    0.739999998335,
    0.73,
    0.72,
    0.7341269826898043,
    0.7200000796444572,
    0.73,
    0.73,
    0.73,
    0.73,
    0.73,
    0.73,
    0.7399999911199997,
    0.72,
    0.72,
    0.73,
    0.73,
    0.7399999911199997,
    0.73,
    0.7399999835189239,
    0.7300000104400003,
    0.7399732142857143,
    0.75,
    0.73,
    0.74,
    0.74,
    0.74,
    0.74,
    0.74,
    0.74,
    0.73,
    0.74,
    0.74,
    0.74,
    0.7300000837000159,
    0.7300000837000159,
    0.75,
    0.73,
    0.7200000427920707,
    0.75,
    0.73,
    0.73,
    0.73,
    0.7300000213996647,
    0.7399879804821164,
    0.7399879807523412,
    0.74,
    0.74,
    0.74,
    0.74,
    0.74,
    0.74,
    0.7399088649544325,
    0.7300000095850001,
    0.75,
    0.74,
    0.74,
    0.74,
    0.74,
    0.74,
    0.7300000323281629,
    0.74,
    0.74,
    0.74,
    0.74,
    0.8,
    0.7200000472823264,
    0.7300001044000293,
    0.73,
    0.73,
    0.73,
    0.73,
    0.73,
    0.73,
    0.73,
    0.73,
    0.73,
    0.73,
    0.7200000952000152,
    0.75,
    0.75,
    0.81,
    0.85,
    0.8201597598430784,
    0.8399075214168776,
    0.8399075211941505,
    0.820159837087779,
    0.8399075207942466,
    0.83,
    0.83,
    0.83,
    0.8202306183746464,
    0.8303607745165533,
    0.8303607743248366,
    0.8200690584470272,
    0.8200685376420324,
    0.83,
    0.83,
    0.83,
    0.8200394015786813,
    0.8302678439051674,
    0.83,
    0.83,
    0.81,
    0.84,
    0.849968051088403,
    0.8299629353704053,
    0.81,
    0.8599999561782624,
    0.820100458412055,
    0.8599999974135335,
    0.8299269179471251,
    0.8299657060687936,
    0.8299657062548288,
    0.8201803746574026,
    0.8204846218356981,
    0.8399528486766686,
    0.81,
    0.8202007470730456,
    0.8202008042290483,
    0.8299784389823199,
    0.81,
    0.81,
    0.81,
    0.8299431561372841,
    0.829943155856165,
    0.8200640128025605,
    0.8299431567055804,
    0.8299431403680149,
    0.83,
    0.83,
    0.83,
    0.83,
    0.83,
    0.8304977802841345,
    0.83,
    0.83,
    0.820046215456374,
    0.8200461744728887,
    0.83,
    0.83,
    0.82,
    0.82,
    0.82,
    0.8299960222752586,
    0.8203124185458278,
    0.820312399389559,
    0.8299999962668649,
    0.82,
    0.81,
    0.82,
    0.82,
    0.82,
    0.8099855616309598,
    0.8099855624501738,
    0.8199895470182721,
    0.8,
    0.8299118936417879,
    0.8299118913627109,
    0.82,
    0.82,
    0.82,
    0.79,
    0.79,
    0.79,
    0.79,
    0.79,
    0.76,
    0.84,
    0.84,
    0.84,
    0.8399999928358179,
    0.7100001334000721,
    0.8799999647998255,
    0.8799999647998255,
    0.9,
    0.9,
    0.9099999927777549,
    0.9099999872726741,
    0.9199999918583963,
    0.9145263157894736,
    0.9099999653332687,
    0.9099999961818134,
    0.9099999938305029,
    0.9199999937732647,
    0.9199999707935822,
    0.92,
    0.92,
    0.9199999942589668,
    0.92,
    0.92,
    0.9199999942945675,
    0.9199999947727191,
    0.92,
    0.92,
    0.9099999946990219,
    0.9099999979732719,
    0.9099999908080716,
    0.91,
    0.9099999927777549,
    0.9199999714726258,
    0.9299999570766939,
    0.9399999623995127,
    0.9399999623995127
]
