[
    0.001,
    0.002,
    0.001,
    0.002,
    0.001,
    0.002,
    0.002,
    0.003,
    0.003,
    0.007,
    0.007,
    0.005,
    0.006,
    0.006,
    0.029999971199998848,
    0.006000000795202385,
    0.006000000795202385,
    0.006000000029747149,
    0.01699107610261233,
    0.006,
    0.006,
    0.006,
    0.005,
    0.012999987324999683,
    0.005,
    0.005,
    0.004,
    0.003,
    0.003,
    0.003,
    0.003,
    0.005,
    0.005,
    0.005,
    0.005,
    0.005,
    0.005,
    0.005,
    0.006000000497007641,
    0.006,
    0.006,
    0.007,
    0.007000000171207753,
    0.007,
    0.006,
    0.00600000001396362,
    0.006000000198800577,
    0.006000000066034752,
    0.008,
    0.008,
    0.01,
    0.03,
    0.03,
    0.03,
    0.04,
    0.053992859118996185,
    0.03,
    0.041,
    0.04,
    0.039980850395630825,
    0.03,
    0.03000000012008877,
    0.035,
    0.05,
    0.05,
    0.03500000482505788,
    0.05,
    0.0485,
    0.05,
    0.03646411630628966,
    0.034,
    0.029898753144980434,
    0.02,
    0.011000009890316392,
    0.012,
    0.012,
    0.012,
    0.012000000068571428,
    0.018617536390277186,
    0.012000003952245023,
    0.01799998250399951,
    0.012000003952245023,
    0.017999996515199977,
    0.012000003952245023,
    0.012,
    0.012,
    0.012,
    0.012000003952245023,
    0.012000000113302947,
    0.016,
    0.012000001242782927,
    0.012000003952245023,
    0.012,
    0.014000011832662487,
    0.014,
    0.018999981702999325,
    0.014000000175288956,
    0.014000000315520518,
    0.014,
    0.012000003952245023,
    0.016,
    0.015,
    0.016,
    0.03,
    0.016,
    0.03,
    0.02,
    0.021,
    0.02,
    0.021,
    0.02,
    0.02,
    0.02,
    0.02,
    0.03,
    0.03,
    0.02,
    0.02,
    0.02,
    0.02,
    0.021,
    0.024,
    0.022,
    0.03,
    0.03,
    0.058444444444444445,
    0.05899999459559995,
    0.04794815928884488,
    0.04,
    0.03,
    0.021,
    0.02,
    0.04,
    0.046975,
    0.041,
    0.04,
    0.03996056725862837,
    0.04,
    0.036,
    0.031033103194812697,
    0.03,
    0.03,
    0.02769055,
    0.01753837167505392,
    0.013428571428571429,
    0.009,
    0.006,
    0.003,
    0.004,
    0.008,
    0.005,
    0.002,
    0.003,
    0.005,
    0.007,
    0.004,
    0.013941282857142858,
    0.013000000132954546,
    0.01,
    0.01,
    0.01,
    0.01,
    0.01,
    0.01,
    0.01,
    0.01,
    0.01,
    0.0140000000252,
    0.01,
    0.012,
    0.012,
    0.01,
    0.0149375,
    0.015,
    0.014999998537499996,
    0.014999985374999634,
    0.015,
    0.015,
    0.01,
    0.02,
    0.015,
    0.022,
    0.021,
    0.02,
    0.02,
    0.021,
    0.03,
    0.032,
    0.031,
    0.03,
    0.033,
    0.032,
    0.031000000218025046,
    0.05,
    0.11000000014833333,
    0.1,
    0.0900000000455,
    0.1,
    0.1,
    0.1,
    0.09685,
    0.09,
    0.09,
    0.08,
    0.08,
    0.08,
    0.070583,
    0.07,
    0.05,
    0.05,
    0.04,
    0.04,
    0.04,
    0.03,
    0.04,
    0.030000001940002324,
    0.03,
    0.03,
    0.03,
    0.06999996884999829,
    0.05,
    0.05,
    0.05,
    0.04193181818181818,
    0.04,
    0.04,
    0.04,
    0.030000000910370972,
    0.04,
    0.04,
    0.04,
    0.05,
    0.05,
    0.05,
    0.1,
    0.07000000062000002,
    0.07000000055143794,
    0.06,
    0.06,
    0.1,
    0.07000001860008333,
    0.1,
    0.08,
    0.09000000045500023,
    0.15,
    0.15,
    0.15,
    0.15,
    0.17999998703999964,
    0.15,
    0.18,
    0.2,
    0.21,
    0.21,
    0.2,
    0.27,
    0.27,
    0.27,
    0.27,
    0.28,
    0.28,
    0.28,
    0.28,
    0.28,
    0.3091046202229747,
    0.26,
    0.2400000029658538,
    0.24,
    0.26,
    0.28,
    0.28,
    0.3,
    0.29,
    0.289999947799992,
    0.24,
    0.22,
    0.2100000003716423,
    0.22,
    0.25,
    0.2399998559999424,
    0.21,
    0.21,
    0.21,
    0.22999982749995687,
    0.22,
    0.22000001872000705,
    0.220000000468,
    0.229999998597,
    0.21000000043586206,
    0.21,
    0.21,
    0.22,
    0.22,
    0.22,
    0.22,
    0.2,
    0.21,
    0.21,
    0.21,
    0.21,
    0.2,
    0.22,
    0.21,
    0.2,
    0.22,
    0.22000001872000705,
    0.22999999309999986,
    0.22999999309999986,
    0.22000741288405823,
    0.2200074151811936,
    0.210000000316,
    0.21000003264464023,
    0.2299999792999989,
    0.22,
    0.22,
    0.22,
    0.22,
    0.21,
    0.2,
    0.2,
    0.18998146450758732,
    0.1905474209920384,
    0.18989964553296718,
    0.18010655737704917,
    0.18010714285714285,
    0.1801042654028436,
    0.1801,
    0.18,
    0.1801004251550252,
    0.18010250102501024,
    0.18010024003033798,
    0.18010024178438755,
    0.180101579461649,
    0.18010025362934082,
    0.1898996671640581,
    0.18989970442096227,
    0.18989977171821415,
    0.1801015674085028,
    0.18010157375400057,
    0.1898987598337421,
    0.1898983613461882,
    0.18989977167570865,
    0.1801002282425325,
    0.18010157124716386,
    0.18989960085061097,
    0.1800000002056276,
    0.18010000166272247,
    0.1801004016064257,
    0.1801,
    0.18989952411155464,
    0.18010000137040438,
    0.1899895,
    0.1801,
    0.1801009394737032,
    0.19036408809275504,
    0.18010095012538002,
    0.1899570605158801,
    0.18010093792493895,
    0.18989999246196937,
    0.18000000098400004,
    0.18000000242027142,
    0.18,
    0.18000001640001606,
    0.19,
    0.19010000068082133,
    0.1900000018542974,
    0.19,
    0.19,
    0.19010000327199794,
    0.19010000861733647,
    0.19,
    0.18010117288972377,
    0.18000000095856433,
    0.1801000013095093,
    0.1801,
    0.18998802934811995,
    0.1801000005914747,
    0.18010007679481496,
    0.2,
    0.17000009130017255,
    0.18262735381547807,
    0.18,
    0.18,
    0.18,
    0.1700000033200013,
    0.17000009130017255,
    0.16998611539648256,
    0.16999997959999905,
    0.16996938204933282,
    0.16998796482548997,
    0.1699879455750728,
    0.16999252410655097,
    0.16,
    0.16999988609996242,
    0.16000604798064647,
    0.17,
    0.16000602555878518,
    0.17,
    0.17,
    0.17,
    0.17,
    0.17,
    0.17,
    0.1600060143605458,
    0.17,
    0.17,
    0.16000600764664555,
    0.17,
    0.16999988609996242,
    0.16000604798064647,
    0.16000600249690283,
    0.1600060059608111,
    0.16000604796110696,
    0.16000600764664555,
    0.16999994219999076,
    0.17,
    0.16,
    0.16,
    0.16,
    0.16,
    0.16652849042078613,
    0.15999938813033684,
    0.16,
    0.15000000013350612,
    0.15,
    0.16,
    0.16,
    0.16,
    0.15,
    0.16,
    0.15,
    0.160006,
    0.16,
    0.16,
    0.16,
    0.169999997212,
    0.16000000336000167,
    0.17,
    0.1600000003877669,
    0.1600000840002016,
    0.16,
    0.1699999870799997,
    0.16,
    0.1699999993285,
    0.17,
    0.1699999861899309,
    0.17,
    0.16999988609996242,
    0.16,
    0.17,
    0.16,
    0.16999988609996242,
    0.16000009163677018,
    0.16000000560000088,
    0.16,
    0.16999988517541542,
    0.17,
    0.16,
    0.17,
    0.17,
    0.16000005894762281,
    0.16999987407405076,
    0.16999994219999076,
    0.16999988609996242,
    0.1699998856074467,
    0.16999999496799995,
    0.16,
    0.16999988926602558,
    0.16999996089999597,
    0.16,
    0.1600000038720834,
    0.16005551940365015,
    0.1600555247134751,
    0.1600555363928591,
    0.16005553452637375,
    0.16005552194184433,
    0.15,
    0.15952264328976928,
    0.15952264314160516,
    0.15,
    0.16,
    0.15986682808716707,
    0.15,
    0.16,
    0.16,
    0.16,
    0.16,
    0.15,
    0.16,
    0.15000000425000104,
    0.16,
    0.16999988609996242,
    0.15,
    0.15,
    0.15,
    0.15,
    0.16,
    0.16,
    0.16,
    0.1500000283333796,
    0.1500000850003315,
    0.16002386484197245,
    0.16002386779489564,
    0.16,
    0.16,
    0.16,
    0.16005,
    0.1699999870799997,
    0.16999988609996242,
    0.1699999870799997,
    0.15000000070833336,
    0.16,
    0.16,
    0.16,
    0.15000001763486173,
    0.16,
    0.16,
    0.15,
    0.15000000472222325,
    0.16,
    0.16,
    0.16,
    0.1500000348360927,
    0.15,
    0.1500000850003315,
    0.16,
    0.16,
    0.16,
    0.16,
    0.16,
    0.16,
    0.16,
    0.16,
    0.16,
    0.1500000001266162,
    0.15,
    0.15000000425000104,
    0.15000000014166667,
    0.16,
    0.16,
    0.16,
    0.15,
    0.16,
    0.15000002681392158,
    0.1500000850003315,
    0.16,
    0.16,
    0.15000000141666686,
    0.16,
    0.16,
    0.16,
    0.16,
    0.16,
    0.16,
    0.16,
    0.16999999413499992,
    0.17,
    0.17,
    0.17,
    0.17,
    0.17,
    0.16,
    0.14977980402163862,
    0.15,
    0.16,
    0.17,
    0.17,
    0.17,
    0.16,
    0.16,
    0.16,
    0.16,
    0.17,
    0.17,
    0.16999988609996242,
    0.16999988609996242,
    0.17,
    0.15976123027114528,
    0.2000618678717452,
    0.16,
    0.14000000622983674,
    0.20006177336627912,
    0.19000002430009647,
    0.19,
    0.2,
    0.18002409882014267,
    0.22,
    0.2199231016728894,
    0.21964419441944194,
    0.22,
    0.22,
    0.22,
    0.22,
    0.18,
    0.21,
    0.21,
    0.22005598402985815,
    0.2200559762571146,
    0.21,
    0.21,
    0.22007276873939996,
    0.2200728296263,
    0.22014368539643872,
    0.23978482432116163,
    0.2397848234713838,
    0.23978482391557676,
    0.24647887323943662,
    0.22003893771939315,
    0.21,
    0.21,
    0.22964520323637844,
    0.2296452023003361,
    0.2197532729103726,
    0.210000000316,
    0.22000413636449098,
    0.22990034828275177,
    0.21000001343000516,
    0.21,
    0.22001000500250126,
    0.22990825682924085,
    0.22980154347964177,
    0.22980154347679127,
    0.22000357211172816,
    0.22000356998273435,
    0.21000000790002363,
    0.22967435549525103,
    0.21000000790002363,
    0.210000161736402,
    0.2399998559999424,
    0.21000000790002363,
    0.21,
    0.21973943245698374,
    0.21000000790002363,
    0.21,
    0.22002711193892482,
    0.22002699185086944,
    0.21000000790002363,
    0.21000000790002363,
    0.21000000790002363,
    0.22970562339236075,
    0.2297056237722752,
    0.22970562200125022,
    0.21000000790002363,
    0.21000000790002363,
    0.21000000790002363,
    0.21000000790002363,
    0.21000000790002363,
    0.21000000790002363,
    0.21,
    0.21,
    0.16,
    0.16,
    0.1700000033200013,
    0.17000009130017255,
    0.17000009130017255,
    0.16,
    0.16,
    0.180050066293151,
    0.18004994823966256,
    0.1800499835167955,
    0.18004994087061782,
    0.1700442860864377,
    0.16,
    0.14000000558743966,
    0.1400000860004214,
    0.1400000860004214,
    0.1400000860004214,
    0.1400000860004214,
    0.1400000860004214,
    0.1400000860004214,
    0.1400000860004214,
    0.1400000860004214,
    0.1400000860004214,
    0.1400000860004214,
    0.1400000860004214,
    0.1400000860004214,
    0.1400000860004214,
    0.1400000860004214,
    0.1400000860004214,
    0.14000017114935348,
    0.15,
    0.1500000850003315,
    0.1500000850003315,
    0.1500000850003315,
    0.1500000850003315,
    0.1500000850003315,
    0.1500000850003315,
    0.1500000850003315,
    0.1500000850003315,
    0.1500000850003315,
    0.1500000850003315,
    0.1500000850003315,
    0.1500000850003315,
    0.16,
    0.16,
    0.16,
    0.16,
    0.16,
    0.16,
    0.16,
    0.16,
    0.15000000143290645,
    0.16,
    0.21905405405405406,
    0.22,
    0.22,
    0.22,
    0.22,
    0.22,
    0.22,
    0.22,
    0.22,
    0.22,
    0.22,
    0.22,
    0.22,
    0.22,
    0.22,
    0.22,
    0.23,
    0.23,
    0.23,
    0.23,
    0.23,
    0.17,
    0.22000429513779685,
    0.2200043112540526,
    0.23,
    0.22000429487638343,
    0.22,
    0.22,
    0.22,
    0.22,
    0.22,
    0.22,
    0.22,
    0.22,
    0.22,
    0.22,
    0.21,
    0.22,
    0.22,
    0.22,
    0.22,
    0.2,
    0.19,
    0.21010888354432453,
    0.2300586110184755,
    0.2101089071028748,
    0.23005861112285514,
    0.19,
    0.21005639775369414,
    0.2,
    0.23,
    0.23,
    0.23,
    0.23,
    0.24,
    0.28990146017852786,
    0.28979691871972163,
    0.22,
    0.19,
    0.21,
    0.21969902912621359,
    0.22005898100573082,
    0.22999985104757364,
    0.16,
    0.16,
    0.15004760062021655,
    0.18003195208433356,
    0.19990747404132825,
    0.19990747879435547,
    0.19990747879722437,
    0.19990747876349632,
    0.2099843257965647,
    0.20998432564537384,
    0.20998432511404536,
    0.2,
    0.2,
    0.2,
    0.2,
    0.19,
    0.2,
    0.2,
    0.2,
    0.2,
    0.2,
    0.2,
    0.2,
    0.2,
    0.21,
    0.21996209719815615,
    0.21996209711877843,
    0.2,
    0.2,
    0.21,
    0.2,
    0.21005228903164644,
    0.2100523556239286,
    0.2198555702600528,
    0.21985557030501807,
    0.2198555703794478,
    0.2,
    0.11,
    0.08,
    0.07,
    0.49,
    0.48999990925919207,
    0.04
]
