[
    0.999,
    0.999,
    0.999,
    0.999,
    0.999,
    0.999,
    0.999,
    0.999,
    0.999,
    0.999,
    0.999,
    0.999,
    0.999,
    0.999,
    0.999,
    0.9989999994483545,
    0.998,
    0.999,
    0.999,
    0.999,
    0.999,
    0.998,
    0.999,
    0.998,
    0.998,
    0.998,
    0.998,
    0.998,
    0.998,
    0.9973273938400921,
    0.996999999953411,
    0.997,
    0.9964212870945601,
    0.996,
    0.996,
    0.996,
    0.995,
    0.996,
    0.996,
    0.996,
    0.995,
    0.995,
    0.996,
    0.995,
    0.9949999707654618,
    0.9949999588180527,
    0.9949999448554181,
    0.99,
    0.996,
    0.997,
    0.997,
    0.997,
    0.997,
    0.9969999998944962,
    0.996999999992412,
    0.997,
    0.995,
    0.9964934765924789,
    0.998,
    0.998,
    0.998,
    0.9967623753820896,
    0.9967132798520971,
    0.9969999769194482,
    0.99699999453258,
    0.9969999769194482,
    0.9969999644195593,
    0.9962386189939143,
    0.996,
    0.996,
    0.996,
    0.98,
    0.996266349004095,
    0.996,
    0.996,
    0.9973866022731925,
    0.988,
    0.9944843328065948,
    0.987,
    0.994,
    0.99,
    0.99,
    0.9949999988245238,
    0.99,
    0.996,
    0.9952271685096045,
    0.98,
    0.98,
    0.98,
    0.99,
    0.9799999996767597,
    0.98,
    0.9799999981031908,
    0.971,
    0.9799999993865065,
    0.971,
    0.979999998211466,
    0.971,
    0.9790644305240056,
    0.971,
    0.97,
    0.956,
    0.96,
    0.9691256378966824,
    0.9679999922557987,
    0.968,
    0.98,
    0.97,
    0.97,
    0.97,
    0.94,
    0.95,
    0.95,
    0.95,
    0.95,
    0.96,
    0.95,
    0.95,
    0.98,
    0.98,
    0.98,
    0.98,
    0.98,
    0.98,
    0.99,
    0.99,
    0.95,
    0.99,
    0.9822829838986202,
    0.9509803909448289,
    0.94,
    0.9399999623995127,
    0.93,
    0.8800001008000161,
    0.8800001008000161,
    0.91,
    0.8870060487021348,
    0.85,
    0.85,
    0.84,
    0.84,
    0.8499994474992542,
    0.8299999792499694,
    0.8299999966799987,
    0.8312047187723643,
    0.8,
    0.8,
    0.82,
    0.84,
    0.8,
    0.75,
    0.75,
    0.7700000277412308,
    0.77,
    0.78,
    0.78,
    0.78,
    0.76,
    0.76,
    0.75,
    0.71,
    0.700000180000072,
    0.7,
    0.6871382038157282,
    0.66,
    0.66,
    0.65,
    0.64,
    0.6300000093718341,
    0.63,
    0.63,
    0.63,
    0.65,
    0.6518550623590689,
    0.6499999878124987,
    0.59,
    0.6,
    0.59,
    0.5800000120615394,
    0.59,
    0.58,
    0.58,
    0.59,
    0.58,
    0.58,
    0.6199999627999948,
    0.619999997365,
    0.61,
    0.59,
    0.59,
    0.5900000043836479,
    0.61,
    0.6,
    0.6,
    0.6300000225484782,
    0.63,
    0.64,
    0.67,
    0.67,
    0.65,
    0.6300000165076929,
    0.63,
    0.6600000054400001,
    0.6700000409200031,
    0.7199999876571413,
    0.71,
    0.73,
    0.73,
    0.7300001458000671,
    0.72,
    0.700000180000072,
    0.6900000635500187,
    0.71,
    0.7,
    0.7,
    0.6999999766666597,
    0.65,
    0.69,
    0.69,
    0.69,
    0.69,
    0.71,
    0.71,
    0.7373429084285203,
    0.72,
    0.72,
    0.7254962387047025,
    0.7099999918349997,
    0.7047166862059147,
    0.7,
    0.7,
    0.7,
    0.7,
    0.7,
    0.69,
    0.69,
    0.6899999039998465,
    0.6899999585999611,
    0.6899999978437499,
    0.6899,
    0.68,
    0.68,
    0.6801000072480614,
    0.68,
    0.68,
    0.68,
    0.6801000066940319,
    0.6801000066940319,
    0.68,
    0.68,
    0.68,
    0.68,
    0.68,
    0.68,
    0.68,
    0.68,
    0.69,
    0.6800000173949194,
    0.6901000019840582,
    0.7,
    0.6901001783165357,
    0.69999999965,
    0.6999999719999955,
    0.7,
    0.6899925361554443,
    0.6899646105573881,
    0.6898999974735861,
    0.6801013965219923,
    0.6800000080357211,
    0.6898999941565465,
    0.69,
    0.6901,
    0.69,
    0.69,
    0.6899,
    0.68,
    0.6901001510213814,
    0.6901031852848811,
    0.6901000037569537,
    0.6901000263975616,
    0.69,
    0.69,
    0.690000003974359,
    0.69,
    0.7,
    0.69,
    0.689999999991387,
    0.6899949991999333,
    0.6801000451663514,
    0.6899999917199968,
    0.6899897995199183,
    0.6801000201208289,
    0.6801000200116275,
    0.6899999998963964,
    0.69,
    0.6801000205521682,
    0.6999999929999994,
    0.69,
    0.69,
    0.69,
    0.6930692904617133,
    0.6903568145392943,
    0.6801000200082751,
    0.6898999980550764,
    0.680100939848573,
    0.6800000027885329,
    0.6898989809293973,
    0.6801009579488776,
    0.6898991114673662,
    0.6898991113863555,
    0.68,
    0.68,
    0.6800000030308163,
    0.680103519668737,
    0.68,
    0.6898991160320859,
    0.68,
    0.6801009152781037,
    0.6801085271317829,
    0.6801034487217618,
    0.68,
    0.6898990815371231,
    0.6898990898990899,
    0.6898990400735158,
    0.6801081916537867,
    0.68,
    0.680100969713145,
    0.6801008827238335,
    0.68,
    0.68,
    0.6898990513874094,
    0.6801011359708969,
    0.6898989491387312,
    0.6898991129497405,
    0.6801011521168527,
    0.6801009994480374,
    0.6801000037826768,
    0.689999996826,
    0.6899999585999611,
    0.689931035872137,
    0.6898991533463703,
    0.6801001560070914,
    0.6898991129497405,
    0.6801000043406432,
    0.6899998727182229,
    0.6899998727182229,
    0.68992635169762,
    0.6898987352251645,
    0.670100190349172,
    0.6898986121957883,
    0.6898986492803447,
    0.6701001419827503,
    0.6701000917122478,
    0.689999996826,
    0.6799956980067523,
    0.6798995509506965,
    0.6700000039122,
    0.6701004187415128,
    0.6798999633248355,
    0.6701005638999509,
    0.6798999050859258,
    0.670100678035751,
    0.67,
    0.67,
    0.6701005566724425,
    0.6701007018614586,
    0.6799,
    0.67,
    0.670100000174273,
    0.670100632547441,
    0.6701011656036947,
    0.67,
    0.67,
    0.67,
    0.67,
    0.67,
    0.6701086956521739,
    0.68,
    0.6799449214685018,
    0.6701001576922823,
    0.6701000094087484,
    0.6799823041030616,
    0.6798999730759503,
    0.6798999815262162,
    0.6701001313968106,
    0.6701000465928856,
    0.6701,
    0.6799920550847458,
    0.6700000097149138,
    0.6701048565121412,
    0.670000217800074,
    0.670000217800074,
    0.67,
    0.67,
    0.67,
    0.67,
    0.6700001390714693,
    0.6700000409200031,
    0.67000000495,
    0.6799998911999086,
    0.6700001265000569,
    0.6799998911999086,
    0.6799999945599995,
    0.679999999456,
    0.6700001917143569,
    0.6799999873066652,
    0.67,
    0.6700000089813379,
    0.6799999999818631,
    0.6799999990872483,
    0.6799999954496023,
    0.6700000056042655,
    0.6799999967861362,
    0.6700000633600132,
    0.6799998911999086,
    0.68,
    0.6700000072285716,
    0.6799999962309468,
    0.6799999945599995,
    0.68,
    0.679999934719954,
    0.679999998368,
    0.68,
    0.6700000120437961,
    0.6799998911999086,
    0.6700000092710711,
    0.6700001819626865,
    0.68,
    0.6700000034944752,
    0.67,
    0.6799999984602321,
    0.6799999179898772,
    0.6799999794716832,
    0.6700000633600132,
    0.6799999972799999,
    0.67999999932,
    0.6799999993082401,
    0.67999983841572,
    0.6799999637333111,
    0.6800192802056555,
    0.6800087108013937,
    0.68,
    0.6899991115199929,
    0.68,
    0.6899795807196962,
    0.68,
    0.680006000000271,
    0.68,
    0.6800060117750085,
    0.6899999884172657,
    0.69,
    0.69,
    0.68,
    0.6899998670641239,
    0.6899999876294798,
    0.6899999750902356,
    0.670000002557389,
    0.67,
    0.67,
    0.67,
    0.6700001635135798,
    0.68,
    0.68,
    0.6799931919998298,
    0.68,
    0.6799999945599995,
    0.6799999997498029,
    0.6700000033,
    0.68,
    0.68,
    0.68,
    0.68,
    0.6700000056983206,
    0.67,
    0.6700000093440304,
    0.6799999945599995,
    0.6700000123236517,
    0.6799999968699654,
    0.68,
    0.6799999951043915,
    0.68,
    0.67,
    0.67,
    0.67,
    0.68,
    0.68,
    0.6799999982113107,
    0.68,
    0.68,
    0.6799934085950289,
    0.6799607780438641,
    0.6799259151981952,
    0.6700239017447157,
    0.6700155951188039,
    0.6799915655839002,
    0.6799831584161976,
    0.6700239089482464,
    0.6700105584356622,
    0.67,
    0.67,
    0.6700060000138996,
    0.67,
    0.6700060073455281,
    0.6799939922648239,
    0.679993996036299,
    0.6799939854516951,
    0.6799939966752956,
    0.6799872326577358,
    0.6700000336716335,
    0.6700527859237536,
    0.6700060036365451,
    0.6701731423742855,
    0.6799214200843525,
    0.6700061345464866,
    0.6700371287128712,
    0.6799939942927421,
    0.6700062071894499,
    0.6700060176768373,
    0.6800159292072276,
    0.680025981829568,
    0.68,
    0.6800767918088737,
    0.68,
    0.68001843887011,
    0.68,
    0.680009596929496,
    0.68,
    0.6899378828163847,
    0.6800260486733457,
    0.6899999678862287,
    0.6899751600652738,
    0.6800260657566749,
    0.6899999962982829,
    0.680018467509413,
    0.6800732995105688,
    0.6800184934607486,
    0.6899997205498337,
    0.6899998732933859,
    0.6800734765262583,
    0.6899844519656314,
    0.6899307736983381,
    0.6899268136973746,
    0.6899840312507508,
    0.6800184758844601,
    0.6899815150314402,
    0.6899703052866493,
    0.6800159369281462,
    0.6801340845676154,
    0.6800111220861568,
    0.6800109183463668,
    0.6801340608650106,
    0.6898659721196835,
    0.680011230224329,
    0.6800112764138956,
    0.68999948999949,
    0.6899904008150034,
    0.6800979701502318,
    0.6800130496996131,
    0.6800111331416999,
    0.680144,
    0.6899688887845502,
    0.680144,
    0.6800980244123718,
    0.6899668595563867,
    0.6898631791202907,
    0.6800131994080035,
    0.6801372500418446,
    0.6899869511250903,
    0.6800131905795797,
    0.6899867907815195,
    0.680013163392968,
    0.6899869468217188,
    0.6899869038860003,
    0.6899911414795539,
    0.6800060038258355,
    0.6800000453942059,
    0.689993994344882,
    0.6899939960161529,
    0.6800061555235497,
    0.6899999892992529,
    0.68,
    0.68,
    0.6899999868899976,
    0.68,
    0.68,
    0.68,
    0.68,
    0.689999988522504,
    0.69,
    0.68,
    0.6988420064446329,
    0.69,
    0.69,
    0.7,
    0.7,
    0.68,
    0.6999999869888454,
    0.7,
    0.68,
    0.68,
    0.6999998985505923,
    0.699999981865276,
    0.68,
    0.6999999820971826,
    0.6999999766666597,
    0.6999999719999955,
    0.7,
    0.68,
    0.68,
    0.6999999800569693,
    0.68,
    0.7,
    0.68,
    0.6999999618528527,
    0.7,
    0.68,
    0.68,
    0.69,
    0.68,
    0.6999999929999994,
    0.7,
    0.69,
    0.68,
    0.6899999917199968,
    0.6899999996520424,
    0.68,
    0.6899999949900983,
    0.6899999675717862,
    0.6899999675717862,
    0.6899999925405366,
    0.6899999488888635,
    0.6899999428965171,
    0.68,
    0.6899999601574721,
    0.6899999585999611,
    0.689999855428464,
    0.6899999514084267,
    0.68,
    0.6899999982575753,
    0.6899999764772669,
    0.68,
    0.68,
    0.68,
    0.6899999558127781,
    0.68,
    0.6899999902127647,
    0.6899999890707476,
    0.68999999954,
    0.6899999883630932,
    0.68,
    0.68,
    0.6899999585999611,
    0.68,
    0.6899999579045006,
    0.6899998382810352,
    0.69,
    0.68,
    0.69,
    0.68,
    0.6899999579045006,
    0.68,
    0.689999988989359,
    0.68,
    0.6899999909210504,
    0.68,
    0.6899999981937164,
    0.6899999696899082,
    0.68,
    0.6899999829395562,
    0.6899999764772669,
    0.6899999944652377,
    0.68,
    0.68,
    0.68,
    0.6899999469230402,
    0.69,
    0.69,
    0.69,
    0.68,
    0.6899999965480819,
    0.6899999891338566,
    0.68,
    0.68,
    0.6899999931268945,
    0.6899999945583591,
    0.6899999778070053,
    0.68,
    0.68,
    0.69,
    0.69,
    0.6899999424999856,
    0.6900001705000767,
    0.7,
    0.6999999929999994,
    0.6999999817708291,
    0.68,
    0.7,
    0.7,
    0.68,
    0.6999999645569549,
    0.6999999647355004,
    0.68,
    0.68,
    0.69,
    0.69,
    0.69,
    0.6999999903114181,
    0.68,
    0.7,
    0.6999999808219078,
    0.6999999605633603,
    0.6800002125432393,
    0.69,
    0.6900001146821048,
    0.6900001705000767,
    0.69,
    0.69,
    0.68,
    0.7,
    0.6999999942481507,
    0.6900796033617058,
    0.680000878971854,
    0.6999999989393939,
    0.7,
    0.6999999156625591,
    0.690079636639554,
    0.6999999627659397,
    0.7,
    0.7,
    0.6999999937833032,
    0.7,
    0.68,
    0.7,
    0.7,
    0.6999999625668369,
    0.68,
    0.68,
    0.6999999647355004,
    0.6999999810810765,
    0.7,
    0.68,
    0.68,
    0.68,
    0.68,
    0.6999999964999999,
    0.7,
    0.6999999988837505,
    0.68,
    0.6955128201532709,
    0.69,
    0.69,
    0.6999999997658706,
    0.7,
    0.69,
    0.6800000022639918,
    0.69,
    0.6900000341000048,
    0.7,
    0.6999999766666597,
    0.6900001705000767,
    0.6900000423797518,
    0.69,
    0.6900000635500187,
    0.69,
    0.69,
    0.69,
    0.69,
    0.6999999981578947,
    0.69,
    0.69,
    0.6900000500717974,
    0.6999999971999998,
    0.6999999810810765,
    0.69,
    0.69,
    0.69,
    0.69,
    0.69,
    0.69,
    0.7,
    0.6999999883333325,
    0.69,
    0.68,
    0.6999999901685388,
    0.69,
    0.68,
    0.68,
    0.68,
    0.6899999846855718,
    0.6899999585999611,
    0.6899999424999856,
    0.68,
    0.68,
    0.68,
    0.68,
    0.69,
    0.6899999801328865,
    0.68,
    0.6899999932635974,
    0.68,
    0.68,
    0.68,
    0.689999998965,
    0.68,
    0.6899999585999611,
    0.6899999585999611,
    0.6899999585999611,
    0.68,
    0.6999999971999998,
    0.69,
    0.68,
    0.68,
    0.7,
    0.69,
    0.69,
    0.69,
    0.69,
    0.7,
    0.68,
    0.7,
    0.6999999855818717,
    0.6999999931906609,
    0.7,
    0.6999999930624368,
    0.6953831622759489,
    0.68,
    0.68,
    0.68,
    0.68,
    0.68,
    0.68,
    0.68,
    0.68,
    0.68,
    0.68,
    0.6901392964869244,
    0.6901392968676863,
    0.6999999835680717,
    0.7,
    0.69,
    0.69,
    0.68,
    0.69,
    0.69,
    0.6999999857867995,
    0.6999999848975176,
    0.7,
    0.6999999929006079,
    0.7,
    0.7,
    0.6999999935004637,
    0.68,
    0.68,
    0.68,
    0.68,
    0.7,
    0.7,
    0.6969334868371276,
    0.69,
    0.69,
    0.69,
    0.69,
    0.6999999790419137,
    0.69,
    0.69,
    0.69,
    0.68,
    0.68,
    0.68,
    0.69,
    0.68,
    0.6899999868899976,
    0.68,
    0.68,
    0.68,
    0.68,
    0.68,
    0.68,
    0.68999999954,
    0.69,
    0.69,
    0.69,
    0.6899999585999611,
    0.6899999925479998,
    0.6899999951699998,
    0.68,
    0.68,
    0.68,
    0.68,
    0.68,
    0.68,
    0.68,
    0.6700001867925233,
    0.68,
    0.6799999873066652,
    0.6799999945599995,
    0.6799999873066652,
    0.6799999873066652,
    0.6799999959489361,
    0.68,
    0.68,
    0.68,
    0.68,
    0.68,
    0.670000217800074,
    0.67,
    0.67,
    0.67999999932,
    0.67,
    0.67,
    0.68,
    0.68,
    0.68,
    0.68,
    0.68,
    0.68,
    0.68,
    0.68,
    0.68,
    0.68,
    0.68,
    0.68,
    0.6799999727999957,
    0.67,
    0.67,
    0.67,
    0.7199726752380557,
    0.7199495600037809,
    0.7199495695122323,
    0.78,
    0.66,
    0.66,
    0.66,
    0.66,
    0.66,
    0.66,
    0.66,
    0.66,
    0.65,
    0.66,
    0.66,
    0.6400000230400031,
    0.630000021216633,
    0.6499336465075086,
    0.6499335969763681,
    0.6499971342018332,
    0.6499971490139591,
    0.64,
    0.64004004004004,
    0.64,
    0.6400397772855652,
    0.6400397773164189,
    0.6400397772549555,
    0.6398181775109376,
    0.6401588432949802,
    0.6401588005975194,
    0.6401588008205793,
    0.640158800301173,
    0.6300827508429035,
    0.6300827502384648,
    0.6300827513164983,
    0.6301488004858792,
    0.64,
    0.63,
    0.62,
    0.6200000258400035,
    0.62,
    0.62,
    0.629959549689441,
    0.6299453980975909,
    0.64,
    0.62,
    0.62,
    0.64,
    0.64,
    0.64,
    0.64,
    0.64,
    0.64,
    0.630126025205041,
    0.6399602177384455,
    0.6399602112666757,
    0.630103359991504,
    0.6301033598104375,
    0.6301033602353823,
    0.62,
    0.63,
    0.6100000442000098,
    0.62,
    0.6299493081045592,
    0.62,
    0.59,
    0.58,
    0.58,
    0.59,
    0.58,
    0.58,
    0.58,
    0.6348736127535705,
    0.63,
    0.6195546950629235,
    0.25
]
