[
    0.999,
    0.999,
    0.999,
    0.999,
    0.999,
    0.999,
    0.999,
    0.999,
    0.999,
    0.999,
    0.999,
    0.999,
    0.998,
    0.9978214750243559,
    0.998,
    0.998,
    0.99,
    0.99,
    0.99,
    0.99,
    0.99,
    0.99,
    0.99,
    0.99,
    0.99,
    0.99,
    0.99,
    0.99,
    0.99,
    0.99,
    0.97,
    0.9700000021508589,
    0.97000000288,
    0.97,
    0.97,
    0.97,
    0.95,
    0.95,
    0.95,
    0.94,
    0.95,
    0.9597201804788391,
    0.97,
    0.9570996838655413,
    0.9399999989555554,
    0.93,
    0.9,
    0.89,
    0.8739721551921034,
    0.84,
    0.84,
    0.85,
    0.87,
    0.85,
    0.84,
    0.84,
    0.85,
    0.85,
    0.84,
    0.85,
    0.85,
    0.85,
    0.8499999997875,
    0.85,
    0.86,
    0.85,
    0.85,
    0.85,
    0.85,
    0.85,
    0.85,
    0.86,
    0.86,
    0.8599999738559987,
    0.85,
    0.85,
    0.85,
    0.85,
    0.85,
    0.839999998992,
    0.85,
    0.85,
    0.8499999997875,
    0.85,
    0.85,
    0.81,
    0.82,
    0.81,
    0.81,
    0.819999999344,
    0.83,
    0.82,
    0.83,
    0.85,
    0.84,
    0.82,
    0.8,
    0.819999999016,
    0.82,
    0.85,
    0.85,
    0.85,
    0.85,
    0.8376178953252248,
    0.8199999979773334,
    0.8,
    0.8,
    0.81,
    0.8195880201418131,
    0.790000132300049,
    0.8,
    0.8,
    0.84,
    0.8399999994337715,
    0.8399999838288764,
    0.85,
    0.85,
    0.8836176293672384,
    0.9299999999535,
    0.87,
    0.8600000003770376,
    0.9,
    0.929999999814,
    0.930693068569748,
    0.96,
    0.95,
    0.910000001548,
    0.92,
    0.92,
    0.93,
    0.93,
    0.929999999721,
    0.93,
    0.93,
    0.92,
    0.93,
    0.92,
    0.9,
    0.91,
    0.9,
    0.8900000127600002,
    0.93,
    0.93,
    0.9300000637000058,
    0.930000000623,
    0.93,
    0.939999962772205,
    0.9300000102666669,
    0.9400000540000054,
    0.929999999721,
    0.92,
    0.92,
    0.92,
    0.95,
    0.96,
    0.95,
    0.93,
    0.93,
    0.92,
    0.92,
    0.93,
    0.95,
    0.95,
    0.948807955277343,
    0.94,
    0.94,
    0.95,
    0.9400000054000001,
    0.94,
    0.95,
    0.94,
    0.95,
    0.95,
    0.95,
    0.95,
    0.95,
    0.96,
    0.950495048752083,
    0.9730374123588669,
    0.96,
    0.96,
    0.9400000110400002,
    0.930000000118603,
    0.95,
    0.9,
    0.88,
    0.8700000105348462,
    0.91,
    0.9099999469164928,
    0.9099999999393333,
    0.9,
    0.9300000060900001,
    0.96,
    0.9300000074117648,
    0.96,
    0.96,
    0.95,
    0.93,
    0.9299999569442471,
    0.9100000081,
    0.9100000154800004,
    0.9100000400500022,
    0.9100000810000081,
    0.92,
    0.91,
    0.91,
    0.9100000810000081,
    0.9100001600080255,
    0.91,
    0.9100000264000011,
    0.91,
    0.9100000154800004,
    0.91,
    0.9100000154800004,
    0.9100000331967226,
    0.9346747469882614,
    0.91,
    0.9100000810000081,
    0.91,
    0.91,
    0.91,
    0.91,
    0.8900000079204528,
    0.9,
    0.9,
    0.9,
    0.9,
    0.9,
    0.9,
    0.91,
    0.9,
    0.91,
    0.9117647048096885,
    0.9,
    0.9,
    0.9100000400500022,
    0.8900000478500031,
    0.9,
    0.9,
    0.9,
    0.8900000017285714,
    0.89,
    0.93,
    0.93,
    0.93,
    0.93,
    0.93,
    0.9299999577268904,
    0.9,
    0.93,
    0.92,
    0.92,
    0.92,
    0.92999999993025,
    0.92,
    0.91,
    0.91,
    0.92,
    0.92,
    0.91,
    0.91,
    0.9100000019575,
    0.92,
    0.92,
    0.92,
    0.92,
    0.92,
    0.9299999999248788,
    0.92,
    0.9299999984151328,
    0.92,
    0.92,
    0.9100000810000081,
    0.9100000154800004,
    0.9100000016940504,
    0.91,
    0.9199999999134117,
    0.91,
    0.91,
    0.91,
    0.92,
    0.92,
    0.92,
    0.92,
    0.92,
    0.92,
    0.92,
    0.92,
    0.92,
    0.92,
    0.92,
    0.92,
    0.9199999990730476,
    0.92,
    0.92,
    0.919999996319999,
    0.92,
    0.91,
    0.91,
    0.91,
    0.91,
    0.91,
    0.91,
    0.91,
    0.9199999992538522,
    0.9100000264000011,
    0.9100000013614887,
    0.91,
    0.9100000264000011,
    0.9100000160396042,
    0.91,
    0.9100000154800004,
    0.91,
    0.9100000081,
    0.9100000810000081,
    0.92,
    0.9199999993963254,
    0.9100000005846716,
    0.9100000081,
    0.910000001323967,
    0.9100000081,
    0.91999999954,
    0.9100000053626662,
    0.91,
    0.92,
    0.9100000400500022,
    0.9100000810000081,
    0.91,
    0.91,
    0.91,
    0.9099999983603604,
    0.9099999827099968,
    0.9099999986805,
    0.91,
    0.91,
    0.91,
    0.91,
    0.91,
    0.9,
    0.9,
    0.9,
    0.9,
    0.91,
    0.9099999998566929,
    0.9,
    0.9099999999545,
    0.9199999992696963,
    0.9199999992844642,
    0.9,
    0.9,
    0.91,
    0.91,
    0.91,
    0.91,
    0.9,
    0.9,
    0.91,
    0.9099999987521425,
    0.91,
    0.91,
    0.9099999742452352,
    0.9,
    0.91,
    0.9,
    0.91,
    0.9,
    0.91,
    0.91,
    0.91,
    0.91,
    0.9099999981944442,
    0.9,
    0.91,
    0.91,
    0.91,
    0.91,
    0.91,
    0.91,
    0.91,
    0.9,
    0.9,
    0.9099999986159694,
    0.91,
    0.91,
    0.91,
    0.91,
    0.9099999992512342,
    0.91,
    0.91,
    0.9099999993282479,
    0.8900000003564,
    0.91,
    0.890000079724786,
    0.8900000044,
    0.91,
    0.9099999998583217,
    0.9,
    0.89000000216193,
    0.89,
    0.91,
    0.91,
    0.890000000968,
    0.91,
    0.8900000968000116,
    0.9099999986569681,
    0.8900000008603794,
    0.8900000478500031,
    0.9099999995492818,
    0.9099999998402107,
    0.9,
    0.8900000600128427,
    0.9099999998381358,
    0.9,
    0.91,
    0.9,
    0.9099999997658109,
    0.91,
    0.91,
    0.9,
    0.9,
    0.9,
    0.9,
    0.9,
    0.9099999854399536,
    0.91,
    0.9099999924166456,
    0.9,
    0.9099999911527655,
    0.91,
    0.91,
    0.9,
    0.91,
    0.9,
    0.9,
    0.8900000968000116,
    0.9,
    0.9,
    0.9,
    0.9,
    0.9,
    0.9,
    0.9,
    0.9,
    0.9,
    0.9,
    0.9,
    0.9099999992429284,
    0.91,
    0.9,
    0.9,
    0.9,
    0.9,
    0.9,
    0.9,
    0.8900000968000116,
    0.9,
    0.9,
    0.9,
    0.9,
    0.9,
    0.9,
    0.9,
    0.9,
    0.9,
    0.9,
    0.9,
    0.9,
    0.9,
    0.9,
    0.9,
    0.9,
    0.9,
    0.89,
    0.9,
    0.91,
    0.890000003784,
    0.90989640526492,
    0.9,
    0.9,
    0.9,
    0.9,
    0.9,
    0.9,
    0.9,
    0.9,
    0.8900000184800005,
    0.9,
    0.9,
    0.9,
    0.9,
    0.9,
    0.9,
    0.9,
    0.9,
    0.9,
    0.8900000111375003,
    0.9,
    0.8900000086900002,
    0.89,
    0.8900001075675218,
    0.9099999998293004,
    0.909999999815931,
    0.91,
    0.9,
    0.8999999921342421,
    0.9,
    0.9,
    0.8900000144717565,
    0.9,
    0.9,
    0.8999999940896403,
    0.9,
    0.89,
    0.9,
    0.8900000184800005,
    0.8900000233750008,
    0.890000003784,
    0.9,
    0.8900000478500031,
    0.89,
    0.8900000968000116,
    0.9,
    0.9,
    0.8900000184800005,
    0.89,
    0.890000002255,
    0.9,
    0.9,
    0.9,
    0.9,
    0.9,
    0.9,
    0.9,
    0.9,
    0.9,
    0.9,
    0.9,
    0.8900000968000116,
    0.9,
    0.9,
    0.89,
    0.9,
    0.9,
    0.9,
    0.9,
    0.8900000968000116,
    0.9,
    0.9,
    0.9,
    0.9,
    0.89,
    0.9,
    0.9,
    0.9,
    0.9,
    0.9,
    0.9,
    0.8900000478500031,
    0.8900000184800005,
    0.9,
    0.8900000478500031,
    0.8900000086900002,
    0.9,
    0.89,
    0.89,
    0.9,
    0.9,
    0.9,
    0.9,
    0.9,
    0.9,
    0.9,
    0.9,
    0.9,
    0.9,
    0.9,
    0.89,
    0.89,
    0.89,
    0.89,
    0.89,
    0.89,
    0.8900000968000116,
    0.9,
    0.9,
    0.8900000004785,
    0.9,
    0.9,
    0.9,
    0.9,
    0.9,
    0.9,
    0.8900000968000116,
    0.89,
    0.9,
    0.9,
    0.890000008048461,
    0.89,
    0.8900000478500031,
    0.9,
    0.9,
    0.9,
    0.8900000130318247,
    0.89,
    0.89,
    0.8900000099284786,
    0.89,
    0.8900000968000116,
    0.89,
    0.89,
    0.89,
    0.91,
    0.890000006757143,
    0.8900000601333405,
    0.91,
    0.8900000601333405,
    0.89,
    0.89,
    0.89,
    0.9,
    0.9,
    0.88,
    0.8836573380379268,
    0.9,
    0.89,
    0.8700001014000223,
    0.88,
    0.88,
    0.87,
    0.87,
    0.87,
    0.87,
    0.87,
    0.88,
    0.88,
    0.88,
    0.88,
    0.88,
    0.88,
    0.88,
    0.88,
    0.88,
    0.88999995549998,
    0.89,
    0.89,
    0.89,
    0.89,
    0.9,
    0.91,
    0.91,
    0.8900000968000116,
    0.9099999923252994,
    0.91,
    0.89,
    0.89,
    0.91,
    0.8900000968000116,
    0.8900000184800005,
    0.8900000968000116,
    0.91,
    0.91,
    0.89,
    0.889999951454504,
    0.8899994125992129,
    0.8800000100800002,
    0.8899999846919997,
    0.8899999985759999,
    0.8899999732999563,
    0.8899999985759999,
    0.88999995549998,
    0.8899999985759999,
    0.8899999732999563,
    0.8800000192000008,
    0.8899999997802469,
    0.8899999985759999,
    0.88999995549998,
    0.8899999109995639,
    0.8800000428801181,
    0.8899999109995639,
    0.89,
    0.88,
    0.88,
    0.88,
    0.89,
    0.89,
    0.9,
    0.9,
    0.9,
    0.88,
    0.9,
    0.88,
    0.88,
    0.9,
    0.9,
    0.9,
    0.9,
    0.9,
    0.9,
    0.9,
    0.88,
    0.89,
    0.9,
    0.88,
    0.89,
    0.9,
    0.88,
    0.88,
    0.88,
    0.9,
    0.9,
    0.89,
    0.9,
    0.9,
    0.9,
    0.9,
    0.9,
    0.9,
    0.9,
    0.9,
    0.9,
    0.9,
    0.9,
    0.9,
    0.9,
    0.9,
    0.9,
    0.9,
    0.9,
    0.9,
    0.9,
    0.9,
    0.9,
    0.9,
    0.9,
    0.9,
    0.9,
    0.9,
    0.9,
    0.9,
    0.9,
    0.9,
    0.9,
    0.9,
    0.9,
    0.9,
    0.9,
    0.9,
    0.9,
    0.9,
    0.9,
    0.9,
    0.9,
    0.9,
    0.9,
    0.9,
    0.9,
    0.9,
    0.9,
    0.9,
    0.9,
    0.9,
    0.9,
    0.9,
    0.9,
    0.9,
    0.9,
    0.9,
    0.9,
    0.9,
    0.9,
    0.9,
    0.9,
    0.9,
    0.9,
    0.9,
    0.9,
    0.9,
    0.9,
    0.9,
    0.9,
    0.9,
    0.9,
    0.9,
    0.9,
    0.9,
    0.9,
    0.9,
    0.9,
    0.9,
    0.9,
    0.9,
    0.9,
    0.9,
    0.9,
    0.9,
    0.9,
    0.9,
    0.9,
    0.9,
    0.9,
    0.9,
    0.9,
    0.9,
    0.9,
    0.9,
    0.9,
    0.9,
    0.9,
    0.9,
    0.9,
    0.9,
    0.9,
    0.9,
    0.9,
    0.9,
    0.9,
    0.9,
    0.9,
    0.9,
    0.9,
    0.9,
    0.9,
    0.9,
    0.9,
    0.9,
    0.9,
    0.9,
    0.9,
    0.9,
    0.9,
    0.9,
    0.9,
    0.9,
    0.9,
    0.9,
    0.9,
    0.9,
    0.9,
    0.9,
    0.9,
    0.9,
    0.9,
    0.9,
    0.9,
    0.9,
    0.9,
    0.9,
    0.9,
    0.9,
    0.9,
    0.9,
    0.9,
    0.9,
    0.9,
    0.9,
    0.9,
    0.9,
    0.9,
    0.9,
    0.9,
    0.9,
    0.880000032833878,
    0.9,
    0.9,
    0.9,
    0.9,
    0.8800000327645073,
    0.9,
    0.9,
    0.9,
    0.9,
    0.9,
    0.9,
    0.9,
    0.9,
    0.89,
    0.8800030000187501,
    0.9,
    0.9,
    0.9,
    0.9,
    0.9,
    0.9,
    0.9,
    0.9,
    0.9,
    0.9,
    0.9,
    0.9,
    0.9,
    0.9,
    0.9,
    0.9,
    0.9,
    0.8900000345487381,
    0.9,
    0.9,
    0.9,
    0.9,
    0.9,
    0.9,
    0.9,
    0.9,
    0.9,
    0.9,
    0.9,
    0.9,
    0.9,
    0.9,
    0.9,
    0.9,
    0.9,
    0.9,
    0.9,
    0.8900000356400027,
    0.8900000315333348,
    0.89,
    0.89,
    0.88,
    0.88,
    0.9,
    0.9,
    0.9,
    0.9,
    0.9,
    0.9,
    0.9,
    0.9,
    0.9,
    0.9,
    0.9,
    0.89,
    0.8800000385929679,
    0.89,
    0.9,
    0.9,
    0.9,
    0.9,
    0.9,
    0.88,
    0.9,
    0.9,
    0.9,
    0.9,
    0.89,
    0.89,
    0.9,
    0.9,
    0.9,
    0.9,
    0.9,
    0.9,
    0.9,
    0.9,
    0.9,
    0.9,
    0.9,
    0.9,
    0.9,
    0.9,
    0.9,
    0.9,
    0.9,
    0.9,
    0.9,
    0.9,
    0.9,
    0.9,
    0.9,
    0.9,
    0.9,
    0.9,
    0.9,
    0.9,
    0.8900000968000116,
    0.9,
    0.9,
    0.9,
    0.9,
    0.9,
    0.9,
    0.9,
    0.9,
    0.9,
    0.9,
    0.9,
    0.9,
    0.8900000968000116,
    0.8900000184800005,
    0.9,
    0.8900000968000116,
    0.9,
    0.9,
    0.9,
    0.9,
    0.9,
    0.91,
    0.9,
    0.89,
    0.9184386540497805,
    0.88,
    0.89,
    0.89
]
