[
    0.001,
    0.001,
    0.001,
    0.001,
    0.001,
    0.001,
    0.001,
    0.001,
    0.001,
    0.001,
    0.001,
    0.001,
    0.001,
    0.001,
    0.001,
    0.001,
    0.001,
    0.001,
    0.001,
    0.001,
    0.001,
    0.001,
    0.001,
    0.001,
    0.001,
    0.001,
    0.001,
    0.001,
    0.001,
    0.001,
    0.001,
    0.001,
    0.005,
    0.002,
    0.001,
    0.005,
    0.009,
    0.009,
    0.005,
    0.004,
    0.011,
    0.01,
    0.01,
    0.01,
    0.01,
    0.02,
    0.011000000054001194,
    0.011,
    0.011,
    0.011000000004746668,
    0.018999981702999325,
    0.01,
    0.01,
    0.01,
    0.02,
    0.01,
    0.02,
    0.02,
    0.02,
    0.02,
    0.02,
    0.02,
    0.01,
    0.01,
    0.02,
    0.02,
    0.02,
    0.03,
    0.029999974956520868,
    0.03,
    0.03,
    0.03,
    0.02,
    0.03,
    0.04,
    0.047974888618874036,
    0.04,
    0.03,
    0.05,
    0.05,
    0.05,
    0.05,
    0.05,
    0.06,
    0.06,
    0.06,
    0.06,
    0.05,
    0.07,
    0.08,
    0.09090909090909091,
    0.08,
    0.1,
    0.09,
    0.09,
    0.08,
    0.1,
    0.1,
    0.17,
    0.12000000352000104,
    0.18,
    0.18,
    0.18,
    0.16,
    0.17,
    0.15,
    0.15,
    0.15,
    0.2,
    0.18,
    0.2,
    0.2,
    0.17,
    0.18,
    0.2,
    0.2,
    0.170000000032886,
    0.17,
    0.17000000207500005,
    0.17,
    0.17,
    0.17000000004354943,
    0.2,
    0.17,
    0.18,
    0.19,
    0.17,
    0.2,
    0.2,
    0.2,
    0.25,
    0.25,
    0.2,
    0.21,
    0.23,
    0.21000000790002363,
    0.2,
    0.25,
    0.25,
    0.25,
    0.22,
    0.21,
    0.23,
    0.23000000112915964,
    0.24,
    0.25,
    0.25999996463999775,
    0.24000009120017146,
    0.2400000405333582,
    0.23,
    0.25,
    0.25,
    0.25,
    0.25,
    0.24000009120017146,
    0.24,
    0.23,
    0.23,
    0.22,
    0.23,
    0.24,
    0.24,
    0.24,
    0.22,
    0.24,
    0.24,
    0.22,
    0.22,
    0.22,
    0.22,
    0.22,
    0.2399998559999424,
    0.2399998559999424,
    0.21000000217250012,
    0.23,
    0.23,
    0.23,
    0.24,
    0.24,
    0.2552,
    0.21,
    0.21,
    0.27,
    0.27,
    0.2517567540947224,
    0.23999991839998694,
    0.24,
    0.21,
    0.2,
    0.17000000099600002,
    0.2,
    0.22,
    0.22999996917999796,
    0.23,
    0.19000000055353075,
    0.21,
    0.21,
    0.21,
    0.21,
    0.21,
    0.2,
    0.2,
    0.2,
    0.2,
    0.21,
    0.21,
    0.2,
    0.2,
    0.21,
    0.21000003686668953,
    0.22,
    0.21000000017042128,
    0.21999991639998998,
    0.21,
    0.21,
    0.21,
    0.22999982749995687,
    0.23,
    0.21,
    0.21,
    0.229999998597,
    0.21,
    0.210000000316,
    0.23,
    0.21,
    0.21000000790002363,
    0.23762376075286737,
    0.25,
    0.29,
    0.25,
    0.25,
    0.21,
    0.23,
    0.23,
    0.29,
    0.3,
    0.3,
    0.29,
    0.2835,
    0.27,
    0.26,
    0.27,
    0.26,
    0.27,
    0.3,
    0.2998115451621549,
    0.26,
    0.24,
    0.27,
    0.23,
    0.23,
    0.24,
    0.24,
    0.24,
    0.29,
    0.3,
    0.3,
    0.28,
    0.31,
    0.32,
    0.32,
    0.32,
    0.31000000162162167,
    0.3200000018945902,
    0.315,
    0.2600000103600019,
    0.25999999954933334,
    0.26,
    0.26,
    0.2599998647999351,
    0.279999843199931,
    0.2700000404485786,
    0.30999999683799995,
    0.31,
    0.31,
    0.33,
    0.33,
    0.3300000804000707,
    0.33,
    0.32,
    0.33,
    0.32,
    0.32,
    0.34,
    0.39,
    0.41,
    0.41000001877273007,
    0.43,
    0.41,
    0.41000003245001443,
    0.4,
    0.38,
    0.38,
    0.34,
    0.3400000391949958,
    0.34,
    0.3400000025538973,
    0.3400000023760001,
    0.38,
    0.37,
    0.36999986309991373,
    0.37,
    0.37,
    0.33,
    0.34,
    0.32,
    0.32,
    0.35,
    0.31,
    0.35,
    0.33,
    0.34,
    0.3300000003366834,
    0.33,
    0.33,
    0.33,
    0.4,
    0.41,
    0.4,
    0.42,
    0.400000060000024,
    0.3900000004379101,
    0.4,
    0.38000007026670557,
    0.4,
    0.4,
    0.4,
    0.45,
    0.37485126006755004,
    0.36,
    0.34,
    0.3566666666666667,
    0.31,
    0.3,
    0.3,
    0.27,
    0.27,
    0.27,
    0.27,
    0.27,
    0.3,
    0.27,
    0.3,
    0.3,
    0.31,
    0.27,
    0.31,
    0.32999978219992593,
    0.3299999993823463,
    0.3200000054400005,
    0.33,
    0.3399999693999951,
    0.34,
    0.34,
    0.35,
    0.34,
    0.32,
    0.33,
    0.32,
    0.32,
    0.35,
    0.31000000054761906,
    0.32,
    0.31,
    0.35,
    0.35,
    0.33,
    0.31,
    0.34,
    0.33,
    0.31,
    0.31,
    0.32,
    0.35,
    0.35,
    0.3500000054166668,
    0.3499999894999998,
    0.33,
    0.34,
    0.34,
    0.3300000375200129,
    0.349999999125,
    0.33,
    0.3499999842499991,
    0.34999994749999036,
    0.34,
    0.33,
    0.33,
    0.3300000051937988,
    0.33,
    0.33000000233762755,
    0.34,
    0.33,
    0.33,
    0.3300000804000707,
    0.33000001608000123,
    0.33,
    0.33,
    0.33,
    0.33000000350952385,
    0.33,
    0.33,
    0.33,
    0.34,
    0.33999998753333277,
    0.34,
    0.34,
    0.34,
    0.34,
    0.34,
    0.35,
    0.35,
    0.39,
    0.41,
    0.4,
    0.42,
    0.43999999798799655,
    0.44,
    0.439999995123528,
    0.44,
    0.43,
    0.44,
    0.42,
    0.42,
    0.46,
    0.47,
    0.44000000102283104,
    0.47,
    0.47,
    0.47,
    0.46,
    0.49,
    0.51,
    0.49,
    0.49,
    0.56,
    0.56,
    0.56,
    0.56,
    0.57,
    0.6058728619873192,
    0.5899999272332938,
    0.5995835584992318,
    0.58,
    0.58,
    0.5600000079200003,
    0.52,
    0.5200000090947372,
    0.5200000034985424,
    0.5490909090909091,
    0.5010649627263046,
    0.5,
    0.5,
    0.47,
    0.47000000015743354,
    0.46,
    0.46,
    0.49000000006263156,
    0.49,
    0.46,
    0.46,
    0.49,
    0.48,
    0.45,
    0.46,
    0.46,
    0.42,
    0.42,
    0.42,
    0.42,
    0.42,
    0.41,
    0.41,
    0.390000003904,
    0.4099999946699998,
    0.39,
    0.39,
    0.4,
    0.40000005084747486,
    0.4099999946699998,
    0.41,
    0.42,
    0.42,
    0.41324540877827415,
    0.41,
    0.4199999997655814,
    0.41,
    0.4100000007866667,
    0.41,
    0.4100000727667062,
    0.41,
    0.4,
    0.4000000055504165,
    0.4,
    0.4,
    0.4,
    0.39,
    0.39000000122000006,
    0.39,
    0.39000000722844014,
    0.4,
    0.4,
    0.3900000244000039,
    0.39,
    0.39000000355892656,
    0.4,
    0.4,
    0.4,
    0.41,
    0.41,
    0.4132699286697535,
    0.4099998236998995,
    0.41999999495999996,
    0.4,
    0.42,
    0.42,
    0.41,
    0.41,
    0.41,
    0.41,
    0.410000000944,
    0.41,
    0.4100000130846784,
    0.41,
    0.42,
    0.42,
    0.38,
    0.38,
    0.38,
    0.4,
    0.4,
    0.39,
    0.37,
    0.37,
    0.37,
    0.37,
    0.37,
    0.41,
    0.43,
    0.44,
    0.48,
    0.48,
    0.48,
    0.49,
    0.45,
    0.4465,
    0.42,
    0.42,
    0.42,
    0.4,
    0.40000000209241504,
    0.4,
    0.38,
    0.36,
    0.36,
    0.37,
    0.39,
    0.4,
    0.41,
    0.41,
    0.43,
    0.44,
    0.44,
    0.45,
    0.45,
    0.44,
    0.44000000818713497,
    0.4499997974998886,
    0.44,
    0.4400000002952808,
    0.4499997974998886,
    0.4499997974998886,
    0.45,
    0.46,
    0.45,
    0.48,
    0.45000000687500025,
    0.53,
    0.54,
    0.5299999893999994,
    0.5,
    0.5,
    0.52,
    0.52,
    0.48,
    0.49,
    0.49,
    0.48,
    0.46,
    0.48,
    0.49,
    0.48,
    0.45000001925000127,
    0.4666666666666667,
    0.46,
    0.46,
    0.45,
    0.46,
    0.46,
    0.46,
    0.4700000116600003,
    0.46,
    0.46,
    0.48,
    0.48,
    0.48,
    0.480000010400005,
    0.49,
    0.4948734368451319,
    0.48,
    0.5,
    0.5099999785799988,
    0.51,
    0.5195450944118639,
    0.5,
    0.5,
    0.5,
    0.5,
    0.5,
    0.5,
    0.5,
    0.49,
    0.5,
    0.51,
    0.48,
    0.48,
    0.48,
    0.4600000132499097,
    0.46,
    0.48,
    0.48999982849988855,
    0.47000000282666676,
    0.5299999899299992,
    0.52,
    0.51,
    0.51,
    0.51,
    0.5196,
    0.54,
    0.53,
    0.5322190173804281,
    0.53,
    0.5100001715001115,
    0.52,
    0.51,
    0.53,
    0.53,
    0.51,
    0.54,
    0.54,
    0.54,
    0.54,
    0.5400000113034191,
    0.54,
    0.54,
    0.540000009424744,
    0.52,
    0.5100000465500188,
    0.51,
    0.5192955110207507,
    0.52,
    0.52,
    0.46,
    0.52,
    0.52,
    0.5142857142857142,
    0.5,
    0.51,
    0.51,
    0.51,
    0.5100000016377005,
    0.53,
    0.54,
    0.55,
    0.56,
    0.56,
    0.5600001936001084,
    0.5600001936001084,
    0.5600001936001084,
    0.5600001936001084,
    0.56,
    0.5400000404800045,
    0.55,
    0.56,
    0.54,
    0.5400001150000288,
    0.53,
    0.5499999724999877,
    0.52,
    0.5599999895466662,
    0.56,
    0.54,
    0.52,
    0.52,
    0.52,
    0.52,
    0.52,
    0.5,
    0.5,
    0.47,
    0.47,
    0.47,
    0.47,
    0.47,
    0.46,
    0.46,
    0.46,
    0.45,
    0.45,
    0.47,
    0.46,
    0.46,
    0.46,
    0.46,
    0.47,
    0.46,
    0.47,
    0.45000000719142286,
    0.46,
    0.45,
    0.45,
    0.45,
    0.45,
    0.44,
    0.44,
    0.44,
    0.44,
    0.44,
    0.44,
    0.45,
    0.43,
    0.44,
    0.44,
    0.430000003306,
    0.44,
    0.4300000775200515,
    0.44,
    0.4300000074100003,
    0.44,
    0.43,
    0.44,
    0.43999980639989156,
    0.43,
    0.43,
    0.43999980639989156,
    0.43,
    0.43999980639989156,
    0.43999980639989156,
    0.43999980639989156,
    0.43999980639989156,
    0.43999980639989156,
    0.43999980639989156,
    0.43999980639989156,
    0.43,
    0.44,
    0.45,
    0.44,
    0.44,
    0.44,
    0.44,
    0.44,
    0.43,
    0.43,
    0.44,
    0.4509803638600499,
    0.44,
    0.44,
    0.45,
    0.45,
    0.45000004400000526,
    0.45000004400000526,
    0.45000004400000526,
    0.45,
    0.45000004400000526,
    0.45000004400000526,
    0.45000004400000526,
    0.45000004400000526,
    0.45000004400000526,
    0.45,
    0.45,
    0.45,
    0.45,
    0.45,
    0.45,
    0.45,
    0.45000000440000015,
    0.45,
    0.46,
    0.46,
    0.49,
    0.48,
    0.5,
    0.5,
    0.49,
    0.5,
    0.49,
    0.48,
    0.48,
    0.48,
    0.48,
    0.48,
    0.48,
    0.5,
    0.48,
    0.48,
    0.47,
    0.48,
    0.48,
    0.48,
    0.47999999630342693,
    0.47999998079999695,
    0.48,
    0.48,
    0.49,
    0.48,
    0.5,
    0.5,
    0.5,
    0.52,
    0.52,
    0.51,
    0.51,
    0.52,
    0.51,
    0.51,
    0.51,
    0.51,
    0.51,
    0.51,
    0.52,
    0.52,
    0.52,
    0.5,
    0.52,
    0.52,
    0.52,
    0.52,
    0.5174074074074074,
    0.51,
    0.5100001715001115,
    0.5165,
    0.51,
    0.5199999917378345,
    0.52,
    0.52,
    0.52,
    0.51,
    0.51,
    0.51,
    0.52,
    0.52,
    0.54,
    0.5244067498994491,
    0.51,
    0.51,
    0.5,
    0.5,
    0.52,
    0.51,
    0.5,
    0.5,
    0.55,
    0.5,
    0.5,
    0.5,
    0.5,
    0.55,
    0.56,
    0.55,
    0.56,
    0.56,
    0.54,
    0.5499999955999999,
    0.5667273,
    0.55,
    0.56,
    0.56,
    0.55,
    0.56,
    0.56,
    0.56,
    0.56,
    0.5300000035429308,
    0.54,
    0.53,
    0.53,
    0.57,
    0.5677895960707859,
    0.54,
    0.5400000246046527,
    0.54,
    0.54,
    0.54,
    0.55,
    0.54,
    0.56,
    0.56,
    0.56,
    0.56,
    0.56,
    0.56,
    0.56,
    0.5700000142148784,
    0.57,
    0.5700000142148784,
    0.56,
    0.56,
    0.57,
    0.57,
    0.57,
    0.57,
    0.57,
    0.57,
    0.57,
    0.57,
    0.5700000142148784,
    0.5768274478041087,
    0.56,
    0.56,
    0.56,
    0.56,
    0.56,
    0.56,
    0.56,
    0.55,
    0.55,
    0.55,
    0.56,
    0.56,
    0.55,
    0.5500000002423077,
    0.550000001687711,
    0.55,
    0.55,
    0.559999997775571,
    0.54,
    0.559999843199887,
    0.5599999968194725,
    0.55,
    0.56,
    0.55,
    0.57,
    0.58,
    0.609999859699892,
    0.6200000380000089,
    0.62,
    0.620000003648,
    0.61,
    0.61,
    0.61,
    0.61,
    0.62,
    0.65,
    0.65,
    0.66,
    0.66,
    0.66,
    0.66,
    0.63,
    0.62,
    0.64,
    0.64,
    0.62,
    0.62,
    0.62,
    0.62,
    0.64,
    0.6400000024,
    0.64,
    0.61000000325,
    0.66,
    0.6600000054400001,
    0.66,
    0.6600000142800009,
    0.6699999949749997,
    0.660000003264,
    0.66999999933,
    0.660000170000085,
    0.660000170000085,
    0.660000170000085,
    0.6600000027816602,
    0.660000003264,
    0.68,
    0.6766605950212508,
    0.66,
    0.67,
    0.6700000188100008,
    0.65,
    0.63,
    0.63,
    0.65,
    0.63,
    0.65,
    0.65,
    0.66,
    0.65,
    0.65,
    0.65,
    0.65,
    0.65,
    0.65,
    0.65,
    0.65,
    0.65,
    0.65,
    0.6500000525000096,
    0.65,
    0.66,
    0.66,
    0.66,
    0.66,
    0.66,
    0.660000057800019,
    0.6400000079200002,
    0.64,
    0.64,
    0.62,
    0.61,
    0.62,
    0.6,
    0.61,
    0.59,
    0.59,
    0.5800000294000016,
    0.58,
    0.6,
    0.62,
    0.62,
    0.5900001763001005,
    0.6199999964571427,
    0.6413794711923438,
    0.63,
    0.65,
    0.65,
    0.65,
    0.65000000245,
    0.65,
    0.65,
    0.65,
    0.67,
    0.670000217800074,
    0.68,
    0.68,
    0.68,
    0.68,
    0.67,
    0.67,
    0.68,
    0.670000217800074,
    0.68,
    0.69,
    0.68,
    0.68,
    0.68,
    0.68,
    0.69,
    0.69,
    0.69,
    0.69,
    0.69,
    0.69,
    0.69,
    0.68,
    0.69,
    0.6700000077550002,
    0.68,
    0.6899999940577503,
    0.67,
    0.67,
    0.67,
    0.67,
    0.67,
    0.67,
    0.67,
    0.67,
    0.67,
    0.67,
    0.67,
    0.67,
    0.69,
    0.68,
    0.69,
    0.68,
    0.68,
    0.68,
    0.6899999951699998,
    0.68,
    0.68,
    0.68,
    0.68,
    0.68,
    0.68,
    0.68,
    0.68,
    0.68,
    0.689999998965,
    0.68,
    0.68,
    0.68,
    0.68,
    0.68,
    0.68,
    0.68,
    0.68,
    0.6700000409200031,
    0.6700000188100008,
    0.68,
    0.6700000092817682,
    0.67,
    0.67,
    0.68,
    0.67,
    0.68,
    0.689999998965,
    0.6899999993928,
    0.68,
    0.68,
    0.68,
    0.68,
    0.68,
    0.68,
    0.69,
    0.69,
    0.69,
    0.69,
    0.69,
    0.69,
    0.69,
    0.6900001705000767,
    0.6900001705000767,
    0.7,
    0.69,
    0.6900000013773405,
    0.6999999992981752,
    0.69,
    0.6999999719999955,
    0.6900000075436181,
    0.690000037820003,
    0.69,
    0.6900000012338933,
    0.6900000093000004,
    0.6900000164300008,
    0.7,
    0.690000001984,
    0.69,
    0.7,
    0.7,
    0.7,
    0.7,
    0.7,
    0.7,
    0.7,
    0.7,
    0.6900001705000767,
    0.6900000235600013,
    0.6900000001534397,
    0.6900000711176726,
    0.7,
    0.69,
    0.69,
    0.69,
    0.69,
    0.690000037820003,
    0.7,
    0.69,
    0.7,
    0.7,
    0.690000037820003,
    0.6900000051925,
    0.69999999965,
    0.7,
    0.6900000092238037,
    0.7,
    0.69,
    0.6900001705000767,
    0.69,
    0.690000003162,
    0.6900001705000767,
    0.7,
    0.6999999994591253,
    0.7,
    0.7,
    0.690000002137931,
    0.6900000051925,
    0.6900000002728,
    0.6900000164300008,
    0.6999999929999994,
    0.6900000635500187,
    0.7,
    0.6900000164300008,
    0.690000001984,
    0.6900000105400002,
    0.7,
    0.7,
    0.7,
    0.6900000635500187,
    0.6900000006693447,
    0.699999999664526,
    0.7,
    0.690000001984,
    0.6900001705000767,
    0.6900000005789138,
    0.69,
    0.6900001705000767,
    0.6999999719999955,
    0.7,
    0.69,
    0.69,
    0.68,
    0.68,
    0.69,
    0.68,
    0.68,
    0.6899999585999611,
    0.68,
    0.68,
    0.689999996826,
    0.6899999585999611,
    0.68,
    0.68,
    0.6899999848502982,
    0.68,
    0.68,
    0.68,
    0.6899999917199968,
    0.6899998470282637,
    0.69,
    0.68,
    0.69,
    0.69,
    0.6899999976103895,
    0.68,
    0.6899999424999856,
    0.68,
    0.68,
    0.68,
    0.68,
    0.68,
    0.69,
    0.6899999999564538,
    0.68,
    0.68,
    0.68,
    0.6899999585999611,
    0.68,
    0.68,
    0.68,
    0.68,
    0.68,
    0.68,
    0.68,
    0.68,
    0.68,
    0.68,
    0.68,
    0.68,
    0.68,
    0.68,
    0.68,
    0.68,
    0.68,
    0.68,
    0.68,
    0.68,
    0.68,
    0.68,
    0.68,
    0.6899998964999742,
    0.69,
    0.68,
    0.68,
    0.68,
    0.6899999424999856,
    0.68,
    0.68,
    0.68,
    0.69,
    0.68,
    0.69,
    0.68,
    0.68,
    0.68,
    0.68,
    0.68,
    0.6899999997731134,
    0.6899999693546119,
    0.68,
    0.68,
    0.6899999956329111,
    0.68,
    0.6899999990392203,
    0.68,
    0.68,
    0.69,
    0.68,
    0.68,
    0.68,
    0.68,
    0.6899999392799931,
    0.68,
    0.68,
    0.68,
    0.68,
    0.68,
    0.68,
    0.6899999585999611,
    0.68,
    0.6899999951699998,
    0.6899998439285324,
    0.68,
    0.68,
    0.68,
    0.68,
    0.6899999585999611,
    0.6899999825517235,
    0.68,
    0.69,
    0.68,
    0.68,
    0.6899999954769439,
    0.6899999806810434,
    0.6899999951699998,
    0.69,
    0.68,
    0.68,
    0.68,
    0.68,
    0.69,
    0.68,
    0.6899999997748042,
    0.689999997714195,
    0.68,
    0.68,
    0.68,
    0.68,
    0.68,
    0.6899999585999611,
    0.68,
    0.69,
    0.68,
    0.68,
    0.68,
    0.68,
    0.6899999965057393,
    0.6899999837420822,
    0.68,
    0.68,
    0.6899999996878572,
    0.6899999997485347,
    0.68,
    0.68,
    0.68,
    0.68,
    0.6899999951699998,
    0.68,
    0.6899999887593982,
    0.6899999392799931,
    0.6899999989370988,
    0.6899999863620734,
    0.6899999816340963,
    0.6899998703967811,
    0.6899999937115021,
    0.68,
    0.67,
    0.6700000029651743,
    0.68,
    0.689999995132275,
    0.68,
    0.68,
    0.68,
    0.68,
    0.67,
    0.67,
    0.67,
    0.67,
    0.67,
    0.67,
    0.68,
    0.68,
    0.67,
    0.67,
    0.67,
    0.68,
    0.67,
    0.67,
    0.6700000059938315,
    0.68,
    0.67,
    0.67,
    0.68,
    0.67,
    0.68,
    0.67,
    0.67,
    0.7,
    0.6999999971999998,
    0.6999999960585584,
    0.6999999960991918,
    0.6954392523364485,
    0.68,
    0.6800000003138947,
    0.68,
    0.68,
    0.68,
    0.68,
    0.69,
    0.68,
    0.69,
    0.6900000456441763,
    0.690000001984,
    0.690000001181875,
    0.7,
    0.7,
    0.69,
    0.690000004407583,
    0.6999999963080167,
    0.699999997898529,
    0.6900000052715305,
    0.7,
    0.69,
    0.68,
    0.69,
    0.6899999995891635,
    0.6899999966464155,
    0.69,
    0.69,
    0.69,
    0.69,
    0.69,
    0.69,
    0.69,
    0.68,
    0.68,
    0.68,
    0.68,
    0.69,
    0.68,
    0.69,
    0.69,
    0.6999999854583221,
    0.6999999962566841,
    0.6999999988333333,
    0.6900000101341162,
    0.6900000079714288,
    0.69,
    0.69,
    0.68,
    0.68,
    0.68,
    0.69,
    0.68,
    0.69,
    0.69,
    0.7001540820384566,
    0.6900001705000767,
    0.6900000099900845,
    0.7099999815399987,
    0.69,
    0.690000237956723,
    0.7099999954138754,
    0.69,
    0.69,
    0.69,
    0.69,
    0.7099999993620845,
    0.71,
    0.6900000038618743,
    0.709999999241453,
    0.7099999978287449,
    0.7,
    0.709999997911764,
    0.7099999794533636,
    0.7,
    0.7,
    0.7,
    0.7099999911526426,
    0.7099999934055687,
    0.7000001229508701,
    0.7,
    0.7099998482440756,
    0.7099999424323853,
    0.7,
    0.7099999424323853,
    0.70000001039261,
    0.7,
    0.7099999825766822,
    0.7,
    0.7,
    0.7,
    0.7,
    0.7,
    0.7,
    0.7,
    0.7,
    0.7,
    0.7,
    0.7,
    0.7,
    0.7,
    0.71,
    0.71,
    0.7,
    0.7,
    0.7,
    0.710000132824468,
    0.71,
    0.719999973897274,
    0.7100000504814914,
    0.7199999658160051,
    0.71,
    0.71,
    0.71,
    0.71,
    0.7100001886408371,
    0.71,
    0.71,
    0.7199999745882287,
    0.72,
    0.71,
    0.7100001535294596,
    0.7100001125373537,
    0.71,
    0.7100001334000721,
    0.7199998583604514,
    0.71,
    0.72,
    0.7100000931387243,
    0.71,
    0.71,
    0.71,
    0.71,
    0.71,
    0.71,
    0.71,
    0.71,
    0.71,
    0.7199999823853107,
    0.72,
    0.7100000981203414,
    0.71,
    0.7100000005542222,
    0.7199999910280347,
    0.7100001471970065,
    0.72,
    0.71,
    0.7100001407353294,
    0.7199999553487707,
    0.7199999554179456,
    0.710000132824468,
    0.7100000522000081,
    0.7100000725000182,
    0.7199998559995968,
    0.7100000063800002,
    0.71,
    0.71,
    0.71,
    0.71,
    0.7100000359600027,
    0.7100001461789069,
    0.710000037529418,
    0.7199999915044224,
    0.7199999912727247,
    0.7100001334000721,
    0.7199999915044224,
    0.7199999605479204,
    0.7199999910280347,
    0.7100001283186409,
    0.7100001267407793,
    0.710000003944,
    0.7199998866139232,
    0.7199999917241356,
    0.7100000092800002,
    0.7100000490769298,
    0.719999973897274,
    0.7100001334000721,
    0.7100001407353294,
    0.710000000406,
    0.72,
    0.710000000406,
    0.7100000359600027,
    0.7199999654399878,
    0.71,
    0.7199999920515173,
    0.71,
    0.71,
    0.71,
    0.71,
    0.7100000071445881,
    0.71,
    0.7199999828571331,
    0.71,
    0.7100000735211427,
    0.7199999957396447,
    0.71,
    0.7100000447477809,
    0.7199999752435468,
    0.72,
    0.7199999568861915,
    0.71,
    0.7199999955612636,
    0.7100000160959554,
    0.7100000522000081,
    0.7199999819999982,
    0.7199998470794079,
    0.7199999910280347,
    0.7100001471970065,
    0.7199999006894634,
    0.719999973897274,
    0.7100001407353294,
    0.71,
    0.71,
    0.71,
    0.71,
    0.71,
    0.71,
    0.71,
    0.71,
    0.710000132824468,
    0.72,
    0.710000118230812,
    0.7199999654399878,
    0.71,
    0.7100000002518421,
    0.7199999990407461,
    0.71,
    0.7100001613710081,
    0.7199999502017038,
    0.7199999580174584,
    0.7100000659607951,
    0.7199999577712511,
    0.710000132824468,
    0.71,
    0.71,
    0.7199999969999997,
    0.71,
    0.71,
    0.71,
    0.71,
    0.7199999590908766,
    0.71,
    0.71,
    0.71,
    0.71,
    0.71,
    0.7100000150272733,
    0.71,
    0.71,
    0.71,
    0.71,
    0.71,
    0.71,
    0.71,
    0.71,
    0.7099999514747711,
    0.7099999590777768,
    0.7099999485506724,
    0.7099999957988153,
    0.7099999956307665,
    0.709999997888534,
    0.7099999309721651,
    0.7099999825766822,
    0.7099999893072259,
    0.7099999502999869,
    0.7099999473293339,
    0.7099999945019356,
    0.7099999034012423,
    0.7099999755937432,
    0.7099999911490507,
    0.71,
    0.7099999957470046,
    0.7099999635897143,
    0.7099999399395277,
    0.7099999886399911,
    0.7099999271794413,
    0.7099999613466738,
    0.709999997911764,
    0.7099999848475567,
    0.7099999613466738,
    0.7099999893072259,
    0.7099999911526426,
    0.7099999485506724,
    0.7099999755937432,
    0.7099999521113981,
    0.7099999914970035,
    0.7,
    0.7,
    0.7099999399395277,
    0.7000000867052274,
    0.7099999497344723,
    0.709999997911764,
    0.7000001565217936,
    0.7000001071428954,
    0.7199999554179456,
    0.7,
    0.7199999658160051,
    0.700000138461581,
    0.7,
    0.7199999474771756,
    0.7199998559995968,
    0.72,
    0.72,
    0.72,
    0.7000000136363642,
    0.71,
    0.71,
    0.71,
    0.7199999556922695,
    0.71,
    0.7099999422967836,
    0.700000180000072,
    0.7099999497344723,
    0.700000141732328,
    0.7000001094890911,
    0.7099999431998909,
    0.7099999978433252,
    0.7099999431998909,
    0.7099999914970035,
    0.7,
    0.7099999893072259,
    0.7099999979737441,
    0.7000001698113848,
    0.7,
    0.7099999590777768,
    0.7000000089659297,
    0.7,
    0.709999997911764,
    0.7099999936607124,
    0.7099999544606045,
    0.7000000061517431,
    0.7099999949858752,
    0.7000001094890911,
    0.7099999893072259,
    0.7099998315250354,
    0.7099999497344723,
    0.7000000443787048,
    0.71,
    0.7000001260504731,
    0.7099999544606045,
    0.700000030000003,
    0.7099999802777722,
    0.7000000543806713,
    0.7099999978287449,
    0.700000030000003,
    0.7173488935739407,
    0.7099999870909054,
    0.7000000533807924,
    0.7099999893072259,
    0.709999863259083,
    0.7000000520231274,
    0.7099999957988153,
    0.7099999422092734,
    0.7099999448954774,
    0.700000098684243,
    0.7099999422092734,
    0.7,
    0.7,
    0.72,
    0.7199999654399878,
    0.72,
    0.7199999823853107,
    0.7000001011236182,
    0.7,
    0.7199999731676945,
    0.7199999658160051,
    0.7199999579561761,
    0.7199999580174584,
    0.7,
    0.7000001267605991,
    0.72,
    0.7199999554179456,
    0.7000000642857235,
    0.72,
    0.7000001323529801,
    0.7199999554179456,
    0.7000001145038605,
    0.7199999527868729,
    0.7000000539568443,
    0.7199999917241356,
    0.7199999833043386,
    0.7000001071428954,
    0.7000001119403403,
    0.72,
    0.7199999723961584,
    0.7000007302841535,
    0.72,
    0.7199999556922695,
    0.7199999648780291,
    0.72,
    0.7199999902040785,
    0.7,
    0.7199999648780291,
    0.7,
    0.7,
    0.71,
    0.7199999566264955,
    0.7199999556922695,
    0.7199999533602891,
    0.71,
    0.7099999469539965,
    0.7000000994475358,
    0.7,
    0.7,
    0.7199999566264955,
    0.719999935037551,
    0.7199999568861915,
    0.7199999648780291,
    0.7,
    0.72,
    0.7000001071428954,
    0.7199999444372676,
    0.7199999519999232,
    0.7000000707547337,
    0.7199999556922695,
    0.7,
    0.7,
    0.7199999915044224,
    0.7199999667051846,
    0.7199999731676945,
    0.719999935037551,
    0.7199999910280347,
    0.7000001119403403,
    0.7199999276986915,
    0.72,
    0.7,
    0.7199999654399878,
    0.7199999917241356,
    0.7000001353383866,
    0.7000001260504731,
    0.7199999731676945,
    0.7,
    0.7199999459999703,
    0.72,
    0.7199998559995968,
    0.7,
    0.7199999833043386,
    0.7199999459999703,
    0.7000001451613371,
    0.700000180000072,
    0.7000001145038605,
    0.7199999580174584,
    0.7,
    0.7199999488757131,
    0.7,
    0.7199999833043386,
    0.7199999527868729,
    0.700000082949324,
    0.700000003,
    0.7000000559006281,
    0.719999973897274,
    0.7000001071428954,
    0.7199999823853107,
    0.7199999658160051,
    0.7199999459999703,
    0.7199999638871265,
    0.7,
    0.72,
    0.7199999917241356,
    0.7000001353383866,
    0.7000000750000187,
    0.7199999895652137,
    0.7199999554179456,
    0.7000000865384782,
    0.7000000559006281,
    0.7199999752435468,
    0.7199999459999703,
    0.72,
    0.7000001145038605,
    0.7199999468634137,
    0.7199999568861915,
    0.7199999658160051,
    0.7199999580174584,
    0.7000001327434215,
    0.7000001267605991,
    0.7000001451613371,
    0.7000001094890911,
    0.7199999910280347,
    0.7000000656934402,
    0.7199999566264955,
    0.719999973897274,
    0.7,
    0.700000180000072,
    0.7199999965439999,
    0.700000180000072,
    0.71,
    0.7100000092800002,
    0.72,
    0.72,
    0.7100001334000721,
    0.71,
    0.72,
    0.71,
    0.71,
    0.71,
    0.7199999965439999,
    0.7100001334000721,
    0.71,
    0.7199999965439999,
    0.719999985599996,
    0.71,
    0.7199999965439999,
    0.7199999654399878,
    0.7100000522000081,
    0.7199999965439999,
    0.7199999965439999,
    0.7199998559995968,
    0.71,
    0.7000000180000007,
    0.7,
    0.7,
    0.7099999815399987,
    0.7099999957399997,
    0.7099999957399997,
    0.709999998012,
    0.7099999755759989,
    0.70999999955625,
    0.7000000023076923,
    0.71,
    0.7099999755759989,
    0.7000000075000001,
    0.700000030000003,
    0.71,
    0.700000180000072,
    0.71,
    0.71,
    0.700000180000072,
    0.7099999977135593,
    0.700000003,
    0.7099999815399987,
    0.7000000018,
    0.700000180000072,
    0.7000000072000001,
    0.700000180000072,
    0.700000180000072,
    0.700000180000072,
    0.700000180000072,
    0.7000000072000001,
    0.7099999431998909,
    0.7099999431998909,
    0.7099999846166645,
    0.71,
    0.700000030000003,
    0.7,
    0.7,
    0.7099999431998909,
    0.7,
    0.7,
    0.7000000018,
    0.7099999701799893,
    0.7,
    0.700000180000072,
    0.7,
    0.7000000180000007,
    0.70999999978416,
    0.7,
    0.7,
    0.7,
    0.7,
    0.7,
    0.7,
    0.7099999924823517,
    0.7,
    0.7,
    0.7,
    0.7,
    0.7099999815399987,
    0.7,
    0.700000180000072,
    0.7,
    0.7,
    0.7,
    0.7,
    0.7,
    0.7,
    0.7,
    0.7,
    0.7,
    0.7,
    0.7,
    0.7,
    0.7,
    0.7000000045,
    0.7000000750000187,
    0.71,
    0.700000180000072,
    0.700000030000003,
    0.7092625864459347,
    0.6999999766666597,
    0.690000037820003,
    0.6999999719999955,
    0.6900000164300008,
    0.6999999719999955,
    0.7,
    0.7,
    0.6900000992000344,
    0.7,
    0.690000037820003,
    0.69,
    0.69,
    0.69,
    0.69,
    0.68,
    0.6799999637333111,
    0.67,
    0.67,
    0.66,
    0.67,
    0.6700000409200031,
    0.67,
    0.68,
    0.6899999951699998,
    0.68,
    0.689999996826,
    0.68,
    0.68,
    0.68,
    0.68,
    0.6899999585999611,
    0.67,
    0.68,
    0.6700000397880279,
    0.68,
    0.68,
    0.58,
    0.67,
    0.67,
    0.67,
    0.6600000142800009,
    0.67,
    0.6899999585999611,
    0.5800001764001023,
    0.5800000190909099,
    0.57,
    0.57,
    0.6999999775999989,
    0.6999999775999989,
    0.6999999775999989,
    0.6999999684999982,
    0.6999999964999999,
    0.6999999964999999,
    0.6999999775999989,
    0.6999999775999989,
    0.6730769168639051,
    0.5600000352000042,
    0.6670133709303224,
    0.63,
    0.53,
    0.64,
    0.65,
    0.65,
    0.64,
    0.64,
    0.64,
    0.63,
    0.63,
    0.64,
    0.64,
    0.64,
    0.64,
    0.64,
    0.64,
    0.64,
    0.6599998943999641,
    0.65,
    0.64,
    0.64,
    0.65,
    0.6300001369000863,
    0.6559572626491923,
    0.64,
    0.64,
    0.64,
    0.64,
    0.64,
    0.64,
    0.68,
    0.68,
    0.68,
    0.68,
    0.69,
    0.69,
    0.69,
    0.64,
    0.64,
    0.64,
    0.64,
    0.63,
    0.66,
    0.64,
    0.6,
    0.6,
    0.6,
    0.66,
    0.67,
    0.67,
    0.67,
    0.669999962479987,
    0.669999962479987,
    0.6,
    0.6699999202380098,
    0.63,
    0.6899999585999611,
    0.6899999585999611,
    0.6899999868899976,
    0.5,
    0.6999999665071626,
    0.74,
    0.5
]
