[
    0.999,
    0.999,
    0.999,
    0.999,
    0.999,
    0.999,
    0.999,
    0.999,
    0.999,
    0.999,
    0.999,
    0.999,
    0.999,
    0.999,
    0.999,
    0.999,
    0.999,
    0.999,
    0.998,
    0.998,
    0.998,
    0.997,
    0.997,
    0.997,
    0.997,
    0.997,
    0.9969998269207608,
    0.9969998269207608,
    0.9969998269207608,
    0.9969998269207608,
    0.996999997697746,
    0.9961431315223189,
    0.99565625,
    0.989,
    0.993,
    0.9929999999503497,
    0.994,
    0.994,
    0.995,
    0.996,
    0.996,
    0.996,
    0.996,
    0.996,
    0.996,
    0.996,
    0.996,
    0.996,
    0.996,
    0.996,
    0.996,
    0.996,
    0.996,
    0.995,
    0.996,
    0.996,
    0.996,
    0.994,
    0.9969999501499974,
    0.997,
    0.996,
    0.995,
    0.995,
    0.997,
    0.997,
    0.997,
    0.997,
    0.997,
    0.997,
    0.997,
    0.997,
    0.997,
    0.997,
    0.996,
    0.996,
    0.994,
    0.993,
    0.9939999992047976,
    0.998,
    0.99,
    0.99,
    0.98,
    0.99,
    0.99,
    0.985,
    0.98,
    0.98,
    0.98,
    0.99,
    0.98,
    0.98,
    0.99,
    0.98,
    0.99,
    0.99,
    0.98,
    0.98,
    0.98,
    0.97,
    0.95,
    0.95,
    0.95,
    0.95,
    0.94,
    0.94,
    0.9399999843331769,
    0.9300000637000058,
    0.9300000314916865,
    0.93,
    0.93,
    0.94,
    0.93,
    0.93,
    0.9,
    0.89,
    0.89,
    0.8900000003900886,
    0.89,
    0.89,
    0.9,
    0.89,
    0.9399999962399888,
    0.93,
    0.9299999906998978,
    0.92,
    0.9,
    0.8900001126829488,
    0.9,
    0.9,
    0.9,
    0.9,
    0.93,
    0.92,
    0.9,
    0.92,
    0.8900000044,
    0.89,
    0.89,
    0.89,
    0.92,
    0.92,
    0.89,
    0.89,
    0.9,
    0.92,
    0.91,
    0.9,
    0.9,
    0.89,
    0.89,
    0.89,
    0.89,
    0.9,
    0.9,
    0.9299999847539362,
    0.9099999995449998,
    0.9299999986049996,
    0.9100000810000081,
    0.92,
    0.9299999577268904,
    0.91,
    0.9,
    0.9,
    0.91,
    0.93,
    0.93,
    0.9399999623995127,
    0.94,
    0.93,
    0.94,
    0.93,
    0.9300000126000002,
    0.9300000637000058,
    0.9511171439620095,
    0.95,
    0.94,
    0.92,
    0.93,
    0.9359283813131726,
    0.9,
    0.929999984499897,
    0.9,
    0.9,
    0.9100000810000081,
    0.91000000081,
    0.92,
    0.92,
    0.92,
    0.92,
    0.9,
    0.9,
    0.8900000968000116,
    0.89,
    0.89,
    0.91,
    0.89,
    0.90999999993175,
    0.9150370361179696,
    0.8900000044,
    0.8900000044,
    0.9,
    0.8900000086900002,
    0.9,
    0.9,
    0.91,
    0.9,
    0.9,
    0.8998365751339868,
    0.89,
    0.89,
    0.889999999555,
    0.890000000968,
    0.9,
    0.88,
    0.88,
    0.9,
    0.91,
    0.89,
    0.89,
    0.8800000010495627,
    0.89,
    0.88,
    0.88,
    0.88,
    0.89,
    0.88,
    0.88,
    0.88,
    0.88,
    0.88,
    0.88,
    0.88,
    0.88,
    0.88,
    0.88,
    0.88,
    0.8900000046094799,
    0.89,
    0.89,
    0.8900000044,
    0.9,
    0.89,
    0.89,
    0.89,
    0.89,
    0.89,
    0.9,
    0.8900000968000116,
    0.9,
    0.9,
    0.89,
    0.89,
    0.89,
    0.8900000047017229,
    0.89,
    0.9,
    0.890000001826,
    0.9,
    0.8999999594999978,
    0.9,
    0.89,
    0.890000001826,
    0.89,
    0.89,
    0.8900001182500207,
    0.9,
    0.8900000044,
    0.8900000033704736,
    0.9,
    0.880000001008,
    0.89,
    0.89,
    0.88,
    0.89,
    0.89,
    0.89,
    0.89,
    0.89,
    0.89,
    0.89,
    0.89,
    0.89,
    0.89,
    0.88,
    0.9,
    0.8900002847059828,
    0.89,
    0.89,
    0.89,
    0.9,
    0.9,
    0.8979118325590408,
    0.8800000040444245,
    0.89,
    0.89,
    0.89,
    0.89,
    0.89,
    0.89,
    0.89,
    0.89,
    0.9,
    0.9,
    0.9,
    0.8900000265448603,
    0.89,
    0.9,
    0.89,
    0.89,
    0.9,
    0.9,
    0.89,
    0.8900000184800005,
    0.9,
    0.9,
    0.8900000086900002,
    0.8900000086900002,
    0.9,
    0.8900000184800005,
    0.9,
    0.8900000968000116,
    0.8900000184800005,
    0.9,
    0.8900000968000116,
    0.8900000968000116,
    0.8900000086900002,
    0.8900000184800005,
    0.89,
    0.8800000897196429,
    0.8899999998622291,
    0.88,
    0.88,
    0.89,
    0.8800000248845888,
    0.89,
    0.8900000968000116,
    0.890000003784,
    0.89,
    0.8900000028387097,
    0.89,
    0.88,
    0.88000001371997,
    0.9,
    0.9,
    0.9,
    0.8800001008000161,
    0.9,
    0.89,
    0.88,
    0.8899999732999563,
    0.8899999946599995,
    0.8899999979233332,
    0.889999985759986,
    0.89,
    0.889999985759986,
    0.8899999732999563,
    0.89,
    0.9,
    0.9,
    0.890000002255,
    0.89,
    0.890000003784,
    0.9,
    0.89,
    0.89,
    0.9,
    0.8900000080666668,
    0.9,
    0.9,
    0.9,
    0.88,
    0.89,
    0.9,
    0.89,
    0.88,
    0.89,
    0.89,
    0.89,
    0.89,
    0.89,
    0.89,
    0.89,
    0.89,
    0.9,
    0.9,
    0.8800001008000161,
    0.9,
    0.9,
    0.88,
    0.9,
    0.89,
    0.89,
    0.9,
    0.9,
    0.9,
    0.9,
    0.88,
    0.88,
    0.9,
    0.9,
    0.9,
    0.9,
    0.9,
    0.89,
    0.88,
    0.8800001008000161,
    0.9,
    0.9,
    0.9,
    0.9,
    0.88,
    0.9,
    0.9,
    0.9,
    0.9,
    0.9,
    0.9,
    0.8800000192000008,
    0.8800000480000048,
    0.9,
    0.9,
    0.9,
    0.9,
    0.9,
    0.89,
    0.8800000480000048,
    0.9,
    0.9,
    0.9,
    0.9,
    0.8800000006951724,
    0.9,
    0.9,
    0.9,
    0.9,
    0.9,
    0.9,
    0.9,
    0.9,
    0.9,
    0.9,
    0.9,
    0.9,
    0.9,
    0.9,
    0.9,
    0.9,
    0.9,
    0.9,
    0.9,
    0.9,
    0.9,
    0.89,
    0.89,
    0.8985879332477535,
    0.89,
    0.8899999989932127,
    0.889999985759986,
    0.88,
    0.8899999799749955,
    0.8899999936124372,
    0.8899999919612883,
    0.89,
    0.889999985759986,
    0.8899999934155324,
    0.89,
    0.8899999941575442,
    0.8899999927893503,
    0.8899999931007722,
    0.89,
    0.88999999465786,
    0.8899999945230759,
    0.8899999970033643,
    0.8899999952457225,
    0.88,
    0.8899999823178577,
    0.889999985759986,
    0.889999985759986,
    0.889999985759986,
    0.8899999938971387,
    0.889999985759986,
    0.889999985759986,
    0.889999985759986,
    0.889999985759986,
    0.8899999935272666,
    0.8899999992879999,
    0.8899999820201769,
    0.889999985759986,
    0.889999985759986,
    0.889999985759986,
    0.8899999999912745,
    0.8899999999768236,
    0.889999985759986,
    0.8899999996830233,
    0.889999999846191,
    0.88,
    0.8899999991008082,
    0.88,
    0.9,
    0.9,
    0.9,
    0.9,
    0.89,
    0.89,
    0.89,
    0.8899998516665266,
    0.8899995772494962,
    0.8899999737654508,
    0.88,
    0.88999995549998,
    0.8899998071665799,
    0.8899998925861787,
    0.8800000872727431,
    0.88999995549998,
    0.9,
    0.9,
    0.9,
    0.9,
    0.9,
    0.89,
    0.9,
    0.8800003165830736,
    0.89,
    0.9,
    0.9,
    0.88,
    0.880000001485744,
    0.89,
    0.9,
    0.8987520826895085,
    0.889999999555,
    0.8899999109995639,
    0.889999999555,
    0.8899999967959993,
    0.8899999967959993,
    0.8899999967959993,
    0.8800000048000001,
    0.8899999109995639,
    0.89,
    0.8899999946599995,
    0.89,
    0.8800001008000161,
    0.889999985759986,
    0.8899999109995639,
    0.8800000192000008,
    0.88,
    0.8899999732999563,
    0.88,
    0.88,
    0.8800001008000161,
    0.8899999922124991,
    0.8899999962916664,
    0.9,
    0.8800000048000001,
    0.8800001008000161,
    0.89,
    0.8899999962916664,
    0.8899999732999563,
    0.8899999991811071,
    0.88,
    0.8800000191723926,
    0.89,
    0.89,
    0.8800000480000048,
    0.8899999109995639,
    0.88,
    0.88,
    0.88,
    0.89,
    0.89,
    0.89,
    0.89,
    0.89,
    0.89,
    0.89,
    0.89,
    0.89,
    0.89,
    0.89,
    0.89,
    0.89,
    0.89,
    0.89,
    0.89,
    0.89,
    0.9,
    0.9,
    0.9,
    0.8900000968000116,
    0.8900000968000116,
    0.9,
    0.9,
    0.9,
    0.9,
    0.9,
    0.9,
    0.8999999594999978,
    0.9,
    0.8999999594999978,
    0.8999999807372171,
    0.899999992865636,
    0.89,
    0.8999995060972297,
    0.8999998961537783,
    0.8999995102036819,
    0.8999995384611834,
    0.9,
    0.8999998689319306,
    0.8999998629440442,
    0.8999998629440442,
    0.8999996399997325,
    0.899999441859946,
    0.9,
    0.8999998506223075,
    0.8999998223682224,
    0.9,
    0.8999998124998828,
    0.8999998448274792,
    0.8999997794116025,
    0.8999997972971603,
    0.9,
    0.9,
    0.8999998469386974,
    0.8999998051946787,
    0.899999732142618,
    0.8999998156995707,
    0.8999998506223075,
    0.899999656779501,
    0.8999995153841308,
    0.8999996842103601,
    0.8999997464785876,
    0.8999996590905217,
    0.9,
    0.8999998919999698,
    0.8999997457624964,
    0.8999996712326965,
    0.8999998689319306,
    0.8999995384611834,
    0.8999997117436594,
    0.8999998448274792,
    0.8999999087837314,
    0.8999996693876067,
    0.8999997615891514,
    0.899999758064321,
    0.8999992941168166,
    0.8999996766464355,
    0.8999995987257824,
    0.8999998629440442,
    0.8999998385649066,
    0.899999732142618,
    0.9,
    0.8999998961537783,
    0.8999996065571191,
    0.9,
    0.8999998794641942,
    0.8999996124399874,
    0.8999997839997063,
    0.8999998317755752,
    0.8999997206895493,
    0.8999996399997325,
    0.9,
    0.899999798507207,
    0.9,
    0.8999998317755752,
    0.8999999594999978,
    0.8999998411763117,
    0.8999996999997,
    0.9,
    0.899999758064321,
    0.8999997969923743,
    0.8999998448274792,
    0.9,
    0.8999997293229827,
    0.899999732142618,
    0.8999996999997,
    0.8900000478500031,
    0.8999998098590613,
    0.8999996065571191,
    0.8999996712326965,
    0.899999702205762,
    0.8999995467621661,
    0.8999998385649066,
    0.8999996962023779,
    0.9,
    0.8999998924302061,
    0.8999998559999078,
    0.8999995949997772,
    0.8999999594999978,
    0.8999998243901068,
    0.8999996341458953,
    0.8999998779660355,
    0.8999996142853286,
    0.8999997446807424,
    0.8999997869820469,
    0.9,
    0.8999998961537783,
    0.8999997476631505,
    0.8999996065571191,
    0.89999984210518,
    0.9,
    0.9,
    0.8999997293229827,
    0.9,
    0.9,
    0.8999996693876067,
    0.8999997073169304,
    0.8999997290968903,
    0.8999995221233017,
    0.8999998744185054,
    0.8999996124399874,
    0.8999998074864664,
    0.8999998074864664,
    0.8999998563828489,
    0.8999997794116025,
    0.8999996417908309,
    0.8999998163263807,
    0.8999997794116025,
    0.9,
    0.8999993193271019,
    0.899999870036026,
    0.9,
    0.8999997457624964,
    0.9,
    0.8999997887322456,
    0.8999997652172484,
    0.8999996249997656,
    0.8999998689319306,
    0.9,
    0.8999996931815741,
    0.8999996808507243,
    0.89999984210518,
    0.8999997464785876,
    0.899999789883154,
    0.9,
    0.9,
    0.8999993671869562,
    0.9,
    0.899999441859946,
    0.8999995384611834,
    0.9,
    0.9,
    0.9,
    0.8999995987257824,
    0.8999996375835521,
    0.8999996582275452,
    0.9,
    0.8999996712326965,
    0.8999997615891514,
    0.8999998744185054,
    0.8999997339899644,
    0.8999997452828506,
    0.9,
    0.899999701421617,
    0.8999996576084538,
    0.9,
    0.8999998689319306,
    0.9,
    0.8999996417908309,
    0.9,
    0.8999993513506501,
    0.8999998369564332,
    0.9,
    0.8999996869560862,
    0.899999587785819,
    0.8999998961537783,
    0.9,
    0.8999997136361945,
    0.8999998961537783,
    0.8999993193271019,
    0.8999992636356273,
    0.8999998411763117,
    0.8999998243901068,
    0.8999998506223075,
    0.8999997977526272,
    0.8999995573765412,
    0.8999998111885867,
    0.8999996417908309,
    0.899999701421617,
    0.8999998506223075,
    0.9,
    0.8999996712326965,
    0.9,
    0.8999998163263807,
    0.9,
    0.8999991980189286,
    0.8999996571426612,
    0.9,
    0.8999996249997656,
    0.8999996576084538,
    0.9,
    0.9,
    0.8999998744185054,
    0.8999998385649066,
    0.8999996576084538,
    0.8999998563828489,
    0.8999998744185054,
    0.8999997293229827,
    0.8999996431716333,
    0.9,
    0.899999477418984,
    0.8999997773850568,
    0.9,
    0.8999998469386974,
    0.899999758064321,
    0.8999997525772175,
    0.8999997476631505,
    0.9,
    0.8999993883487426,
    0.8999993883487426,
    0.89,
    0.9,
    0.8900000733333426,
    0.8900000417788504,
    0.89,
    0.8900000676923181,
    0.8900000354307135,
    0.8900000346923101,
    0.8900000613461589,
    0.89,
    0.89,
    0.8900000424215273,
    0.8900000390789506,
    0.8900000446226445,
    0.8999998629440442,
    0.9,
    0.9,
    0.8999998689319306,
    0.8999996284401794,
    0.8999996417908309,
    0.9,
    0.8999997216492837,
    0.8999996712326965,
    0.8999997452828506,
    0.8999996931815741,
    0.8999996571426612,
    0.8999998124998828,
    0.9,
    0.8999997525772175,
    0.8999997362636203,
    0.8999997887322456,
    0.8999997216492837,
    0.8999998689319306,
    0.8999995987257824,
    0.8999996881186112,
    0.9,
    0.8999996249997656,
    0.8999997692305917,
    0.8999996712326965,
    0.8999998163263807,
    0.9,
    0.899999758064321,
    0.8999997692305917,
    0.8999996124399874,
    0.9,
    0.899999758064321,
    0.8999997339899644,
    0.8999996375835521,
    0.8999997290968903,
    0.8999997216492837,
    0.899999758064321,
    0.8999997672410383,
    0.8999998794641942,
    0.8999997822579416,
    0.8999997452828506,
    0.9,
    0.9,
    0.8999998243901068,
    0.9,
    0.8999998744185054,
    0.899999554944786,
    0.8999996417908309,
    0.9,
    0.8999998163263807,
    0.8999997822579416,
    0.899999744939137,
    0.8999998884296737,
    0.899999717646926,
    0.9,
    0.8999993193271019,
    0.8999996693876067,
    0.8999998610037752,
    0.8999995636360463,
    0.8999998317755752,
    0.90999998641786,
    0.9099999724241388,
    0.9099999965267056,
    0.9099999613937304,
    0.91,
    0.91,
    0.9099999732352162,
    0.9099999898512635,
    0.9099999579998403,
    0.90999995013675,
    0.9099999698103703,
    0.9099999669947857,
    0.9059679426551844,
    0.8999996881186112,
    0.8999997794116025,
    0.8999997692305917,
    0.8999996065571191,
    0.9,
    0.8999998074864664,
    0.8999997216492837,
    0.8999996417908309,
    0.9,
    0.9,
    0.8999998317755752,
    0.9,
    0.9,
    0.9,
    0.9,
    0.9,
    0.9,
    0.9,
    0.9,
    0.9,
    0.9,
    0.9,
    0.9,
    0.9,
    0.89,
    0.9,
    0.9,
    0.9,
    0.9,
    0.9,
    0.9,
    0.9,
    0.9,
    0.9,
    0.9,
    0.9,
    0.9,
    0.9,
    0.9,
    0.9,
    0.9,
    0.9,
    0.9,
    0.9,
    0.9,
    0.9,
    0.9,
    0.9,
    0.9,
    0.9,
    0.9,
    0.9,
    0.9,
    0.9,
    0.9,
    0.9,
    0.9,
    0.9,
    0.9,
    0.9,
    0.9,
    0.9,
    0.9,
    0.9,
    0.9,
    0.9,
    0.9,
    0.9,
    0.9,
    0.9,
    0.9,
    0.9,
    0.9,
    0.9,
    0.9,
    0.9,
    0.9,
    0.9,
    0.9,
    0.9,
    0.9,
    0.9,
    0.9,
    0.9,
    0.9,
    0.9,
    0.9,
    0.9,
    0.9,
    0.9,
    0.9,
    0.9,
    0.9,
    0.9,
    0.9,
    0.9,
    0.9,
    0.9,
    0.9,
    0.9,
    0.9,
    0.9,
    0.9,
    0.9,
    0.9099999956249937,
    0.9099999731034093,
    0.9099999829906227,
    0.9099999903703654,
    0.9099999905208268,
    0.9099999750684682,
    0.91,
    0.9099999877026904,
    0.91,
    0.9099999938926113,
    0.9099999905208268,
    0.9099999930267959,
    0.9099999934999977,
    0.9099999814285529,
    0.9099999669947857,
    0.9099999794736076,
    0.909999978638458,
    0.9099999698103703,
    0.909999974275601,
    0.9099999805347494,
    0.9099999776960461,
    0.9099999969565187,
    0.9099999829906227,
    0.9099999692826107,
    0.9099999795044588,
    0.9099999908080716,
    0.9099999854399536,
    0.9099999704064088,
    0.9099999468610842,
    0.9099999892940611,
    0.9099999817268493,
    0.9099999731034093,
    0.91,
    0.9099999613937304,
    0.9099999704864715,
    0.9099999922222023,
    0.9099996489998011,
    0.91,
    0.9099995792962541,
    0.9099995792962541,
    0.9099995657865684,
    0.9099995657865684,
    0.9099999805347494,
    0.9099995379272169,
    0.9099996182436901,
    0.9099996182436901,
    0.9099995379272169,
    0.90999950999951,
    0.9099996119115498,
    0.91,
    0.909999499146786,
    0.9099996372723645,
    0.9099998674408598,
    0.9099995589283352,
    0.9099995379272169,
    0.909999750764082,
    0.9099998066248799,
    0.9099992090646296,
    0.9099999934999977,
    0.9099995792962541,
    0.9099999805347494,
    0.909999700821743,
    0.9099996549761071,
    0.9099996055170237,
    0.9099996667603725,
    0.9099996608960329,
    0.91,
    0.9099996608960329,
    0.9099995589283352,
    0.909999811203202,
    0.9099996429663056,
    0.9099999044750426,
    0.9099997434359697,
    0.9099996245143535,
    0.9099999107169225,
    0.9099996667603725,
    0.9099997063180096,
    0.9099995815324282,
    0.9099996634243209,
    0.9099998378946345,
    0.909999541578489,
    0.9099999182021933,
    0.9099998201794609,
    0.9099997204572368,
    0.9099999908999992,
    0.9099992554538009,
    0.9099995815324282,
    0.9099995925370904,
    0.909999779564997,
    0.9099997382741799,
    0.9099998291427498,
    0.9099995379272169,
    0.9099994181961395,
    0.9099999835740016,
    0.9099998640228525,
    0.9099995990591856,
    0.9099996667603725,
    0.9099999814285529,
    0.91,
    0.9099999952105238,
    0.9099996368747958,
    0.9099996896772392,
    0.909999551999761,
    0.9099996896772392,
    0.9099999704864715,
    0.9099999637810419,
    0.9099996783253959,
    0.9099995206865436,
    0.9099999219029336,
    0.9099996608960329,
    0.9099996489998011,
    0.9099999869064703,
    0.9099996055170237,
    0.9099997926581002,
    0.9099997926581002,
    0.9099999846628355,
    0.9099993676264863,
    0.9099997330665077,
    0.9099996307244308,
    0.909999551999761,
    0.9099999579188338,
    0.909999779564997,
    0.9099992554538009,
    0.9099998202468011,
    0.9099997171619952,
    0.9099995859497744,
    0.9099995859497744,
    0.9099997926581002,
    0.9099999044750426,
    0.909999985478716,
    0.9099996283094874,
    0.9099997485524804,
    0.9099997831488033,
    0.9099996945453435,
    0.9099993676264863,
    0.9099997783331979,
    0.9099999562499179,
    0.909999541578489,
    0.9099998266664934,
    0.9099996461107572,
    0.9099995379272169,
    0.909999499146786,
    0.9099997395621887,
    0.9099998992747435,
    0.9099998422176421,
    0.9099994769286108,
    0.9,
    0.9,
    0.9,
    0.9,
    0.9,
    0.91,
    0.9099997276189439,
    0.9099997395621887,
    0.909999723583513,
    0.9099997276189439,
    0.9099997113102373,
    0.9099997195204423,
    0.9099997113102373,
    0.9099997029860017,
    0.9099996859858027,
    0.9099995925370904,
    0.9099996429663056,
    0.9099999867475537,
    0.9099999814285529,
    0.909999700821743,
    0.9099996182436901,
    0.9099999915740585,
    0.9099996055170237,
    0.9099996368747958,
    0.9099996896772392,
    0.9099999692826107,
    0.9099994881244882,
    0.9099998330767561,
    0.9099999859458974,
    0.9099997586520281,
    0.9099995449997584,
    0.9099996840275949,
    0.9099996192194774,
    0.9099997382741799,
    0.9099997204572368,
    0.9099999751171007,
    0.9099999835740016,
    0.9099999364337812,
    0.9099999869064703,
    0.9099999802173846,
    0.9099999364337812,
    0.9099999069317571,
    0.9099999144736279,
    0.9099998836045758,
    0.9099999031178073,
    0.9099999810783351,
    0.9099999640739169,
    0.9099996182436901,
    0.9099999982650142,
    0.9099999364337812,
    0.9099997934353763,
    0.9099998157436867,
    0.9099999674998619,
    0.9099998988887877,
    0.9099999802173846,
    0.9099998291427498,
    0.9099999638857375,
    0.9099993676264863,
    0.9099996816606638,
    0.9099999854854361,
    0.9099999775395283,
    0.9099999759759987,
    0.9099999908999992,
    0.9099999731412498,
    0.9099999972889768,
    0.9099999742916479,
    0.90999960999961,
    0.9099998591665767,
    0.9099996307244308,
    0.9099997783331979,
    0.9099996896772392,
    0.9099995725755265,
    0.9099999805347494,
    0.9099995911590114,
    0.9099995792962541,
    0.9099999031178073,
    0.9099995925370904,
    0.9099996783253959,
    0.91,
    0.9099995859497744,
    0.9099996725699052,
    0.9099999805347494,
    0.9099995657865684,
    0.9099995990591856,
    0.909999930233327,
    0.9099995990591856,
    0.9099996182436901,
    0.9099997685774456,
    0.9099998507599051,
    0.9099998715293292,
    0.9099997926581002,
    0.9099998335364805,
    0.909999797352816,
    0.9099998247130049,
    0.9099997926581002,
    0.9099997831488033,
    0.9099997783331979,
    0.9099999984680132,
    0.9099999700346605,
    0.9099999863212016,
    0.9099999732741105,
    0.9099999848753452,
    0.909999970779815,
    0.9099999902576107,
    0.9099999757380204,
    0.9099999996091064,
    0.9099999886412261,
    0.9099999721526545,
    0.9099999709225906,
    0.9099999683284293,
    0.9099999612215889,
    0.9099999762608083,
    0.9099999802173846,
    0.9099999732352162,
    0.9099999990701634,
    0.9099999894999637,
    0.9099999794736076,
    0.9099999846628355,
    0.91,
    0.9099999965267056,
    0.9099999967615647,
    0.9099999969853285,
    0.9099999653804173,
    0.9099995657865684,
    0.9099999983836584,
    0.9099997330665077,
    0.9099997536243056,
    0.9099996549761071,
    0.9099997117645363,
    0.9099999618181801,
    0.91,
    0.9099999958064439,
    0.9099996896772392,
    0.9099996182436901,
    0.9099995792962541,
    0.9099999688378858,
    0.9099999684027761,
    0.9,
    0.9,
    0.9,
    0.9,
    0.9,
    0.9099998394116041,
    0.909999551999761,
    0.9099998579767365,
    0.9099995379272169,
    0.9099999653804173,
    0.9099999755376219,
    0.9099995307810032,
    0.9099995307810032,
    0.9099998759089668,
    0.9099998817512942,
    0.9099998579767365,
    0.9099998247130049,
    0.9099997330665077,
    0.9099999869064703,
    0.9099997653456773,
    0.9099998157436867,
    0.9099997653456773,
    0.9099997063180096,
    0.9099997724997725,
    0.9099996608960329,
    0.9099999940522604,
    0.9099998330767561,
    0.9099998330767561,
    0.9099997934353763,
    0.9099998266664934,
    0.9099997724997725,
    0.9099997865429964,
    0.9099997358061874,
    0.909999758101024,
    0.9099997281815464,
    0.9,
    0.9,
    0.9,
    0.9,
    0.9,
    0.9,
    0.909999979045038,
    0.9,
    0.9,
    0.9,
    0.9,
    0.9,
    0.9,
    0.9,
    0.9,
    0.9,
    0.9,
    0.9,
    0.9,
    0.9,
    0.9099999724777033,
    0.9099999681242925,
    0.9,
    0.9099999850306035,
    0.9099999811217815,
    0.909999987324866,
    0.9099999874798651,
    0.9099999734515244,
    0.9099996368747958,
    0.9099999715624986,
    0.9099999653804173,
    0.9099998988887877,
    0.9099999964031507,
    0.9099999219029336,
    0.9099997724997725,
    0.9099998755858573,
    0.9099997063180096,
    0.9099995859497744,
    0.9099998549799873,
    0.909999990970231,
    0.91,
    0.9099999855898645,
    0.9099999986133328,
    0.9099999845227343,
    0.9099999987785231,
    0.9099999730648171,
    0.909999975767343,
    0.9099999662568292,
    0.9099994655550211,
    0.9099997204572368,
    0.9099999940522604,
    0.9099996966663634,
    0.9099996461107572,
    0.9099996802699506,
    0.90999995013675,
    0.9099999607192566,
    0.9099995517905966,
    0.9099995206865436,
    0.9099999774708721,
    0.9099999604152227,
    0.9099999908999992,
    0.9099997434359697,
    0.9099994422575067,
    0.909999743489833,
    0.9099998914999294,
    0.9099995990591856,
    0.9099997636362204,
    0.9099994769286108,
    0.9099996840275949,
    0.9099998202468011,
    0.9099995618514137,
    0.9099999388233279,
    0.9099991430088518,
    0.9099994181961395,
    0.9099993410338237,
    0.9099993273906317,
    0.9099993135080854,
    0.9099993135080854,
    0.9099993273906317,
    0.9099992090646296,
    0.909999193018061,
    0.9099999827099968,
    0.9099998394116041,
    0.9099997225110465,
    0.9099999903703654,
    0.91,
    0.909999551999761,
    0.9099999107169225,
    0.9099997047016914,
    0.909999758101024,
    0.9099998394116041,
    0.9099998201794609,
    0.9099999908999992,
    0.9099999144736279,
    0.9099994422575067,
    0.9099998136142714,
    0.9099997330665077,
    0.9099999952105238,
    0.9099997724997725,
    0.9099998507599051,
    0.9099995925370904,
    0.9099996725699052,
    0.9099998817512942,
    0.9,
    0.9,
    0.9,
    0.9,
    0.9,
    0.9,
    0.9,
    0.9,
    0.9,
    0.9,
    0.91,
    0.9099999810416117,
    0.9099998020082456,
    0.90999960999961,
    0.909999985478716,
    0.9099998266664934,
    0.9099999069317571,
    0.9099999328412838,
    0.9099999219029336,
    0.9099997330665077,
    0.9099999426124611,
    0.9099996119115498,
    0.9099998674408598,
    0.9099998640228525,
    0.9099997485524804,
    0.9099998136142714,
    0.9099999044750426,
    0.90999986999987,
    0.9099998378946345,
    0.9099999805347494,
    0.91,
    0.9099998836045758,
    0.9099999771547453,
    0.9099997831488033,
    0.9099998422176421,
    0.9099999144736279,
    0.9099999680700925,
    0.9099998836045758,
    0.9099998932401167,
    0.9099995725755265,
    0.9099999880262608,
    0.9099999044750426,
    0.909999797352816,
    0.9099999704864715,
    0.9099996896772392,
    0.9099998002437026,
    0.9099999755376219,
    0.9099997831488033,
    0.9099995717642776,
    0.909999811203202,
    0.91,
    0.9099999742452352,
    0.9099996902805898,
    0.9099996368747958,
    0.9099997653456773,
    0.9099994655550211,
    0.9099996859858027,
    0.9099998579767365,
    0.9099995792962541,
    0.9099994769286108,
    0.9099999364337812,
    0.9,
    0.9099998069695039,
    0.9099998069695039,
    0.9099999912077168,
    0.9099995859497744,
    0.9099996667603725,
    0.909999811203202,
    0.9099998875279774,
    0.9099995925370904,
    0.9099996055170237,
    0.9099997278123384,
    0.9099996719044338,
    0.9099995859497744,
    0.9099995725755265,
    0.9099996608960329,
    0.9099996608960329,
    0.9099996840275949,
    0.909999551999761,
    0.9099995792962541,
    0.9099996119115498,
    0.9099996119115498,
    0.9099995792962541,
    0.9099996549761071,
    0.9099997512665688,
    0.9099997512665688,
    0.9099995859497744,
    0.9,
    0.9099999999107843,
    0.9099999794349125,
    0.9099999776960461,
    0.9099999687998228,
    0.9099999873023021,
    0.9099999867475537,
    0.9099999620832954,
    0.9099999940522604,
    0.9099999762608083,
    0.9099999757332208,
    0.9099999861421181,
    0.9099999861421181,
    0.9099999954271311,
    0.9099999653332687,
    0.9099999886955962,
    0.9099999710453897,
    0.9099999766666433,
    0.9099999776960461,
    0.9099999742452352,
    0.9099999882832318,
    0.9099999776960461,
    0.9099999714508805,
    0.9099999579188338,
    0.9099999810416117,
    0.91,
    0.91,
    0.9099999775704073,
    0.91,
    0.9099999694629448,
    0.9099999731034093,
    0.9099999930267959,
    0.9099999741475812,
    0.91,
    0.9099999752940624,
    0.9099999819204464,
    0.9099999956249937,
    0.9099999762608083,
    0.9099999838460681,
    0.9099999724241388,
    0.909999978638458,
    0.9099999566664624,
    0.9,
    0.9099999829906227,
    0.9099999814285529,
    0.9099999867475537,
    0.9099999667579162,
    0.909999971855642,
    0.9099999912077168,
    0.9099999814285529,
    0.9099999952105238,
    0.9099999755376219,
    0.9099999822438768,
    0.909999982937415,
    0.9099999854399536,
    0.9099999908080716,
    0.9099999836770938,
    0.9099999694629448,
    0.909999978638458,
    0.9099999861421181,
    0.9099999771547453,
    0.91,
    0.91,
    0.9099999591664591,
    0.909999978638458,
    0.9099999958064439,
    0.909999985478716,
    0.9099999915740585,
    0.9099999680700925,
    0.9099999620832954,
    0.9099999667579162,
    0.9099999867475537,
    0.9099999776960461,
    0.9099999684653008,
    0.91,
    0.909999980774567,
    0.9099999854399536,
    0.9099999964031507,
    0.9099999902150504,
    0.9099999808420922,
    0.9099999704064088,
    0.9099999687998228,
    0.9099999892940611,
    0.9099999779838005,
    0.9099999613937304,
    0.91,
    0.9099999961276497,
    0.9099999653332687,
    0.91,
    0.9099999927777549,
    0.9099999633905956,
    0.9099999872726741,
    0.9099999891234715,
    0.9099999579998403,
    0.9099999680700925,
    0.91,
    0.9099999903703654,
    0.9099999846628355,
    0.9099999873023021,
    0.9099999732352162,
    0.9099999468610842,
    0.9099999959734424,
    0.9099999714508805,
    0.9099999742452352,
    0.9099999698103703,
    0.9099999829906227,
    0.9099999954271311,
    0.9099999755376219,
    0.9099999731034093,
    0.9099999952105238,
    0.909999978638458,
    0.909999978638458,
    0.9099999822438768,
    0.9,
    0.9,
    0.9,
    0.9099999637810419,
    0.91,
    0.9099999956249937,
    0.9099999653804173,
    0.9099999653332687,
    0.9099999873023021,
    0.9099999653332687,
    0.9099999956249937,
    0.9099999805347494,
    0.9099999755376219,
    0.9,
    0.9,
    0.9,
    0.9,
    0.9,
    0.9,
    0.9,
    0.9,
    0.9,
    0.9,
    0.9,
    0.9,
    0.91,
    0.9,
    0.9,
    0.9,
    0.9,
    0.9,
    0.9,
    0.9,
    0.9099999771547453,
    0.91,
    0.9099999669947857,
    0.9099999742452352,
    0.9099999731034093,
    0.9099999958064439,
    0.9099999880262608,
    0.9099999961276497,
    0.9099999652670443,
    0.91,
    0.9,
    0.91,
    0.91,
    0.91,
    0.9099999556095146,
    0.9099999787547899,
    0.9099999742452352,
    0.9099999965267056,
    0.9099999964031507,
    0.9099999892940611,
    0.9099999742452352,
    0.9099999814285529,
    0.9099999956249937,
    0.9099999667579162,
    0.9099999903703654,
    0.9099999684653008,
    0.9099999704864715,
    0.9099999908080716,
    0.9099999602185592,
    0.9099999829906227,
    0.91,
    0.91,
    0.91,
    0.9099999912077168,
    0.9099999908080716,
    0.909999971855642,
    0.9099999867475537,
    0.9099999915740585,
    0.9099999742452352,
    0.9099999903703654,
    0.9099999814285529,
    0.9099999903703654,
    0.909999978638458,
    0.91,
    0.91,
    0.9,
    0.9,
    0.9,
    0.9,
    0.9,
    0.9,
    0.9,
    0.9,
    0.9,
    0.9,
    0.9099999620832954,
    0.91,
    0.91,
    0.9099999908080716,
    0.9099999952105238,
    0.909999985478716,
    0.9099999952105238,
    0.9099999637810419,
    0.9099999637810419,
    0.909999985478716,
    0.9099999867475537,
    0.91,
    0.91,
    0.91,
    0.91,
    0.9,
    0.9,
    0.9,
    0.9,
    0.9,
    0.9,
    0.9,
    0.9,
    0.9,
    0.9,
    0.91,
    0.91,
    0.91,
    0.91,
    0.91,
    0.9,
    0.91,
    0.91,
    0.91,
    0.91,
    0.91,
    0.91,
    0.91,
    0.91,
    0.91,
    0.9,
    0.91,
    0.91,
    0.9,
    0.9,
    0.9,
    0.9,
    0.9,
    0.91,
    0.9,
    0.9,
    0.9,
    0.9,
    0.9,
    0.9,
    0.9,
    0.91,
    0.9,
    0.9,
    0.9,
    0.8900000143322481,
    0.89,
    0.89,
    0.9,
    0.9,
    0.9,
    0.9,
    0.89,
    0.89,
    0.89,
    0.89,
    0.89,
    0.89,
    0.89,
    0.89,
    0.89,
    0.89,
    0.89,
    0.89,
    0.89,
    0.89,
    0.89,
    0.89,
    0.89,
    0.89,
    0.89,
    0.89,
    0.89,
    0.89,
    0.89,
    0.89,
    0.89,
    0.89,
    0.88,
    0.88,
    0.8799999984065187,
    0.8799999995306667,
    0.8799999859199946,
    0.879999998057395,
    0.8799999992116461,
    0.8500000046490102,
    0.86,
    0.88,
    0.89,
    0.88,
    0.88,
    0.8799999981589957,
    0.88,
    0.88,
    0.88,
    0.8799779829398583,
    0.85,
    0.86,
    0.86,
    0.86,
    0.86,
    0.85,
    0.85,
    0.87,
    0.87,
    0.86,
    0.88,
    0.88,
    0.8799999647998255,
    0.8500000039250832,
    0.87,
    0.87,
    0.87,
    0.87,
    0.87,
    0.87,
    0.87,
    0.88,
    0.88,
    0.88,
    0.88,
    0.88,
    0.87,
    0.87,
    0.89,
    0.89,
    0.9,
    0.9,
    0.9,
    0.87,
    0.87,
    0.91,
    0.87,
    0.87,
    0.8977874148154704,
    0.87,
    0.9,
    0.87,
    0.87,
    0.87,
    0.87,
    0.87,
    0.87,
    0.87,
    0.88,
    0.88,
    0.8899999732999563,
    0.87,
    0.87,
    0.87,
    0.87,
    0.87,
    0.87,
    0.88,
    0.87,
    0.88,
    0.87,
    0.89,
    0.89,
    0.89,
    0.89,
    0.9,
    0.91,
    0.9099999579998403,
    0.91,
    0.91,
    0.87,
    0.87,
    0.89,
    0.89,
    0.89,
    0.91,
    0.9099999988610752,
    0.9099999965746516,
    0.909999984927524,
    0.91,
    0.9099999894185925,
    0.9099999778048312,
    0.9099999959253707,
    0.9099999958128822,
    0.9099999929639121,
    0.9099999910784198,
    0.9099999980345568,
    0.909999998911483,
    0.9099999964728634,
    0.9099999956249937,
    0.9099999986981389,
    0.9099999906378524,
    0.9099999958916395,
    0.909999990594308,
    0.9099999967266179,
    0.9099999976666648,
    0.9099999964102522,
    0.9099999918140881,
    0.9099999917806388,
    0.91,
    0.9099999954271311,
    0.909999989746466,
    0.9099999890924565,
    0.9099999924668788,
    0.9099999912077168,
    0.9099999911305923,
    0.91,
    0.9099999952105238,
    0.9005768749644436,
    0.8799998287566975,
    0.8799999471471345,
    0.8738680084999682,
    0.8699999916746313,
    0.8699999912999827
]
