[
    0.999,
    0.999,
    0.999,
    0.999,
    0.999,
    0.999,
    0.999,
    0.999,
    0.999,
    0.999,
    0.999,
    0.999,
    0.999,
    0.999,
    0.999,
    0.999,
    0.999,
    0.999,
    0.999,
    0.999,
    0.999,
    0.999,
    0.999,
    0.999,
    0.999,
    0.999,
    0.999,
    0.998,
    0.9932287100814027,
    0.96,
    0.9599998617599647,
    0.87,
    0.88,
    0.88,
    0.8700000097500002,
    0.88,
    0.8799999995377241,
    0.8899999910999937,
    0.9,
    0.97,
    0.95,
    0.97,
    0.97,
    0.8990060999170002,
    0.95,
    0.88,
    0.97,
    0.97,
    0.97,
    0.98,
    0.850000024000001,
    0.85,
    0.9299999975199994,
    0.82,
    0.94,
    0.9690697187667878,
    0.94,
    0.94,
    0.86,
    0.86,
    0.8600000172666674,
    0.88,
    0.9399999560233853,
    0.88,
    0.88,
    0.88,
    0.95,
    0.8600000550098308,
    0.84,
    0.86,
    0.83,
    0.96,
    0.96,
    0.98,
    0.98,
    0.99,
    0.99,
    0.99,
    0.99,
    0.99,
    0.99,
    0.99,
    0.99,
    0.99,
    0.99,
    0.99,
    0.99,
    0.99,
    0.98,
    0.96,
    0.9399998964273558,
    0.939999992583825,
    0.95,
    0.9572528531186691,
    0.93,
    0.93,
    0.9300000126000002,
    0.94,
    0.93,
    0.9399999623995127,
    0.9399999995822221,
    0.93,
    0.93,
    0.93,
    0.93,
    0.94,
    0.93,
    0.9300000637000058,
    0.9399999999348354,
    0.930000001274,
    0.92,
    0.92,
    0.87,
    0.86,
    0.8303832131572552,
    0.75,
    0.81148,
    0.6809210084314374,
    0.500443196927168,
    0.5,
    0.5,
    0.5,
    0.5,
    0.5,
    0.5,
    0.5046203419298754,
    0.47,
    0.47,
    0.35,
    0.33,
    0.28,
    0.36,
    0.41176470249134944,
    0.37000005460003166,
    0.3700000163147471,
    0.41,
    0.34,
    0.45387282063604184,
    0.46,
    0.4500000160684483,
    0.5099999965999995,
    0.52,
    0.53,
    0.53,
    0.53,
    0.53,
    0.53,
    0.5300000162068976,
    0.5081925683358348,
    0.42065442866801894,
    0.46,
    0.36,
    0.34,
    0.32,
    0.33,
    0.32,
    0.25,
    0.24000000086159662,
    0.25,
    0.22,
    0.25,
    0.26,
    0.26,
    0.26,
    0.25,
    0.25,
    0.25,
    0.28,
    0.28,
    0.2699999982972973,
    0.27,
    0.25,
    0.25,
    0.26,
    0.28,
    0.32,
    0.3499999789789781,
    0.36,
    0.36,
    0.35,
    0.35,
    0.32049180327868854,
    0.3,
    0.27,
    0.26,
    0.28,
    0.3,
    0.3,
    0.3,
    0.3,
    0.28,
    0.299999969999997,
    0.3,
    0.2999999982,
    0.3,
    0.2999999924999998,
    0.3,
    0.29999999827701734,
    0.3,
    0.3,
    0.2900000153833356,
    0.29999992499998124,
    0.3,
    0.3,
    0.2999999848790315,
    0.3,
    0.31,
    0.32,
    0.35,
    0.37,
    0.37,
    0.34,
    0.35,
    0.32,
    0.3,
    0.3,
    0.3,
    0.29862384058569347,
    0.3,
    0.28,
    0.27,
    0.27,
    0.18,
    0.19,
    0.19,
    0.18,
    0.2,
    0.25,
    0.19,
    0.2,
    0.2,
    0.2,
    0.2,
    0.2,
    0.19000000569849415,
    0.19,
    0.2,
    0.19,
    0.18999999723395528,
    0.18,
    0.2,
    0.18,
    0.18,
    0.19,
    0.19,
    0.2,
    0.19000000202500025,
    0.1900000068850003,
    0.19,
    0.19,
    0.2,
    0.2,
    0.2,
    0.2,
    0.2,
    0.19,
    0.18,
    0.18,
    0.19,
    0.2699999655749958,
    0.3,
    0.24,
    0.24,
    0.23,
    0.23999999673599998,
    0.24,
    0.23,
    0.23,
    0.2299999455666614,
    0.18000001640001606,
    0.16,
    0.16,
    0.16,
    0.16,
    0.16,
    0.16,
    0.17,
    0.17000001660000383,
    0.2,
    0.2,
    0.2,
    0.16,
    0.27999999587856483,
    0.2600000325600181,
    0.26,
    0.27972027972027974,
    0.26,
    0.26000000066639983,
    0.27999999159999983,
    0.2700000912500342,
    0.32,
    0.3,
    0.31,
    0.32,
    0.410000000944,
    0.3096562379297026,
    0.3,
    0.3,
    0.31,
    0.31,
    0.32,
    0.340000000396,
    0.26,
    0.26,
    0.26,
    0.25,
    0.30999994006665826,
    0.33,
    0.33,
    0.33,
    0.33,
    0.34,
    0.3300000084866677,
    0.4,
    0.41000000925865887,
    0.40680734117430156,
    0.4,
    0.38,
    0.38,
    0.4,
    0.3899999859599991,
    0.39,
    0.36,
    0.37320891390395133,
    0.36,
    0.38,
    0.45999988499997124,
    0.44,
    0.47,
    0.45,
    0.45000000687500025,
    0.45,
    0.45,
    0.45,
    0.45,
    0.44000000300542086,
    0.45,
    0.45,
    0.45,
    0.45,
    0.45,
    0.45,
    0.45000004400000526,
    0.45,
    0.45,
    0.45,
    0.45,
    0.45000000298913073,
    0.45999999677999986,
    0.45,
    0.45,
    0.45000009063091284,
    0.46,
    0.45,
    0.48,
    0.46,
    0.45,
    0.48,
    0.53,
    0.5300000015040001,
    0.5370010946004709,
    0.54,
    0.54,
    0.54,
    0.54,
    0.54,
    0.54,
    0.54,
    0.54,
    0.54,
    0.54,
    0.55,
    0.54,
    0.54,
    0.54,
    0.54,
    0.54,
    0.54,
    0.54,
    0.54,
    0.5400000032200002,
    0.5352380952380953,
    0.5400000032200002,
    0.48,
    0.47,
    0.4700001219000939,
    0.5299999967097315,
    0.529999998381216,
    0.59,
    0.62,
    0.6,
    0.61,
    0.59,
    0.61,
    0.64,
    0.6488578956962028,
    0.61,
    0.61,
    0.6300001369000863,
    0.6191734626405113,
    0.6,
    0.590000016985716,
    0.6,
    0.6199999954215382,
    0.6199999996581631,
    0.65,
    0.6500000385000034,
    0.65,
    0.63,
    0.62,
    0.6200000019,
    0.64,
    0.61,
    0.588226512564574,
    0.58,
    0.5799994895994284,
    0.589999999528,
    0.580000002268,
    0.58,
    0.580000002167742,
    0.580000000853125,
    0.56,
    0.57,
    0.53,
    0.48035015844669715,
    0.48,
    0.48,
    0.48,
    0.48,
    0.48,
    0.44,
    0.42,
    0.42,
    0.43,
    0.41,
    0.41,
    0.41,
    0.41,
    0.41,
    0.41,
    0.41,
    0.39,
    0.4,
    0.4,
    0.39,
    0.4,
    0.39,
    0.35790596848639183,
    0.39,
    0.33,
    0.32,
    0.32,
    0.32,
    0.32,
    0.32,
    0.3299999811899992,
    0.280000000105276,
    0.31,
    0.29,
    0.3,
    0.31,
    0.31,
    0.31,
    0.31000000116452814,
    0.3,
    0.29,
    0.29,
    0.2800000005705665,
    0.28,
    0.31,
    0.28,
    0.31,
    0.3100000017796352,
    0.32,
    0.33,
    0.33,
    0.3404239211302856,
    0.32,
    0.32,
    0.33,
    0.3200000018611016,
    0.32,
    0.33,
    0.33,
    0.34,
    0.33,
    0.33,
    0.33,
    0.35,
    0.33,
    0.3044119056244376,
    0.28,
    0.28,
    0.3,
    0.270000032120005,
    0.26,
    0.27,
    0.27,
    0.24528301743325026,
    0.24,
    0.26,
    0.26,
    0.26,
    0.26,
    0.26,
    0.26,
    0.26,
    0.26,
    0.26,
    0.28,
    0.28,
    0.28,
    0.28,
    0.25,
    0.25,
    0.25,
    0.25,
    0.25,
    0.2597076844888333,
    0.275,
    0.309368,
    0.3,
    0.29,
    0.27,
    0.3,
    0.28350780990362245,
    0.28,
    0.28,
    0.27999995130433863,
    0.27,
    0.26,
    0.24,
    0.23,
    0.27,
    0.270000003942072,
    0.2,
    0.2,
    0.21,
    0.2431640625,
    0.2666341957556336,
    0.19,
    0.2,
    0.19,
    0.2,
    0.18,
    0.19,
    0.19,
    0.19,
    0.18,
    0.18,
    0.17,
    0.18999999437599993,
    0.18999997263999846,
    0.1800000001312,
    0.18,
    0.18,
    0.18,
    0.18,
    0.18,
    0.18000001640001606,
    0.19,
    0.19,
    0.18999998802999957,
    0.19,
    0.18,
    0.17,
    0.18,
    0.1800000065600016,
    0.1814219826147169,
    0.14198561555935296,
    0.17,
    0.11,
    0.1119749653393583,
    0.10941071439094385,
    0.09,
    0.09,
    0.08,
    0.08,
    0.08,
    0.08999998451999956,
    0.09,
    0.09,
    0.08,
    0.07000000007178142,
    0.0995,
    0.08,
    0.1,
    0.09,
    0.09999,
    0.07750307839649746,
    0.06,
    0.06,
    0.05,
    0.06,
    0.06,
    0.06,
    0.05,
    0.03,
    0.04,
    0.04,
    0.04,
    0.04,
    0.03,
    0.03,
    0.05,
    0.05,
    0.05,
    0.05,
    0.05,
    0.05,
    0.07,
    0.07,
    0.07,
    0.06,
    0.06,
    0.06,
    0.07,
    0.07,
    0.08,
    0.08,
    0.08,
    0.08,
    0.08,
    0.10350803687356484,
    0.1,
    0.09,
    0.09,
    0.09,
    0.08999999189999992,
    0.08,
    0.08,
    0.08,
    0.08000000004891397,
    0.08,
    0.09,
    0.09,
    0.09,
    0.08999999527499995,
    0.08000000001415351,
    0.09,
    0.08,
    0.08,
    0.08,
    0.08,
    0.07958677685950413,
    0.06,
    0.05,
    0.05,
    0.05,
    0.05,
    0.05,
    0.05,
    0.05,
    0.05,
    0.05,
    0.08,
    0.06,
    0.06,
    0.07,
    0.07000000139500034,
    0.07,
    0.07,
    0.07,
    0.07,
    0.07,
    0.07,
    0.06000000176941309,
    0.07845929851861552,
    0.08,
    0.06124999193906241,
    0.0761909599426028,
    0.05,
    0.05,
    0.05,
    0.06,
    0.05,
    0.05,
    0.06,
    0.05,
    0.06,
    0.05,
    0.05,
    0.05,
    0.05,
    0.04,
    0.04,
    0.04,
    0.05,
    0.05,
    0.04,
    0.04,
    0.05,
    0.06,
    0.05,
    0.05,
    0.05,
    0.05,
    0.05,
    0.05,
    0.05,
    0.05,
    0.05,
    0.05,
    0.05,
    0.05,
    0.0599999973164803,
    0.06,
    0.06,
    0.06,
    0.06,
    0.06,
    0.06,
    0.07,
    0.08,
    0.07,
    0.07000000163014941,
    0.08,
    0.09,
    0.09,
    0.08,
    0.09875,
    0.1,
    0.1,
    0.09,
    0.09,
    0.08,
    0.09,
    0.09,
    0.09,
    0.12,
    0.12,
    0.12173911995463123,
    0.1,
    0.1,
    0.1,
    0.09,
    0.10999995214999689,
    0.11,
    0.11,
    0.11,
    0.11,
    0.1,
    0.1,
    0.10999999559999996,
    0.1,
    0.11,
    0.11,
    0.1,
    0.12,
    0.12,
    0.12,
    0.12,
    0.12,
    0.12,
    0.12,
    0.12,
    0.12,
    0.11,
    0.1,
    0.09,
    0.09,
    0.1,
    0.1,
    0.08,
    0.08,
    0.08,
    0.08,
    0.08,
    0.08,
    0.08,
    0.09,
    0.1,
    0.08,
    0.1,
    0.08999999786571428,
    0.08999999598784192,
    0.09,
    0.08,
    0.08,
    0.08000000016995336,
    0.08,
    0.08,
    0.0899999599499978,
    0.08,
    0.08,
    0.07,
    0.07,
    0.07,
    0.08,
    0.08,
    0.08,
    0.09,
    0.08,
    0.08,
    0.09,
    0.09,
    0.09,
    0.09,
    0.1,
    0.1,
    0.11999999314285704,
    0.11,
    0.11,
    0.11,
    0.12,
    0.12,
    0.12,
    0.12,
    0.12,
    0.12,
    0.14,
    0.12,
    0.12,
    0.12,
    0.14,
    0.14999997599999904,
    0.14,
    0.15,
    0.1695,
    0.16061957694292012,
    0.15,
    0.13,
    0.13999999215999992,
    0.1283950591525682,
    0.11,
    0.10999998151999942,
    0.0900000000728,
    0.09000000085007008,
    0.09,
    0.1,
    0.1,
    0.09,
    0.07,
    0.060000000219985986,
    0.07,
    0.09,
    0.11,
    0.1,
    0.11,
    0.1,
    0.12,
    0.11999999888372093,
    0.11,
    0.11999998991999984,
    0.11,
    0.13,
    0.15,
    0.15,
    0.15,
    0.18,
    0.18,
    0.18,
    0.18,
    0.18,
    0.18,
    0.18,
    0.18,
    0.18,
    0.18,
    0.18,
    0.18,
    0.1760869536805293,
    0.16,
    0.1434688346883469,
    0.14999999637096773,
    0.1400000860004214,
    0.13,
    0.13,
    0.13,
    0.13999998879999978,
    0.13,
    0.13000000073998852,
    0.13999998273333258,
    0.14,
    0.13999994259999485,
    0.13999993259258345,
    0.13999988239998118,
    0.13999988239998118,
    0.13999999823384615,
    0.13,
    0.13000000870001732,
    0.13000000870001732,
    0.14585764294049008,
    0.13999999885199998,
    0.14,
    0.13000000870001732,
    0.14,
    0.14,
    0.14,
    0.13000005835379694,
    0.14,
    0.13999999497435894,
    0.13,
    0.1299999140869386,
    0.12999999617647057,
    0.12999989859997768,
    0.12999989859997768,
    0.12000000070421131,
    0.13999988239998118,
    0.139999999454,
    0.13999988239998118,
    0.13999999481999995,
    0.13999999885199998,
    0.13999994259999485,
    0.14,
    0.12000003520017459,
    0.12,
    0.12000003520017459,
    0.14,
    0.13,
    0.12,
    0.13999988239998118,
    0.13,
    0.1299999466999952,
    0.129999998908,
    0.12000000005297828,
    0.12,
    0.12,
    0.12,
    0.12,
    0.12,
    0.13,
    0.12000000522642984,
    0.1299999466999952,
    0.12999999794599998,
    0.129999998908,
    0.12000001408000541,
    0.12000001408000541,
    0.12000001408000541,
    0.12000001408000541,
    0.12000001408000541,
    0.12000001408000541,
    0.12000001408000541,
    0.12000001408000541,
    0.12,
    0.13,
    0.12000003520017459,
    0.13,
    0.13,
    0.13000000870001732,
    0.13000000870001732,
    0.13999999933818183,
    0.1399999961733333,
    0.13,
    0.12,
    0.12000000352000104,
    0.12000000352000104,
    0.12000000352000104,
    0.12000000352000104,
    0.12000000352000104,
    0.12000000352000104,
    0.12000000352000104,
    0.12000000352000104,
    0.13,
    0.12000003520017459,
    0.12,
    0.12,
    0.12999999505999993,
    0.13,
    0.13999988239998118,
    0.13,
    0.1300000000878788,
    0.13999999563199997,
    0.13999997871999897,
    0.13000000091142858,
    0.13000000870001732,
    0.13999994259999485,
    0.1300000580002668,
    0.13,
    0.13,
    0.13,
    0.13999998879999978,
    0.13999999590769227,
    0.13,
    0.13000000217826815,
    0.139999997648,
    0.1300000005242859,
    0.13,
    0.13,
    0.14,
    0.13999988239998118,
    0.13,
    0.13,
    0.13,
    0.13,
    0.13,
    0.13,
    0.13,
    0.13,
    0.13,
    0.1300000149142876,
    0.13,
    0.13,
    0.13000000174000104,
    0.13000000870001732,
    0.1399998968420908,
    0.13999999215999992,
    0.13,
    0.13000000174000104,
    0.14,
    0.14,
    0.13000000003337597,
    0.14,
    0.14,
    0.13,
    0.13,
    0.13,
    0.13,
    0.13,
    0.13,
    0.13,
    0.13,
    0.14,
    0.13999988239998118,
    0.13000000683571472,
    0.13999994259999485,
    0.13999999215999992,
    0.14,
    0.13000000009547222,
    0.13,
    0.14,
    0.13,
    0.13999997871999897,
    0.13,
    0.130000000556266,
    0.13,
    0.13999999734,
    0.14,
    0.14,
    0.14,
    0.14,
    0.14000000041545896,
    0.14,
    0.14999997599999904,
    0.14,
    0.14,
    0.14,
    0.15,
    0.14,
    0.15447636915734575,
    0.14,
    0.14,
    0.1400000344000502,
    0.14000000011096775,
    0.14,
    0.14,
    0.140000000344,
    0.14,
    0.14,
    0.1400000000619379,
    0.14,
    0.14000000006644683,
    0.14,
    0.15,
    0.14000000255445558,
    0.1499999987368421,
    0.14000000384787528,
    0.16,
    0.15622994837457932,
    0.14999997966101625,
    0.1400000860004214,
    0.14999988749997187,
    0.15,
    0.15,
    0.14,
    0.14000000143333347,
    0.1499999976,
    0.15,
    0.14,
    0.14,
    0.1400000001834918,
    0.14000000245831407,
    0.14,
    0.14000000027515658,
    0.14,
    0.14000000051707787,
    0.14,
    0.14,
    0.14,
    0.1400000001911111,
    0.14999999538461534,
    0.1400000344000502,
    0.14000005733336773,
    0.1400000344000502,
    0.1400000344000502,
    0.1400000860004214,
    0.1400000081904878,
    0.1400000215000129,
    0.1400000344000502,
    0.1400000081904878,
    0.14,
    0.14,
    0.14000000982857974,
    0.14000002548153737,
    0.14000000176954763,
    0.14,
    0.15,
    0.15,
    0.14000000251830272,
    0.14000000086000025,
    0.14000000315596445,
    0.14000000053416153,
    0.1499998811880953,
    0.14000000395099554,
    0.14000000099768004,
    0.1400000344000502,
    0.14,
    0.14,
    0.14,
    0.14,
    0.14000000001089064,
    0.15,
    0.14000000012597966,
    0.14000000681998678,
    0.1400000860004214,
    0.14,
    0.14,
    0.14,
    0.14,
    0.14000000012894695,
    0.14,
    0.14,
    0.14000000373913057,
    0.14000008037389938,
    0.15,
    0.15,
    0.1400000162264301,
    0.14,
    0.15,
    0.15,
    0.14,
    0.15,
    0.15,
    0.15,
    0.14,
    0.1598056762976221,
    0.15,
    0.14,
    0.14999988749997187,
    0.14999988749997187,
    0.14000000030651888,
    0.14000000086000025,
    0.15,
    0.15,
    0.16,
    0.16,
    0.15,
    0.15,
    0.15,
    0.14,
    0.1509132181819127,
    0.14999990399998464,
    0.15,
    0.14999988749997187,
    0.14000000024927536,
    0.15,
    0.15,
    0.15,
    0.15,
    0.15,
    0.14000003909097838,
    0.15,
    0.15,
    0.15,
    0.1500000007268685,
    0.15,
    0.15,
    0.14999988749997187,
    0.1400000344000502,
    0.14999998392857086,
    0.1400000012900002,
    0.14000000024927536,
    0.14000000137600016,
    0.14000005733336773,
    0.1400000860004214,
    0.140000000344,
    0.14000000008913857,
    0.15,
    0.15,
    0.149999939999994,
    0.14,
    0.14,
    0.14000001293236952,
    0.14,
    0.15045495933938272,
    0.14000000005332397,
    0.14,
    0.14,
    0.140000000344,
    0.15,
    0.14000001720000538,
    0.14,
    0.1400000000441711,
    0.1400000000844809,
    0.14,
    0.14999999976,
    0.14999997599999904,
    0.15,
    0.15,
    0.14,
    0.14,
    0.14000009297338173,
    0.15,
    0.14000000040537358,
    0.15,
    0.15,
    0.15,
    0.15,
    0.16,
    0.16,
    0.16,
    0.16,
    0.15,
    0.14,
    0.15,
    0.15,
    0.16,
    0.15000000042500003,
    0.16,
    0.15,
    0.15,
    0.16,
    0.16,
    0.16,
    0.15,
    0.15000000578231681,
    0.15,
    0.15000003035725018,
    0.1500000850003315,
    0.16,
    0.15,
    0.16,
    0.15,
    0.15,
    0.15,
    0.15,
    0.15,
    0.15,
    0.1400000344000502,
    0.14,
    0.14,
    0.1400000860004214,
    0.1400000003718919,
    0.15,
    0.14000000210612254,
    0.1400000860004214,
    0.149999899553549,
    0.15,
    0.14,
    0.1499998938678995,
    0.14000000204761937,
    0.15,
    0.15,
    0.15,
    0.15,
    0.15,
    0.1500000850003315,
    0.16,
    0.15,
    0.14000000201405163,
    0.1400000344000502,
    0.15,
    0.140000000679305,
    0.14,
    0.15003750937734434,
    0.14000000071339697,
    0.14000000210440508,
    0.15,
    0.1400000353425369,
    0.15,
    0.1400000353425369,
    0.14000001720000538,
    0.14000003127286828,
    0.1400000344000502,
    0.14000000137600016,
    0.16,
    0.15920398009950248,
    0.1400000344000502,
    0.16,
    0.15,
    0.1400000023586694,
    0.16,
    0.15,
    0.15,
    0.15,
    0.15,
    0.15000000118219764,
    0.16,
    0.16,
    0.1500000850003315,
    0.15,
    0.15,
    0.15,
    0.15,
    0.15000000022958082,
    0.15000000425000104,
    0.15,
    0.15000000042500003,
    0.1500000003828829,
    0.16,
    0.16,
    0.15,
    0.15,
    0.1500000283333796,
    0.16,
    0.16,
    0.15000000427565563,
    0.15,
    0.16,
    0.1500000017000001,
    0.16,
    0.15,
    0.15000000425000104,
    0.15000000283333426,
    0.1500000283333796,
    0.1500000037845063,
    0.15,
    0.15,
    0.16,
    0.15,
    0.16,
    0.15000001700002005,
    0.15000000141666686,
    0.15000000425000104,
    0.15,
    0.15,
    0.15,
    0.1500000283333796,
    0.15,
    0.1500000850003315,
    0.15000000040098124,
    0.15,
    0.16,
    0.1500000850003315,
    0.16,
    0.15,
    0.15,
    0.15,
    0.1500000283333796,
    0.15000000049707604,
    0.16,
    0.15,
    0.15000001700002005,
    0.15000000360017002,
    0.1699999950961538,
    0.16999997935532174,
    0.16999998990469195,
    0.16,
    0.16,
    0.16,
    0.16,
    0.16,
    0.16,
    0.16,
    0.1699999758599986,
    0.16999999028571414,
    0.16000000560000088,
    0.1699999889499998,
    0.160000025846163,
    0.1699999912874999,
    0.16,
    0.16,
    0.16,
    0.16,
    0.16,
    0.15000000069399091,
    0.16,
    0.16,
    0.15,
    0.16,
    0.16,
    0.1500000283333796,
    0.16,
    0.1500000850003315,
    0.15,
    0.15,
    0.14,
    0.14,
    0.15849332284966042,
    0.1499999849999996,
    0.15,
    0.14999994668245814,
    0.14999997187499825,
    0.14999997599999904,
    0.15,
    0.15,
    0.149999939999994,
    0.15,
    0.15,
    0.15,
    0.14,
    0.14000000857855674,
    0.14000000255192954,
    0.14000001720000538,
    0.14000000765806142,
    0.16,
    0.16,
    0.15,
    0.1400000012173257,
    0.15,
    0.16,
    0.15,
    0.16,
    0.16,
    0.1500000850003315,
    0.1500000850003315,
    0.16,
    0.16,
    0.16,
    0.1500000850003315,
    0.16,
    0.16,
    0.15,
    0.1500000850003315,
    0.15,
    0.15,
    0.14000000004709273,
    0.15,
    0.1500000047914323,
    0.15000000042500003,
    0.15,
    0.16,
    0.15,
    0.16,
    0.16,
    0.14000000191111128,
    0.14000000153743034,
    0.16,
    0.16,
    0.16,
    0.15000001700002005,
    0.16,
    0.15,
    0.16,
    0.15,
    0.15,
    0.16,
    0.15,
    0.16,
    0.15,
    0.16,
    0.15,
    0.16,
    0.1500000850003315,
    0.15,
    0.16,
    0.15,
    0.16,
    0.16,
    0.16,
    0.16,
    0.16,
    0.16,
    0.16,
    0.16,
    0.16,
    0.16,
    0.16,
    0.16,
    0.15,
    0.16,
    0.15,
    0.16,
    0.15,
    0.16,
    0.15,
    0.15,
    0.16,
    0.15,
    0.16,
    0.15,
    0.16,
    0.15,
    0.16,
    0.15,
    0.15,
    0.15,
    0.16,
    0.15,
    0.16,
    0.15,
    0.15,
    0.15000000180428794,
    0.16,
    0.15000000098837213,
    0.16,
    0.16,
    0.15,
    0.16,
    0.15,
    0.16,
    0.15000000113615106,
    0.15,
    0.15,
    0.16,
    0.15,
    0.15,
    0.15,
    0.16,
    0.15,
    0.16,
    0.15,
    0.16,
    0.15,
    0.16,
    0.15,
    0.16,
    0.15,
    0.15,
    0.16,
    0.15,
    0.16,
    0.15,
    0.15,
    0.16,
    0.15000001700002005,
    0.15,
    0.16,
    0.16,
    0.15,
    0.16,
    0.15,
    0.16,
    0.16,
    0.15,
    0.15,
    0.16,
    0.1500000116598142,
    0.15,
    0.16,
    0.150000010290558,
    0.16,
    0.16,
    0.15,
    0.1500000850003315,
    0.15,
    0.15,
    0.15,
    0.16,
    0.16,
    0.16,
    0.16,
    0.16,
    0.16,
    0.16,
    0.16,
    0.16,
    0.16,
    0.16,
    0.16,
    0.16,
    0.16,
    0.16,
    0.16,
    0.16,
    0.16,
    0.16,
    0.16,
    0.14,
    0.14000000086000025,
    0.14999988749997187,
    0.15,
    0.15,
    0.15,
    0.14,
    0.15,
    0.14,
    0.14000000938182233,
    0.14999996335504587,
    0.14000000688688752,
    0.14000001720000538,
    0.15,
    0.1499999210526212,
    0.14999105484114142,
    0.13000000420967808,
    0.14409565042847572,
    0.1399999961733333,
    0.13000000066923104,
    0.13000005536393483,
    0.13000005486491084,
    0.13000005536393483,
    0.13000005536393483,
    0.13000005536393483,
    0.13000005536393483,
    0.13000005536393483,
    0.13000005536393483,
    0.13000002394504134,
    0.13000004539134144,
    0.13000002394504134,
    0.14,
    0.14,
    0.14,
    0.14,
    0.13,
    0.13,
    0.12000000651852451,
    0.12999989859997768,
    0.12999989859997768,
    0.13,
    0.12000000057375713,
    0.12000003520017459,
    0.129999999779,
    0.12999999024999975,
    0.12,
    0.12000000035200002,
    0.12,
    0.12000000352000104,
    0.12000001173336056,
    0.12,
    0.12,
    0.12,
    0.1,
    0.1,
    0.1,
    0.12,
    0.1,
    0.1,
    0.11,
    0.1,
    0.11,
    0.12,
    0.11,
    0.11,
    0.12999989859997768,
    0.13,
    0.1299999466999952,
    0.1100000890004361,
    0.13,
    0.12,
    0.12,
    0.11000000578673899,
    0.12999989859997768,
    0.12,
    0.12,
    0.12,
    0.12,
    0.12,
    0.12,
    0.1100000005104187,
    0.12,
    0.12,
    0.12,
    0.11999999818116203,
    0.11,
    0.11000002002500456,
    0.12,
    0.12,
    0.12,
    0.11000001424001402,
    0.11,
    0.11000002002500456,
    0.11000001424001402,
    0.12,
    0.12,
    0.11,
    0.11,
    0.1,
    0.1,
    0.1,
    0.1,
    0.11,
    0.1,
    0.1,
    0.11000000787613053,
    0.1100000046965798,
    0.12,
    0.11000000414922818,
    0.12999999505999993,
    0.13,
    0.12,
    0.12999999967982195,
    0.12999999655946395,
    0.12,
    0.12000003520017459,
    0.13,
    0.12,
    0.12,
    0.12,
    0.12,
    0.12,
    0.12,
    0.12000002933340569,
    0.12000001173336056,
    0.13,
    0.1299999789399992,
    0.1100000890004361,
    0.12,
    0.11000000044500002,
    0.12,
    0.11000000014833333,
    0.11000000017937364,
    0.11,
    0.11,
    0.13,
    0.12999999024999975,
    0.12,
    0.12,
    0.12,
    0.12,
    0.12,
    0.12,
    0.12,
    0.12,
    0.12,
    0.12,
    0.1100000890004361,
    0.1100000890004361,
    0.1100000890004361,
    0.1100000890004361,
    0.1100000890004361,
    0.1100000890004361,
    0.1100000890004361,
    0.12,
    0.1100000890004361,
    0.1100000890004361,
    0.1100000890004361,
    0.12093013750133175,
    0.1100000890004361,
    0.1100000890004361,
    0.13,
    0.12,
    0.12,
    0.12,
    0.12,
    0.12999999505999993,
    0.12,
    0.12,
    0.1299999789399992,
    0.12,
    0.12,
    0.12,
    0.12,
    0.12000000035200002,
    0.13,
    0.13,
    0.13,
    0.13,
    0.13,
    0.13,
    0.12000000440000053,
    0.13999994259999485,
    0.12,
    0.12,
    0.12000000035200002,
    0.12000001408000541,
    0.12,
    0.13,
    0.13,
    0.13999999580299782,
    0.13,
    0.13,
    0.13,
    0.13,
    0.13,
    0.13,
    0.13,
    0.12,
    0.13,
    0.13,
    0.13,
    0.13,
    0.12000001408000541,
    0.13,
    0.13,
    0.13000000121800007,
    0.13000000870001732,
    0.13999988239998118,
    0.13000000870001732,
    0.13,
    0.13,
    0.13,
    0.13,
    0.12000004693345599,
    0.12000001408000541,
    0.12000003520017459,
    0.12,
    0.12000003520017459,
    0.12000000355915172,
    0.12000003520017459,
    0.12,
    0.14,
    0.14,
    0.13,
    0.13,
    0.13,
    0.13,
    0.14,
    0.13000000870001732,
    0.13000000870001732,
    0.13999999866511628,
    0.13999988239998118,
    0.13999988239998118,
    0.13000000870001732,
    0.1200000070967813,
    0.13,
    0.13,
    0.13,
    0.14,
    0.14,
    0.13999988239998118,
    0.14,
    0.13999988239998118,
    0.13999999215999992,
    0.13999994259999485,
    0.12000003520017459,
    0.13,
    0.13,
    0.13,
    0.13,
    0.14,
    0.13,
    0.13,
    0.13,
    0.13,
    0.12,
    0.12000000432008223,
    0.12,
    0.13,
    0.13,
    0.13,
    0.13,
    0.13,
    0.12,
    0.13,
    0.13,
    0.13999992785275364,
    0.12000002983053275,
    0.12,
    0.12,
    0.12000001408000541,
    0.12,
    0.12000000041774865,
    0.12,
    0.13,
    0.13000001705883993,
    0.1300000428572041,
    0.13000001692611582,
    0.1300000074042647,
    0.13000001052421464,
    0.13000000981203735,
    0.1300000243600188,
    0.13,
    0.13999996786885105,
    0.12000001100001705,
    0.12,
    0.12000001408000541,
    0.12,
    0.12000004693345599,
    0.12000002514287439,
    0.1200000270769639,
    0.12000002514287439,
    0.12,
    0.1399999540983569,
    0.12000002933340569,
    0.13999995333332788,
    0.1200000270769639,
    0.12000004141181148,
    0.12000001173336056,
    0.12000001035295019,
    0.12000002514287439,
    0.12000002933340569,
    0.12,
    0.12,
    0.14,
    0.12000003520017459,
    0.12000004693345599,
    0.12,
    0.12000005415409276,
    0.12000001100001705,
    0.12,
    0.12,
    0.12,
    0.12000001676194436,
    0.12000002011431973,
    0.12000002011431973,
    0.12000001408000541,
    0.12,
    0.12000003520017459,
    0.12000001805129094,
    0.12000001530436752,
    0.12000002933340569,
    0.12,
    0.13999995709677004,
    0.1399999553784825,
    0.12,
    0.12000001408000541,
    0.12000001676194436,
    0.12,
    0.12,
    0.12,
    0.12000001385829479,
    0.12,
    0.12000001338404548,
    0.13,
    0.13,
    0.13,
    0.14,
    0.13,
    0.12000000075849,
    0.12,
    0.13254174252450382,
    0.12000000352000104,
    0.12,
    0.12000003520017459,
    0.12,
    0.12000000035327463,
    0.12000003520017459,
    0.12000003520017459,
    0.12000003520017459,
    0.12000003520017459,
    0.12000003520017459,
    0.12000003520017459,
    0.12000003520017459,
    0.12000003520017459,
    0.12,
    0.12000001408000541,
    0.12,
    0.12000001211705193,
    0.12000001041420415,
    0.12000000417061658,
    0.12000000731808878,
    0.12000000352705445,
    0.12,
    0.1299999022018187,
    0.12000000479564095,
    0.12000000699801326,
    0.12000000442767683,
    0.12,
    0.12,
    0.12000000352000104,
    0.12,
    0.12999997497499857,
    0.12,
    0.12999999024999975,
    0.13,
    0.12,
    0.12,
    0.12,
    0.12000001315888814,
    0.12,
    0.12000000871287336,
    0.12,
    0.12000000614311178,
    0.12,
    0.12000000883312634,
    0.12999989859997768,
    0.12,
    0.12999989859997768,
    0.12000000866995705,
    0.12000000362513133,
    0.12000000516887156,
    0.12000000574225213,
    0.12000000932450815,
    0.12000000618629278,
    0.12999990533978284,
    0.12000001408000541,
    0.12,
    0.12000003520017459,
    0.12000001408000541,
    0.12000000260740759,
    0.12999997497499857,
    0.12,
    0.12000001173336056,
    0.13,
    0.12000001173336056,
    0.12000003520017459,
    0.12000001408000541,
    0.1299999789399992,
    0.12,
    0.12999989859997768,
    0.12000001408000541,
    0.13,
    0.12,
    0.12,
    0.12,
    0.12,
    0.12,
    0.1299999858857138,
    0.12,
    0.12000000190705305,
    0.12999998158333287,
    0.12,
    0.12000000176000017,
    0.12000001173336056,
    0.12999999013392843,
    0.12000001100001705,
    0.1200000114658091,
    0.1200000003262002,
    0.12,
    0.12999999024999975,
    0.12000003520017459,
    0.12,
    0.12,
    0.13,
    0.12999992849998826,
    0.12000002933340569,
    0.12000004693345599,
    0.12000001530436752,
    0.12999995568181313,
    0.12999990427271074,
    0.12999990427271074,
    0.12000001530436752,
    0.12000001676194436,
    0.12000002933340569,
    0.12999990899998787,
    0.12000001408000541,
    0.12,
    0.12000002270975009,
    0.12000003520017459,
    0.12999995079438814,
    0.12999995117072624,
    0.12,
    0.12000004141181148,
    0.12,
    0.12,
    0.12,
    0.12,
    0.12000004693345599,
    0.1200000270769639,
    0.12000001408000541,
    0.12000003520017459,
    0.12,
    0.12000001408000541,
    0.12,
    0.12,
    0.12000001852638366,
    0.12,
    0.12,
    0.12,
    0.12000002514287439,
    0.12000002933340569,
    0.12999994577888985,
    0.12000003520017459,
    0.12000001592763755,
    0.12000005415409276,
    0.12,
    0.12,
    0.12000002514287439,
    0.12,
    0.12000000977778039,
    0.12000004693345599,
    0.12000005415409276,
    0.12000002514287439,
    0.12,
    0.12,
    0.12000001530436752,
    0.1299999466999952,
    0.12000001408000541,
    0.12,
    0.12,
    0.12,
    0.12,
    0.12,
    0.13,
    0.13,
    0.12,
    0.12,
    0.12,
    0.12,
    0.12,
    0.12,
    0.11000001424001402,
    0.12,
    0.11000000102289453,
    0.13,
    0.12000000078222231,
    0.12,
    0.12,
    0.13,
    0.13,
    0.12,
    0.12,
    0.12,
    0.12,
    0.12,
    0.12
]
