[
    0.999,
    0.999,
    0.999,
    0.999,
    0.999,
    0.999,
    0.999,
    0.999,
    0.999,
    0.999,
    0.999,
    0.999,
    0.999,
    0.999,
    0.999,
    0.999,
    0.999,
    0.999,
    0.999,
    0.999,
    0.999,
    0.999,
    0.999,
    0.999,
    0.999,
    0.999,
    0.999,
    0.999,
    0.999,
    0.999,
    0.999,
    0.999,
    0.999,
    0.999,
    0.999,
    0.999,
    0.999,
    0.999,
    0.999,
    0.999,
    0.9978040738478775,
    0.9855073656477521,
    0.92,
    0.94,
    0.92,
    0.96,
    0.96,
    0.96,
    0.9022621108961054,
    0.85,
    0.85,
    0.85,
    0.954319320438885,
    0.9,
    0.71,
    0.76,
    0.7,
    0.9,
    0.8975179491767071,
    0.8799999998592,
    0.8700000533000048,
    0.8700001014000223,
    0.8899999998516667,
    0.8899999998560569,
    0.88,
    0.88,
    0.86,
    0.9,
    0.86,
    0.8338947339950775,
    0.83,
    0.83,
    0.8199999945333325,
    0.8199999835999839,
    0.8,
    0.78,
    0.76,
    0.76,
    0.76,
    0.7600001440000576,
    0.7600000816000131,
    0.76,
    0.78,
    0.7600000144000005,
    0.76,
    0.76,
    0.7699999720299096,
    0.76,
    0.76,
    0.75,
    0.7599999670995543,
    0.7599999670995543,
    0.7599999670995543,
    0.7599999670995543,
    0.77,
    0.76,
    0.76,
    0.82,
    0.82,
    0.86,
    0.88,
    0.89,
    0.93,
    0.93,
    0.93,
    0.93,
    0.93,
    0.93,
    0.93,
    0.9399999623995127,
    0.93,
    0.951,
    0.951,
    0.951,
    0.95,
    0.965,
    0.98,
    0.9745115257958288,
    0.96,
    0.988,
    0.97,
    0.951,
    0.9699999997979166,
    0.96,
    0.9510000015938078,
    0.96,
    0.951,
    0.951,
    0.951,
    0.96,
    0.951,
    0.951,
    0.951,
    0.951,
    0.951,
    0.951,
    0.951,
    0.951,
    0.951,
    0.9598496609852669,
    0.96,
    0.975,
    0.976,
    0.98,
    0.976,
    0.976,
    0.976,
    0.976,
    0.98,
    0.98,
    0.989,
    0.98,
    0.98,
    0.989,
    0.9889999999505499,
    0.9874564265075962,
    0.9889999901096836,
    0.961,
    0.99,
    0.99,
    0.98951017,
    0.989,
    0.989,
    0.9889999955493598,
    0.99,
    0.98,
    0.99,
    0.98,
    0.98,
    0.98,
    0.98,
    0.97,
    0.97,
    0.98,
    0.97,
    0.97,
    0.97,
    0.98,
    0.97,
    0.97,
    0.96,
    0.98,
    0.97,
    0.96,
    0.98,
    0.94,
    0.95842549439476,
    0.94,
    0.92,
    0.9188678749354386,
    0.91,
    0.9112709150520175,
    0.8822171699141317,
    0.8794367263249243,
    0.88,
    0.85,
    0.86,
    0.85,
    0.8500000037500001,
    0.8799999647998255,
    0.85,
    0.85,
    0.85,
    0.8500001125000282,
    0.85,
    0.85,
    0.86,
    0.85,
    0.8599999139995786,
    0.85,
    0.8,
    0.8,
    0.8,
    0.84,
    0.839999996705882,
    0.84,
    0.85,
    0.81,
    0.84,
    0.83,
    0.7983735262593783,
    0.79,
    0.78,
    0.77,
    0.77,
    0.79,
    0.78,
    0.780000003168,
    0.7899999920999764,
    0.79,
    0.79,
    0.8,
    0.8099999981478657,
    0.8,
    0.8099999991867469,
    0.8099999983928569,
    0.8,
    0.8,
    0.8,
    0.8,
    0.8,
    0.8,
    0.8299999966799987,
    0.82,
    0.81,
    0.8299999966799987,
    0.8299999966799987,
    0.8299999966799987,
    0.8299999966799987,
    0.8299999966799987,
    0.83,
    0.82,
    0.81,
    0.818584,
    0.81,
    0.81,
    0.81,
    0.81,
    0.82,
    0.82,
    0.82,
    0.79,
    0.79,
    0.77,
    0.76,
    0.76,
    0.76,
    0.7799999984399996,
    0.74,
    0.73,
    0.74,
    0.73,
    0.73,
    0.75,
    0.74,
    0.75,
    0.74,
    0.74,
    0.74,
    0.74,
    0.73,
    0.78,
    0.78,
    0.75,
    0.76,
    0.74,
    0.76,
    0.75,
    0.7600001440000576,
    0.7899999947333328,
    0.7899999920999764,
    0.7899999993779527,
    0.79,
    0.76,
    0.75,
    0.76,
    0.69,
    0.69,
    0.69,
    0.69,
    0.740000001508,
    0.74,
    0.74,
    0.74,
    0.74,
    0.74,
    0.74,
    0.74,
    0.74,
    0.74,
    0.7799998595999691,
    0.7897444933920705,
    0.77,
    0.770942,
    0.77,
    0.77,
    0.76,
    0.76,
    0.7699999990234259,
    0.76,
    0.75,
    0.7237945004740971,
    0.7,
    0.71,
    0.6712202677411481,
    0.66,
    0.67,
    0.6463917316530831,
    0.63,
    0.5900000553500202,
    0.6,
    0.6,
    0.6,
    0.6,
    0.609999996096,
    0.6,
    0.6,
    0.6,
    0.59,
    0.6,
    0.6,
    0.6,
    0.6,
    0.6,
    0.6,
    0.6,
    0.64,
    0.64,
    0.6,
    0.6,
    0.63,
    0.63,
    0.59,
    0.6,
    0.63,
    0.63,
    0.63,
    0.6599999995428484,
    0.6599999953799998,
    0.66,
    0.650000070000021,
    0.65,
    0.65,
    0.65,
    0.65,
    0.64,
    0.64,
    0.64,
    0.65,
    0.65,
    0.64,
    0.65,
    0.65,
    0.6499999869999994,
    0.6499999869999994,
    0.6410887537729691,
    0.618878185309337,
    0.571923076923077,
    0.57,
    0.54,
    0.57,
    0.57,
    0.57,
    0.5413924050632911,
    0.5199999937599997,
    0.515566127502723,
    0.51,
    0.5099999964525367,
    0.5,
    0.5,
    0.5,
    0.5,
    0.5,
    0.5,
    0.5,
    0.5,
    0.52,
    0.52,
    0.52,
    0.53,
    0.53,
    0.53,
    0.53,
    0.53,
    0.5599999775999964,
    0.559999978724557,
    0.52,
    0.5699999819999982,
    0.5699999965799997,
    0.5599999462399944,
    0.53,
    0.5151063829787234,
    0.5,
    0.5,
    0.5,
    0.5,
    0.49,
    0.49000000142800004,
    0.49,
    0.46,
    0.46,
    0.46,
    0.46,
    0.47,
    0.47,
    0.47,
    0.46,
    0.459999999586,
    0.46,
    0.459999999494,
    0.45999998849999935,
    0.459999976122135,
    0.4599999677999969,
    0.4599999677999969,
    0.4599999677999969,
    0.4599999677999969,
    0.4599999677999969,
    0.4599999677999969,
    0.4599999677999969,
    0.4599999677999969,
    0.459999998252,
    0.4499999797499989,
    0.4499999549999955,
    0.44999999459999984,
    0.4499999797499989,
    0.4499999983125,
    0.46,
    0.46,
    0.4699999996052,
    0.4692247615356007,
    0.4699999929499998,
    0.47,
    0.469999998496,
    0.46999999153999933,
    0.4699998777999096,
    0.4699998777999096,
    0.4699998777999096,
    0.4699998777999096,
    0.4699998777999096,
    0.4699998777999096,
    0.4699998777999096,
    0.4699998777999096,
    0.46999998871999804,
    0.46999998871999804,
    0.46999998871999804,
    0.46999998871999804,
    0.46999998871999804,
    0.46999998871999804,
    0.46999998871999804,
    0.46999998871999804,
    0.4699999960078405,
    0.47999998079999695,
    0.43,
    0.46,
    0.41,
    0.4199999677999971,
    0.44,
    0.42,
    0.46,
    0.45,
    0.4600000097200008,
    0.45999998435999895,
    0.46,
    0.46999999821399996,
    0.42,
    0.43,
    0.45,
    0.41,
    0.41,
    0.41,
    0.41,
    0.41,
    0.41,
    0.41,
    0.3899999960515416,
    0.37254901580930405,
    0.34,
    0.36999996743999636,
    0.36999996743999636,
    0.36999996743999636,
    0.36999996743999636,
    0.36999996743999636,
    0.36999996743999636,
    0.36999996743999636,
    0.34000000040012124,
    0.3400000158400012,
    0.38,
    0.34000000080882353,
    0.32,
    0.32,
    0.33,
    0.31,
    0.29,
    0.31,
    0.32,
    0.31,
    0.33,
    0.33000000358288784,
    0.33000000208074554,
    0.36,
    0.35,
    0.35,
    0.3500000006155303,
    0.36,
    0.4,
    0.4,
    0.4287878787878788,
    0.38095238095238093,
    0.35,
    0.35,
    0.34,
    0.32999999445599987,
    0.33,
    0.33,
    0.33,
    0.35,
    0.3599999879396979,
    0.32,
    0.33,
    0.33,
    0.33,
    0.33,
    0.33,
    0.3200000054400005,
    0.33,
    0.3299999480249952,
    0.3299999480249952,
    0.3299999480249952,
    0.3299999480249952,
    0.3299999480249952,
    0.3299999480249952,
    0.3299999480249952,
    0.3299999590799969,
    0.33,
    0.33,
    0.33,
    0.32,
    0.33,
    0.32,
    0.3399999421999809,
    0.33,
    0.30000002800000447,
    0.3,
    0.35,
    0.36,
    0.36,
    0.36,
    0.37,
    0.37,
    0.37,
    0.37,
    0.38,
    0.38,
    0.37,
    0.38,
    0.42,
    0.42,
    0.4399999953480176,
    0.44,
    0.4599999677999969,
    0.4599997607998852,
    0.4,
    0.45999995951999545,
    0.45999995951999545,
    0.45999995951999545,
    0.45999995951999545,
    0.45999995951999545,
    0.45999995951999545,
    0.44,
    0.45999995951999545,
    0.45999995951999545,
    0.43,
    0.469999998496,
    0.4,
    0.39,
    0.3800000249922548,
    0.38000000104509063,
    0.38,
    0.38,
    0.37,
    0.37,
    0.38,
    0.4236877019980145,
    0.4199998235998977,
    0.4199998235998977,
    0.3900000050706571,
    0.4,
    0.4,
    0.4,
    0.4,
    0.39,
    0.4,
    0.4,
    0.4,
    0.4,
    0.4,
    0.4,
    0.4,
    0.38,
    0.4,
    0.3800000088571436,
    0.4,
    0.4,
    0.41,
    0.41999990479995813,
    0.45999998028571043,
    0.4400000001210811,
    0.44,
    0.45,
    0.45,
    0.45,
    0.45999998435999895,
    0.46,
    0.469999998496,
    0.48,
    0.47,
    0.5,
    0.519999999584,
    0.48,
    0.48,
    0.4800000187200012,
    0.51,
    0.5299999920499988,
    0.53,
    0.5499999559999947,
    0.5499999559999947,
    0.5499999559999947,
    0.5499999559999947,
    0.5499999559999947,
    0.5499999559999947,
    0.5499999559999947,
    0.55999999888,
    0.5400000736000128,
    0.5699999995566831,
    0.5400001150000288,
    0.5599999948208091,
    0.5699998783998638,
    0.5599999910399965,
    0.559999999328,
    0.53,
    0.51,
    0.49,
    0.49,
    0.49,
    0.49,
    0.49,
    0.49,
    0.51,
    0.5,
    0.52,
    0.52,
    0.53,
    0.53,
    0.5,
    0.5099999986978724,
    0.5,
    0.5,
    0.50999999847,
    0.5499999807499988,
    0.55,
    0.55,
    0.56,
    0.56,
    0.5600000117273196,
    0.57,
    0.58,
    0.57,
    0.55,
    0.59,
    0.5730092855009625,
    0.5599999663999852,
    0.55,
    0.56,
    0.5600000105600008,
    0.5800000546000202,
    0.56,
    0.6099999959333327,
    0.5799999013999182,
    0.58,
    0.59,
    0.59,
    0.59,
    0.6,
    0.59,
    0.61,
    0.62,
    0.62,
    0.61,
    0.62,
    0.62,
    0.62,
    0.62,
    0.6200000532000192,
    0.65,
    0.65,
    0.6200000056642934,
    0.62,
    0.6200000532000192,
    0.64,
    0.66,
    0.66,
    0.65,
    0.6799999945599995,
    0.7,
    0.6699999195999292,
    0.69,
    0.66,
    0.66,
    0.66,
    0.6599998695903244,
    0.65,
    0.65,
    0.65,
    0.6400000792000222,
    0.6499999024999659,
    0.6400001296000829,
    0.6499999990249999,
    0.65,
    0.640000002304,
    0.6695090263329975,
    0.65,
    0.65,
    0.65,
    0.65,
    0.65,
    0.65,
    0.65,
    0.6599999953799998,
    0.66,
    0.65,
    0.65,
    0.65,
    0.65,
    0.66,
    0.66,
    0.6599999953799998,
    0.6500905119266016,
    0.65,
    0.65,
    0.65,
    0.6400000622702932,
    0.65,
    0.65,
    0.65,
    0.65,
    0.65,
    0.64,
    0.64,
    0.64,
    0.659999942189765,
    0.65,
    0.656497223220447,
    0.64,
    0.64,
    0.6499999593749923,
    0.6499999602446386,
    0.66,
    0.659999979935999,
    0.66,
    0.65,
    0.65,
    0.65,
    0.66,
    0.65,
    0.65,
    0.65,
    0.65,
    0.65,
    0.65,
    0.65,
    0.65,
    0.659999999604,
    0.6599999534117543,
    0.6599999795030935,
    0.6599999996829057,
    0.6599999363855291,
    0.6599999709433793,
    0.6599999451631767,
    0.66,
    0.66,
    0.6599999953799998,
    0.6599999603999865,
    0.6599999919512147,
    0.6599999953799998,
    0.66,
    0.66,
    0.66,
    0.6599999953799998,
    0.6599999910508415,
    0.66,
    0.6599998354782065,
    0.6599999836532461,
    0.6599998234394252,
    0.65,
    0.65,
    0.65,
    0.65,
    0.65,
    0.65,
    0.65,
    0.65,
    0.65,
    0.65,
    0.65,
    0.65,
    0.65,
    0.65,
    0.65,
    0.65,
    0.66,
    0.6599999953799998,
    0.650000082214801,
    0.669999969076915,
    0.6699999678077997,
    0.6500001107984952,
    0.65,
    0.6500001173780809,
    0.66,
    0.66,
    0.66,
    0.66,
    0.66,
    0.66,
    0.66,
    0.66,
    0.66,
    0.66,
    0.66,
    0.6699999997588,
    0.6699999912986958,
    0.660000083111137,
    0.6699999352265532,
    0.6699999993963561,
    0.669999819766025,
    0.6600001125828188,
    0.6600001011905063,
    0.66,
    0.66,
    0.6600001283916497,
    0.6600000475380017,
    0.669999819766025,
    0.66,
    0.6699999874374963,
    0.669999991198039,
    0.67,
    0.6699999986599999,
    0.67,
    0.67,
    0.6600000142800009,
    0.66,
    0.6699998436665989,
    0.6699998150306125,
    0.6600000855090117,
    0.6699998726999733,
    0.6699999882079998,
    0.6699999596992354,
    0.6699999840476146,
    0.6600000468965614,
    0.6699999344342371,
    0.6600000452023191,
    0.6699999521428457,
    0.67,
    0.669999998820602,
    0.6699999978935606,
    0.6600000011173351,
    0.6600000058285717,
    0.6699999951331719,
    0.67,
    0.6600000367200034,
    0.6699999971859999,
    0.6699999541501034,
    0.66,
    0.66,
    0.66,
    0.66,
    0.66,
    0.66,
    0.66,
    0.66,
    0.66,
    0.66,
    0.66,
    0.66,
    0.66,
    0.66,
    0.66,
    0.66,
    0.66,
    0.66,
    0.66,
    0.66,
    0.66,
    0.66,
    0.67,
    0.67,
    0.6799998911999086,
    0.679999998096,
    0.6799999727999957,
    0.6799999999546666,
    0.68,
    0.6799999773332963,
    0.6799999493167582,
    0.68,
    0.6799999994273684,
    0.679999998096,
    0.68,
    0.679999998368,
    0.6795196191862801,
    0.6699999390908703,
    0.6699999858734857,
    0.66,
    0.6600000350716396,
    0.6699999857012154,
    0.6699999874374963,
    0.6600000952000368,
    0.67,
    0.6699999195999292,
    0.660000125120054,
    0.6699999971859999,
    0.660000110140887,
    0.6600000581710986,
    0.6699999824709256,
    0.669999962479987,
    0.6699999510233667,
    0.6699999731999944,
    0.669999962479987,
    0.6699999916249987,
    0.67,
    0.6699999973199998,
    0.6699999915133323,
    0.68,
    0.6754796892588963,
    0.6699999998085714,
    0.66,
    0.66,
    0.66,
    0.66,
    0.6600000068601151,
    0.66,
    0.66,
    0.6699998297538625,
    0.6699999521428457,
    0.66,
    0.6600000997653022,
    0.66,
    0.66,
    0.66,
    0.66,
    0.66,
    0.6600000188910765,
    0.66,
    0.66,
    0.66,
    0.66,
    0.6699999966499998,
    0.67,
    0.6799999934719999,
    0.6600019490644491,
    0.67,
    0.6700001203529681,
    0.68,
    0.67,
    0.67,
    0.6799998564222335,
    0.6799999727999957,
    0.6799999727999957,
    0.6799998095999263,
    0.6799999727999957,
    0.6799999727999957,
    0.679999999456,
    0.67999999932,
    0.68,
    0.6799999727999957,
    0.68,
    0.6799999714399984,
    0.67999999932,
    0.6799999727999957,
    0.6799998095999263,
    0.68,
    0.6799999934719999,
    0.66,
    0.66,
    0.67,
    0.66,
    0.66,
    0.6600000061129091,
    0.6799999727999957,
    0.679999999302564,
    0.679999956479997,
    0.6799999708868469,
    0.6799999936533332,
    0.6799999936533332,
    0.68,
    0.68,
    0.6799999751975617,
    0.6700000821886898,
    0.67,
    0.67,
    0.67,
    0.679999945287345,
    0.670000046465524,
    0.68,
    0.689999959537027,
    0.69,
    0.6899999934905539,
    0.69,
    0.6899999925462952,
    0.6899999585999611,
    0.6899999778070053,
    0.6899999657142661,
    0.6899999440540082,
    0.6899998711999382,
    0.68,
    0.689999996826,
    0.68,
    0.68,
    0.6899999412765472,
    0.689999959537027,
    0.6899999494134489,
    0.68,
    0.6899999978899076,
    0.6899998943241501,
    0.68,
    0.6899999440540082,
    0.69,
    0.68,
    0.68999999954,
    0.68,
    0.6899999682515158,
    0.6899999406876672,
    0.68,
    0.6700001203529681,
    0.69,
    0.6899999585999611,
    0.6831682843642666,
    0.68,
    0.68,
    0.68,
    0.6799999727999957,
    0.6600001335714953,
    0.6799999727999957,
    0.6799999727999957,
    0.6799999727999957,
    0.6799998911999086,
    0.660000145714339,
    0.66,
    0.6799999512835565,
    0.6799999678106429,
    0.67,
    0.6600000817721839,
    0.6799999727999957,
    0.6799999727999957,
    0.6799999727999957,
    0.6799999742789548,
    0.66,
    0.68,
    0.6799999921159399,
    0.68,
    0.6799999836636542,
    0.66,
    0.66,
    0.66,
    0.66,
    0.66,
    0.66,
    0.66,
    0.66,
    0.66,
    0.66,
    0.66,
    0.66,
    0.66,
    0.66,
    0.66,
    0.66,
    0.66,
    0.66,
    0.67,
    0.67,
    0.67,
    0.67,
    0.67,
    0.67,
    0.67,
    0.67,
    0.66,
    0.660000005425532,
    0.66,
    0.66,
    0.66,
    0.67,
    0.67,
    0.67,
    0.67,
    0.67,
    0.67,
    0.67,
    0.67,
    0.67,
    0.67,
    0.67,
    0.6699999973199998,
    0.6699999193517869,
    0.66,
    0.66,
    0.66,
    0.6600000992701165,
    0.669999962479987,
    0.669999962479987,
    0.669999962479987,
    0.669999962479987,
    0.660000170000085,
    0.66,
    0.6600001335714953,
    0.6699999992616266,
    0.6699998790975844,
    0.6600000022760386,
    0.6699999403238678,
    0.669999962479987,
    0.669999962479987,
    0.6699999656410127,
    0.67,
    0.660000091631246,
    0.6699999917745527,
    0.6699999870125415,
    0.6699999195999292,
    0.6699999851933672,
    0.6699999751564291,
    0.6699999793464814,
    0.6699999953037378,
    0.669999962479987,
    0.6699999946017973,
    0.6699999980911671,
    0.669999962479987,
    0.67,
    0.67,
    0.66,
    0.66,
    0.66,
    0.669999951272716,
    0.6600000683799128,
    0.6600000584049158,
    0.6699999510233667,
    0.669999969076915,
    0.66,
    0.67,
    0.66,
    0.679999998096,
    0.68,
    0.67,
    0.6799999803846136,
    0.6799999803846136,
    0.68,
    0.679999989863353,
    0.6799999969977921,
    0.68,
    0.6799999868440115,
    0.68,
    0.679999984130687,
    0.68,
    0.68,
    0.6799999727999957,
    0.6799999727999957,
    0.6799999727999957,
    0.66,
    0.67,
    0.68,
    0.6799999945599995,
    0.67,
    0.67,
    0.6799999727999957,
    0.6799999727999957,
    0.6799999727999957,
    0.6799999727999957,
    0.67,
    0.67,
    0.67,
    0.67,
    0.67,
    0.67,
    0.67,
    0.6799999902741348,
    0.670000217800074,
    0.6799999866339053,
    0.6799999983658755,
    0.67,
    0.679999979876691,
    0.6799999969844783,
    0.6799999762889115,
    0.6799999844393578,
    0.6799999834750895,
    0.6799999831265492,
    0.6799999811547327,
    0.6799999904225331,
    0.679999993546855,
    0.679999979876691,
    0.670000001078,
    0.6799999727999957,
    0.679999999456,
    0.6799999727999957,
    0.6799999727999957,
    0.6799999727999957,
    0.68,
    0.6700000646084405,
    0.6700000059125001,
    0.68,
    0.68,
    0.6799999748922931,
    0.6799999678106429,
    0.6700000753703996,
    0.6700000362195193,
    0.670000065800611,
    0.6799999836636542,
    0.68,
    0.679999945287345,
    0.6799999727999957,
    0.6799999727999957,
    0.6799999727999957,
    0.6799999727999957,
    0.6799999505454222,
    0.6799999921159399,
    0.6700000992157213,
    0.6799999661059102,
    0.6700001228965907,
    0.6799999444897777,
    0.6700000804375307,
    0.6799999881049548,
    0.6700001265000569,
    0.68,
    0.6700000992157213,
    0.670000065800611,
    0.6799999518583962,
    0.6700001203529681,
    0.6799999608069074,
    0.6799999674251318,
    0.6799999917073146,
    0.6799999751975617,
    0.6700000856329433,
    0.6799999727999957,
    0.6799999727999957,
    0.6799999727999957,
    0.6799999727999957,
    0.6799999998445714,
    0.68,
    0.6700000096418943,
    0.67,
    0.6799999727999957,
    0.6799999727999957,
    0.6799999727999957,
    0.6799999727999957,
    0.6799999603498335,
    0.6700001257143127,
    0.6700000064058824,
    0.679999999048,
    0.6700002070588966,
    0.679999959097716,
    0.6799999727999957,
    0.6799999727999957,
    0.6799999727999957,
    0.6799999727999957,
    0.6799999964468889,
    0.6799999634080409,
    0.6700001547788255,
    0.6799999836636542,
    0.6799999587878688,
    0.6700001197945591,
    0.6700001637594404,
    0.6700000704268572,
    0.67,
    0.6699999970855,
    0.6600001202721482,
    0.6799999764161789,
    0.67,
    0.6600000755555854,
    0.6799999776591291,
    0.6700000909615716,
    0.6799999917073146,
    0.67,
    0.67,
    0.68,
    0.6799999727999957,
    0.67,
    0.67,
    0.67,
    0.67,
    0.67,
    0.67,
    0.67,
    0.67,
    0.67,
    0.68,
    0.6799999987820895,
    0.6799999984231884,
    0.68,
    0.68,
    0.68,
    0.68,
    0.68,
    0.68,
    0.68,
    0.68,
    0.68,
    0.6799999921159399,
    0.679999945287345,
    0.6799999603498335,
    0.660000001054,
    0.669999999881129,
    0.67,
    0.66999999933,
    0.67,
    0.66,
    0.6699999839199988,
    0.6699998834782087,
    0.6600001369784606,
    0.67,
    0.6699999584306443,
    0.6699999388592979,
    0.66,
    0.66,
    0.659999995297261,
    0.66,
    0.66,
    0.66,
    0.6600001575835593,
    0.67,
    0.67,
    0.67,
    0.6699996951498338,
    0.669999979363999,
    0.6699999834497434,
    0.669999979363999,
    0.67,
    0.6699996951498338,
    0.6699995477495515,
    0.660000114750033,
    0.669999979363999,
    0.6699999891421777,
    0.67,
    0.67,
    0.67,
    0.67,
    0.670000005426872,
    0.68,
    0.6799999945599995,
    0.68,
    0.67999999932,
    0.6799999945599995,
    0.6799999411891625,
    0.68,
    0.6799999768510547,
    0.6700000704000084,
    0.679999998096,
    0.6799999644112101,
    0.6700000453435225,
    0.68,
    0.67,
    0.67999999932,
    0.6700000497391374,
    0.68,
    0.6813164513237607,
    0.679999998096,
    0.67,
    0.6799998911999086,
    0.68,
    0.6700001680815868,
    0.68,
    0.6700000035936703,
    0.670000004386076,
    0.67,
    0.67,
    0.67,
    0.6899999951699998,
    0.6899999978437499,
    0.6899999994692307,
    0.6700000041533923,
    0.6899999951699998,
    0.6899999925479998,
    0.67,
    0.67,
    0.687250990046983,
    0.6899999925479998,
    0.6882673913813427,
    0.67,
    0.67,
    0.68,
    0.68,
    0.68,
    0.68,
    0.68,
    0.69,
    0.68,
    0.68,
    0.6899999917199968,
    0.68,
    0.68,
    0.69,
    0.69,
    0.69,
    0.69,
    0.69,
    0.69,
    0.69,
    0.69,
    0.69,
    0.7,
    0.7,
    0.7099999815399987,
    0.7099999431998909,
    0.7099999431998909,
    0.7099999137855401,
    0.7099999886399911,
    0.71,
    0.7099999886399911,
    0.71,
    0.7099999502999869,
    0.7099999502999869,
    0.709999998012,
    0.7099999983429084,
    0.71,
    0.7099999497344723,
    0.71,
    0.7099999870909054,
    0.7099999975274246,
    0.7099999502999869,
    0.7099999502999869,
    0.71,
    0.7199999935512755,
    0.7156580067543102,
    0.7099999502999869,
    0.7099999431998909,
    0.7099999814782574,
    0.7099999927550984,
    0.71,
    0.71,
    0.709999998012,
    0.71,
    0.7099999701799893,
    0.7099999502999869,
    0.71,
    0.71,
    0.71,
    0.71,
    0.71,
    0.71,
    0.71,
    0.71,
    0.71,
    0.71,
    0.71,
    0.71,
    0.71,
    0.7100001071739511,
    0.7299999087499658,
    0.72,
    0.7287906210347254,
    0.7199999994352941,
    0.7100000074598072,
    0.7199995391993733,
    0.7299995668663462,
    0.710000045516687,
    0.7299995920584516,
    0.7299998101998596,
    0.72,
    0.72,
    0.7299999910350875,
    0.7299999967172568,
    0.7299998101998596,
    0.7299998101998596,
    0.7299999989127659,
    0.7263681545060762,
    0.72,
    0.7299999761956433,
    0.7291250469921111,
    0.72,
    0.7199999996544,
    0.72,
    0.7199998559995968,
    0.72,
    0.72,
    0.719999985599996,
    0.7199999991487684,
    0.72,
    0.72,
    0.72,
    0.7199999976913827,
    0.72,
    0.7299999972348474,
    0.72,
    0.7283248489545078,
    0.72,
    0.72,
    0.7199999679287248,
    0.7199999981027667,
    0.7199998559995968,
    0.72,
    0.719999985599996,
    0.7199999965439999,
    0.7237672370035841,
    0.72,
    0.72,
    0.72,
    0.7199999723961584,
    0.71,
    0.7100000092800002,
    0.72,
    0.7199999980799999,
    0.7199999654399878,
    0.72,
    0.7199998559995968,
    0.72,
    0.7100000420500044,
    0.7228638874147586,
    0.71,
    0.72,
    0.7100001334000721,
    0.7199999980799999,
    0.7199999388679152,
    0.7199997407998341,
    0.7199999917567083,
    0.71,
    0.7199997407998341,
    0.710000036250006,
    0.7199997407998341,
    0.7199997407998341,
    0.7199997407998341,
    0.7199997407998341,
    0.7199997407998341,
    0.7199997407998341,
    0.7199997407998341,
    0.7199995391993733,
    0.7199997407998341,
    0.7199998079999232,
    0.7199997407998341,
    0.7100000147416672,
    0.7199995391993733,
    0.7199995391993733,
    0.7199995391993733,
    0.7199995391993733,
    0.7199995391993733,
    0.72,
    0.7199997407998341,
    0.7199995391993733,
    0.7199995391993733,
    0.7199995391993733,
    0.7100000153700007,
    0.7199995391993733,
    0.719999995392,
    0.7199995391993733,
    0.7199995391993733,
    0.7199999900974211,
    0.7199999711999867,
    0.72,
    0.7100000090222225,
    0.7100000153700007,
    0.7199999980799999,
    0.7199999980799999,
    0.719999985599996,
    0.72,
    0.71,
    0.72,
    0.7199999438048688,
    0.71,
    0.72,
    0.7100001334000721,
    0.7199995391993733,
    0.71,
    0.7100001334000721,
    0.7199999876571413,
    0.7199999965439999,
    0.7199997407998341,
    0.7199999965439999,
    0.71,
    0.71,
    0.7199999954505636,
    0.7199999819999982,
    0.710000053606067,
    0.72,
    0.72,
    0.72,
    0.7199999987586206,
    0.700000016636906,
    0.71,
    0.7100000153700007,
    0.72,
    0.7100001334000721,
    0.7199999971199998,
    0.7199999980799999,
    0.7199998559995968,
    0.72,
    0.71,
    0.71,
    0.71,
    0.700000180000072,
    0.71,
    0.7099994390993213,
    0.71,
    0.7,
    0.7,
    0.7,
    0.7,
    0.7,
    0.7099999502999869,
    0.7099994390993213,
    0.71,
    0.7099994390993213,
    0.71,
    0.7199998559995968,
    0.7199998559995968,
    0.71,
    0.71,
    0.71,
    0.7199998559995968,
    0.72,
    0.7399999940799994,
    0.73,
    0.73,
    0.73,
    0.73,
    0.73,
    0.739999998816,
    0.7300000837000159,
    0.7300000837000159,
    0.7300000837000159,
    0.74,
    0.74,
    0.74,
    0.74,
    0.74,
    0.74,
    0.74,
    0.73,
    0.73,
    0.73,
    0.73,
    0.73,
    0.73,
    0.7399999911199997,
    0.73,
    0.700000180000072,
    0.71,
    0.7,
    0.7,
    0.7,
    0.7,
    0.7,
    0.7,
    0.7,
    0.7,
    0.7,
    0.7,
    0.7,
    0.7,
    0.7,
    0.7,
    0.7,
    0.7,
    0.7200000952000152,
    0.7200000952000152,
    0.7200000952000152,
    0.74,
    0.74,
    0.74,
    0.74,
    0.74,
    0.74,
    0.74,
    0.74,
    0.7000000750000187,
    0.7000000750000187,
    0.7000000750000187,
    0.72,
    0.7000000178394457,
    0.7,
    0.7000000148957306,
    0.72,
    0.72,
    0.72,
    0.72,
    0.72,
    0.72,
    0.7000000178926449,
    0.7,
    0.7000000149402398,
    0.7000000179461622,
    0.7,
    0.71,
    0.7899999968588466,
    0.7899999906636339,
    0.7816380940090273,
    0.7799999812799929,
    0.78,
    0.7751529436690591,
    0.72,
    0.72,
    0.7100000359600027,
    0.8199999951141986,
    0.7199999857000982,
    0.8199999869582455,
    0.71999999141153,
    0.7199999827888416,
    0.8079174793165452,
    0.7199999942514959,
    0.72,
    0.7199999857000982,
    0.71999999141153,
    0.719999997134328,
    0.7899999976394415,
    0.79,
    0.7199999942514959,
    0.7199999943529402,
    0.7199999983384615,
    0.7,
    0.73,
    0.73,
    0.72,
    0.72,
    0.74,
    0.8,
    0.76,
    0.79,
    0.79,
    0.78,
    0.78,
    0.7883752093802345,
    0.7799999765999949,
    0.78,
    0.75,
    0.7400001352000649,
    0.740000052000007,
    0.7523451163881774,
    0.7399999970399999,
    0.74,
    0.76,
    0.74,
    0.77,
    0.77,
    0.77,
    0.79,
    0.77,
    0.76,
    0.76,
    0.75,
    0.76,
    0.76,
    0.78,
    0.75,
    0.75,
    0.75,
    0.75,
    0.7756100056100056,
    0.75,
    0.75,
    0.75,
    0.75,
    0.7599999782856994,
    0.74,
    0.74,
    0.74,
    0.74,
    0.7599999324443003,
    0.73,
    0.73,
    0.75,
    0.72,
    0.7599999391999319,
    0.75,
    0.76,
    0.76,
    0.76,
    0.76,
    0.76,
    0.76,
    0.75,
    0.75,
    0.77,
    0.76,
    0.76,
    0.77,
    0.7697688990567214,
    0.73,
    0.73,
    0.74,
    0.74,
    0.75,
    0.75,
    0.74,
    0.74,
    0.75,
    0.75,
    0.76,
    0.76,
    0.8,
    0.8,
    0.72,
    0.73,
    0.79,
    0.7899999288998998,
    0.73,
    0.73,
    0.73,
    0.73,
    0.73,
    0.79,
    0.79,
    0.79,
    0.79,
    0.72,
    0.77,
    0.79,
    0.79,
    0.76,
    0.79,
    0.77,
    0.8,
    0.77,
    0.77,
    0.8,
    0.8,
    0.77,
    0.77,
    0.76,
    0.77,
    0.77,
    0.77,
    0.79,
    0.79,
    0.77,
    0.79,
    0.79,
    0.79,
    0.75,
    0.76,
    0.74,
    0.78,
    0.78,
    0.78,
    0.79,
    0.79,
    0.79,
    0.78,
    0.78,
    0.79,
    0.8199999551912103,
    0.8199999963021416,
    0.819999996122931,
    0.8199999966462147,
    0.819999977222215,
    0.8199999890227564,
    0.8099999797499886,
    0.8099998912986688,
    0.8099999209362312,
    0.8099999721330221,
    0.8099999972969961,
    0.8199999891677647,
    0.82999998537444,
    0.8299999862525854,
    0.8299999859915594,
    0.83,
    0.8299999987518795,
    0.8299999894192621,
    0.8299999976046166,
    0.8299999925892825,
    0.8299999929421745,
    0.8299999874242363,
    0.8399999828279332,
    0.8399999907692258,
    0.84,
    0.8399999922222205,
    0.8399999957414443,
    0.8399999937430156,
    0.8399999832835741,
    0.8399999841259721,
    0.8399999860290975,
    0.8499999829999799,
    0.8499999829999799,
    0.68,
    0.67,
    0.68,
    0.660000170000085,
    0.67,
    0.97
]
