[
    0.999,
    0.999,
    0.999,
    0.999,
    0.999,
    0.999,
    0.999,
    0.999,
    0.999,
    0.999,
    0.999,
    0.999,
    0.999,
    0.999,
    0.999,
    0.999,
    0.999,
    0.999,
    0.999,
    0.999,
    0.999,
    0.999,
    0.999,
    0.999,
    0.999,
    0.999,
    0.999,
    0.999,
    0.99,
    0.99,
    0.99,
    0.99,
    0.99,
    0.99,
    0.99,
    0.99,
    0.99,
    0.99,
    0.99,
    0.99,
    0.99,
    0.99,
    0.99,
    0.99,
    0.99,
    0.99,
    0.99,
    0.99,
    0.99,
    0.99,
    0.99,
    0.99,
    0.99,
    0.99,
    0.99,
    0.99,
    0.99,
    0.99,
    0.9836381054653679,
    0.99,
    0.99,
    0.96,
    0.97,
    0.9700000142500004,
    0.96,
    0.93,
    0.95,
    0.88,
    0.79,
    0.790000026040002,
    0.779999987515838,
    0.7799999993497291,
    0.7799999995319999,
    0.68,
    0.68,
    0.68,
    0.6704761904761904,
    0.65,
    0.67,
    0.6,
    0.5999999939999998,
    0.56,
    0.56,
    0.6,
    0.6199998649503907,
    0.62,
    0.59,
    0.629999981099993,
    0.6099999926799997,
    0.64,
    0.64,
    0.64,
    0.62,
    0.64,
    0.62,
    0.64,
    0.63,
    0.65,
    0.76,
    0.65,
    0.66,
    0.67,
    0.66,
    0.68,
    0.7,
    0.736053606450207,
    0.73,
    0.7566666666666667,
    0.74,
    0.7599999697813073,
    0.7599999228985306,
    0.73,
    0.73,
    0.7599999901390174,
    0.7599999994528,
    0.7300000184407228,
    0.7599999990499999,
    0.75,
    0.7599999969599999,
    0.76,
    0.7599999979319727,
    0.76,
    0.7599999483199932,
    0.7200000145600007,
    0.7799999401999946,
    0.77,
    0.77,
    0.7,
    0.7,
    0.6900000164300008,
    0.69,
    0.69,
    0.7,
    0.69,
    0.68,
    0.6793033482823181,
    0.6651233196135707,
    0.6599999998416,
    0.648,
    0.63,
    0.65,
    0.65,
    0.64,
    0.63,
    0.63,
    0.61,
    0.6,
    0.56,
    0.59,
    0.62,
    0.57,
    0.54,
    0.55,
    0.62,
    0.58,
    0.62,
    0.6300001369000863,
    0.6300000229400009,
    0.63,
    0.64,
    0.64,
    0.64,
    0.62,
    0.62,
    0.64,
    0.64,
    0.65,
    0.63,
    0.6499999723749984,
    0.65,
    0.6100000053666443,
    0.62,
    0.62,
    0.6499999651536781,
    0.64,
    0.6200000066349208,
    0.63,
    0.629999976311999,
    0.99,
    0.6199999791596602,
    0.61,
    0.6100000023490076,
    0.6268656713611049,
    0.6199999627999948,
    0.61,
    0.61999999752,
    0.62,
    0.619999999876,
    0.62,
    0.62,
    0.62,
    0.6299999988701087,
    0.6299999957999993,
    0.65,
    0.61,
    0.62,
    0.65,
    0.61,
    0.61,
    0.6,
    0.62,
    0.6543,
    0.62,
    0.68,
    0.62,
    0.65,
    0.62,
    0.65,
    0.6299999764799883,
    0.63,
    0.63,
    0.61,
    0.61,
    0.63,
    0.63,
    0.61,
    0.61,
    0.61,
    0.61,
    0.63,
    0.63,
    0.61,
    0.61,
    0.63,
    0.61,
    0.63,
    0.61,
    0.63,
    0.61,
    0.6298333333333334,
    0.61,
    0.61,
    0.61,
    0.62,
    0.62,
    0.62,
    0.61,
    0.61,
    0.62,
    0.6100000442000098,
    0.62,
    0.619999999132,
    0.62,
    0.610000001755,
    0.6199999941624165,
    0.6199999627999948,
    0.61,
    0.61,
    0.61,
    0.610000001755,
    0.61,
    0.61,
    0.6199998728999625,
    0.6299999978378698,
    0.6100000011691433,
    0.62,
    0.62,
    0.62,
    0.62,
    0.62,
    0.62,
    0.6199999834666644,
    0.6292276230926538,
    0.618413001463864,
    0.61,
    0.61,
    0.61,
    0.61,
    0.6,
    0.6,
    0.6,
    0.6099999104195309,
    0.5800000546000202,
    0.61,
    0.609999978214267,
    0.609999982232993,
    0.5999999874869646,
    0.57,
    0.62,
    0.58,
    0.6366666666666667,
    0.52,
    0.64,
    0.53,
    0.52,
    0.53,
    0.639044,
    0.51,
    0.51,
    0.63,
    0.52,
    0.52,
    0.64,
    0.64,
    0.52,
    0.52,
    0.64,
    0.52,
    0.6366666666666667,
    0.64,
    0.64,
    0.5,
    0.5,
    0.5,
    0.64,
    0.5,
    0.6327196666666667,
    0.63,
    0.48,
    0.47,
    0.48,
    0.63,
    0.47,
    0.63,
    0.47,
    0.47,
    0.6266666666666667,
    0.63,
    0.63,
    0.47,
    0.47,
    0.6226153333333333,
    0.61,
    0.47,
    0.47,
    0.63,
    0.47,
    0.63,
    0.63,
    0.47,
    0.47,
    0.63,
    0.6266666666666667,
    0.63,
    0.46,
    0.46,
    0.63,
    0.63,
    0.46,
    0.47,
    0.46,
    0.63,
    0.46,
    0.6266666666666667,
    0.46,
    0.45,
    0.63,
    0.63,
    0.46,
    0.46,
    0.47,
    0.46,
    0.59,
    0.63,
    0.6266666666666667,
    0.59,
    0.6,
    0.6,
    0.63,
    0.63,
    0.6,
    0.63,
    0.6214126666666666,
    0.6,
    0.6199999627999948,
    0.62,
    0.6199999974581482,
    0.6199999627999948,
    0.62,
    0.62,
    0.6200000988000731,
    0.6299999763749949,
    0.62000000152,
    0.62,
    0.6200000012689053,
    0.6299999914949993,
    0.63,
    0.639398626530357,
    0.63,
    0.63,
    0.63,
    0.64,
    0.6379704394851742,
    0.64,
    0.64,
    0.64,
    0.6200001165333753,
    0.62,
    0.6367103299618637,
    0.54,
    0.59,
    0.52,
    0.53,
    0.43,
    0.44,
    0.54,
    0.57,
    0.51,
    0.41,
    0.53,
    0.41,
    0.6499999998664896,
    0.6499999902499998,
    0.65,
    0.64,
    0.4,
    0.59,
    0.5,
    0.56,
    0.61,
    0.58,
    0.61,
    0.43,
    0.65,
    0.56,
    0.5,
    0.65,
    0.61,
    0.64,
    0.6,
    0.53,
    0.44,
    0.4,
    0.6599999973252277,
    0.6599999973599998,
    0.6599999724041631,
    0.66,
    0.66,
    0.66,
    0.65,
    0.67,
    0.66,
    0.65,
    0.65,
    0.6799999941714282,
    0.66,
    0.67,
    0.6799999988727928,
    0.67,
    0.6799998911999086,
    0.6799999961142856,
    0.675215365447403,
    0.66999999933,
    0.66,
    0.6500000157500009,
    0.650000022082021,
    0.6665260563242001,
    0.65,
    0.65,
    0.6561030340943802,
    0.65,
    0.6499999999664517,
    0.63,
    0.6200000034875888,
    0.64,
    0.63,
    0.63,
    0.63,
    0.63,
    0.63,
    0.63,
    0.63,
    0.63,
    0.63,
    0.63,
    0.63,
    0.63,
    0.6299999984104615,
    0.6299999942669999,
    0.6286426,
    0.62,
    0.6100000067736845,
    0.619999994213333,
    0.62,
    0.6199998511998869,
    0.6199998511998869,
    0.6199998511998869,
    0.6199998511998869,
    0.6199998511998869,
    0.6199998511998869,
    0.6199998511998869,
    0.6199998511998869,
    0.6199998511998869,
    0.6199998511998869,
    0.6199998511998869,
    0.6199999920703432,
    0.6100000267598491,
    0.629999998236,
    0.6100000190008265,
    0.61,
    0.61,
    0.628134284917228,
    0.62,
    0.62,
    0.6100001521000927,
    0.6100001521000927,
    0.6100001521000927,
    0.63,
    0.63,
    0.629999948339994,
    0.6100000140400009,
    0.629999948339994,
    0.629999948339994,
    0.6100000140400009,
    0.6285867783681769,
    0.6100000120308495,
    0.6199999990906666,
    0.6199999990906666,
    0.6199999940622501,
    0.6100001521000927,
    0.61,
    0.6100001521000927,
    0.6281618702281282,
    0.61,
    0.62,
    0.610000109200024,
    0.6100001521000927,
    0.6100001521000927,
    0.6100001521000927,
    0.6100001521000927,
    0.6100001521000927,
    0.6100001521000927,
    0.6100001521000927,
    0.6100001521000927,
    0.6100001521000927,
    0.610000001797051,
    0.6299999763749949,
    0.6100000442000098,
    0.6216620834038027,
    0.6299999995210946,
    0.6100000085871565,
    0.6100000066080563,
    0.6294503123924662,
    0.62,
    0.6100001521000927,
    0.619999986359999,
    0.62,
    0.61,
    0.6199998962908887,
    0.6100000097500002,
    0.6199998511998869,
    0.6100000140400009,
    0.61,
    0.62,
    0.62,
    0.62,
    0.63,
    0.63,
    0.63,
    0.6299999916152446,
    0.62,
    0.6208058625432077,
    0.6100000131250009,
    0.6299999716499984,
    0.6299999896993668,
    0.6299999716499984,
    0.6100000170208487,
    0.6299999904882351,
    0.6299999950499999,
    0.6299999950695652,
    0.63,
    0.63,
    0.63,
    0.6299999928214864,
    0.6299999991885474,
    0.64,
    0.64,
    0.64,
    0.63,
    0.63,
    0.64,
    0.63,
    0.63,
    0.61,
    0.63,
    0.64,
    0.64,
    0.64,
    0.64,
    0.64,
    0.6311754222546163,
    0.63,
    0.61,
    0.6299999969232558,
    0.6299999929739772,
    0.5900000084378884,
    0.63,
    0.63,
    0.63,
    0.64,
    0.62,
    0.65,
    0.6400000149584492,
    0.6400000128342253,
    0.65,
    0.6499999934999994,
    0.65,
    0.62,
    0.6499999964442009,
    0.61,
    0.61,
    0.61,
    0.6464111233603151,
    0.63,
    0.63,
    0.6299999899755179,
    0.6412745506535603,
    0.64,
    0.6,
    0.64,
    0.6,
    0.6,
    0.6499999934369947,
    0.6499999934999994,
    0.6450860183251621,
    0.64,
    0.42,
    0.6,
    0.35,
    0.3500000001941893,
    0.36,
    0.63,
    0.62,
    0.64,
    0.49,
    0.63,
    0.63,
    0.63,
    0.61,
    0.52,
    0.61,
    0.36,
    0.52,
    0.55,
    0.63,
    0.6499999990249999,
    0.6499999825268727,
    0.6400000254253635,
    0.6499999886164606,
    0.6499999945424004,
    0.6400000283636385,
    0.6599999936962745,
    0.64,
    0.64000006240001,
    0.6400000372413819,
    0.6599999984597431,
    0.64,
    0.65,
    0.630001198102769,
    0.63,
    0.6501697711343941,
    0.6499999990249999,
    0.64,
    0.63,
    0.64,
    0.6499999930629666,
    0.6404319457733408,
    0.6300000249174094,
    0.64,
    0.6300000352111599,
    0.6599999995752476,
    0.6599999973243241,
    0.6580646257506075,
    0.6499999896743432,
    0.65,
    0.65,
    0.6499999998711149,
    0.6499999993564356,
    0.6499999949165796,
    0.64,
    0.64,
    0.64,
    0.6499999657894395,
    0.6499999911828537,
    0.6499999957488549,
    0.6467455745867271,
    0.64,
    0.64,
    0.649999989012846,
    0.64,
    0.62,
    0.6382229213009885,
    0.6299997838231797,
    0.63,
    0.64,
    0.63,
    0.6299999880299978,
    0.64,
    0.63,
    0.6299999939004142,
    0.63,
    0.63,
    0.64,
    0.64,
    0.6393135975320361,
    0.65,
    0.61000000325,
    0.61,
    0.62,
    0.6100000061168381,
    0.6650079822352655,
    0.63,
    0.6899999585999611,
    0.62,
    0.62,
    0.62,
    0.6899999585999611,
    0.6899999585999611,
    0.6899999585999611,
    0.6899999585999611,
    0.6899998711999382,
    0.6899999585999611,
    0.6899998619997091,
    0.6899999942499953,
    0.6100000226200032,
    0.6899998619997091,
    0.6100000072428575,
    0.6899999925479998,
    0.6899999585999611,
    0.69,
    0.61,
    0.6899999917199968,
    0.6899999585999611,
    0.63,
    0.64,
    0.6300001369000863,
    0.66,
    0.6899999585999611,
    0.62,
    0.6685396939154804,
    0.6100001521000927,
    0.6599998943999641,
    0.61,
    0.66,
    0.6200000532000192,
    0.62,
    0.6100000026698457,
    0.62,
    0.62,
    0.6200002365760351,
    0.63,
    0.66,
    0.65,
    0.65,
    0.65,
    0.65,
    0.62,
    0.64,
    0.64,
    0.64,
    0.62,
    0.65,
    0.62,
    0.6561027336260689,
    0.65,
    0.65,
    0.6599999603549458,
    0.65,
    0.66,
    0.66,
    0.62,
    0.65,
    0.6599998057657063,
    0.6,
    0.6599999876139396,
    0.6,
    0.6,
    0.65,
    0.65,
    0.65,
    0.61,
    0.61,
    0.61,
    0.69,
    0.6,
    0.6899999994405406,
    0.6,
    0.6899999946333333,
    0.6,
    0.6899998727182229,
    0.6899999585999611,
    0.6899999585999611,
    0.6899999744444217,
    0.6899999585999611,
    0.6899999585999611,
    0.6,
    0.6899999585999611,
    0.6899999585999611,
    0.6899999585999611,
    0.6899999585999611,
    0.69,
    0.6899999585999611,
    0.6899999585999611,
    0.6899999585999611,
    0.6899999585999611,
    0.69,
    0.6899999585999611,
    0.6899999585999611,
    0.6,
    0.6899999585999611,
    0.6899999843181779,
    0.62,
    0.6899998670641239,
    0.61,
    0.6,
    0.58,
    0.6899999897612898,
    0.58,
    0.6899999585999611,
    0.6899999871857136,
    0.58,
    0.58,
    0.6899999917199968,
    0.5800000168000027,
    0.689999997042857,
    0.58,
    0.6899999868899976,
    0.55,
    0.7197649362410499,
    0.5,
    0.5,
    0.5,
    0.59,
    0.65,
    0.35,
    0.6,
    0.64,
    0.6,
    0.6400000792000222,
    0.6
]
