[
    0.999,
    0.999,
    0.999,
    0.999,
    0.999,
    0.999,
    0.999,
    0.999,
    0.999,
    0.999,
    0.999,
    0.999,
    0.999,
    0.999,
    0.999,
    0.999,
    0.999,
    0.999,
    0.999,
    0.999,
    0.999,
    0.999,
    0.999,
    0.999,
    0.999,
    0.999,
    0.999,
    0.999,
    0.999,
    0.999,
    0.999,
    0.999,
    0.9989999995366922,
    0.9990000008991001,
    0.996,
    0.995,
    0.994,
    0.994,
    0.99400000594,
    0.999,
    0.999,
    0.999,
    0.999,
    0.999,
    0.999,
    0.999,
    0.999,
    0.999,
    0.999,
    0.999,
    0.999,
    0.999,
    0.999,
    0.999,
    0.999,
    0.9980735103117943,
    0.9959999997066328,
    0.9959998420754161,
    0.995,
    0.995999904996786,
    0.996,
    0.99,
    0.99,
    0.9959997462819028,
    0.99,
    0.9959999991735126,
    0.9959990637590076,
    0.99,
    0.99,
    0.99,
    0.99,
    0.99,
    0.99,
    0.99,
    0.991,
    0.99,
    0.991,
    0.995,
    0.997295378099723,
    0.995,
    0.998,
    0.99,
    0.99,
    0.99,
    0.99,
    0.99,
    0.9700000288000011,
    0.97,
    0.99,
    0.9700000288000011,
    0.99,
    0.98,
    0.98,
    0.98,
    0.98,
    0.99,
    0.9801980196078816,
    0.97,
    0.9822695386918429,
    0.96,
    0.9300000420000027,
    0.9418,
    0.94,
    0.9399999623995127,
    0.9400000276000011,
    0.9670219752188527,
    0.95,
    0.92,
    0.91,
    0.91,
    0.93,
    0.93,
    0.93,
    0.93,
    0.93,
    0.9299999979333322,
    0.9299999888399957,
    0.89,
    0.890000016841086,
    0.9097829206292697,
    0.91,
    0.88,
    0.89,
    0.9,
    0.9,
    0.93,
    0.93,
    0.9299154203117682,
    0.9100000264000011,
    0.9100000400500022,
    0.93,
    0.94,
    0.9,
    0.928277614874686,
    0.9,
    0.91,
    0.92,
    0.9,
    0.91,
    0.9,
    0.91,
    0.91,
    0.91,
    0.91,
    0.91,
    0.91,
    0.91,
    0.91,
    0.9189777674408383,
    0.91,
    0.91,
    0.91,
    0.91,
    0.91,
    0.9103388639027691,
    0.91,
    0.91,
    0.9,
    0.9,
    0.9,
    0.9,
    0.8938182,
    0.89,
    0.9,
    0.9,
    0.9,
    0.91,
    0.88,
    0.91,
    0.89,
    0.8495916039742943,
    0.7800000272800021,
    0.780000046933339,
    0.78000008360001,
    0.8,
    0.81,
    0.8100000332500025,
    0.8100000332500025,
    0.8100000332500025,
    0.8100000332500025,
    0.8100000273600015,
    0.83,
    0.81,
    0.8199999835999839,
    0.83,
    0.8,
    0.770000034755558,
    0.78,
    0.8,
    0.75,
    0.7400000291379341,
    0.75,
    0.73,
    0.74,
    0.72,
    0.7100001334000721,
    0.74,
    0.74,
    0.74,
    0.74,
    0.75,
    0.75,
    0.75,
    0.8,
    0.8599999991399997,
    0.84,
    0.8499999659999946,
    0.8099999854199988,
    0.81,
    0.81,
    0.8100000273600015,
    0.81,
    0.80014,
    0.8,
    0.78,
    0.8,
    0.78,
    0.77,
    0.77,
    0.76,
    0.77,
    0.75,
    0.77,
    0.77,
    0.78,
    0.8,
    0.8,
    0.81,
    0.7787612131567706,
    0.77,
    0.77,
    0.77,
    0.77,
    0.76,
    0.77,
    0.77,
    0.76,
    0.76,
    0.76,
    0.77,
    0.77,
    0.76,
    0.76,
    0.76,
    0.76,
    0.76,
    0.76,
    0.76,
    0.76,
    0.76,
    0.76,
    0.75,
    0.75,
    0.75,
    0.76,
    0.75,
    0.76,
    0.76,
    0.76,
    0.76,
    0.75,
    0.75,
    0.75,
    0.75,
    0.75,
    0.74,
    0.74,
    0.74,
    0.74,
    0.74,
    0.74,
    0.74,
    0.74,
    0.72,
    0.71,
    0.72,
    0.72,
    0.72,
    0.71,
    0.72,
    0.72,
    0.7,
    0.69,
    0.690000005899654,
    0.6999999719999955,
    0.69,
    0.6700000077325163,
    0.6700000409200031,
    0.6700000077550002,
    0.6700001072500188,
    0.6700001072500188,
    0.6700001072500188,
    0.6700001072500188,
    0.6700001072500188,
    0.6700001072500188,
    0.6700001072500188,
    0.6700001072500188,
    0.6700001072500188,
    0.6899999951699998,
    0.6873728045452581,
    0.6600000013060483,
    0.66,
    0.6882436016228509,
    0.66,
    0.6600000020489413,
    0.6799999983658755,
    0.6600000345762735,
    0.66,
    0.67,
    0.6700000704000084,
    0.6700000704000084,
    0.6700000704000084,
    0.6700000704000084,
    0.6700000704000084,
    0.6700000704000084,
    0.6700000704000084,
    0.6700000704000084,
    0.6700000000215243,
    0.67,
    0.6700000032027905,
    0.670000217800074,
    0.67,
    0.67,
    0.67,
    0.660000170000085,
    0.66,
    0.66,
    0.6500000385000034,
    0.6500000385000034,
    0.6500000385000034,
    0.6500000385000034,
    0.6500000385000034,
    0.6500000385000034,
    0.6500000385000034,
    0.6500000385000034,
    0.66,
    0.66,
    0.66,
    0.66,
    0.66,
    0.66,
    0.65,
    0.6500001225000797,
    0.65,
    0.65,
    0.65,
    0.65,
    0.65,
    0.6499999897151868,
    0.6499999024999659,
    0.6499999674999887,
    0.64,
    0.6499999674999887,
    0.65,
    0.6585873301186885,
    0.6499999990249999,
    0.6499999990249999,
    0.65,
    0.65,
    0.65,
    0.65,
    0.65,
    0.65,
    0.65,
    0.65,
    0.65,
    0.65,
    0.65,
    0.65,
    0.65,
    0.65,
    0.65,
    0.65,
    0.65,
    0.65,
    0.65,
    0.65,
    0.65,
    0.65,
    0.65,
    0.65,
    0.65,
    0.65,
    0.65,
    0.65,
    0.65,
    0.65,
    0.65,
    0.65,
    0.65,
    0.65,
    0.65,
    0.65,
    0.65,
    0.65,
    0.65,
    0.65,
    0.65,
    0.65,
    0.65,
    0.65,
    0.65,
    0.65,
    0.65,
    0.65,
    0.65,
    0.65,
    0.65,
    0.65,
    0.65,
    0.65,
    0.65,
    0.65,
    0.65,
    0.65,
    0.65,
    0.65,
    0.65,
    0.65,
    0.65,
    0.65,
    0.65,
    0.65,
    0.65,
    0.65,
    0.65,
    0.65,
    0.65,
    0.65,
    0.65,
    0.65,
    0.65,
    0.65,
    0.65,
    0.65,
    0.65,
    0.65,
    0.65,
    0.65,
    0.65,
    0.65,
    0.65,
    0.65,
    0.65,
    0.65,
    0.65,
    0.65,
    0.659999991199999,
    0.65,
    0.65,
    0.6599999973599998,
    0.6599999942399997,
    0.66,
    0.65,
    0.6500000643645425,
    0.650000012068966,
    0.6500000525000096,
    0.6500001225000797,
    0.6500000098768601,
    0.6500000190405547,
    0.6599999972577533,
    0.6599999953799998,
    0.6500000157500009,
    0.65,
    0.65,
    0.65,
    0.6599999841599988,
    0.6599999998187137,
    0.65,
    0.65,
    0.6545834039291308,
    0.65,
    0.65,
    0.6499999975743251,
    0.6499999947999999,
    0.6499999968380087,
    0.6499999953571427,
    0.6499997919999002,
    0.65,
    0.6499997941665946,
    0.65,
    0.65,
    0.65,
    0.65,
    0.6499999934999994,
    0.6499999783333305,
    0.6525799865106422,
    0.6499999990246098,
    0.64,
    0.64,
    0.6400000822857542,
    0.6499999929286334,
    0.640000011893321,
    0.65,
    0.6499999953088912,
    0.65,
    0.65,
    0.64,
    0.640000003078809,
    0.64,
    0.64,
    0.6400000792000222,
    0.64,
    0.6599999980637049,
    0.6400000156000006,
    0.6400000129600009,
    0.659999997624,
    0.640000002036415,
    0.6400000230400031,
    0.6400000096000004,
    0.6536742438607387,
    0.6499999986999999,
    0.640000002725982,
    0.6499999976936723,
    0.6400000022875298,
    0.6400000039168448,
    0.6400000021614133,
    0.6400000038037736,
    0.6499999989634276,
    0.6499999674999887,
    0.6499999980538922,
    0.65,
    0.649999993679502,
    0.6499999814285666,
    0.64,
    0.6400001296000829,
    0.6499999978914359,
    0.65,
    0.6499999979023235,
    0.6400000792000222,
    0.6400000079200002,
    0.6400000284210541,
    0.6499999948016632,
    0.6400000046287369,
    0.65,
    0.6400000207942264,
    0.65,
    0.6400000040270334,
    0.6499999978597298,
    0.65,
    0.64,
    0.6599999972197519,
    0.6593673434875765,
    0.64,
    0.64,
    0.6400000891383442,
    0.6400000060538117,
    0.6531989234843985,
    0.6599999996550372,
    0.659999998944,
    0.659999999505,
    0.659999998944,
    0.6599999985030242,
    0.6599999987423438,
    0.6599999841599988,
    0.659999999736,
    0.659999999879,
    0.6599999992421053,
    0.6500000017500001,
    0.66,
    0.640000001296,
    0.6599999793910998,
    0.6599999820598,
    0.659999999879,
    0.6599999975941674,
    0.6400000098573876,
    0.6500000075954863,
    0.66,
    0.64000000576,
    0.65,
    0.6400000002115264,
    0.65,
    0.6599999953799998,
    0.650000012935587,
    0.65,
    0.6500000158007604,
    0.6599998943999641,
    0.6599999988183594,
    0.6599999926869766,
    0.659999997994302,
    0.6500000049198764,
    0.65,
    0.6599999945969772,
    0.6599999995832018,
    0.6599999986419752,
    0.6500000094128195,
    0.650000004262517,
    0.65,
    0.65,
    0.65,
    0.6499999941947007,
    0.65,
    0.65,
    0.65,
    0.65,
    0.65,
    0.65,
    0.65,
    0.65,
    0.65,
    0.6499999892951246,
    0.6499999948521646,
    0.65,
    0.6300000081821591,
    0.63,
    0.63,
    0.6300000038992892,
    0.63,
    0.63,
    0.64,
    0.64,
    0.6300000083767623,
    0.63,
    0.64,
    0.64,
    0.64,
    0.64,
    0.64,
    0.64,
    0.64,
    0.63,
    0.63,
    0.6300000325600037,
    0.6300001369000863,
    0.64,
    0.64,
    0.64,
    0.63,
    0.64,
    0.6300001329688061,
    0.64,
    0.6300000673731422,
    0.64,
    0.64,
    0.6300001206952124,
    0.6300000103911743,
    0.64,
    0.64,
    0.6300000686826426,
    0.6300000425155363,
    0.64,
    0.64,
    0.64,
    0.6300000727666766,
    0.64,
    0.630000064777456,
    0.64,
    0.6300000016846589,
    0.64,
    0.6300000041132369,
    0.64,
    0.6300000888000231,
    0.6300000727666766,
    0.64,
    0.6300000069015546,
    0.64,
    0.6300000035400859,
    0.6300000067295387,
    0.64,
    0.63,
    0.64,
    0.64,
    0.63,
    0.6300000021969671,
    0.64,
    0.64,
    0.6300001180851315,
    0.64,
    0.64,
    0.64,
    0.630000091105551,
    0.6300000111420795,
    0.63,
    0.63,
    0.6300001369000863,
    0.6300000305250051,
    0.64,
    0.64,
    0.6300001755932858,
    0.64,
    0.64,
    0.6300000974850626,
    0.6300000957868258,
    0.6300000019720187,
    0.64,
    0.6300015361085695,
    0.64,
    0.64,
    0.64,
    0.64,
    0.64,
    0.64,
    0.63,
    0.6300000888000231,
    0.64,
    0.6300001129473934,
    0.64,
    0.6300001005641268,
    0.64,
    0.64,
    0.630000110418873,
    0.64,
    0.64,
    0.6300005736453008,
    0.64,
    0.64,
    0.64,
    0.64,
    0.64,
    0.64,
    0.64,
    0.64,
    0.64,
    0.64,
    0.64,
    0.64,
    0.64,
    0.64,
    0.64,
    0.64,
    0.64,
    0.64,
    0.64,
    0.64,
    0.64,
    0.64,
    0.64,
    0.64,
    0.64,
    0.64,
    0.64,
    0.64,
    0.64,
    0.64,
    0.64,
    0.64,
    0.64,
    0.64,
    0.64,
    0.64,
    0.64,
    0.64,
    0.64,
    0.64,
    0.64,
    0.64,
    0.64,
    0.64,
    0.64,
    0.64,
    0.64,
    0.64,
    0.64,
    0.64,
    0.64,
    0.64,
    0.64,
    0.64,
    0.64,
    0.64,
    0.64,
    0.64,
    0.64,
    0.64,
    0.64,
    0.64,
    0.64,
    0.64,
    0.64,
    0.64,
    0.64,
    0.64,
    0.64,
    0.64,
    0.64,
    0.64,
    0.64,
    0.64,
    0.64,
    0.64,
    0.64,
    0.64,
    0.64,
    0.6459984271411144,
    0.64,
    0.64,
    0.64,
    0.63,
    0.6499999771929753,
    0.65,
    0.6300000735795727,
    0.6499999602446386,
    0.6300000349695195,
    0.65,
    0.6499999326424242,
    0.6499999597522995,
    0.630000064777456,
    0.64,
    0.64,
    0.64,
    0.64,
    0.65,
    0.64,
    0.64,
    0.64,
    0.64,
    0.63,
    0.63,
    0.63,
    0.63,
    0.63,
    0.62,
    0.63,
    0.63,
    0.63,
    0.62,
    0.62,
    0.6100000954545889,
    0.6199999498265791,
    0.6100000994117881,
    0.6199999907855618,
    0.6100000330929183,
    0.6199999987334013,
    0.6199999627999948,
    0.62,
    0.62,
    0.62,
    0.62,
    0.62,
    0.62,
    0.62,
    0.62,
    0.62,
    0.62,
    0.62,
    0.62,
    0.62,
    0.62,
    0.62,
    0.62,
    0.62,
    0.62,
    0.62,
    0.62,
    0.62,
    0.62,
    0.62,
    0.6299999996327355,
    0.62,
    0.62,
    0.62,
    0.62,
    0.62,
    0.62,
    0.6200002724713443,
    0.6200001165333753,
    0.62,
    0.62,
    0.62,
    0.62,
    0.62,
    0.64,
    0.64,
    0.63,
    0.63,
    0.64,
    0.64,
    0.63,
    0.63,
    0.63,
    0.63,
    0.64,
    0.6200000128232408,
    0.63,
    0.62,
    0.64,
    0.64,
    0.64,
    0.64,
    0.6200000988000731,
    0.64,
    0.6200000318476224,
    0.6200000258400035,
    0.6200000380000089,
    0.6200000988000731,
    0.6200000988000731,
    0.64,
    0.63,
    0.63,
    0.63,
    0.64,
    0.62,
    0.6200000028946543,
    0.63,
    0.6200000097093586,
    0.64,
    0.64,
    0.64,
    0.64,
    0.64,
    0.6300000436805656,
    0.63,
    0.6300001369000863,
    0.6300000106066671,
    0.64,
    0.64,
    0.6300000264071954,
    0.63,
    0.6300000229400009,
    0.64,
    0.63,
    0.63,
    0.63,
    0.63,
    0.62,
    0.63,
    0.63,
    0.63,
    0.63,
    0.6200001165333753,
    0.63,
    0.63,
    0.63,
    0.63,
    0.64,
    0.64,
    0.64,
    0.64,
    0.64,
    0.64,
    0.65,
    0.65,
    0.65,
    0.6599999603999865,
    0.65,
    0.64,
    0.64,
    0.65,
    0.6599999973599998,
    0.65,
    0.65,
    0.65,
    0.65,
    0.65,
    0.65,
    0.65,
    0.65,
    0.62,
    0.6100001521000927,
    0.6100000187909099,
    0.6100001521000927,
    0.6100000226200032,
    0.62,
    0.61,
    0.61,
    0.6199998511998869,
    0.61,
    0.61,
    0.61,
    0.6,
    0.6,
    0.61,
    0.61,
    0.609999859699892,
    0.6099999755999961,
    0.6,
    0.6,
    0.6,
    0.59,
    0.59,
    0.6,
    0.6,
    0.6,
    0.6,
    0.6,
    0.6,
    0.6,
    0.6,
    0.609999985895946,
    0.5400000353846399,
    0.6199999265184728,
    0.5400002392001149,
    0.52,
    0.54,
    0.52,
    0.61,
    0.61,
    0.61,
    0.61,
    0.6,
    0.6,
    0.61,
    0.61,
    0.61,
    0.61,
    0.61,
    0.61,
    0.61,
    0.61,
    0.62,
    0.62,
    0.61,
    0.62,
    0.62,
    0.62,
    0.62,
    0.62,
    0.62,
    0.62,
    0.62,
    0.62,
    0.62,
    0.610000109200024,
    0.62,
    0.62,
    0.61,
    0.62,
    0.65,
    0.5100002053334428,
    0.5
]
