[
    0.002,
    0.002,
    0.002,
    0.002,
    0.002,
    0.002,
    0.005,
    0.002,
    0.002,
    0.002,
    0.003,
    0.003,
    0.002,
    0.003,
    0.01,
    0.005,
    0.005,
    0.005,
    0.005,
    0.005,
    0.004,
    0.012,
    0.0120000000048,
    0.012000000048,
    0.012000000075000001,
    0.010477295357247222,
    0.003,
    0.003,
    0.005,
    0.003,
    0.002,
    0.005,
    0.01,
    0.005,
    0.003,
    0.01,
    0.01,
    0.01,
    0.01,
    0.01,
    0.01,
    0.011,
    0.018,
    0.011,
    0.018000000491001054,
    0.019,
    0.018,
    0.012,
    0.012000003952245023,
    0.03,
    0.02,
    0.02,
    0.02,
    0.02,
    0.02,
    0.026,
    0.026000000025973337,
    0.0260000027272049,
    0.03599996630399784,
    0.03,
    0.03,
    0.030000001407839386,
    0.031,
    0.03100001114358902,
    0.03600000033277311,
    0.03599996630399784,
    0.036,
    0.036000003000781704,
    0.04455720261307203,
    0.037000000037,
    0.036,
    0.027,
    0.027,
    0.031,
    0.030000000002505498,
    0.03000000000330572,
    0.03,
    0.03,
    0.03,
    0.04,
    0.04790990990990991,
    0.04,
    0.04,
    0.03,
    0.03,
    0.03,
    0.034,
    0.03,
    0.04,
    0.030000000323333356,
    0.041,
    0.05,
    0.059999994599999946,
    0.05,
    0.04,
    0.05,
    0.05,
    0.08,
    0.08,
    0.08,
    0.08,
    0.06,
    0.06,
    0.06982142857142858,
    0.05,
    0.05,
    0.03000000052503407,
    0.03,
    0.04,
    0.04,
    0.04,
    0.05,
    0.05,
    0.04,
    0.04,
    0.04,
    0.04,
    0.05,
    0.04,
    0.04,
    0.05,
    0.04,
    0.05,
    0.04,
    0.05,
    0.04,
    0.04,
    0.04,
    0.04,
    0.059850371370824794,
    0.04,
    0.04,
    0.04,
    0.04,
    0.05,
    0.05,
    0.05,
    0.05,
    0.06,
    0.06999997969999912,
    0.06999997969999912,
    0.07,
    0.07,
    0.08999999970810811,
    0.08181817821074377,
    0.08637235939891173,
    0.07,
    0.08939051737771912,
    0.08,
    0.06,
    0.05,
    0.05,
    0.059999998895999995,
    0.059999998895999995,
    0.06,
    0.05,
    0.06,
    0.05,
    0.05,
    0.05,
    0.05,
    0.08,
    0.08,
    0.08,
    0.06,
    0.07,
    0.07,
    0.08,
    0.08,
    0.09,
    0.08,
    0.08,
    0.11,
    0.1,
    0.11,
    0.13999988239998118,
    0.13,
    0.13,
    0.13999999734,
    0.13999999215999992,
    0.13,
    0.13,
    0.13999988239998118,
    0.13999997871999897,
    0.13972055866414876,
    0.12,
    0.11,
    0.08,
    0.08,
    0.10999999547795934,
    0.10999995034285118,
    0.11,
    0.09,
    0.09,
    0.1,
    0.11561992344187591,
    0.11,
    0.11742283637145522,
    0.10999998151999942,
    0.11707316837596668,
    0.09,
    0.1199999519999952,
    0.1,
    0.09000000045500023,
    0.1,
    0.1,
    0.1,
    0.1,
    0.1,
    0.1,
    0.11,
    0.11,
    0.12,
    0.1,
    0.11,
    0.12,
    0.11,
    0.13999988239998118,
    0.15,
    0.16999998017492654,
    0.16,
    0.16999999413499992,
    0.15,
    0.15,
    0.15,
    0.15,
    0.14000000086000025,
    0.14,
    0.14,
    0.15000000042500003,
    0.18,
    0.18,
    0.18,
    0.17,
    0.18,
    0.18,
    0.18,
    0.17,
    0.17,
    0.17,
    0.17,
    0.17,
    0.19,
    0.19,
    0.2,
    0.22,
    0.2,
    0.2,
    0.2,
    0.21999999361999986,
    0.21,
    0.21,
    0.21,
    0.22,
    0.25,
    0.26,
    0.26,
    0.27,
    0.2700000584000148,
    0.27,
    0.26999985419993294,
    0.2699999655749958,
    0.2699999973490909,
    0.26999999973,
    0.2699999681399974,
    0.26999999318392565,
    0.27,
    0.260000001205539,
    0.27999990479998477,
    0.2865083230667851,
    0.2799999731199972,
    0.28,
    0.28,
    0.27999999641638224,
    0.27814569417306256,
    0.27484122916825776,
    0.26999986885711286,
    0.27,
    0.26,
    0.26,
    0.27,
    0.2400000053876832,
    0.24000001216000344,
    0.24,
    0.23281751824817518,
    0.22,
    0.22,
    0.2199999850399995,
    0.22999999682599997,
    0.22999982749995687,
    0.23,
    0.2299999455666614,
    0.23,
    0.22999999800666665,
    0.22,
    0.22,
    0.22999982749995687,
    0.22,
    0.21999985479995063,
    0.22,
    0.22,
    0.22,
    0.21999999669999998,
    0.22,
    0.21,
    0.21000000790002363,
    0.21000000007502373,
    0.22,
    0.22,
    0.21,
    0.2,
    0.19000000001396952,
    0.23,
    0.2200000001404,
    0.22,
    0.22,
    0.22,
    0.2299999975357143,
    0.22999999877678998,
    0.22999999107058805,
    0.22999998824817472,
    0.22999998688999942,
    0.2299998658332998,
    0.22999994699217902,
    0.23,
    0.23,
    0.23,
    0.23,
    0.22999996032499692,
    0.23,
    0.22999991604998868,
    0.23,
    0.23,
    0.23,
    0.22999982749995687,
    0.23,
    0.23,
    0.22,
    0.23,
    0.22,
    0.22,
    0.22,
    0.22,
    0.22,
    0.22000000195000025,
    0.23,
    0.22,
    0.22,
    0.22,
    0.22999999665328646,
    0.23,
    0.23,
    0.22000000208000015,
    0.22999999328399992,
    0.22000001560000748,
    0.23,
    0.23,
    0.23,
    0.23,
    0.22000002340000516,
    0.23,
    0.23,
    0.23,
    0.23,
    0.23999999770431846,
    0.23999999748923076,
    0.23,
    0.23,
    0.23,
    0.23,
    0.23,
    0.23,
    0.23,
    0.23,
    0.23,
    0.23,
    0.23999996828193554,
    0.23,
    0.23,
    0.23,
    0.23,
    0.2300000017875001,
    0.23,
    0.23,
    0.23,
    0.23000001232000472,
    0.23000001232000472,
    0.23,
    0.24,
    0.23,
    0.23000001026667166,
    0.24,
    0.24,
    0.24,
    0.24,
    0.24,
    0.24,
    0.24,
    0.24,
    0.24,
    0.24,
    0.24,
    0.24,
    0.24,
    0.24,
    0.24,
    0.24,
    0.24,
    0.24000009120017146,
    0.24,
    0.24,
    0.24000006433865292,
    0.24000005808924155,
    0.24,
    0.24000004606062653,
    0.25,
    0.25,
    0.24000004750007126,
    0.2400000269026658,
    0.24000004606062653,
    0.25,
    0.2400000706977336,
    0.2400000219494816,
    0.24000001461538784,
    0.25,
    0.24,
    0.24,
    0.2400000405333582,
    0.2400000405333582,
    0.2400000405333582,
    0.2400000405333582,
    0.25,
    0.2400000000361905,
    0.25,
    0.25,
    0.24,
    0.25,
    0.2400000405333582,
    0.2400000405333582,
    0.2400000405333582,
    0.2400000405333582,
    0.24,
    0.2399998559999424,
    0.2399999855999994,
    0.23999999673599998,
    0.24,
    0.24,
    0.23,
    0.23,
    0.23,
    0.23,
    0.23,
    0.23,
    0.23,
    0.23,
    0.23000000540825424,
    0.23,
    0.23,
    0.23999999183999987,
    0.23,
    0.23,
    0.23,
    0.23,
    0.23,
    0.23,
    0.23000000038669666,
    0.23,
    0.23,
    0.23,
    0.23,
    0.23,
    0.23,
    0.23,
    0.23,
    0.2399999673599979,
    0.23000000654500125,
    0.23,
    0.23,
    0.23,
    0.23,
    0.24,
    0.24,
    0.24,
    0.24,
    0.24,
    0.24,
    0.24,
    0.24,
    0.24,
    0.24,
    0.24,
    0.24,
    0.24,
    0.24,
    0.25,
    0.25,
    0.25,
    0.25,
    0.25,
    0.23,
    0.23,
    0.23,
    0.23,
    0.25,
    0.25,
    0.25,
    0.25,
    0.23000000307769203,
    0.23000000654500125,
    0.23,
    0.23,
    0.23,
    0.23,
    0.23,
    0.24,
    0.24000009120017146,
    0.25,
    0.23,
    0.23,
    0.23,
    0.23,
    0.25,
    0.23000000308000024,
    0.25,
    0.25,
    0.23000001232000472,
    0.25,
    0.2300000192500316,
    0.25,
    0.25,
    0.23000004766673182,
    0.25,
    0.25,
    0.23,
    0.23,
    0.23,
    0.24,
    0.24,
    0.25,
    0.25,
    0.25,
    0.25,
    0.24,
    0.23,
    0.25,
    0.2300000910001547,
    0.25,
    0.2300000033694521,
    0.23000001135483958,
    0.25,
    0.25,
    0.25,
    0.25,
    0.25,
    0.25,
    0.25,
    0.25,
    0.24,
    0.24,
    0.23,
    0.24,
    0.24,
    0.24,
    0.24,
    0.25,
    0.24,
    0.24,
    0.24,
    0.25,
    0.25,
    0.25,
    0.25,
    0.25,
    0.25,
    0.25,
    0.25,
    0.25,
    0.23000000064166679,
    0.25,
    0.24202949535082638,
    0.24,
    0.24,
    0.23000001232000472,
    0.23000000448326102,
    0.25,
    0.25,
    0.23,
    0.24,
    0.24,
    0.23,
    0.23,
    0.24,
    0.24,
    0.23,
    0.23,
    0.24,
    0.24,
    0.25,
    0.24000009120017146,
    0.24,
    0.25,
    0.25,
    0.25,
    0.25,
    0.25,
    0.24000000202666674,
    0.25,
    0.24000009120017146,
    0.24000009120017146,
    0.25,
    0.25,
    0.25,
    0.25,
    0.25,
    0.25,
    0.25,
    0.25,
    0.25,
    0.25,
    0.24,
    0.24,
    0.24,
    0.24000000456000042,
    0.25,
    0.24,
    0.24,
    0.24,
    0.2300000005798509,
    0.25,
    0.24,
    0.24,
    0.24,
    0.24,
    0.23,
    0.2403846153846154,
    0.23,
    0.24,
    0.24,
    0.24,
    0.24,
    0.24,
    0.24,
    0.24,
    0.24,
    0.24,
    0.24,
    0.24,
    0.24,
    0.24,
    0.24,
    0.24,
    0.24,
    0.24,
    0.24,
    0.24,
    0.24,
    0.25,
    0.24000003040001094,
    0.25,
    0.25,
    0.25,
    0.25,
    0.25,
    0.24000000456000042,
    0.25,
    0.25,
    0.25,
    0.25,
    0.25,
    0.25,
    0.25,
    0.25,
    0.25,
    0.25,
    0.25,
    0.25,
    0.25,
    0.25,
    0.25,
    0.25,
    0.25,
    0.25,
    0.25,
    0.25,
    0.25,
    0.25,
    0.25,
    0.25,
    0.25,
    0.25,
    0.25,
    0.25,
    0.25,
    0.25,
    0.25,
    0.25,
    0.25,
    0.25,
    0.25,
    0.25,
    0.25,
    0.2599999063999713,
    0.25999999766,
    0.26,
    0.26,
    0.26,
    0.26,
    0.26999999534249997,
    0.26999998109999895,
    0.26,
    0.2599998647999351,
    0.25,
    0.259999998492,
    0.26,
    0.26,
    0.27,
    0.26,
    0.26,
    0.26,
    0.27,
    0.27,
    0.27,
    0.279999843199931,
    0.27000018980014046,
    0.28,
    0.26,
    0.27,
    0.26000000592000067,
    0.27,
    0.27,
    0.27,
    0.27,
    0.2799999936533333,
    0.2600000009241336,
    0.26000000592000067,
    0.26000000592000067,
    0.26000000075487867,
    0.28,
    0.27,
    0.27000000058400003,
    0.27000018980014046,
    0.28,
    0.28,
    0.27,
    0.28,
    0.27,
    0.2699999681399974,
    0.2725060733431603,
    0.279999843199931,
    0.28,
    0.279999998096,
    0.27,
    0.26,
    0.279999843199931,
    0.28,
    0.2716117826588584,
    0.269999993730237,
    0.26,
    0.26,
    0.25,
    0.26,
    0.26,
    0.259999927199984,
    0.2599999986470529,
    0.25,
    0.25,
    0.25,
    0.25,
    0.25,
    0.25999999644878047,
    0.25999999661999995,
    0.26,
    0.26,
    0.26,
    0.26,
    0.26,
    0.26,
    0.26,
    0.26,
    0.26,
    0.26,
    0.26,
    0.26,
    0.26,
    0.26,
    0.26,
    0.2699999955811622,
    0.27,
    0.269999998299,
    0.26000000592000067,
    0.26999998055999946,
    0.2699999681399974,
    0.2699999655749958,
    0.2699999162999841,
    0.26000000888000036,
    0.26,
    0.26999985419993294,
    0.26,
    0.26999985419993294,
    0.26,
    0.26000005791306413,
    0.2699999681399974,
    0.26000000888000036,
    0.26,
    0.26,
    0.26,
    0.26999985419993294,
    0.2699999484374919,
    0.26,
    0.25,
    0.25,
    0.26,
    0.25,
    0.25,
    0.25,
    0.25,
    0.25,
    0.25,
    0.25,
    0.259999998492,
    0.26,
    0.26,
    0.26,
    0.26,
    0.25999994799999304,
    0.26,
    0.2599999903428568,
    0.259999927199984,
    0.26,
    0.2599999987,
    0.2599998647999351,
    0.2599998647999351,
    0.25999994799999304,
    0.25999996463999775,
    0.24000002331288986,
    0.24,
    0.25,
    0.25,
    0.25,
    0.25,
    0.25,
    0.25,
    0.25,
    0.25,
    0.25,
    0.25,
    0.25,
    0.25,
    0.25,
    0.25,
    0.25,
    0.25,
    0.25,
    0.25,
    0.25,
    0.25,
    0.25,
    0.25,
    0.25,
    0.25,
    0.25,
    0.25,
    0.25,
    0.25,
    0.25,
    0.25,
    0.2599998647999351,
    0.25,
    0.26,
    0.26,
    0.25,
    0.26,
    0.26,
    0.26,
    0.26,
    0.26,
    0.26,
    0.26,
    0.26,
    0.26,
    0.26,
    0.26,
    0.26,
    0.26,
    0.270000032120005,
    0.28,
    0.2799999928319999,
    0.27722771330261725,
    0.26,
    0.27,
    0.26,
    0.27,
    0.26,
    0.26,
    0.26,
    0.27,
    0.270000001825,
    0.27,
    0.27000000055568735,
    0.279999998096,
    0.2799999731199972,
    0.27000002555000335,
    0.28,
    0.2700000912500342,
    0.28,
    0.28,
    0.28000003456001216,
    0.3,
    0.32,
    0.33,
    0.33,
    0.32,
    0.33,
    0.33,
    0.3269230467455589,
    0.28,
    0.2799999731199972,
    0.2799999731199972,
    0.2799999514666589,
    0.27,
    0.27,
    0.28,
    0.28,
    0.27,
    0.27,
    0.26,
    0.27,
    0.35533936668787924,
    0.33999990479996317,
    0.3499998833333074,
    0.26,
    0.26000000407000007,
    0.27,
    0.27,
    0.26,
    0.299999819999928,
    0.3,
    0.299999819999928,
    0.29,
    0.34,
    0.32,
    0.33,
    0.33,
    0.33,
    0.3405901746546416,
    0.339999829999915,
    0.27,
    0.26,
    0.24000000096126484,
    0.36999991119997694,
    0.24,
    0.26,
    0.26,
    0.3,
    0.25,
    0.36,
    0.36,
    0.3,
    0.32,
    0.36,
    0.36,
    0.36,
    0.32000000037788273,
    0.33,
    0.3200000015303654,
    0.33,
    0.34,
    0.39,
    0.34,
    0.34000019726070635,
    0.39,
    0.38,
    0.39,
    0.4,
    0.38,
    0.4452800240095005,
    0.43999980639989156,
    0.43999997066665886,
    0.38,
    0.38,
    0.43999986059396556,
    0.38,
    0.38,
    0.38,
    0.38,
    0.38,
    0.38,
    0.38,
    0.34000000057591623,
    0.35,
    0.3100000414000389,
    0.47999982719988943,
    0.26000003041102016,
    0.26,
    0.23000001232000472
]
