[
    0.999,
    0.999,
    0.999,
    0.999,
    0.999,
    0.999,
    0.999,
    0.999,
    0.999,
    0.999,
    0.999,
    0.999,
    0.999,
    0.999,
    0.999,
    0.999,
    0.999,
    0.999,
    0.999,
    0.999,
    0.999,
    0.999,
    0.999,
    0.999,
    0.998846081160006,
    0.9977379798244465,
    0.97,
    0.9700000288000011,
    0.9893064700135893,
    0.98,
    0.982,
    0.9889999147412397,
    0.982,
    0.98200000882,
    0.982,
    0.9810000182970007,
    0.9810000182970007,
    0.99,
    0.9810000091580001,
    0.99,
    0.99,
    0.99,
    0.99,
    0.99,
    0.99,
    0.9899775260394544,
    0.98,
    0.9896027970223071,
    0.99,
    0.99,
    0.98,
    0.98,
    0.9700000057000001,
    0.97,
    0.97,
    0.97,
    0.9799999831439996,
    0.98,
    0.98,
    0.96,
    0.96,
    0.96,
    0.9799999992552,
    0.98,
    0.96,
    0.96,
    0.97,
    0.97,
    0.95,
    0.93,
    0.91000012323079,
    0.9,
    0.91,
    0.91,
    0.91,
    0.91,
    0.91,
    0.96,
    0.96,
    0.96,
    0.9699999967666662,
    0.98,
    0.98,
    0.98,
    0.98,
    0.98,
    0.96,
    0.9799991571990392,
    0.98,
    0.9799999981217988,
    0.97,
    0.96,
    0.97,
    0.96,
    0.97,
    0.9699999999074692,
    0.96,
    0.96,
    0.96,
    0.98,
    0.96,
    0.98,
    0.98,
    0.98,
    0.96,
    0.96,
    0.96,
    0.98,
    0.96,
    0.99,
    0.99,
    0.99,
    0.99,
    0.99,
    0.96,
    0.97,
    0.98,
    0.98,
    0.97,
    0.99,
    0.97,
    0.96,
    0.96,
    0.96,
    0.97,
    0.96,
    0.96,
    0.96,
    0.96,
    0.97,
    0.97,
    0.95,
    0.94,
    0.9399996991994947,
    0.93,
    0.94,
    0.93,
    0.94,
    0.94,
    0.94,
    0.9199994479992272,
    0.93,
    0.91,
    0.93,
    0.9100000081,
    0.9100000093375002,
    0.9100000264000011,
    0.91,
    0.9326929015116154,
    0.9066666666666666,
    0.88,
    0.8700000033967742,
    0.87,
    0.8700000210600008,
    0.8661104045970515,
    0.8482722228862858,
    0.81,
    0.85,
    0.85,
    0.8500000152866246,
    0.85,
    0.85,
    0.87,
    0.87,
    0.87,
    0.87,
    0.8152858834406579,
    0.76,
    0.72,
    0.72,
    0.76,
    0.75,
    0.74,
    0.77,
    0.77,
    0.73,
    0.7451398264223722,
    0.73,
    0.73,
    0.7197227568938953,
    0.7,
    0.7000000004890948,
    0.7,
    0.71999999952,
    0.7000000180000007,
    0.7100000153700007,
    0.71,
    0.7100000460426577,
    0.71,
    0.71,
    0.6469959819993572,
    0.61999999876,
    0.58,
    0.62,
    0.62,
    0.58,
    0.65,
    0.65,
    0.65,
    0.6299999942669999,
    0.63,
    0.66,
    0.66,
    0.67,
    0.67,
    0.67,
    0.67,
    0.67,
    0.67,
    0.67,
    0.67,
    0.68,
    0.68,
    0.67,
    0.67,
    0.67,
    0.67,
    0.6183464566929134,
    0.58,
    0.5700000070442665,
    0.6059702969295979,
    0.53,
    0.53,
    0.52,
    0.5143878645985758,
    0.49,
    0.489999999069,
    0.4899999871374987,
    0.49,
    0.48999999411999995,
    0.47,
    0.47,
    0.5194202898550725,
    0.460000000288,
    0.41555802578923967,
    0.38000000795381694,
    0.43,
    0.37000000199461774,
    0.43,
    0.4299999998948889,
    0.39,
    0.3899999981985358,
    0.39,
    0.42,
    0.37000000850500075,
    0.39,
    0.37000000251786364,
    0.39,
    0.45,
    0.45,
    0.45,
    0.48,
    0.48,
    0.5235588,
    0.5149379903821817,
    0.52,
    0.55,
    0.5899999893799996,
    0.56,
    0.56,
    0.5899999999415841,
    0.56,
    0.57,
    0.5600000277894768,
    0.5899999999609702,
    0.5999999988461538,
    0.6,
    0.57,
    0.54,
    0.57,
    0.65,
    0.6500000014,
    0.65,
    0.6699999829958616,
    0.6699999911783332,
    0.6500000137165255,
    0.65,
    0.6500000525000096,
    0.65,
    0.65,
    0.66,
    0.67,
    0.67,
    0.6600000022254545,
    0.68,
    0.6600000032300001,
    0.6600000196806396,
    0.650000008166667,
    0.679999999048,
    0.67,
    0.6600000367200034,
    0.68,
    0.73,
    0.7,
    0.7,
    0.7,
    0.73,
    0.77,
    0.78,
    0.78,
    0.77,
    0.77,
    0.77,
    0.79,
    0.83,
    0.82,
    0.83,
    0.83,
    0.83,
    0.85,
    0.85,
    0.83,
    0.82,
    0.8,
    0.82,
    0.7900000511000046,
    0.82,
    0.78,
    0.79,
    0.81,
    0.87,
    0.88,
    0.88,
    0.89,
    0.8899999109995639,
    0.88,
    0.8799999992293377,
    0.88,
    0.88,
    0.89,
    0.8899999946599995,
    0.8699999951555298,
    0.8600000273000015,
    0.8600000273000015,
    0.8600000273000015,
    0.8600000273000015,
    0.8600000273000015,
    0.8600000273000015,
    0.8600000273000015,
    0.8600000273000015,
    0.86,
    0.8514586615604625,
    0.84,
    0.84,
    0.8362557402143014,
    0.81,
    0.81,
    0.8,
    0.8,
    0.83,
    0.81,
    0.8,
    0.8100000430666713,
    0.82,
    0.8,
    0.8,
    0.78,
    0.760000032640002,
    0.760000032640002,
    0.760000032640002,
    0.760000032640002,
    0.770000030820002,
    0.770000030820002,
    0.770000030820002,
    0.770000030820002,
    0.782956,
    0.7799999667421689,
    0.78,
    0.7899999912867622,
    0.76,
    0.77,
    0.77,
    0.7700000839500113,
    0.7700000480597093,
    0.77,
    0.77,
    0.76,
    0.77,
    0.76,
    0.76,
    0.78,
    0.7700000224377744,
    0.7800001452000493,
    0.78,
    0.7698890504149495,
    0.720990990990991,
    0.665925,
    0.63,
    0.6284049701131275,
    0.6499999878124987,
    0.65,
    0.64,
    0.7184309290737534,
    0.71,
    0.71,
    0.72,
    0.72,
    0.7,
    0.72,
    0.7,
    0.72,
    0.72,
    0.72,
    0.7199999774117637,
    0.7199999631294419,
    0.7199999667772138,
    0.72,
    0.74000000728,
    0.73,
    0.74,
    0.74,
    0.75,
    0.74,
    0.75,
    0.76,
    0.75,
    0.75,
    0.7600000816000131,
    0.79,
    0.75,
    0.75,
    0.75,
    0.75,
    0.76,
    0.7899999976602786,
    0.75,
    0.7100000233581175,
    0.71,
    0.71,
    0.71,
    0.71,
    0.72,
    0.72,
    0.67,
    0.660990990990991,
    0.63,
    0.62,
    0.63,
    0.623179,
    0.59,
    0.55,
    0.5300000105658921,
    0.54,
    0.54,
    0.5756,
    0.57,
    0.58,
    0.58,
    0.6199999993053481,
    0.6199999999689988,
    0.5800000728000116,
    0.58,
    0.5800000728000116,
    0.5800000793547119,
    0.5800000546000202,
    0.5800000728000116,
    0.5800000100800008,
    0.59,
    0.57,
    0.59,
    0.54,
    0.55,
    0.55,
    0.49,
    0.48,
    0.48,
    0.54,
    0.53,
    0.53,
    0.53,
    0.4800000062400002,
    0.52,
    0.49,
    0.49,
    0.5,
    0.52,
    0.52,
    0.52,
    0.5200000432000069,
    0.52,
    0.52,
    0.52,
    0.52,
    0.52,
    0.52,
    0.52,
    0.52,
    0.52,
    0.5200000107196034,
    0.5200000120000012,
    0.52,
    0.5200000220408181,
    0.52,
    0.5200000480000192,
    0.52,
    0.52,
    0.520000019200003,
    0.52,
    0.52,
    0.5,
    0.5,
    0.5299999899299992,
    0.529999992911522,
    0.53,
    0.5299999547817319,
    0.5299999828686857,
    0.52,
    0.52,
    0.55,
    0.55,
    0.54,
    0.53,
    0.53,
    0.57,
    0.5500000020649287,
    0.57,
    0.57,
    0.59,
    0.57,
    0.57,
    0.59,
    0.59,
    0.59,
    0.57,
    0.5699999925899997,
    0.57,
    0.57,
    0.5699999925899997,
    0.5699999986365267,
    0.5699999965799997,
    0.5699999987175,
    0.57,
    0.5500002025001114,
    0.5699999217987674,
    0.55,
    0.55,
    0.57,
    0.550000003068182,
    0.5899999893799996,
    0.5900000053300002,
    0.6199999995866666,
    0.62,
    0.63,
    0.63,
    0.64,
    0.6400000079200002,
    0.64,
    0.6400000156000006,
    0.67,
    0.64,
    0.62,
    0.62,
    0.5955737704918033,
    0.5500000002171744,
    0.5700000430000053,
    0.5915073348496782,
    0.56,
    0.55,
    0.56,
    0.54,
    0.54,
    0.54,
    0.58,
    0.57,
    0.58000000132,
    0.6183288394613523,
    0.61,
    0.61,
    0.61,
    0.61,
    0.6100000151666672,
    0.58,
    0.58,
    0.58,
    0.6099999942865011,
    0.5800000067200002,
    0.58,
    0.63,
    0.6,
    0.62,
    0.59,
    0.59,
    0.6,
    0.6,
    0.6,
    0.61,
    0.61,
    0.61,
    0.6,
    0.62,
    0.64,
    0.64,
    0.6599999941027542,
    0.64,
    0.6699999986599999,
    0.6500000157500009,
    0.65,
    0.65,
    0.6500000525000096,
    0.6488224904327348,
    0.61,
    0.6,
    0.6,
    0.62,
    0.6,
    0.61,
    0.57,
    0.6,
    0.5500000197541712,
    0.56,
    0.56,
    0.56,
    0.58,
    0.58,
    0.56,
    0.59,
    0.6,
    0.6,
    0.59,
    0.6,
    0.59,
    0.59,
    0.58,
    0.59,
    0.6,
    0.6,
    0.61,
    0.61,
    0.63,
    0.65,
    0.63,
    0.6666666666666666,
    0.63,
    0.63,
    0.63,
    0.630000001961,
    0.63,
    0.6499999990249999,
    0.6300000016675478,
    0.63,
    0.65,
    0.65,
    0.6300000112850003,
    0.6300000106066671,
    0.65,
    0.6300000305250051,
    0.65,
    0.65,
    0.6499999024999659,
    0.65,
    0.6300001369000863,
    0.63,
    0.64,
    0.64,
    0.63,
    0.6300000115392362,
    0.64,
    0.63,
    0.63,
    0.6200000049400002,
    0.62,
    0.63,
    0.6299999990562268,
    0.6200000258400035,
    0.63,
    0.63,
    0.63,
    0.62,
    0.6200000019,
    0.62,
    0.6299999423450848,
    0.6336633663366337,
    0.6299999180999697,
    0.58,
    0.6,
    0.59,
    0.58,
    0.6,
    0.59,
    0.6,
    0.59,
    0.6,
    0.59,
    0.6,
    0.6,
    0.6,
    0.55,
    0.5764064427539752,
    0.58,
    0.6,
    0.6,
    0.609999998475,
    0.61,
    0.61,
    0.61,
    0.63,
    0.628,
    0.638,
    0.64,
    0.62,
    0.62,
    0.63,
    0.62,
    0.64,
    0.68,
    0.6794532,
    0.6599999822520999,
    0.6599999912510343,
    0.6599999770833261,
    0.67,
    0.67999999932,
    0.66,
    0.67,
    0.67,
    0.65,
    0.6500000157500009,
    0.66,
    0.69,
    0.65,
    0.65,
    0.65,
    0.6698,
    0.6799998911999086,
    0.6799998911999086,
    0.67,
    0.670000217800074,
    0.670000217800074,
    0.6799999945599995,
    0.7,
    0.71,
    0.68,
    0.7000197002438665,
    0.68,
    0.71,
    0.69,
    0.68,
    0.7,
    0.7099999815399987,
    0.71,
    0.71,
    0.7,
    0.71,
    0.71,
    0.7100000928000322,
    0.71,
    0.72,
    0.72,
    0.72,
    0.72,
    0.72,
    0.75,
    0.75,
    0.73,
    0.74,
    0.75,
    0.75,
    0.75,
    0.74,
    0.74,
    0.75,
    0.75,
    0.74,
    0.75,
    0.74,
    0.74,
    0.74,
    0.74,
    0.75,
    0.740000015166667,
    0.75,
    0.74,
    0.74,
    0.7400000065000002,
    0.73,
    0.74,
    0.74,
    0.74,
    0.74,
    0.74,
    0.74,
    0.74,
    0.75,
    0.75,
    0.7800000063800001,
    0.76,
    0.77,
    0.77,
    0.78,
    0.78,
    0.78,
    0.8,
    0.8,
    0.8,
    0.8,
    0.79,
    0.8,
    0.79,
    0.8,
    0.8,
    0.78,
    0.8099999999831629,
    0.8099999931149997,
    0.8,
    0.8099999979749998,
    0.8,
    0.8199999901599953,
    0.81,
    0.81,
    0.81,
    0.81,
    0.83,
    0.8299999929421745,
    0.83,
    0.8299999992529999,
    0.83,
    0.83,
    0.83,
    0.84,
    0.85,
    0.85,
    0.86,
    0.85,
    0.85,
    0.85,
    0.85,
    0.85,
    0.85,
    0.869999999913,
    0.86,
    0.87,
    0.88,
    0.88,
    0.9,
    0.8995499995499996,
    0.8800000100800002,
    0.9,
    0.8800001008000161,
    0.88,
    0.9,
    0.9,
    0.89,
    0.89,
    0.89,
    0.9,
    0.89,
    0.89,
    0.89,
    0.8999998862559027,
    0.89,
    0.8900000053705883,
    0.89,
    0.9,
    0.9,
    0.92,
    0.93,
    0.93,
    0.93,
    0.94,
    0.92,
    0.94,
    0.94,
    0.94,
    0.939999908349986,
    0.9400000540000054,
    0.95,
    0.94,
    0.95,
    0.94,
    0.95,
    0.95,
    0.95,
    0.95,
    0.95,
    0.949866434223001,
    0.92,
    0.9399999996106854,
    0.92,
    0.95,
    0.94,
    0.95,
    0.92,
    0.95,
    0.95,
    0.939999984207999,
    0.94,
    0.94,
    0.9,
    0.9,
    0.9,
    0.9,
    0.91,
    0.9,
    0.9,
    0.91,
    0.8500000003933567,
    0.87,
    0.85,
    0.8799999647998255,
    0.88,
    0.88,
    0.88,
    0.9,
    0.9,
    0.8700000053281057,
    0.87,
    0.8969162226064292,
    0.8899999967959993,
    0.8700000210600008,
    0.87,
    0.87,
    0.88,
    0.87,
    0.87,
    0.87,
    0.8700000055101036,
    0.87,
    0.889999999555,
    0.85,
    0.86,
    0.850000010909091,
    0.879999999808143,
    0.8798621713213859,
    0.84,
    0.84,
    0.84,
    0.84,
    0.84,
    0.84,
    0.86,
    0.84,
    0.84,
    0.84,
    0.84,
    0.85,
    0.85,
    0.84,
    0.85,
    0.85,
    0.85,
    0.85,
    0.85,
    0.86,
    0.87,
    0.87,
    0.87,
    0.88,
    0.88,
    0.87,
    0.88,
    0.87,
    0.87,
    0.87,
    0.85,
    0.85,
    0.85,
    0.85,
    0.85,
    0.8693201815216306,
    0.87,
    0.8630952339852583,
    0.84,
    0.84,
    0.84,
    0.84,
    0.85,
    0.86,
    0.87,
    0.87,
    0.8699999910123912,
    0.869999999913,
    0.85,
    0.87,
    0.85,
    0.84,
    0.84,
    0.83986,
    0.83,
    0.8299998588999675,
    0.829999219799173,
    0.829999995186,
    0.83,
    0.83,
    0.8299999882269422,
    0.83,
    0.83,
    0.8200000047326216,
    0.83,
    0.83,
    0.82,
    0.83,
    0.83,
    0.8300000091800002,
    0.83,
    0.83,
    0.81,
    0.82,
    0.81,
    0.81,
    0.79,
    0.790000026040002,
    0.7791836734693878,
    0.79,
    0.78,
    0.76,
    0.74,
    0.7400000936000287,
    0.7400001352000649,
    0.76,
    0.745,
    0.72,
    0.7199999971199998,
    0.72,
    0.72,
    0.72,
    0.72,
    0.73,
    0.74,
    0.73,
    0.74,
    0.73,
    0.73,
    0.73,
    0.7,
    0.7,
    0.7496983408748115,
    0.7,
    0.7,
    0.71,
    0.7,
    0.7,
    0.72,
    0.71,
    0.67,
    0.7,
    0.7,
    0.7,
    0.7,
    0.7,
    0.67,
    0.7100000725000182,
    0.68,
    0.7,
    0.7,
    0.7,
    0.71,
    0.71,
    0.71,
    0.71,
    0.7,
    0.7,
    0.6699999195999292,
    0.65,
    0.65,
    0.65,
    0.65,
    0.6500000157500009,
    0.6500000525000096,
    0.6500000525000096,
    0.6500000525000096,
    0.6500000525000096,
    0.6500000525000096,
    0.6500000525000096,
    0.6500000525000096,
    0.6500000525000096,
    0.66,
    0.66,
    0.66,
    0.650000145833394,
    0.6599999912437805,
    0.66,
    0.6599999644117579,
    0.6500000070000002,
    0.67,
    0.6892762599263536,
    0.6500000048125001,
    0.686,
    0.72,
    0.72,
    0.7260458679319889,
    0.71,
    0.71,
    0.7156413819043534,
    0.68,
    0.72,
    0.70768,
    0.7,
    0.7,
    0.73,
    0.749155978893142,
    0.73,
    0.74,
    0.7300000095850001,
    0.74,
    0.74,
    0.74,
    0.74,
    0.74,
    0.74,
    0.74,
    0.74,
    0.74,
    0.74,
    0.7400000097066669,
    0.7699999922103774,
    0.77,
    0.76,
    0.76,
    0.75,
    0.75,
    0.76,
    0.78,
    0.7717881607993009,
    0.7799999667421689,
    0.7599999908295613,
    0.7599999953552327,
    0.76,
    0.76,
    0.7599999087998286,
    0.76,
    0.76,
    0.74,
    0.74,
    0.740000015034014,
    0.75,
    0.76,
    0.75,
    0.75,
    0.76,
    0.7699999815199986,
    0.76,
    0.7699999815199986,
    0.77,
    0.77,
    0.76,
    0.76375,
    0.76,
    0.7679447445611299,
    0.75,
    0.76,
    0.75,
    0.75,
    0.76,
    0.76,
    0.7599999966222218,
    0.76,
    0.769999999245098,
    0.76,
    0.76,
    0.76,
    0.76,
    0.76,
    0.759999999392,
    0.76,
    0.76,
    0.7599999087998286,
    0.76,
    0.76,
    0.76,
    0.76,
    0.76,
    0.77,
    0.76,
    0.77,
    0.760000003264,
    0.760000032640002,
    0.7699999999054946,
    0.77,
    0.7799999580269006,
    0.7799999934999998,
    0.77,
    0.77,
    0.7700000029108076,
    0.7699999980493333,
    0.78,
    0.7799999943839998,
    0.7799999984399996,
    0.7799999948086521,
    0.7799999979199999,
    0.78,
    0.7799999914986372,
    0.75,
    0.76,
    0.76,
    0.77,
    0.76,
    0.75,
    0.76,
    0.76,
    0.76,
    0.76,
    0.77,
    0.75,
    0.76,
    0.76,
    0.76,
    0.76,
    0.76,
    0.76,
    0.78,
    0.77,
    0.77,
    0.77,
    0.77,
    0.77,
    0.77,
    0.76999999982675,
    0.7699999992416666,
    0.77,
    0.77,
    0.77,
    0.77,
    0.7799999937599991,
    0.7700000131100005,
    0.7700000069000001,
    0.78,
    0.78,
    0.78,
    0.78,
    0.78,
    0.78,
    0.78,
    0.77,
    0.77,
    0.77,
    0.77,
    0.78,
    0.77,
    0.77,
    0.77,
    0.77,
    0.77000000033925,
    0.7600000144000005,
    0.78,
    0.76000000144,
    0.78,
    0.77,
    0.77,
    0.77,
    0.77,
    0.77,
    0.77,
    0.77,
    0.7699999970288381,
    0.77,
    0.7699999963424996,
    0.7600001440000576,
    0.769999999538,
    0.77,
    0.77,
    0.77,
    0.77,
    0.76000000144,
    0.7799999982961018,
    0.7600000048456057,
    0.7600000021504809,
    0.76,
    0.76,
    0.77,
    0.7600000018226603,
    0.76,
    0.76,
    0.77,
    0.7799999812799929,
    0.76,
    0.7600000017566567,
    0.76,
    0.7799999996154929,
    0.78,
    0.7799999980499998,
    0.78,
    0.7700001725000432,
    0.7799999979199999,
    0.77,
    0.77,
    0.77,
    0.77,
    0.77,
    0.77,
    0.77,
    0.77,
    0.7600000144000005,
    0.77,
    0.7699999969199998,
    0.76999999982675,
    0.7699999845999964,
    0.7600000816000131,
    0.7600000018730879,
    0.76,
    0.76,
    0.7699999999713897,
    0.7699999995193908,
    0.7699998690999699,
    0.7699999877522812,
    0.77,
    0.7699999933266665,
    0.769999805261564,
    0.77,
    0.7699998690999699,
    0.76,
    0.76,
    0.7600000046628572,
    0.7600000046628572,
    0.76,
    0.7699997035498177,
    0.7699999845999964,
    0.7699999401111025,
    0.76000000576,
    0.7699999921459998,
    0.7600001440000576,
    0.769999999824,
    0.7699998690999699,
    0.76,
    0.7600001969366504,
    0.7600000046991074,
    0.7699999847711108,
    0.7699999810461529,
    0.7699998690999699,
    0.7600001440000576,
    0.7699998613999326,
    0.7699998613999326,
    0.7699998613999326,
    0.7699998613999326,
    0.7699998613999326,
    0.7699998613999326,
    0.7699998613999326,
    0.7699998613999326,
    0.7699998613999326,
    0.76,
    0.75,
    0.75,
    0.75,
    0.7699999845999964,
    0.7699999104874881,
    0.7699998135424788,
    0.76,
    0.75,
    0.7699998613999326,
    0.7699998613999326,
    0.7699998613999326,
    0.7699998613999326,
    0.76000002618182,
    0.7699997035498177,
    0.7699999611369915,
    0.7699998690999699,
    0.76000000144,
    0.76,
    0.76,
    0.76,
    0.76,
    0.76,
    0.76,
    0.76,
    0.76,
    0.7599999980173912,
    0.76,
    0.76,
    0.76,
    0.76,
    0.76,
    0.75,
    0.7699997035498177,
    0.7699997035498177,
    0.76,
    0.7599999959947297,
    0.7599999594666418,
    0.7599999594666418,
    0.7599999594666418,
    0.7599999695999891,
    0.7599999087998286,
    0.7599999923999944,
    0.7599999087998286,
    0.7599999594666418,
    0.7599999577776921,
    0.7599999969599999,
    0.76,
    0.76,
    0.7599999594666418,
    0.75,
    0.7599999271855485,
    0.7599999878399966,
    0.7599999940855997,
    0.7599999594666418,
    0.7599999594666418,
    0.75,
    0.7699998613999326,
    0.7699998613999326,
    0.7699998613999326,
    0.75,
    0.7699998613999326,
    0.7699994866661534,
    0.769999985587179,
    0.7699998613999326,
    0.7699998613999326,
    0.7699998613999326,
    0.7699993307469943,
    0.7699998613999326,
    0.769999941271166,
    0.7699998613999326,
    0.75,
    0.76,
    0.76,
    0.76,
    0.7699999921459998,
    0.760000032640002,
    0.76999936999937,
    0.76,
    0.77,
    0.77,
    0.7699999992548386,
    0.75,
    0.7699999024664189,
    0.7699999876799952,
    0.75,
    0.75,
    0.75,
    0.7699999464346932,
    0.75,
    0.7699999776162667,
    0.77,
    0.75,
    0.75,
    0.7699999364562233,
    0.75,
    0.76,
    0.76,
    0.76,
    0.7599999087998286,
    0.76,
    0.7599998929576862,
    0.75,
    0.7599999878399966,
    0.7599999579723332,
    0.75,
    0.7599999898666617,
    0.75,
    0.75,
    0.7599999141242064,
    0.75,
    0.7599999271855485,
    0.7599999723635997,
    0.7599999087998286,
    0.7599999969599999,
    0.75,
    0.7599999878399966,
    0.75,
    0.76,
    0.75,
    0.75,
    0.75,
    0.75,
    0.74,
    0.75,
    0.75,
    0.75,
    0.75,
    0.75,
    0.74,
    0.75,
    0.75,
    0.75,
    0.75,
    0.75,
    0.75,
    0.75,
    0.75,
    0.75,
    0.75,
    0.7400000074727454,
    0.75,
    0.74,
    0.75,
    0.75,
    0.75,
    0.75,
    0.75,
    0.76,
    0.75,
    0.75,
    0.7599999087998286,
    0.7599999954399995,
    0.7599999975679997,
    0.7599999087998286,
    0.7599999979733333,
    0.7599999586394017,
    0.76,
    0.75,
    0.75999994077911,
    0.76,
    0.7599999087998286,
    0.7599998894543606,
    0.7599999194701539,
    0.76,
    0.75,
    0.7599999918933329,
    0.75,
    0.7599999954399995,
    0.75,
    0.75,
    0.75,
    0.75,
    0.75,
    0.75,
    0.75,
    0.76,
    0.7599999918933329,
    0.7599999954399995,
    0.76,
    0.7599999706280063,
    0.75,
    0.75,
    0.75,
    0.75,
    0.75,
    0.75,
    0.75,
    0.75,
    0.75,
    0.7599996833330255,
    0.75,
    0.7599999665599981,
    0.75,
    0.7599999695999891,
    0.75,
    0.75,
    0.75,
    0.75,
    0.75,
    0.75,
    0.75,
    0.75,
    0.75,
    0.75,
    0.75,
    0.75,
    0.75,
    0.76,
    0.76,
    0.76,
    0.76,
    0.76,
    0.76,
    0.7600000816000131,
    0.7699999934549987,
    0.7600001440000576,
    0.7600001107692649,
    0.77,
    0.77,
    0.7699999934549987,
    0.769999999846,
    0.77,
    0.7699999999837552,
    0.7699999992345029,
    0.76,
    0.76,
    0.76,
    0.7699999732039988,
    0.7600001440000576,
    0.7600000144000005,
    0.7699999956879999,
    0.7699999969199998,
    0.7699999934549987,
    0.7600000816000131,
    0.7699999969199998,
    0.7699999969199998,
    0.7699999969199998,
    0.7600000144000005,
    0.7699999934549987,
    0.7600000081600001,
    0.7699999934549987,
    0.76,
    0.76,
    0.7600001440000576,
    0.7600000144000005,
    0.76,
    0.76,
    0.76,
    0.77,
    0.7600000205714298,
    0.7699999876799952,
    0.77,
    0.76,
    0.7600000816000131,
    0.7699999845999964,
    0.7699999969199998,
    0.7699999969199998,
    0.7699999969199998,
    0.7699999969199998,
    0.7699999969199998,
    0.7600001440000576,
    0.77,
    0.77,
    0.77,
    0.77,
    0.77,
    0.77,
    0.77,
    0.77,
    0.77,
    0.77,
    0.7699999963424996,
    0.7600000240000011,
    0.7699999876799952,
    0.769999968629625,
    0.77,
    0.7600001440000576,
    0.7799999937599991,
    0.77,
    0.76,
    0.77,
    0.77,
    0.76,
    0.76,
    0.7600000816000131,
    0.78,
    0.78,
    0.7799999765999949,
    0.7799999995319999,
    0.7799999812799929,
    0.78,
    0.77,
    0.77,
    0.7600000104002042,
    0.76,
    0.7600000066797916,
    0.78,
    0.77,
    0.78,
    0.7799999997636363,
    0.75,
    0.75,
    0.75,
    0.7899999802499955,
    0.76,
    0.76,
    0.76,
    0.7599999966222218,
    0.75,
    0.74,
    0.74,
    0.74,
    0.73,
    0.73,
    0.74,
    0.75,
    0.75,
    0.75,
    0.75,
    0.75,
    0.75,
    0.759999988925317,
    0.76,
    0.7799999627586027,
    0.7799999679451849,
    0.7699998539343855,
    0.77,
    0.7799999963888873,
    0.7799999812799929,
    0.76,
    0.7799999839451008,
    0.77,
    0.7699999663019413,
    0.77,
    0.7799999674999675,
    0.77,
    0.77,
    0.7799999655248349,
    0.7799999638050977,
    0.77,
    0.7599999865188413,
    0.7699999844269562,
    0.7699999791891792,
    0.73,
    0.72,
    0.72,
    0.78,
    0.78,
    0.760374973584369,
    0.7899999583055461,
    0.7899999920999764,
    0.7899999850943306,
    0.7899999850943306,
    0.789999990572788,
    0.78,
    0.8,
    0.8,
    0.7899999798542774,
    0.7899999668067055,
    0.7699999783098139,
    0.7200000485333411,
    0.8,
    0.8,
    0.7899999865699948,
    0.7799999609999695,
    0.7799999564245469,
    0.7200001330693755,
    0.78,
    0.76,
    0.76,
    0.75,
    0.75,
    0.7799999812799929,
    0.72,
    0.72,
    0.78,
    0.78,
    0.78,
    0.78,
    0.78,
    0.75,
    0.78,
    0.78,
    0.77,
    0.76,
    0.76,
    0.76,
    0.76,
    0.75,
    0.75,
    0.73,
    0.73,
    0.73,
    0.78,
    0.78,
    0.78,
    0.8,
    0.8,
    0.8,
    0.8,
    0.8,
    0.8,
    0.8,
    0.56,
    0.71,
    0.56,
    0.75,
    0.74,
    0.74,
    0.75,
    0.73,
    0.73,
    0.73,
    0.73,
    0.73,
    0.73,
    0.7599999695999891,
    0.8299999966799987,
    0.560000070400024,
    0.9699999951499467
]
