[
    0.999,
    0.999,
    0.999,
    0.999,
    0.999,
    0.999,
    0.999,
    0.999,
    0.999,
    0.999,
    0.999,
    0.999,
    0.999,
    0.999,
    0.999,
    0.999,
    0.999,
    0.999,
    0.999,
    0.999,
    0.999,
    0.999,
    0.999,
    0.999,
    0.999,
    0.999,
    0.999,
    0.999,
    0.999,
    0.999,
    0.999,
    0.999,
    0.999,
    0.999,
    0.999,
    0.999,
    0.999,
    0.999,
    0.999,
    0.999,
    0.999,
    0.999,
    0.999,
    0.999,
    0.999,
    0.999,
    0.999,
    0.999,
    0.999,
    0.999,
    0.999,
    0.999,
    0.999,
    0.999,
    0.999,
    0.999,
    0.999,
    0.999,
    0.999,
    0.999,
    0.999,
    0.999,
    0.999,
    0.999,
    0.999,
    0.999,
    0.999,
    0.999,
    0.999,
    0.999,
    0.999,
    0.999,
    0.999,
    0.999,
    0.999,
    0.999,
    0.999,
    0.999,
    0.999,
    0.999,
    0.999,
    0.999,
    0.999,
    0.999,
    0.999,
    0.999,
    0.999,
    0.999,
    0.999,
    0.999,
    0.999,
    0.999,
    0.999,
    0.999,
    0.999,
    0.999,
    0.999,
    0.999,
    0.999,
    0.999,
    0.999,
    0.999,
    0.999,
    0.999,
    0.999,
    0.999,
    0.999,
    0.999,
    0.999,
    0.999,
    0.999,
    0.999,
    0.999,
    0.999,
    0.999,
    0.999,
    0.999,
    0.999,
    0.999,
    0.999,
    0.999,
    0.999,
    0.999,
    0.999,
    0.999,
    0.999,
    0.999,
    0.999,
    0.999,
    0.999,
    0.999,
    0.999,
    0.999,
    0.999,
    0.999,
    0.999,
    0.999,
    0.999,
    0.999,
    0.999,
    0.999,
    0.999,
    0.999,
    0.999,
    0.999,
    0.999,
    0.999,
    0.999,
    0.999,
    0.999,
    0.999,
    0.999,
    0.999,
    0.999,
    0.999,
    0.999,
    0.999,
    0.999,
    0.999,
    0.999,
    0.999,
    0.999,
    0.999,
    0.999,
    0.999,
    0.999,
    0.999,
    0.999,
    0.999,
    0.999,
    0.999,
    0.999,
    0.999,
    0.999,
    0.999,
    0.999,
    0.999,
    0.999,
    0.999,
    0.999,
    0.999,
    0.999,
    0.999,
    0.999,
    0.999,
    0.999,
    0.999,
    0.999,
    0.999,
    0.999,
    0.999,
    0.999,
    0.999,
    0.999,
    0.999,
    0.999,
    0.999,
    0.999,
    0.999,
    0.999,
    0.999,
    0.999,
    0.999,
    0.999,
    0.999,
    0.999,
    0.999,
    0.999,
    0.999,
    0.999,
    0.999,
    0.999,
    0.999,
    0.999,
    0.999,
    0.999,
    0.999,
    0.999,
    0.999,
    0.999,
    0.999,
    0.999,
    0.999,
    0.999,
    0.999,
    0.999,
    0.999,
    0.999,
    0.999,
    0.999,
    0.999,
    0.999,
    0.999,
    0.999,
    0.999,
    0.999,
    0.999,
    0.999,
    0.999,
    0.999,
    0.999,
    0.999,
    0.999,
    0.999,
    0.999,
    0.999,
    0.999,
    0.999,
    0.999,
    0.999,
    0.999,
    0.999,
    0.999,
    0.999,
    0.999,
    0.999,
    0.999,
    0.999,
    0.999,
    0.999,
    0.999,
    0.999,
    0.999,
    0.999,
    0.999,
    0.999,
    0.999,
    0.999,
    0.999,
    0.999,
    0.999,
    0.999,
    0.999,
    0.999,
    0.999,
    0.999,
    0.999,
    0.999,
    0.999,
    0.999,
    0.999,
    0.999,
    0.999,
    0.999,
    0.999,
    0.999,
    0.999,
    0.999,
    0.999,
    0.999,
    0.999,
    0.999,
    0.999,
    0.999,
    0.999,
    0.999,
    0.999,
    0.999,
    0.999,
    0.999,
    0.999,
    0.999,
    0.999,
    0.999,
    0.999,
    0.999,
    0.999,
    0.999,
    0.999,
    0.999,
    0.999,
    0.999,
    0.999,
    0.999,
    0.999,
    0.999,
    0.999,
    0.999,
    0.999,
    0.999,
    0.999,
    0.999,
    0.999,
    0.999,
    0.999,
    0.999,
    0.999,
    0.999,
    0.999,
    0.999,
    0.999,
    0.999,
    0.999,
    0.999,
    0.999,
    0.999,
    0.999,
    0.999,
    0.999,
    0.999,
    0.999,
    0.999,
    0.999,
    0.999,
    0.999,
    0.999,
    0.999,
    0.999,
    0.999,
    0.999,
    0.999,
    0.999,
    0.999,
    0.999,
    0.999,
    0.999,
    0.999,
    0.999,
    0.999,
    0.999,
    0.999,
    0.999,
    0.999,
    0.999,
    0.999,
    0.999,
    0.999,
    0.999,
    0.999,
    0.999,
    0.999,
    0.999,
    0.999,
    0.999,
    0.999,
    0.999,
    0.999,
    0.999,
    0.999,
    0.999,
    0.999,
    0.999,
    0.999,
    0.999,
    0.999,
    0.999,
    0.999,
    0.999,
    0.999,
    0.999,
    0.999,
    0.999,
    0.999,
    0.999,
    0.999,
    0.999,
    0.999,
    0.999,
    0.999,
    0.999,
    0.999,
    0.999,
    0.999,
    0.999,
    0.999,
    0.999,
    0.999,
    0.999,
    0.999,
    0.999,
    0.999,
    0.999,
    0.999,
    0.999,
    0.999,
    0.999,
    0.999,
    0.999,
    0.999,
    0.999,
    0.999,
    0.999,
    0.999,
    0.999,
    0.999,
    0.999,
    0.999,
    0.999,
    0.999,
    0.999,
    0.999,
    0.999,
    0.999,
    0.999,
    0.999,
    0.999,
    0.999,
    0.999,
    0.999,
    0.999,
    0.999,
    0.999,
    0.999,
    0.999,
    0.999,
    0.999,
    0.999,
    0.999,
    0.999,
    0.999,
    0.999,
    0.999,
    0.999,
    0.999,
    0.999,
    0.999,
    0.999,
    0.999,
    0.999,
    0.999,
    0.999,
    0.999,
    0.999,
    0.999,
    0.999,
    0.999,
    0.999,
    0.999,
    0.999,
    0.999,
    0.999,
    0.999,
    0.999,
    0.999,
    0.999,
    0.999,
    0.999,
    0.999,
    0.999,
    0.999,
    0.999,
    0.999,
    0.999,
    0.999,
    0.999,
    0.999,
    0.999,
    0.999,
    0.999,
    0.999,
    0.999,
    0.999,
    0.999,
    0.999,
    0.999,
    0.999,
    0.999,
    0.999,
    0.999,
    0.999,
    0.999,
    0.999,
    0.999,
    0.999,
    0.999,
    0.999,
    0.997,
    0.999,
    0.9987823694913366,
    0.997,
    0.997,
    0.998,
    0.998,
    0.995,
    0.995,
    0.998,
    0.999,
    0.9972821909303835,
    0.99,
    0.996,
    0.996,
    0.996485991149128,
    0.995,
    0.9940751490171665,
    0.99,
    0.99,
    0.9883764190600851,
    0.9869999976969601,
    0.97,
    0.96,
    0.9610000066139536,
    0.952,
    0.9519999527807834,
    0.952,
    0.96,
    0.9410000054144568,
    0.95,
    0.951,
    0.963222413843656,
    0.96,
    0.958,
    0.95,
    0.9499999619999864,
    0.9579999961679877,
    0.956,
    0.9396456138764135,
    0.925,
    0.9198275323355313,
    0.90999999993175,
    0.9108910889059896,
    0.9099999999272,
    0.9099999999393333,
    0.9534182530581141,
    0.9493670886075949,
    0.9370961817067526,
    0.93,
    0.9327666666666666,
    0.94,
    0.95,
    0.95,
    0.94,
    0.94,
    0.93,
    0.92,
    0.92,
    0.92,
    0.909,
    0.898448275862069,
    0.88,
    0.879,
    0.860000002544353,
    0.8610000156909229,
    0.86,
    0.881000099960016,
    0.8943171381337252,
    0.86,
    0.84,
    0.8300000003337556,
    0.84,
    0.842,
    0.8799999964799989,
    0.8600000051800001,
    0.83,
    0.8300000087125001,
    0.8577902621722846,
    0.80100000127161,
    0.83899999957211,
    0.82,
    0.801,
    0.839,
    0.8399458164034779,
    0.8010000307654014,
    0.8,
    0.8,
    0.801,
    0.8,
    0.8010000033078223,
    0.81,
    0.801,
    0.82,
    0.8200000244800015,
    0.8200000129600004,
    0.82,
    0.855924,
    0.85,
    0.85,
    0.86,
    0.86,
    0.8600000273000015,
    0.859,
    0.859,
    0.859,
    0.86,
    0.8700000041078357,
    0.87,
    0.8700001014000223,
    0.89,
    0.89,
    0.89,
    0.89,
    0.89,
    0.89,
    0.89,
    0.84,
    0.84,
    0.85,
    0.85,
    0.84,
    0.83,
    0.83,
    0.84,
    0.85,
    0.85,
    0.85,
    0.85,
    0.85,
    0.86899999898327,
    0.85,
    0.87,
    0.86,
    0.871,
    0.871,
    0.871,
    0.9009999845614998,
    0.89,
    0.9,
    0.9,
    0.9,
    0.9289999993761293,
    0.901,
    0.91899999980701,
    0.9010000117527146,
    0.901,
    0.92,
    0.905,
    0.905000040375003,
    0.9050000008460035,
    0.92,
    0.9010000023105934,
    0.9203864088991549,
    0.9209999965993836,
    0.921,
    0.91,
    0.91,
    0.91,
    0.93,
    0.94,
    0.94,
    0.94,
    0.94,
    0.95,
    0.95,
    0.95,
    0.95,
    0.959,
    0.952,
    0.959,
    0.9520126560028125,
    0.96,
    0.961,
    0.96,
    0.98,
    0.98,
    0.9865354386303147,
    0.97,
    0.95,
    0.96,
    0.96,
    0.961,
    0.961,
    0.97,
    0.98,
    0.97,
    0.98,
    0.98,
    0.98,
    0.98,
    0.98,
    0.99,
    0.99,
    0.98,
    0.98,
    0.99,
    0.98,
    0.98,
    0.98,
    0.97,
    0.98,
    0.98,
    0.98,
    0.9700000288000011,
    0.97,
    0.96,
    0.96,
    0.96,
    0.96,
    0.96,
    0.96,
    0.96,
    0.96,
    0.96,
    0.969999999903,
    0.96,
    0.96,
    0.95,
    0.94,
    0.94,
    0.94,
    0.94,
    0.94,
    0.940000002347937,
    0.94,
    0.94,
    0.94,
    0.95,
    0.95,
    0.95,
    0.96,
    0.94,
    0.95,
    0.96,
    0.95,
    0.94,
    0.94,
    0.95,
    0.95,
    0.95,
    0.96,
    0.95,
    0.9468438537681704,
    0.9396006697004025,
    0.9399999996239999,
    0.93,
    0.9399999999373333,
    0.9399999981199973,
    0.9300000311500017,
    0.9300000637000058,
    0.93,
    0.93,
    0.93,
    0.93,
    0.9399999996239999,
    0.94,
    0.9399999996239999,
    0.95,
    0.96,
    0.95,
    0.95,
    0.94,
    0.929999999721,
    0.93,
    0.91,
    0.91,
    0.92,
    0.92,
    0.92,
    0.9474589151007617,
    0.95,
    0.94,
    0.9299999886029106,
    0.92,
    0.93,
    0.92,
    0.92,
    0.92,
    0.93,
    0.93,
    0.93,
    0.94,
    0.94,
    0.95,
    0.95,
    0.9700950853291299,
    0.96,
    0.96,
    0.94,
    0.9572553092243647,
    0.95,
    0.95,
    0.9499999978224327,
    0.95,
    0.95,
    0.95,
    0.95,
    0.94,
    0.94,
    0.9383307021620343,
    0.93,
    0.93,
    0.93,
    0.93,
    0.93,
    0.92,
    0.91,
    0.91,
    0.91,
    0.91,
    0.92,
    0.92,
    0.92,
    0.92,
    0.92,
    0.93,
    0.93,
    0.93,
    0.93,
    0.9300000060900001,
    0.93,
    0.92,
    0.91,
    0.91,
    0.91,
    0.92,
    0.92,
    0.93,
    0.93,
    0.96,
    0.9400000110400002,
    0.95,
    0.95,
    0.96,
    0.95,
    0.95,
    0.93390625,
    0.93,
    0.92,
    0.92,
    0.92,
    0.92,
    0.92,
    0.91,
    0.91,
    0.929999993203399,
    0.92,
    0.91,
    0.92,
    0.91,
    0.91,
    0.8900000021511111,
    0.9,
    0.89,
    0.89,
    0.87,
    0.8600000134615388,
    0.88,
    0.85,
    0.859999999714428,
    0.86,
    0.8600000574000052,
    0.85,
    0.8699999995415745,
    0.86,
    0.860000021280001,
    0.86,
    0.8600000030188165,
    0.8699999446360652,
    0.869999998782,
    0.8699999999760352,
    0.86,
    0.86,
    0.86,
    0.86,
    0.86,
    0.8600000091151921,
    0.869999999913,
    0.86,
    0.86,
    0.8600000038266666,
    0.8600000051800001,
    0.8699999912999827,
    0.86,
    0.8699999912999827,
    0.87,
    0.86,
    0.86,
    0.86,
    0.87,
    0.86,
    0.87,
    0.89,
    0.88,
    0.89,
    0.88,
    0.88,
    0.9,
    0.88,
    0.88,
    0.88,
    0.89,
    0.9,
    0.89,
    0.8900000013398889,
    0.9099999999874141,
    0.9,
    0.91,
    0.91,
    0.9099999854399536,
    0.9199999815999912,
    0.91,
    0.92,
    0.9188055525918972,
    0.9,
    0.91,
    0.9,
    0.89,
    0.91,
    0.9,
    0.9,
    0.9,
    0.9,
    0.9,
    0.9,
    0.9,
    0.9,
    0.9,
    0.91,
    0.91,
    0.91,
    0.9100000810000081,
    0.9100000810000081,
    0.9100000810000081,
    0.9100000810000081,
    0.9100000810000081,
    0.9100000810000081,
    0.93,
    0.9100000810000081,
    0.9100000810000081,
    0.9399999987466656,
    0.93,
    0.93,
    0.93,
    0.93,
    0.93,
    0.92,
    0.92,
    0.9399999990599994,
    0.95,
    0.9495855907723464,
    0.95,
    0.95,
    0.94,
    0.95,
    0.9300000311500017,
    0.9499996977268194,
    0.93,
    0.94,
    0.93,
    0.93,
    0.9300000637000058,
    0.9300000637000058,
    0.93,
    0.9399999843331769,
    0.93,
    0.9300000637000058,
    0.9300000637000058,
    0.9300000637000058,
    0.9300000637000058,
    0.9300000637000058,
    0.9300000637000058,
    0.93,
    0.92,
    0.94,
    0.9399999996239999,
    0.93,
    0.93,
    0.92,
    0.9299999998732106,
    0.91,
    0.93,
    0.92,
    0.91,
    0.93,
    0.92,
    0.9100000810000081,
    0.9100000810000081,
    0.9100000810000081,
    0.9100000810000081,
    0.9100000810000081,
    0.9100000810000081,
    0.9100000810000081,
    0.9100000810000081,
    0.9100000093641619,
    0.9299999906998978,
    0.92,
    0.92,
    0.9399999623995127,
    0.9499998507142239,
    0.939901685893981,
    0.92,
    0.92,
    0.929999964571295,
    0.92,
    0.9191051954588669,
    0.9100000810000081,
    0.9100000810000081,
    0.9100000810000081,
    0.9100000810000081,
    0.9100000810000081,
    0.9100000810000081,
    0.910000002104273,
    0.9299999888399957,
    0.929999984499897,
    0.9100000154800004,
    0.93,
    0.9100000810000081,
    0.9100000810000081,
    0.9100000154800004,
    0.92,
    0.9100000810000081,
    0.9199999952207774,
    0.9279577214926571,
    0.92,
    0.9199999960641686,
    0.92,
    0.92,
    0.92,
    0.9,
    0.919999999967137,
    0.91,
    0.91,
    0.91,
    0.8900000184800005,
    0.8900000086900002,
    0.91,
    0.9,
    0.9,
    0.9,
    0.8888915840608143,
    0.86,
    0.87,
    0.860000021280001,
    0.88,
    0.8728288360016067,
    0.86,
    0.86,
    0.8611853544514477,
    0.86,
    0.857427715054239,
    0.81,
    0.8100000019714276,
    0.83,
    0.84,
    0.84,
    0.84,
    0.84,
    0.86,
    0.8799999859199946,
    0.8600001176000188,
    0.8600000112000002,
    0.87,
    0.87,
    0.87,
    0.86,
    0.87,
    0.87,
    0.8599999987099998,
    0.8663126300734207,
    0.86,
    0.85,
    0.8699999993615318,
    0.85,
    0.869999999913,
    0.869999999913,
    0.86,
    0.86,
    0.86,
    0.86,
    0.86,
    0.86,
    0.86,
    0.86,
    0.85,
    0.86,
    0.86,
    0.8500001138664256,
    0.8599999802298673,
    0.86,
    0.86,
    0.8599999991399997,
    0.86,
    0.86,
    0.86,
    0.86,
    0.87,
    0.87,
    0.87,
    0.869999998259999,
    0.87,
    0.86,
    0.85,
    0.86,
    0.85,
    0.86,
    0.8842750695506707,
    0.86,
    0.8780846247605781,
    0.860000021280001,
    0.86,
    0.8600000009883516,
    0.86,
    0.86,
    0.85,
    0.850000060000006,
    0.86,
    0.87,
    0.8500000004751579,
    0.88,
    0.87,
    0.869999998259999,
    0.8699999661665928,
    0.87,
    0.87,
    0.87,
    0.8799999964799989,
    0.85,
    0.86,
    0.85,
    0.8500000261172389,
    0.85,
    0.8699999957369999,
    0.8699999912999827,
    0.85,
    0.85,
    0.86,
    0.84,
    0.84,
    0.86,
    0.8599999764383504,
    0.84,
    0.84,
    0.84,
    0.84,
    0.84,
    0.84,
    0.84,
    0.84,
    0.85,
    0.85,
    0.85,
    0.85,
    0.85,
    0.85,
    0.85,
    0.85,
    0.85,
    0.85,
    0.85,
    0.84,
    0.85,
    0.85,
    0.8599999988533331,
    0.8599999655999497,
    0.88,
    0.86959093182586,
    0.85,
    0.85,
    0.84,
    0.85,
    0.84,
    0.84,
    0.84,
    0.84,
    0.84,
    0.8300000177285721,
    0.83,
    0.8300000241400014,
    0.83,
    0.8297791819710751,
    0.8199999880871615,
    0.81,
    0.81,
    0.81,
    0.8100000060800001,
    0.8399999949599988,
    0.8399999943999991,
    0.8189540516562196,
    0.8099999965856031,
    0.8,
    0.8,
    0.8,
    0.8,
    0.8,
    0.85,
    0.83,
    0.830000014844498,
    0.8300000167424247,
    0.8300000091928977,
    0.8300000131363641,
    0.83,
    0.83,
    0.83,
    0.7953333333333333,
    0.8,
    0.8,
    0.7600000103597125,
    0.7905138339920948,
    0.75,
    0.8100924730442693,
    0.75,
    0.75,
    0.74,
    0.7395468551749139,
    0.72,
    0.72,
    0.72,
    0.73,
    0.72,
    0.71000000034075,
    0.71,
    0.7509880378071561,
    0.7300000054435485,
    0.73,
    0.74,
    0.76,
    0.7899999791189157,
    0.7899999826199865,
    0.75,
    0.76,
    0.75,
    0.75,
    0.7200000141414146,
    0.71,
    0.7,
    0.69,
    0.69,
    0.68,
    0.68,
    0.6700000001817963,
    0.68,
    0.67,
    0.69,
    0.7,
    0.71,
    0.69,
    0.68,
    0.6958350791191824,
    0.6899999917199968,
    0.68,
    0.68,
    0.696765248939972,
    0.6899999951699998,
    0.6700000151250005,
    0.670000217800074,
    0.670000000704,
    0.68,
    0.6700000005532353,
    0.6899999585999611,
    0.6700001467341778,
    0.68,
    0.689999998965,
    0.6899999546478797,
    0.6899999917199968,
    0.68,
    0.68,
    0.67,
    0.6700001072500188,
    0.68,
    0.68,
    0.6700000222471927,
    0.679999999048,
    0.6799998911999086,
    0.67,
    0.67,
    0.67,
    0.67,
    0.67,
    0.67,
    0.67,
    0.67,
    0.67,
    0.67,
    0.67,
    0.67,
    0.6699996951498338,
    0.67,
    0.6699999758184461,
    0.66,
    0.66,
    0.66,
    0.66,
    0.66,
    0.66,
    0.66,
    0.66,
    0.67,
    0.67,
    0.68,
    0.67,
    0.67,
    0.67,
    0.6699999997953442,
    0.6699999971859999,
    0.6600000124666673,
    0.6605689041025221,
    0.6599998943999641,
    0.6599999794463604,
    0.66,
    0.66,
    0.66,
    0.66,
    0.66,
    0.65,
    0.6500000055692577,
    0.6599999999765985,
    0.6599999603999865,
    0.6599999963485472,
    0.65,
    0.65,
    0.65,
    0.65,
    0.66,
    0.6599999976235247,
    0.66,
    0.6600000032692308,
    0.66,
    0.66,
    0.66,
    0.66,
    0.66,
    0.67,
    0.67,
    0.66,
    0.66,
    0.66,
    0.65,
    0.66,
    0.66,
    0.66,
    0.66,
    0.66,
    0.65,
    0.67,
    0.67,
    0.68,
    0.6700000052488743,
    0.6899999929378315,
    0.68,
    0.6899999980296437,
    0.68,
    0.6899999585999611,
    0.68,
    0.68,
    0.68,
    0.68,
    0.68,
    0.68,
    0.68,
    0.68,
    0.68,
    0.68,
    0.68,
    0.68,
    0.6899999999477678,
    0.68,
    0.68,
    0.69,
    0.69,
    0.6900000193750012,
    0.69,
    0.69,
    0.69,
    0.69,
    0.69,
    0.69,
    0.69,
    0.68,
    0.68,
    0.68,
    0.68,
    0.68,
    0.68,
    0.68,
    0.68,
    0.6845259144980447,
    0.6799999999184,
    0.6799999486792169,
    0.6799998911999086,
    0.68,
    0.6799998926315253,
    0.6799998911999086,
    0.6799998911999086,
    0.6799999003140463,
    0.6799998911999086,
    0.6799998911999086,
    0.68,
    0.6799999990933333,
    0.6799999727999957,
    0.6799998911999086,
    0.68,
    0.68,
    0.6799999773332963,
    0.6799998897295986,
    0.68,
    0.68,
    0.6799999425351757,
    0.6799999034319092,
    0.68,
    0.6799999603883133,
    0.6799999704347678,
    0.68,
    0.68,
    0.68,
    0.6799999179898772,
    0.6799999259863019,
    0.6799998791110431,
    0.6799998911999086,
    0.6799998911999086,
    0.68,
    0.68,
    0.6899999585999611,
    0.6899999490603722,
    0.6899999585999611,
    0.6899999585999611,
    0.6899999294317453,
    0.69,
    0.6899999585999611,
    0.6899999585999611,
    0.6899998988480235,
    0.6700000188100008,
    0.6700000114400003,
    0.6898730633538042,
    0.6799998911999086,
    0.6799999122580287,
    0.6799998911999086,
    0.68,
    0.68,
    0.6799999881395342,
    0.670000002178,
    0.67,
    0.6700000188100008,
    0.6799999398894416,
    0.68,
    0.6799998911999086,
    0.68,
    0.68,
    0.6799999486792169,
    0.6799999411891625,
    0.6799998911999086,
    0.68,
    0.6799999122580287,
    0.6799999988847888,
    0.6700000381686795,
    0.67,
    0.67,
    0.6700000431589568,
    0.670000217800074,
    0.6700000033,
    0.6799999021581467,
    0.6799998269089776,
    0.6799999704347678,
    0.6799998911999086,
    0.68,
    0.6799999666257276,
    0.68,
    0.68,
    0.6799999215383197,
    0.68,
    0.6700000409200031,
    0.6700001072500188,
    0.6899998790259166,
    0.6700001072500188,
    0.6700001072500188,
    0.6899999585999611,
    0.6899999585999611,
    0.6899999732902892,
    0.6700000964286059,
    0.689999943777699,
    0.6700001072500188,
    0.6700000704000084,
    0.67,
    0.68,
    0.68,
    0.68,
    0.6700000026205327,
    0.67,
    0.7,
    0.7,
    0.7,
    0.7,
    0.69999999986,
    0.69,
    0.68,
    0.68,
    0.68,
    0.68,
    0.68,
    0.68,
    0.68,
    0.68,
    0.68,
    0.68,
    0.68,
    0.7,
    0.6945133445778351,
    0.69,
    0.68,
    0.69,
    0.68,
    0.68,
    0.68,
    0.68,
    0.68,
    0.68,
    0.68,
    0.6773143117519358,
    0.6500000525000096,
    0.650000070000021,
    0.650000070000021,
    0.650000070000021,
    0.650000070000021,
    0.650000070000021,
    0.650000070000021,
    0.66,
    0.66,
    0.66,
    0.66,
    0.6599999752499854,
    0.6599997929408354,
    0.66,
    0.6500000396226445,
    0.6500001021898257,
    0.6500008467766974,
    0.65,
    0.6500000840000134,
    0.6500000525000096,
    0.6500000525000096,
    0.6500000290284405,
    0.66,
    0.65,
    0.6499999808259564,
    0.6499997245760767,
    0.6499999994583333,
    0.64,
    0.64,
    0.64,
    0.64,
    0.64,
    0.64,
    0.64,
    0.64,
    0.63,
    0.64,
    0.64,
    0.64,
    0.64,
    0.64,
    0.64,
    0.64,
    0.64,
    0.64,
    0.64,
    0.64,
    0.64,
    0.64,
    0.64,
    0.64,
    0.64,
    0.64,
    0.64,
    0.64,
    0.6300000194355977,
    0.64,
    0.6500000525000096,
    0.65,
    0.6500000525000096,
    0.6500000525000096,
    0.6500000525000096,
    0.6562352701163268,
    0.64,
    0.64000006240001,
    0.64000006240001,
    0.64000006240001,
    0.65,
    0.66,
    0.6599999159110969,
    0.6599998943999641,
    0.6400000068346113,
    0.6599999806593377,
    0.6507409813096688,
    0.6499999934999994,
    0.65,
    0.6499999837174336,
    0.64000006240001,
    0.64000006240001,
    0.64000006240001,
    0.64000006240001,
    0.64000006240001,
    0.64000006240001,
    0.64000006240001,
    0.64000006240001,
    0.65,
    0.6400000792000222,
    0.6400000536646049,
    0.6400001296000829,
    0.64000006240001,
    0.6499999999675,
    0.65,
    0.640000068982064,
    0.6499999878124987,
    0.65,
    0.6400001560000624,
    0.65,
    0.65,
    0.65,
    0.65,
    0.64000006240001,
    0.65,
    0.65,
    0.65,
    0.65,
    0.6499999640883799,
    0.6599998943999641,
    0.66,
    0.65,
    0.65,
    0.65,
    0.65,
    0.65,
    0.65,
    0.65,
    0.65,
    0.65,
    0.65,
    0.65,
    0.65,
    0.65,
    0.65,
    0.65,
    0.65,
    0.65,
    0.65,
    0.65,
    0.65,
    0.65,
    0.65,
    0.65,
    0.65,
    0.65,
    0.65,
    0.65,
    0.65,
    0.65,
    0.65,
    0.65,
    0.65,
    0.65,
    0.65,
    0.65,
    0.65,
    0.65,
    0.65,
    0.65,
    0.65,
    0.65,
    0.65,
    0.65,
    0.65,
    0.65,
    0.65,
    0.65,
    0.65,
    0.65,
    0.65,
    0.65,
    0.65,
    0.65,
    0.65,
    0.65,
    0.65,
    0.659999998944,
    0.65,
    0.65,
    0.65,
    0.65,
    0.65,
    0.65,
    0.65,
    0.65,
    0.659999999505,
    0.65,
    0.65,
    0.65,
    0.65,
    0.65,
    0.65,
    0.65,
    0.65,
    0.65,
    0.65,
    0.65,
    0.65,
    0.6599999953799998,
    0.65,
    0.659999998944,
    0.65,
    0.6400000792000222,
    0.6499999934999994,
    0.6499999121620949,
    0.64,
    0.6499999024999659,
    0.6400000129600009,
    0.65,
    0.65,
    0.65,
    0.65,
    0.65,
    0.65,
    0.65,
    0.64,
    0.6400000094539727,
    0.65,
    0.65,
    0.65,
    0.65,
    0.65,
    0.65,
    0.65,
    0.65,
    0.65,
    0.65,
    0.65,
    0.65,
    0.65,
    0.65,
    0.65,
    0.65,
    0.65,
    0.65,
    0.65,
    0.65,
    0.65,
    0.65,
    0.65,
    0.65,
    0.65,
    0.65,
    0.65,
    0.65,
    0.65,
    0.65,
    0.640000215856326,
    0.64,
    0.659999999604,
    0.65,
    0.65,
    0.6599999295999606,
    0.65,
    0.64,
    0.6400000360000077,
    0.65,
    0.65,
    0.65,
    0.65,
    0.65,
    0.65,
    0.65,
    0.65,
    0.65,
    0.65,
    0.6500000157500009,
    0.66,
    0.66,
    0.6600000070266667,
    0.6600000142800009,
    0.6699999195999292,
    0.6699999195999292,
    0.6699999195999292,
    0.6699999195999292,
    0.6699999195999292,
    0.6699999195999292,
    0.6699999195999292,
    0.6699999195999292,
    0.660000003264,
    0.6699999195999292,
    0.660000170000085,
    0.6699999195999292,
    0.6699999195999292,
    0.6699999195999292,
    0.6699999195999292,
    0.6699999195999292,
    0.6699999195999292,
    0.6699999195999292,
    0.6699999195999292,
    0.67,
    0.6699999666785037,
    0.66,
    0.6699999195999292,
    0.6699999195999292,
    0.6699999195999292,
    0.6699999195999292,
    0.6699999195999292,
    0.6699999195999292,
    0.6699999195999292,
    0.6699999195999292,
    0.66,
    0.6699999195999292,
    0.6699999195999292,
    0.6699999195999292,
    0.6699999195999292,
    0.6699999195999292,
    0.6699999195999292,
    0.6699999195999292,
    0.6699999195999292,
    0.67,
    0.6699999195999292,
    0.6699999195999292,
    0.6699999195999292,
    0.6699999195999292,
    0.6699999195999292,
    0.6699999195999292,
    0.6699999195999292,
    0.6699999195999292,
    0.66,
    0.66,
    0.66,
    0.6599999793910998,
    0.6599998943999641,
    0.6599998943999641,
    0.6599998943999641,
    0.6599998943999641,
    0.6599998943999641,
    0.6599998943999641,
    0.6599998943999641,
    0.6599998943999641,
    0.6500001225000797,
    0.66,
    0.6599998943999641,
    0.6599998943999641,
    0.6599998943999641,
    0.6599998943999641,
    0.6599998943999641,
    0.6599998943999641,
    0.6599998943999641,
    0.6599998943999641,
    0.65,
    0.65,
    0.65,
    0.6500000226977966,
    0.6599999953799998,
    0.6599999241947463,
    0.6599998943999641,
    0.6599998943999641,
    0.6599998943999641,
    0.6599998943999641,
    0.6599998943999641,
    0.6599998943999641,
    0.6599998943999641,
    0.6599998943999641,
    0.65,
    0.6599999942805016,
    0.6599999603999865,
    0.6500000185709245,
    0.6599999603999865,
    0.6599998943999641,
    0.6599998943999641,
    0.6599998943999641,
    0.6599998943999641,
    0.6599998943999641,
    0.6599998943999641,
    0.6599998943999641,
    0.6599998943999641,
    0.66,
    0.65,
    0.65,
    0.65,
    0.65,
    0.65,
    0.6500005414915434,
    0.65,
    0.65,
    0.65,
    0.66,
    0.6599999973943939,
    0.6599999965565214,
    0.65,
    0.6500002026470334,
    0.6599998943999641,
    0.6599998943999641,
    0.6599998943999641,
    0.6599998943999641,
    0.6599999295999606,
    0.6599998943999641,
    0.6599998943999641,
    0.6599998943999641,
    0.6599998943999641,
    0.66,
    0.6500001553254897,
    0.65,
    0.65,
    0.65,
    0.65,
    0.65,
    0.65,
    0.6500000459016484,
    0.65,
    0.65,
    0.6599999953799998,
    0.6500000048125001,
    0.6599999953799998,
    0.66,
    0.66,
    0.6699999984689213,
    0.6699999195999292,
    0.660000001054,
    0.6600000142800009,
    0.6699999995037037,
    0.65,
    0.65,
    0.65,
    0.65,
    0.65,
    0.65,
    0.65,
    0.65,
    0.65,
    0.65,
    0.66,
    0.66,
    0.66,
    0.67,
    0.67,
    0.67,
    0.67,
    0.66,
    0.66,
    0.66,
    0.66,
    0.66,
    0.66,
    0.66,
    0.67,
    0.66,
    0.66,
    0.66,
    0.670000217800074,
    0.67,
    0.67,
    0.6799999984670299,
    0.6799999936533332,
    0.6799998911999086,
    0.66,
    0.66,
    0.66,
    0.66,
    0.66,
    0.66,
    0.66,
    0.66,
    0.66,
    0.66,
    0.66,
    0.66,
    0.66,
    0.66,
    0.66,
    0.6600000304114517,
    0.66,
    0.66,
    0.66,
    0.66,
    0.66,
    0.650000006065858,
    0.6599999985547446,
    0.66,
    0.66,
    0.66,
    0.66,
    0.66,
    0.66,
    0.66,
    0.65999999912,
    0.66,
    0.66,
    0.6599999890586141,
    0.66,
    0.66,
    0.66,
    0.66,
    0.66,
    0.66,
    0.66,
    0.66,
    0.66,
    0.66,
    0.66,
    0.66,
    0.66,
    0.66,
    0.66,
    0.66,
    0.6799999945599995,
    0.67,
    0.67,
    0.67,
    0.67,
    0.67,
    0.68,
    0.69,
    0.68,
    0.68,
    0.68,
    0.68,
    0.6899999964697673,
    0.68,
    0.69,
    0.6899999965614615,
    0.6899999585999611,
    0.6899999969515718,
    0.6899999585999611,
    0.68,
    0.6899999917199968,
    0.68,
    0.68,
    0.68,
    0.68,
    0.6899999980315997,
    0.6899999585999611,
    0.68,
    0.68,
    0.6899999868899976,
    0.7,
    0.7,
    0.69,
    0.69,
    0.68,
    0.68,
    0.689999979563522,
    0.6899999785164822,
    0.6899999585999611,
    0.68,
    0.68,
    0.68,
    0.68,
    0.68,
    0.68,
    0.6899998964999742,
    0.6899999832674996,
    0.6899999951699998,
    0.68,
    0.6899999800781242,
    0.6899999922313197,
    0.689999996826,
    0.6899999826945331,
    0.68,
    0.68,
    0.6899999929644623,
    0.69,
    0.6899999585999611,
    0.6899999989060641,
    0.6899999907999999,
    0.68,
    0.6899999832470646,
    0.6899999779761479,
    0.68,
    0.68,
    0.6899998964999742,
    0.6899997205498337,
    0.68,
    0.68,
    0.68,
    0.69,
    0.69,
    0.6899999070315523,
    0.6899998964999742,
    0.6899999798061565,
    0.69,
    0.6899999585999611,
    0.68,
    0.68,
    0.68,
    0.6899999997604167,
    0.69,
    0.6899999793736646,
    0.689999998965,
    0.68,
    0.6899997205498337,
    0.68,
    0.69,
    0.68,
    0.69,
    0.68,
    0.68,
    0.6899999799272715,
    0.6899997205498337,
    0.6899998964999742,
    0.6899999997713856,
    0.6899999934285709,
    0.6899999997265548,
    0.6899999951699998,
    0.68,
    0.68,
    0.68,
    0.68,
    0.68,
    0.6899999833660704,
    0.68,
    0.6899999424999856,
    0.689999996826,
    0.6899999944915962,
    0.689999999802852,
    0.6899999917932282,
    0.6899999585999611,
    0.6899999424999856,
    0.6899999424999856,
    0.6899999424999856,
    0.6899999424999856,
    0.6899999424999856,
    0.6899999424999856,
    0.6899999424999856,
    0.6899999424999856,
    0.68,
    0.68,
    0.68,
    0.69,
    0.68999999954,
    0.6899999926838962,
    0.68,
    0.6899999925479998,
    0.6899999759999904,
    0.6899999970839936,
    0.68,
    0.6899999977139699,
    0.68,
    0.6899999843181779,
    0.6899999949900983,
    0.68,
    0.6899999951699998,
    0.69,
    0.68,
    0.6899999988034958,
    0.69,
    0.6899999585999611,
    0.6899999585999611,
    0.6899999585999611,
    0.6899999585999611,
    0.6899999585999611,
    0.6899999585999611,
    0.68,
    0.68,
    0.6899999585999611,
    0.6899999585999611,
    0.6899999585999611,
    0.6899999585999611,
    0.68,
    0.68,
    0.6899999424999856,
    0.6899999424999856,
    0.6899999424999856,
    0.6899999424999856,
    0.68,
    0.68,
    0.6899999585999611,
    0.6899999585999611,
    0.6899999585999611,
    0.6899999585999611,
    0.6899999585999611,
    0.68,
    0.68,
    0.6899999585999611,
    0.6899999585999611,
    0.6899999585999611,
    0.6899999585999611,
    0.6899999424999856,
    0.6899999997276316,
    0.6899999993437945,
    0.6899999929949234,
    0.6899999585999611,
    0.6899999585999611,
    0.6899999585999611,
    0.6899999585999611,
    0.6899999954718747,
    0.68,
    0.68,
    0.69,
    0.6899999424999856,
    0.6899999424999856,
    0.6899999424999856,
    0.6899999424999856,
    0.68,
    0.68,
    0.68,
    0.68,
    0.68,
    0.6899999990818363,
    0.6899999926477235,
    0.6899999905204459,
    0.68,
    0.68,
    0.68,
    0.6899999424999856,
    0.6899999424999856,
    0.6899999424999856,
    0.6899999424999856,
    0.69,
    0.6899997205498337,
    0.6899997205498337,
    0.6899997205498337,
    0.6899997205498337,
    0.6899997205498337,
    0.6899997205498337,
    0.6899997205498337,
    0.6899997205498337,
    0.68,
    0.6899999874441679,
    0.6899999424999856,
    0.6899999424999856,
    0.6899999424999856,
    0.6899999424999856,
    0.6899999582700388,
    0.68,
    0.6899999993215339,
    0.689999998965,
    0.6899997205498337,
    0.6899997205498337,
    0.6899997205498337,
    0.6899997205498337,
    0.6899997205498337,
    0.6899997205498337,
    0.6899997205498337,
    0.6899999585999611,
    0.69,
    0.69,
    0.69,
    0.69,
    0.69,
    0.69,
    0.68,
    0.689999959537027,
    0.68,
    0.6899998222085257,
    0.6899999585999611,
    0.68,
    0.69,
    0.69,
    0.6899997205498337,
    0.69,
    0.68,
    0.68,
    0.68,
    0.6899998689613714,
    0.68,
    0.6899999957275529,
    0.68,
    0.6899999695588159,
    0.69,
    0.6899999938337796,
    0.68,
    0.68,
    0.6899999487623547,
    0.68,
    0.68,
    0.69,
    0.69,
    0.6899999868899976,
    0.68,
    0.6700001324648288,
    0.6799999873066652,
    0.6700000117793404,
    0.68,
    0.68,
    0.6799999945599995,
    0.68,
    0.68,
    0.68999992569223,
    0.6899999686363596,
    0.68,
    0.6799998911999086,
    0.6799999686635924,
    0.6700000979687974,
    0.6700000601071534,
    0.6799999458706403,
    0.6799999995083152,
    0.6799999569333289,
    0.68,
    0.6700000033075865,
    0.6799999281057134,
    0.68,
    0.6799999149999575,
    0.6799999637333111,
    0.68,
    0.6799995337139393,
    0.6799995606149926,
    0.6799995919995648,
    0.6799998269089776,
    0.6799997497598919,
    0.6799998911999086,
    0.68,
    0.68,
    0.6799996850524459,
    0.6799997128886911,
    0.68,
    0.6799999637333111,
    0.6799999149999575,
    0.679999844832146,
    0.6799999908622619,
    0.6799998911999086,
    0.6799998911999086,
    0.6799998911999086,
    0.6799999149999575,
    0.6799996850524459,
    0.6799999637333111,
    0.6799998911999086,
    0.68,
    0.68,
    0.6799997128886911,
    0.68,
    0.68,
    0.6799996850524459,
    0.68,
    0.68,
    0.6799996850524459,
    0.6799997128886911,
    0.68,
    0.6799999149999575,
    0.6799999637333111,
    0.6799998911999086,
    0.68,
    0.68,
    0.68,
    0.6799999569333289,
    0.68,
    0.6799998311723393,
    0.6799998269089776,
    0.6799998311723393,
    0.6799999319999825,
    0.68,
    0.6700000188100008,
    0.67,
    0.6700000745555663,
    0.6700001072500188,
    0.68,
    0.6799997128886911,
    0.68,
    0.67999977333322,
    0.6799997128886911,
    0.6799999258181562,
    0.6799997128886911,
    0.6799997497598919,
    0.6700001078000366,
    0.6700000633600132,
    0.6700000804375307,
    0.67000008642859,
    0.6799999611428409,
    0.6847351180120717,
    0.6799999697777456,
    0.68,
    0.6799999895384576,
    0.6799999895384576,
    0.6700000729473907,
    0.68,
    0.68,
    0.6799999697777456,
    0.6700000114262166,
    0.68,
    0.67,
    0.6799999939330846,
    0.6700001072500188,
    0.6799998639998329,
    0.6799999637333111,
    0.6799999163075738,
    0.6799999949861747,
    0.6799999773332963,
    0.6799998639998329,
    0.6799998269089776,
    0.6799999163075738,
    0.6799998911999086,
    0.6799999773332963,
    0.6799999895384576,
    0.679999934719954,
    0.6799998269089776,
    0.68,
    0.6799999659999734,
    0.679999934719954,
    0.6700000502174055,
    0.6799999659999734,
    0.6700000675000168,
    0.67000008642859,
    0.6700000502174055,
    0.6700001072500188,
    0.6700000318009498,
    0.6700000675000168,
    0.68,
    0.68,
    0.68,
    0.68,
    0.68,
    0.68,
    0.6799999569333289,
    0.679999934719954,
    0.68,
    0.6799998911999086,
    0.6799998911999086,
    0.6799998911999086,
    0.679999998096,
    0.6700000453868262,
    0.670000217800074,
    0.68,
    0.6799999637333111,
    0.6799999998531159,
    0.68,
    0.6700000077550002,
    0.6799998911999086,
    0.67,
    0.6700000033,
    0.6799999853538453,
    0.67,
    0.670886816839789,
    0.6699999991829266,
    0.6699999990635918,
    0.6699999995037037,
    0.6699999969124396,
    0.6699999971859999,
    0.6699999793464814,
    0.6699999839199988,
    0.6699999961288888,
    0.6699999195999292,
    0.6699999195999292,
    0.67,
    0.66,
    0.67,
    0.6799999954666659,
    0.679999995793814,
    0.6799999727999957,
    0.6799999727999957,
    0.66,
    0.68,
    0.6799999805714235,
    0.6799999727999957,
    0.67999999932,
    0.6799998911999086,
    0.67,
    0.68,
    0.6799998911999086,
    0.67999999932,
    0.6799999965999992,
    0.6600000060441423,
    0.66,
    0.67,
    0.6600000306000049,
    0.670000006529923,
    0.6700000481930742,
    0.6799999935773311,
    0.6700001284431407,
    0.68,
    0.6799999727999957,
    0.68,
    0.6799999563051886,
    0.6799999745794164,
    0.6799999750458611,
    0.6700000492708431,
    0.6700001137162539,
    0.6700000675000168,
    0.6799999531034111,
    0.6799999003140463,
    0.6799998616948262,
    0.6799999780644992,
    0.6799998639998329,
    0.6799998905746045,
    0.6700000728834642,
    0.6700000643321407,
    0.6700000906593656,
    0.6799998677777117,
    0.6700000749686414,
    0.68,
    0.6799998752292662,
    0.6799999336584621,
    0.6799999637333111,
    0.6799999122580287,
    0.6799999325618787,
    0.6799999003140463,
    0.6799999505454222,
    0.6799999215383197,
    0.6799999398894416,
    0.6799999128204123,
    0.6799999568253539,
    0.6799999388763642,
    0.6799999807092068,
    0.6799999037166574,
    0.6799999486792169,
    0.6799999962046511,
    0.6799998911999086,
    0.68,
    0.6799998911999086,
    0.68,
    0.6799999213872014,
    0.6799999231638071,
    0.6799999764501968,
    0.67,
    0.68,
    0.6700000675000168,
    0.6700000920600997,
    0.6799999264864377,
    0.6700000665322715,
    0.6799999213872014,
    0.6799999823376398,
    0.670000066683959,
    0.6799999336584621,
    0.6799998787259818,
    0.6799998500786552,
    0.6799999525580877,
    0.6700000805633984,
    0.6700000838378618,
    0.6799999697777456,
    0.670000217800074,
    0.67999999932,
    0.6799999408694847,
    0.6799999084614627,
    0.6799999750458611,
    0.6799999336584621,
    0.6799999603883133,
    0.6799998911999086,
    0.6700001228965907,
    0.6700000687500215,
    0.6700001050746457,
    0.6700001390714693,
    0.68,
    0.6799999411891625,
    0.68,
    0.68,
    0.6799999352380629,
    0.6799999084614627,
    0.6799998930336646,
    0.6700000913846603,
    0.6700000439163607,
    0.6700000881679827,
    0.6700000816129269,
    0.6799999745794164,
    0.6799999838575623,
    0.68,
    0.68,
    0.6799999982424398,
    0.68,
    0.67,
    0.6799998911999086,
    0.6700000838378618,
    0.67999987541968,
    0.6700001001123854,
    0.6799999355449993,
    0.6799998500786552,
    0.6799998911999086,
    0.679999938580611,
    0.6799999070084802,
    0.6700000745555663,
    0.6704471999892954,
    0.6599999841599988,
    0.6599998943999641,
    0.6500001074562016,
    0.6500001603053924,
    0.6599997261700351,
    0.6500001305970636,
    0.66,
    0.6500000903756059,
    0.659999909743525,
    0.66,
    0.6599999899236566,
    0.6599995375178971,
    0.6599997550513848,
    0.6599996549016901,
    0.6599996123805648,
    0.6500000903756059,
    0.659999662499789,
    0.66,
    0.6599999166989992,
    0.6500000633484335,
    0.6599997261700351,
    0.6500000697463881,
    0.6599997359998278,
    0.65,
    0.6500001012397238,
    0.6500001577869434,
    0.6500001909091603,
    0.6599999847692194,
    0.65999955999956,
    0.6599999485713992,
    0.6500001415441645,
    0.6599999688188746,
    0.66,
    0.6500000753588715,
    0.6599999724999726,
    0.6500000495951548,
    0.65,
    0.6500000044474736,
    0.65,
    0.65,
    0.6500000945946116,
    0.6699999865461742,
    0.669999997607142,
    0.669999817272611,
    0.6500000798755335,
    0.6699999673170216,
    0.669999888911878,
    0.6500001225000797,
    0.65,
    0.6699999850809689,
    0.6699999896124006,
    0.65,
    0.6699999783870858,
    0.67,
    0.669999951856262,
    0.6699999694528703,
    0.6699999955333275,
    0.6699999195999292,
    0.6699999178921267,
    0.67,
    0.6699999195999292,
    0.6699999912227037,
    0.6699999214842616,
    0.6699999602962693,
    0.6699999843579648,
    0.6699999460189106,
    0.6699999681898936,
    0.6699999669854897,
    0.6699999572340302,
    0.6699999673170216,
    0.6699999176694668,
    0.6699999764912207,
    0.67,
    0.6699999567741406,
    0.669999956103436,
    0.65,
    0.65,
    0.6500000691699741,
    0.65000009051727,
    0.6500000972222627,
    0.6500001448276261,
    0.6500001225000797,
    0.6600001002105496,
    0.6500000779703182,
    0.66,
    0.66,
    0.66,
    0.66,
    0.66,
    0.66,
    0.6500001381579311,
    0.6500000546875128,
    0.6599998239998793,
    0.6599999884716059,
    0.6500001492248583,
    0.6500000532319513,
    0.6599999708517271,
    0.6599999171013796,
    0.659999951902818,
    0.66,
    0.6599999794818553,
    0.6599999751983204,
    0.659999966582259,
    0.6500000907407845,
    0.6500000633484335,
    0.659999954482752,
    0.6599999671493081,
    0.6599999513363642,
    0.6599999463414241,
    0.6500001040540794,
    0.6500000204678374,
    0.65,
    0.65,
    0.65,
    0.65,
    0.65,
    0.65,
    0.6500000071525444,
    0.65,
    0.65,
    0.65,
    0.6599999778770932,
    0.6500000204811458,
    0.66,
    0.659999989868419,
    0.65,
    0.65,
    0.65,
    0.65,
    0.65,
    0.6550335352389058,
    0.65,
    0.6514657980456026,
    0.65,
    0.63,
    0.64,
    0.6200000988000731,
    0.6200000988000731,
    0.64,
    0.6200000167200009,
    0.64,
    0.63,
    0.62,
    0.6599999953799998,
    0.6599999841599988,
    0.659999997624,
    0.6599999603999865,
    0.6452406022787419,
    0.6299999914949993,
    0.63,
    0.6100000022411325,
    0.62,
    0.64,
    0.63,
    0.63,
    0.63,
    0.64,
    0.64,
    0.64,
    0.6300000349942005,
    0.63,
    0.6300000112850003,
    0.64,
    0.64,
    0.64,
    0.64,
    0.64,
    0.64,
    0.63,
    0.6200000304000052,
    0.6299999638799972,
    0.62,
    0.61,
    0.62,
    0.47,
    0.54,
    0.61,
    0.46000000141910624,
    0.63,
    0.62999999964,
    0.63,
    0.6299999180999697,
    0.6200000167200009,
    0.6200000380000089,
    0.6200001279208757,
    0.64,
    0.63,
    0.64,
    0.64,
    0.64,
    0.64,
    0.63,
    0.6,
    0.7622222222222222,
    0.6137839596616432,
    0.48,
    0.49,
    0.4900001683001128,
    0.5899998465998865,
    0.48,
    0.47,
    0.48,
    0.47,
    0.54,
    0.48,
    0.55,
    0.54,
    0.54,
    0.54,
    0.59,
    0.54,
    0.54,
    0.59,
    0.59,
    0.59,
    0.6,
    0.6,
    0.6,
    0.54,
    0.55,
    0.6089042155817488,
    0.59,
    0.54,
    0.54,
    0.54,
    0.54,
    0.54,
    0.54,
    0.54,
    0.5999999939999998,
    0.599999939999976,
    0.5999999759999961,
    0.811594194664984,
    0.9399999623995127
]
