[
    0.999,
    0.999,
    0.999,
    0.999,
    0.999,
    0.999,
    0.999,
    0.999,
    0.999,
    0.999,
    0.999,
    0.999,
    0.999,
    0.999,
    0.999,
    0.999,
    0.999,
    0.999,
    0.999,
    0.999,
    0.999,
    0.999,
    0.999,
    0.999,
    0.999,
    0.9987715923275496,
    0.998,
    0.998,
    0.998,
    0.995,
    0.998,
    0.998,
    0.998,
    0.998,
    0.998,
    0.998,
    0.998,
    0.998,
    0.998,
    0.998,
    0.993,
    0.9930000046246666,
    0.999,
    0.99,
    0.987,
    0.987,
    0.987,
    0.985,
    0.9986552731032909,
    0.9945577257538167,
    0.992999999988869,
    0.98500000294,
    0.99,
    0.989,
    0.9889999901096836,
    0.9889999991143198,
    0.989,
    0.99,
    0.99,
    0.99,
    0.99,
    0.99,
    0.99,
    0.99,
    0.97,
    0.98,
    0.974,
    0.962,
    0.994,
    0.99366675,
    0.99,
    0.989,
    0.9889999998681331,
    0.98,
    0.97,
    0.97000000288,
    0.98,
    0.98,
    0.99,
    0.99,
    0.99,
    0.99,
    0.99,
    0.99,
    0.99,
    0.99,
    0.99,
    0.9793281375974201,
    0.961,
    0.96,
    0.98,
    0.96,
    0.96,
    0.96,
    0.98,
    0.98,
    0.98,
    0.98,
    0.97,
    0.9768970244744593,
    0.9699997865996202,
    0.96,
    0.96,
    0.97,
    0.96,
    0.95,
    0.9499999656944419,
    0.95,
    0.91,
    0.91,
    0.9,
    0.9099999987624,
    0.9,
    0.9,
    0.88,
    0.89,
    0.85,
    0.85,
    0.87,
    0.8500000003818708,
    0.86,
    0.87,
    0.86,
    0.87,
    0.87,
    0.8600000069608453,
    0.9,
    0.9,
    0.9,
    0.84,
    0.82,
    0.8,
    0.8,
    0.8,
    0.8,
    0.8,
    0.74,
    0.74,
    0.74,
    0.74,
    0.74,
    0.74,
    0.71,
    0.73,
    0.72,
    0.73,
    0.7200002412309325,
    0.7499999718749982,
    0.69,
    0.73,
    0.73,
    0.7066666666666667,
    0.68,
    0.68,
    0.68,
    0.68,
    0.68,
    0.68,
    0.6557949738260349,
    0.6199998511998869,
    0.6199999961846152,
    0.6199999915646256,
    0.619999993910714,
    0.6199999754312306,
    0.62,
    0.63,
    0.63,
    0.65,
    0.6415583319263887,
    0.65,
    0.65,
    0.6499999674999887,
    0.65,
    0.62,
    0.64,
    0.64,
    0.61,
    0.6,
    0.6042601318623724,
    0.6,
    0.5800000043272728,
    0.6,
    0.6,
    0.609999859699892,
    0.6099999926799997,
    0.59,
    0.609999859699892,
    0.6099999755999961,
    0.609999859699892,
    0.6,
    0.6,
    0.6,
    0.6199998511998869,
    0.59,
    0.619999994213333,
    0.6,
    0.6,
    0.6,
    0.6,
    0.5499999971938774,
    0.55,
    0.55,
    0.59,
    0.5899998835525779,
    0.61,
    0.64,
    0.61,
    0.61,
    0.64,
    0.65,
    0.6366666666666667,
    0.63,
    0.56,
    0.58,
    0.57,
    0.59,
    0.55,
    0.58,
    0.62,
    0.6,
    0.589999999056,
    0.59,
    0.58,
    0.56,
    0.55,
    0.55,
    0.59,
    0.58,
    0.63,
    0.6,
    0.56,
    0.58,
    0.59,
    0.55,
    0.57,
    0.59,
    0.58,
    0.62,
    0.56,
    0.59,
    0.58,
    0.57,
    0.6,
    0.6,
    0.6,
    0.64,
    0.6,
    0.59,
    0.59,
    0.59,
    0.57,
    0.58,
    0.57,
    0.58,
    0.6,
    0.58,
    0.58,
    0.58,
    0.57,
    0.56,
    0.58,
    0.58,
    0.56,
    0.56,
    0.55,
    0.51,
    0.51,
    0.5325,
    0.5400000112653082,
    0.52,
    0.51,
    0.56,
    0.58,
    0.55,
    0.54,
    0.54,
    0.54,
    0.5599999986933333,
    0.55,
    0.5414285714285715,
    0.52,
    0.5,
    0.5,
    0.5,
    0.52,
    0.5199999861333291,
    0.5,
    0.5,
    0.5199999822978654,
    0.5,
    0.53,
    0.5599999968639999,
    0.6,
    0.6,
    0.6,
    0.6,
    0.5800001764001023,
    0.5899998465998865,
    0.5600000020605452,
    0.59,
    0.5700000068800006,
    0.59,
    0.58,
    0.579999959801973,
    0.56,
    0.5500000002120019,
    0.55,
    0.51,
    0.51,
    0.4800000002233973,
    0.53,
    0.5,
    0.52,
    0.52,
    0.5,
    0.53,
    0.54,
    0.53,
    0.5,
    0.5599999560784176,
    0.5599999775999964,
    0.559999994294447,
    0.5599999663999852,
    0.5599999663999852,
    0.5599999663999852,
    0.5599999663999852,
    0.5599999663999852,
    0.5599999663999852,
    0.5599999663999852,
    0.5599999663999852,
    0.53,
    0.55,
    0.5300000019159786,
    0.55,
    0.57,
    0.5500000450000045,
    0.549999985667751,
    0.5200000069120002,
    0.5480112,
    0.55,
    0.55,
    0.5700000038700002,
    0.58,
    0.5700000038700002,
    0.5899998465998865,
    0.5700000129000022,
    0.53,
    0.58,
    0.54,
    0.54,
    0.6,
    0.6,
    0.6,
    0.6,
    0.6,
    0.6299999914949993,
    0.62,
    0.6100000011011765,
    0.62,
    0.6200000225921539,
    0.62,
    0.6200000258400035,
    0.64,
    0.64,
    0.64,
    0.6499999934999994,
    0.6492209347121448,
    0.66,
    0.67,
    0.6700000745555663,
    0.68,
    0.67,
    0.67,
    0.68,
    0.68,
    0.67,
    0.6599999605970005,
    0.65999999912,
    0.66,
    0.650000008166667,
    0.65,
    0.62,
    0.65,
    0.65,
    0.6499999934999994,
    0.6499999934999994,
    0.65,
    0.64,
    0.64,
    0.63,
    0.6100000011853155,
    0.6299999990549999,
    0.63,
    0.6100000497250061,
    0.63,
    0.64,
    0.64,
    0.64,
    0.66,
    0.7,
    0.71,
    0.71,
    0.69,
    0.7,
    0.7,
    0.73,
    0.73,
    0.7299999998832,
    0.73,
    0.78,
    0.78,
    0.74,
    0.75,
    0.75,
    0.75,
    0.75,
    0.75,
    0.71,
    0.7,
    0.7099994390993213,
    0.709999998012,
    0.67,
    0.68,
    0.67,
    0.68,
    0.68,
    0.6983333333333334,
    0.67,
    0.67000000495,
    0.660000057800019,
    0.599999939999976,
    0.61,
    0.61,
    0.599999939999976,
    0.599999939999976,
    0.6,
    0.599999939999976,
    0.599999939999976,
    0.599999939999976,
    0.59,
    0.6,
    0.599999939999976,
    0.59,
    0.5899999866266652,
    0.5800000059588657,
    0.58,
    0.580000004704,
    0.58,
    0.58,
    0.58,
    0.6,
    0.6,
    0.6,
    0.5999999939999998,
    0.6008741749443264,
    0.54,
    0.54,
    0.5,
    0.49,
    0.469999998496,
    0.47,
    0.44,
    0.45999999263999963,
    0.4300001767002986,
    0.45,
    0.44,
    0.42000009860008186,
    0.439999997888,
    0.42,
    0.4199999453999798,
    0.4199999453999798,
    0.4199999453999798,
    0.42999999892758856,
    0.4199999453999798,
    0.4199999453999798,
    0.4199999453999798,
    0.4199999453999798,
    0.4199999453999798,
    0.4199999453999798,
    0.38000000248000004,
    0.38,
    0.38,
    0.38,
    0.38,
    0.38,
    0.37,
    0.3700000049085399,
    0.4299999870999978,
    0.4361739093358336,
    0.41,
    0.41,
    0.43,
    0.44,
    0.45,
    0.45,
    0.46,
    0.44,
    0.44,
    0.4699999929499998,
    0.46999999821399996,
    0.45,
    0.45,
    0.45,
    0.4699999929499998,
    0.46999999858999997,
    0.45,
    0.46999999970096124,
    0.45,
    0.45,
    0.4500000006859994,
    0.4699998918999708,
    0.46,
    0.4699999996244694,
    0.46,
    0.4600000345600047,
    0.46999998871999804,
    0.45,
    0.45,
    0.46,
    0.46,
    0.45,
    0.45,
    0.4400000048961322,
    0.44,
    0.44999991700817804,
    0.4499997974998886,
    0.45,
    0.45,
    0.45,
    0.45,
    0.45,
    0.45,
    0.45,
    0.45,
    0.45,
    0.45,
    0.45,
    0.45,
    0.45,
    0.45,
    0.45,
    0.45,
    0.45,
    0.45,
    0.45,
    0.45,
    0.45,
    0.45,
    0.45,
    0.45,
    0.45,
    0.44999998438704636,
    0.45,
    0.45,
    0.45,
    0.45,
    0.44,
    0.45,
    0.45,
    0.4583445830447991,
    0.44,
    0.44,
    0.44,
    0.46,
    0.44000000891415614,
    0.44,
    0.44,
    0.459938531531187,
    0.45,
    0.45,
    0.45,
    0.45,
    0.45,
    0.4607267593350263,
    0.46,
    0.45,
    0.46,
    0.45,
    0.46,
    0.46,
    0.46,
    0.46,
    0.46,
    0.46,
    0.46,
    0.46,
    0.47,
    0.47999982719988943,
    0.47,
    0.47,
    0.47999982719988943,
    0.48,
    0.46000003568696035,
    0.46,
    0.47,
    0.47,
    0.46,
    0.46,
    0.46000003568696035,
    0.4799999997066214,
    0.48,
    0.48,
    0.48,
    0.49,
    0.49,
    0.49,
    0.49,
    0.49,
    0.5,
    0.49,
    0.49,
    0.49000010468424415,
    0.49,
    0.5,
    0.5,
    0.5,
    0.5,
    0.4900000304280177,
    0.4900001683001128,
    0.4900000016216216,
    0.49,
    0.49,
    0.4900000008140463,
    0.4900001683001128,
    0.5,
    0.5,
    0.5,
    0.50999999847,
    0.49000011641308017,
    0.5099999995384615,
    0.5099998316998873,
    0.509999998776,
    0.5,
    0.5,
    0.5,
    0.5,
    0.5,
    0.5,
    0.5,
    0.5,
    0.5099999785799988,
    0.5199999975733333,
    0.5,
    0.5117984300459028,
    0.5,
    0.5,
    0.5,
    0.490000043350018,
    0.5,
    0.49,
    0.49,
    0.5,
    0.5,
    0.5,
    0.5,
    0.5,
    0.5,
    0.5,
    0.5,
    0.5,
    0.5,
    0.5,
    0.5,
    0.5,
    0.5,
    0.51,
    0.51,
    0.5099999982999994,
    0.51,
    0.51,
    0.5099999982999994,
    0.51,
    0.51,
    0.51,
    0.51,
    0.51,
    0.51,
    0.51,
    0.51,
    0.51,
    0.51,
    0.509999998572,
    0.509999956649982,
    0.5099999910749997,
    0.51,
    0.5099999982999994,
    0.51,
    0.5,
    0.5,
    0.5,
    0.5,
    0.5,
    0.5,
    0.5,
    0.5,
    0.5,
    0.5,
    0.5,
    0.5,
    0.5,
    0.5,
    0.5,
    0.5,
    0.5099999882758597,
    0.5,
    0.5099999974211165,
    0.5099998316998873,
    0.5,
    0.5,
    0.5,
    0.509999995637636,
    0.5099999795999968,
    0.5,
    0.5099999976211721,
    0.5,
    0.5099999963112017,
    0.5099999991775851,
    0.509999956649982,
    0.5,
    0.5,
    0.5,
    0.5,
    0.51,
    0.5099999999106204,
    0.509999956649982,
    0.5099998316998873,
    0.51,
    0.5035465438402484,
    0.5,
    0.5,
    0.5,
    0.5,
    0.5,
    0.5,
    0.5,
    0.5,
    0.49,
    0.49,
    0.49,
    0.5,
    0.49,
    0.49,
    0.49,
    0.49,
    0.49,
    0.49,
    0.49,
    0.49,
    0.49,
    0.5,
    0.5,
    0.49,
    0.49,
    0.49,
    0.49,
    0.49,
    0.49,
    0.49,
    0.49000000068434946,
    0.49,
    0.5,
    0.5,
    0.5,
    0.49000002142000126,
    0.4900001088415066,
    0.5,
    0.5,
    0.4900000089250003,
    0.49,
    0.49,
    0.49000000092534995,
    0.5,
    0.5,
    0.49,
    0.4900000046097707,
    0.5,
    0.5,
    0.49,
    0.5,
    0.4900000019208432,
    0.5,
    0.5,
    0.5,
    0.5,
    0.5,
    0.49,
    0.490000043350018,
    0.49000002142000126,
    0.49000002142000126,
    0.5,
    0.5,
    0.5,
    0.4900000011906615,
    0.5,
    0.48999995344998115,
    0.48999982849988855,
    0.48999982849988855,
    0.49,
    0.48999982849988855,
    0.49,
    0.49,
    0.49,
    0.49,
    0.49,
    0.49,
    0.49,
    0.5,
    0.5,
    0.5,
    0.5,
    0.5,
    0.5,
    0.5,
    0.5,
    0.5,
    0.5,
    0.4899999977133332,
    0.49,
    0.48,
    0.48,
    0.4799999944258063,
    0.48,
    0.47263818708846284,
    0.47,
    0.47,
    0.46,
    0.47,
    0.46,
    0.46,
    0.47,
    0.47,
    0.47,
    0.47,
    0.48,
    0.47,
    0.47,
    0.47,
    0.47,
    0.47,
    0.47,
    0.47,
    0.4699998777999096,
    0.4699998918999708,
    0.46,
    0.46738562091503266,
    0.45,
    0.45,
    0.45,
    0.4695508785856204,
    0.46,
    0.46,
    0.46,
    0.46,
    0.46,
    0.46,
    0.46,
    0.46,
    0.46,
    0.46,
    0.46,
    0.46,
    0.46,
    0.48,
    0.48,
    0.48,
    0.48,
    0.47,
    0.46,
    0.45,
    0.46,
    0.45999999571295397,
    0.4500000012971698,
    0.46,
    0.45,
    0.46,
    0.46999999208243715,
    0.45,
    0.45,
    0.45,
    0.46,
    0.45,
    0.46,
    0.45,
    0.46,
    0.4500000006220696,
    0.45,
    0.45,
    0.46,
    0.45,
    0.47,
    0.4699998918999708,
    0.46999999838134,
    0.4699999980348432,
    0.4699998777999096,
    0.4699998918999708,
    0.4699998918999708,
    0.4699998918999708,
    0.4699998918999708,
    0.4699998918999708,
    0.4699998918999708,
    0.4699998918999708,
    0.4699998918999708,
    0.4699998777999096,
    0.46999999732802716,
    0.4699998777999096,
    0.4699998777999096,
    0.4699998918999708,
    0.4699998918999708,
    0.4699998918999708,
    0.4699998918999708,
    0.4699998918999708,
    0.4699998918999708,
    0.4699998918999708,
    0.46999998871999804,
    0.4699998918999708,
    0.4699998918999708,
    0.4699998918999708,
    0.4699998918999708,
    0.4699998918999708,
    0.4699998918999708,
    0.4699998918999708,
    0.4699998918999708,
    0.4699998777999096,
    0.4699998777999096,
    0.4699999702333253,
    0.4699998918999708,
    0.46,
    0.4699999950863635,
    0.4699998918999708,
    0.4699998918999708,
    0.4699998918999708,
    0.4699998918999708,
    0.4699998918999708,
    0.4699998918999708,
    0.4699998918999708,
    0.4699998918999708,
    0.4699998918999708,
    0.4699998918999708,
    0.4699998918999708,
    0.4699998918999708,
    0.4699998918999708,
    0.4699998918999708,
    0.4699999929499998,
    0.4699998777999096,
    0.4699998777999096,
    0.4699998777999096,
    0.4699998777999096,
    0.4699998777999096,
    0.4699998777999096,
    0.4699998777999096,
    0.4699998777999096,
    0.47,
    0.4699998777999096,
    0.4699998918999708,
    0.4699998918999708,
    0.4699998918999708,
    0.4699998918999708,
    0.4699998918999708,
    0.4699998918999708,
    0.4699998918999708,
    0.46999998813131044,
    0.4699998918999708,
    0.4699998918999708,
    0.4699998918999708,
    0.4699998777999096,
    0.4699998918999708,
    0.4699998918999708,
    0.4699998918999708,
    0.4699998918999708,
    0.4699998777999096,
    0.4699998777999096,
    0.4699998777999096,
    0.4699998777999096,
    0.46000000648000017,
    0.4699998777999096,
    0.4699998777999096,
    0.4699998777999096,
    0.4699998777999096,
    0.4699998777999096,
    0.4699998777999096,
    0.4699998777999096,
    0.4699998777999096,
    0.4699998918999708,
    0.4699998918999708,
    0.4699998777999096,
    0.4699998918999708,
    0.4699998918999708,
    0.4699998918999708,
    0.4699998918999708,
    0.4699998918999708,
    0.4699998777999096,
    0.4699998777999096,
    0.4699998777999096,
    0.4699998777999096,
    0.4699998777999096,
    0.4699998777999096,
    0.4699998777999096,
    0.4699998777999096,
    0.4699998918999708,
    0.4699998918999708,
    0.4699998918999708,
    0.4699998918999708,
    0.4699998918999708,
    0.4699998918999708,
    0.4699998918999708,
    0.4699998777999096,
    0.4600000019423797,
    0.46,
    0.469999998496,
    0.47,
    0.4699998777999096,
    0.4699998777999096,
    0.4699998777999096,
    0.4699998777999096,
    0.4699998777999096,
    0.4699998777999096,
    0.4699998777999096,
    0.4699998777999096,
    0.4699998777999096,
    0.46,
    0.46,
    0.46,
    0.4600000207294056,
    0.4699999618550645,
    0.46000006180724046,
    0.4699998918999708,
    0.4699998918999708,
    0.4699998918999708,
    0.4699998918999708,
    0.4699998777999096,
    0.4699998918999708,
    0.4699998918999708,
    0.4699998918999708,
    0.4699998918999708,
    0.4699998918999708,
    0.4699998918999708,
    0.4699998918999708,
    0.46000000316715633,
    0.4699999702333253,
    0.46999992922778255,
    0.46999997956521194,
    0.4600000229787294,
    0.46000004421053564,
    0.4600000316483614,
    0.4600000408139623,
    0.4699999127425954,
    0.4699998777999096,
    0.4699998777999096,
    0.4699998777999096,
    0.4699998777999096,
    0.4699998777999096,
    0.4699998777999096,
    0.4699998777999096,
    0.4699999550164911,
    0.4699998777999096,
    0.4699999997415,
    0.4600000216000099,
    0.46000001188000034,
    0.4699998777999096,
    0.4699998777999096,
    0.4699998777999096,
    0.4699998918999708,
    0.4699998918999708,
    0.4699998918999708,
    0.4699998918999708,
    0.4699998918999708,
    0.4699998918999708,
    0.4699998918999708,
    0.4699998918999708,
    0.4699998777999096,
    0.4699998777999096,
    0.4699998777999096,
    0.4699998777999096,
    0.4699998777999096,
    0.4699998777999096,
    0.4699998777999096,
    0.4699998777999096,
    0.46999995942444933,
    0.4600000334365408,
    0.47,
    0.4699998777999096,
    0.4699998777999096,
    0.4699998777999096,
    0.4699998777999096,
    0.4699998777999096,
    0.4699998777999096,
    0.4699998777999096,
    0.4699998777999096,
    0.4699998777999096,
    0.4699998777999096,
    0.4699998777999096,
    0.4699998777999096,
    0.4699998777999096,
    0.4699998777999096,
    0.4699998777999096,
    0.4699998777999096,
    0.4699998777999096,
    0.4699998777999096,
    0.469999998496,
    0.4699999982990476,
    0.4699998777999096,
    0.4699998777999096,
    0.4699998777999096,
    0.4699998777999096,
    0.4699998777999096,
    0.4699998777999096,
    0.4699998777999096,
    0.4699998777999096,
    0.469999999812,
    0.47,
    0.46000000328695667,
    0.4699999929499998,
    0.46,
    0.46,
    0.46000000060133295,
    0.46,
    0.47,
    0.46,
    0.46,
    0.46,
    0.4600000057109286,
    0.4699998777999096,
    0.4699998777999096,
    0.4699998777999096,
    0.4699998777999096,
    0.4699998777999096,
    0.4699998777999096,
    0.4699998777999096,
    0.4699998777999096,
    0.4699998777999096,
    0.46999996711933034,
    0.4600000063716832,
    0.4699999365982304,
    0.46000001289552594,
    0.46999987914277314,
    0.4600000334365408,
    0.4699999431316592,
    0.4699998777999096,
    0.4699998777999096,
    0.4699998777999096,
    0.4699998777999096,
    0.4699998777999096,
    0.4699998777999096,
    0.4699998777999096,
    0.4699998777999096,
    0.47,
    0.46000003750002344,
    0.46000007087503497,
    0.46999994248250443,
    0.4699998777999096,
    0.4699998777999096,
    0.4699998777999096,
    0.4699998777999096,
    0.4699998777999096,
    0.4699998777999096,
    0.4699998777999096,
    0.4699998777999096,
    0.4699998918999708,
    0.4699999929499998,
    0.46999991221788107,
    0.4600000063716832,
    0.46999997956521194,
    0.46000006545455735,
    0.4600000216000099,
    0.469999987900988,
    0.4699998777999096,
    0.4600000084927926,
    0.46,
    0.46,
    0.46,
    0.46,
    0.46999998739195076,
    0.4699999934199999,
    0.4699999929499998,
    0.46,
    0.47,
    0.4699999932319998,
    0.46000000648000017,
    0.47,
    0.46000001188000034,
    0.46999999153999933,
    0.4600000098931311,
    0.45,
    0.45,
    0.45,
    0.46,
    0.46,
    0.46,
    0.4799999951999998,
    0.48,
    0.47999999567999996,
    0.48,
    0.48,
    0.47,
    0.48,
    0.4799999951999998,
    0.4799999519999808,
    0.48,
    0.4700000100700008,
    0.48,
    0.48,
    0.4799999519999808,
    0.47999982719988943,
    0.47,
    0.4700000012072854,
    0.4799999984455958,
    0.47999999687692024,
    0.47,
    0.47000002685811126,
    0.48,
    0.48,
    0.47999998228782026,
    0.48,
    0.47999998079999695,
    0.4700001219000939,
    0.4700001219000939,
    0.48,
    0.4799999519999808,
    0.4799999879999988,
    0.470000028306934,
    0.47,
    0.47999982719988943,
    0.47999997531428346,
    0.4799999567999931,
    0.48,
    0.47999999308799984,
    0.48999998137999884,
    0.48999998137999884,
    0.48999998039999687,
    0.4899999740999977,
    0.48999999387499976,
    0.4899999950999984,
    0.4700000223943698,
    0.48999997597014533,
    0.4899998335848052,
    0.48999998137999884,
    0.48999982849988855,
    0.48999999387499976,
    0.4899999915719998,
    0.48999998039999687,
    0.48999995589999296,
    0.48999999387499976,
    0.4700000349800047,
    0.48999999387499976,
    0.48999999387499976,
    0.4700000301994371,
    0.48999999387499976,
    0.48999998137999884,
    0.4899999915719998,
    0.4799999951999998,
    0.4799999519999808,
    0.48999999387499976,
    0.47999982719988943,
    0.47999999827199996,
    0.4732251222502758,
    0.4792260976016877,
    0.4699999929499998,
    0.46999979059394537,
    0.4699999571948959,
    0.46999997843354185,
    0.4699999929499998,
    0.46,
    0.46,
    0.47,
    0.47000000137305736,
    0.460000089174379,
    0.47323782500051564,
    0.4699998777999096,
    0.4699999929499998,
    0.46,
    0.47,
    0.47,
    0.47,
    0.47,
    0.46000001188000034,
    0.4600000345600047,
    0.47619047619047616,
    0.4600000345600047,
    0.47,
    0.46000002880000807,
    0.4699999929499998,
    0.4699999929499998,
    0.4699999966301886,
    0.46,
    0.46,
    0.46,
    0.4699999929499998,
    0.4600000216000099,
    0.46,
    0.46000000122815,
    0.47,
    0.4699999996475,
    0.47,
    0.4699998777999096,
    0.4699999702333253,
    0.469999998496,
    0.46000000324338397,
    0.46,
    0.46,
    0.46,
    0.4600000345600047,
    0.472498540479268,
    0.4600000216000099,
    0.46000001188000034,
    0.4699999929499998,
    0.46,
    0.47,
    0.46,
    0.4699998918999708,
    0.46999999153999933,
    0.46,
    0.46,
    0.47,
    0.46999999153999933,
    0.4699999929499998,
    0.4699998918999708,
    0.469999954174993,
    0.46,
    0.47,
    0.46,
    0.4699999929499998,
    0.46,
    0.47,
    0.47,
    0.46999987914277314,
    0.47,
    0.47,
    0.4699999929499998,
    0.47,
    0.4699999929499998,
    0.47,
    0.4699999929499998,
    0.46,
    0.47,
    0.4600000267768803,
    0.46999987914277314,
    0.46999999757166666,
    0.47,
    0.4600000047415213,
    0.46,
    0.46999998871999804,
    0.4699999929499998,
    0.4600000345600047,
    0.4699998918999708,
    0.4699999929499998,
    0.46999999913943663,
    0.4699999929499998,
    0.47,
    0.4699999929499998,
    0.4699999929499998,
    0.4699998777999096,
    0.4699998777999096,
    0.4699999929499998,
    0.46,
    0.4699998777999096,
    0.4699999702333253,
    0.4699998777999096,
    0.4699998777999096,
    0.4699998777999096,
    0.46999999821399996,
    0.4699999932319998,
    0.4600000345600047,
    0.46,
    0.46,
    0.46,
    0.46,
    0.4699998777999096,
    0.4699998777999096,
    0.4699998777999096,
    0.4699998777999096,
    0.46,
    0.4699998777999096,
    0.46,
    0.47,
    0.4699998777999096,
    0.4600001647458521,
    0.46999983572805326,
    0.47,
    0.4699998777999096,
    0.4699999887923071,
    0.4600000014400001,
    0.4699998777999096,
    0.46999999752631566,
    0.4699999929499998,
    0.4600000097200008,
    0.4699998777999096,
    0.4600000014400001,
    0.46000001188000034,
    0.46,
    0.45000000140821994,
    0.46,
    0.46,
    0.47,
    0.4699999764999986,
    0.4600000235807901,
    0.4600000034312947,
    0.4699999684260997,
    0.4500000174603197,
    0.45999999566528454,
    0.45999999894719634,
    0.4400000012437535,
    0.4599999716632403,
    0.45999999769999994,
    0.4599998293547644,
    0.46,
    0.46,
    0.46,
    0.46,
    0.46,
    0.46,
    0.46,
    0.46,
    0.45999999875113123,
    0.46,
    0.46,
    0.46,
    0.46,
    0.4699999986170048,
    0.46,
    0.46,
    0.46,
    0.4699999991281496,
    0.469999998467308,
    0.46999999733807724,
    0.4699999989143568,
    0.4699999968175338,
    0.48,
    0.47999982719988943,
    0.4799999342465393,
    0.4699998777999096,
    0.46,
    0.47999982719988943,
    0.4600000345600047,
    0.46000001188000034,
    0.4700000266064297,
    0.46000000194400004,
    0.47000004676471324,
    0.47999982719988943,
    0.47,
    0.47999998713136593,
    0.47,
    0.5,
    0.5,
    0.5,
    0.519999998336,
    0.5,
    0.5,
    0.5,
    0.519999999168,
    0.4900001683001128,
    0.5199999833599972,
    0.4900000089250003,
    0.49,
    0.49,
    0.5,
    0.5,
    0.5,
    0.5,
    0.5,
    0.5,
    0.5299999650199954,
    0.5,
    0.4900000097207449,
    0.51,
    0.5,
    0.49,
    0.5,
    0.49,
    0.49,
    0.52,
    0.5,
    0.51,
    0.51,
    0.5299999945674999,
    0.5299998527777164,
    0.5200001329231424,
    0.5299997376498675,
    0.5299998780999061,
    0.5299997376498675,
    0.5299997376498675,
    0.5299997376498675,
    0.5299998780999061,
    0.5299998780999061,
    0.5299998780999061,
    0.5299998286464143,
    0.52,
    0.5299999518181424,
    0.5200001728001106,
    0.5200000354825509,
    0.5100000049000016,
    0.529999998622,
    0.529999998622,
    0.5200001728001106,
    0.63,
    0.6299999880299978,
    0.54,
    0.55,
    0.56,
    0.56,
    0.54,
    0.56,
    0.56,
    0.63,
    0.629999948339994,
    0.5600000352000042,
    0.63,
    0.6299999828181745,
    0.6299999881874928,
    0.55,
    0.55,
    0.57,
    0.65,
    0.55,
    0.57,
    0.55,
    0.55,
    0.55,
    0.5400001150000288,
    0.6699999195999292,
    0.6599999953799998,
    0.65,
    0.65,
    0.6599999295999606,
    0.6599998943999641,
    0.5100001715001115,
    0.6599998423879797,
    0.65999993006614,
    0.66,
    0.46,
    0.66,
    0.6699999842352852,
    0.7599999695999891,
    0.6899999917199968,
    0.91
]
