[
    0.999,
    0.999,
    0.999,
    0.999,
    0.999,
    0.999,
    0.999,
    0.999,
    0.999,
    0.999,
    0.999,
    0.999,
    0.999,
    0.999,
    0.999,
    0.999,
    0.999,
    0.999,
    0.999,
    0.999,
    0.999,
    0.999,
    0.999,
    0.999,
    0.999,
    0.999,
    0.999,
    0.999,
    0.999,
    0.999,
    0.999,
    0.999,
    0.9984295446951731,
    0.99,
    0.9849999990149982,
    0.9899998099199605,
    0.9849999888571873,
    0.9849994139241766,
    0.9899999949873405,
    0.98,
    0.98,
    0.99,
    0.99,
    0.992,
    0.991,
    0.99,
    0.99,
    0.99,
    0.99,
    0.99,
    0.99,
    0.99,
    0.99,
    0.9821873110088473,
    0.9699999330699912,
    0.96,
    0.99,
    0.98,
    0.98,
    0.99,
    0.95,
    0.9879783356821873,
    0.9700000288000011,
    0.99,
    0.97,
    0.99,
    0.99,
    0.98,
    0.98,
    0.98,
    0.98,
    0.98,
    0.99,
    0.9899999996522211,
    0.99,
    0.9899999815488424,
    0.98,
    0.98,
    0.98,
    0.9792724440341565,
    0.98,
    0.98,
    0.98,
    0.9673544973544973,
    0.94,
    0.9300000060900001,
    0.9399997555998192,
    0.921981981981982,
    0.92,
    0.8900000080666668,
    0.9,
    0.89,
    0.9,
    0.9,
    0.9,
    0.8999998919999698,
    0.8900000233750008,
    0.89,
    0.9,
    0.83,
    0.84,
    0.86,
    0.83,
    0.8300000129200004,
    0.8,
    0.8,
    0.81,
    0.81,
    0.8699999978195486,
    0.8100000106083336,
    0.8656716411450212,
    0.83,
    0.9,
    0.89,
    0.8699999979989775,
    0.84,
    0.8585369222662588,
    0.8300000058650001,
    0.84,
    0.8300000011674867,
    0.83,
    0.839999999888,
    0.83,
    0.8399999798399985,
    0.830000002788,
    0.8200001296000363,
    0.8,
    0.73,
    0.68,
    0.7199999999944509,
    0.7299999826624982,
    0.68,
    0.69,
    0.7299999914350174,
    0.7299998101998596,
    0.75,
    0.75,
    0.75,
    0.79,
    0.809999999271,
    0.8,
    0.8,
    0.8,
    0.81,
    0.8,
    0.8799999994088007,
    0.8799999964799989,
    0.87,
    0.87,
    0.9,
    0.9099999999408117,
    0.9,
    0.9,
    0.9,
    0.9,
    0.9,
    0.9,
    0.9,
    0.9,
    0.9,
    0.91,
    0.92,
    0.9100000081,
    0.91,
    0.91,
    0.92,
    0.88,
    0.84,
    0.82,
    0.819999999016,
    0.82,
    0.81,
    0.8199999934399984,
    0.8200000072000001,
    0.82,
    0.8200000009138182,
    0.83,
    0.82,
    0.8499999982734104,
    0.820000001296,
    0.8488600868543198,
    0.82,
    0.8200000129600004,
    0.82,
    0.8299999995623517,
    0.82,
    0.82,
    0.829999970119998,
    0.8200001296000363,
    0.84,
    0.82,
    0.82,
    0.7696629213483146,
    0.73,
    0.72,
    0.7400000055466668,
    0.73,
    0.73,
    0.72,
    0.73,
    0.72,
    0.73,
    0.72,
    0.7295495495495495,
    0.71,
    0.68,
    0.64,
    0.66,
    0.63,
    0.64,
    0.6999999684999982,
    0.6900000051925,
    0.63,
    0.65000000245,
    0.6600000306000049,
    0.7,
    0.65,
    0.64,
    0.68,
    0.68,
    0.6378441108941677,
    0.68,
    0.62,
    0.65,
    0.65,
    0.73,
    0.7697101449275362,
    0.76,
    0.75,
    0.76,
    0.76,
    0.76,
    0.7600000216867483,
    0.76,
    0.77,
    0.76,
    0.8,
    0.8,
    0.8,
    0.78,
    0.77,
    0.75,
    0.76,
    0.75,
    0.78,
    0.79,
    0.79,
    0.7920602822580645,
    0.7899999889289258,
    0.78,
    0.77,
    0.7800000149600005,
    0.85,
    0.85,
    0.82,
    0.82,
    0.78,
    0.79,
    0.79,
    0.7899998389808561,
    0.7700000003036,
    0.78,
    0.76,
    0.74,
    0.74,
    0.7300000712800097,
    0.74,
    0.74,
    0.75,
    0.75,
    0.73999000999001,
    0.7052980107539142,
    0.73,
    0.73,
    0.75,
    0.75,
    0.74,
    0.74,
    0.75,
    0.74,
    0.74,
    0.74,
    0.75,
    0.75,
    0.7400000161200007,
    0.74,
    0.74,
    0.74,
    0.74,
    0.74,
    0.7400000065000002,
    0.7400000065000002,
    0.75,
    0.74,
    0.7499999934593022,
    0.75,
    0.72,
    0.71,
    0.7,
    0.67,
    0.6803986135181975,
    0.69,
    0.66,
    0.66,
    0.6989977623213954,
    0.66,
    0.6613974916544103,
    0.69,
    0.69,
    0.69,
    0.7000000075000001,
    0.7,
    0.658914728018148,
    0.61,
    0.58,
    0.5799999953599991,
    0.5899999675499855,
    0.5899999909770601,
    0.6264435227729661,
    0.6254136324254824,
    0.5800000168000027,
    0.55,
    0.55,
    0.59,
    0.6099999985185715,
    0.58,
    0.6,
    0.62,
    0.62,
    0.63,
    0.63,
    0.65,
    0.6400000048474875,
    0.6699999993076666,
    0.67,
    0.67,
    0.67,
    0.67,
    0.6798235042735042,
    0.66999999933,
    0.696459279889058,
    0.67,
    0.67,
    0.67,
    0.67,
    0.66,
    0.66,
    0.67,
    0.6977873212445911,
    0.69,
    0.7,
    0.69988,
    0.69,
    0.69,
    0.69,
    0.69,
    0.67,
    0.669047619047619,
    0.68,
    0.67,
    0.62,
    0.59,
    0.6,
    0.5700001720001032,
    0.5773684210526315,
    0.57,
    0.56,
    0.58,
    0.5549407656815064,
    0.55,
    0.55,
    0.53,
    0.54,
    0.48,
    0.4608274036074797,
    0.42,
    0.4599999953999998,
    0.46,
    0.5,
    0.5,
    0.5,
    0.5,
    0.51,
    0.5099999952399998,
    0.53,
    0.5300000015040001,
    0.5588235064013805,
    0.5795495495495495,
    0.55,
    0.57,
    0.5500000055900623,
    0.55,
    0.55,
    0.530000003091949,
    0.5699999958374558,
    0.5790600144613159,
    0.53,
    0.5,
    0.5,
    0.5,
    0.5,
    0.5399999704477555,
    0.52,
    0.52,
    0.52,
    0.53,
    0.5299998780999061,
    0.5299998780999061,
    0.53,
    0.55,
    0.6,
    0.6,
    0.61,
    0.64,
    0.63,
    0.65,
    0.640000002304,
    0.64,
    0.640000001296,
    0.68,
    0.6799999870476184,
    0.7399999592999819,
    0.6954470198675496,
    0.66,
    0.66,
    0.6499999991875,
    0.63,
    0.5900000044918147,
    0.65,
    0.6499999934999994,
    0.6599999931044772,
    0.66,
    0.659999997572843,
    0.64,
    0.64,
    0.67,
    0.640000003091491,
    0.64,
    0.6999999719999955,
    0.7099999431998909,
    0.7092603753290584,
    0.6700000151250005,
    0.6700000243375013,
    0.7,
    0.7000000018,
    0.7,
    0.7,
    0.7000000180000007,
    0.7,
    0.67,
    0.63,
    0.63,
    0.63,
    0.63,
    0.6299999180999697,
    0.63,
    0.6200000049400002,
    0.6200000060987657,
    0.63,
    0.6699999986041666,
    0.6699999986599999,
    0.669999962479987,
    0.6400000046285715,
    0.64,
    0.6699999195999292,
    0.65,
    0.6300000000817872,
    0.64,
    0.64,
    0.689999978149997,
    0.6792906590024621,
    0.6799999704347678,
    0.69,
    0.69,
    0.65,
    0.6907894716239612,
    0.7422373414993658,
    0.73,
    0.73,
    0.7299999816544449,
    0.71,
    0.7100000026549296,
    0.71,
    0.71,
    0.75,
    0.76,
    0.75,
    0.75,
    0.75,
    0.75,
    0.75,
    0.75,
    0.7439655172413793,
    0.72,
    0.72,
    0.73000000063,
    0.75,
    0.74,
    0.74,
    0.74,
    0.78,
    0.7800001452000493,
    0.78,
    0.78,
    0.74,
    0.75,
    0.74,
    0.75,
    0.74,
    0.75,
    0.74,
    0.74,
    0.74,
    0.7400000055466668,
    0.69,
    0.7,
    0.75,
    0.79,
    0.77,
    0.75,
    0.79,
    0.7741830731037493,
    0.7699999934549987,
    0.76,
    0.75,
    0.729999998928047,
    0.7699999913431933,
    0.74,
    0.729999999416,
    0.73,
    0.73,
    0.7300000004263157,
    0.729009009009009,
    0.71,
    0.7389149760365202,
    0.729999999416,
    0.7,
    0.7,
    0.69,
    0.69,
    0.7,
    0.69,
    0.69,
    0.69,
    0.69,
    0.6854343478260869,
    0.63,
    0.6615024072399792,
    0.6499999934999994,
    0.6400000240926655,
    0.64,
    0.64,
    0.63,
    0.62,
    0.62,
    0.62,
    0.62,
    0.61,
    0.61,
    0.61,
    0.6294855964734426,
    0.6099999389999654,
    0.62,
    0.63,
    0.62,
    0.62,
    0.62,
    0.6499999990249999,
    0.63,
    0.63,
    0.61,
    0.64,
    0.61,
    0.5799998993607021,
    0.56,
    0.5999999759999961,
    0.57,
    0.57,
    0.5999999759999961,
    0.5999999759999961,
    0.5999999759999961,
    0.5999999759999961,
    0.5967299200381907,
    0.5799999953599991,
    0.5999999759999961,
    0.5643564188805007,
    0.53,
    0.54,
    0.559999998992,
    0.5691182472434729,
    0.54,
    0.54,
    0.54,
    0.5651738596039093,
    0.54,
    0.54,
    0.54,
    0.5300000070500003,
    0.5657144324825979,
    0.5699999555399857,
    0.53,
    0.559999999505955,
    0.5699999555399857,
    0.5499999559999947,
    0.5499999559999947,
    0.5699999555399857,
    0.54,
    0.5499999559999947,
    0.5499999780585086,
    0.53,
    0.5530582254688368,
    0.5499999559999947,
    0.5499999559999947,
    0.5499999559999947,
    0.5,
    0.52,
    0.5,
    0.5299999968271388,
    0.51,
    0.52,
    0.52,
    0.51,
    0.5,
    0.5,
    0.48,
    0.48,
    0.48,
    0.48,
    0.47,
    0.4699999879187389,
    0.4799999951999998,
    0.4799999951999998,
    0.5,
    0.47,
    0.5,
    0.4799999980043885,
    0.45,
    0.44,
    0.4100000045725001,
    0.42,
    0.41,
    0.41,
    0.42,
    0.4,
    0.4,
    0.4299998279998968,
    0.4299998279998968,
    0.4299998279998968,
    0.4496942023059645,
    0.4299998279998968,
    0.4299998279998968,
    0.4299998279998968,
    0.4299998279998968,
    0.4299998279998968,
    0.4299999410367777,
    0.42999995054998097,
    0.42999995054998097,
    0.4399999295999761,
    0.4499999212499744,
    0.4399999295999761,
    0.43999999207999974,
    0.4384871309443812,
    0.4399999295999761,
    0.4299998279998968,
    0.42999992976665474,
    0.4399999295999761,
    0.4399999295999761,
    0.41,
    0.41,
    0.41999999161971796,
    0.41,
    0.41,
    0.41,
    0.40166666666666667,
    0.4463488935260324,
    0.43999996479999576,
    0.43,
    0.43,
    0.43,
    0.41000001062000035,
    0.43,
    0.4099999909799993,
    0.37000000012745154,
    0.40999999688399996,
    0.41,
    0.4,
    0.4,
    0.4,
    0.37,
    0.4099999446499798,
    0.37,
    0.4,
    0.37000000850500075,
    0.3700000049000001,
    0.39,
    0.4,
    0.45,
    0.4499999549999955,
    0.4499999212499744,
    0.4499999212499744,
    0.44999996249999064,
    0.4499999212499744,
    0.48,
    0.4799999758321657,
    0.4799999519999808,
    0.4799999951999998,
    0.4799999993142857,
    0.5098039194694348,
    0.42,
    0.43,
    0.43,
    0.509999956649982,
    0.5,
    0.509999956649982,
    0.5,
    0.5,
    0.5,
    0.509999956649982,
    0.509999956649982,
    0.44,
    0.44,
    0.52,
    0.52,
    0.52,
    0.5,
    0.48,
    0.5,
    0.5,
    0.5,
    0.46,
    0.52,
    0.5784817284827551,
    0.52,
    0.5499999902251175,
    0.53,
    0.5482316589504492,
    0.53,
    0.5572338889415909,
    0.559999843199887,
    0.559999843199887,
    0.559999843199887,
    0.5599999986649007,
    0.5499999931249997,
    0.53,
    0.559999843199887,
    0.559999843199887,
    0.53,
    0.5490909090909091,
    0.5300000162068976,
    0.5300000172825121,
    0.5599999999253333,
    0.5599999775999964,
    0.5300000818939872,
    0.559999843199887,
    0.5300000818939872,
    0.5594405594405595,
    0.5599999984904643,
    0.559999843199887,
    0.55,
    0.559999843199887,
    0.55,
    0.559999843199887,
    0.559999843199887,
    0.559999843199887,
    0.559999843199887,
    0.55,
    0.559999843199887,
    0.559999843199887,
    0.559999843199887,
    0.559999843199887,
    0.559999843199887,
    0.559999843199887,
    0.559999843199887,
    0.559999843199887,
    0.559999843199887,
    0.559999843199887,
    0.559999843199887,
    0.559999843199887,
    0.559999843199887,
    0.559999843199887,
    0.55,
    0.55,
    0.5467196796694979,
    0.53,
    0.5300000065990644,
    0.5681042236987522,
    0.54,
    0.5481727565037913,
    0.53,
    0.53,
    0.529999999735,
    0.5200000466019599,
    0.52,
    0.52,
    0.53,
    0.53,
    0.53,
    0.5299999999136004,
    0.5299999945674999,
    0.5299999472774783,
    0.52,
    0.52,
    0.51,
    0.5100000000824174,
    0.52,
    0.51,
    0.53,
    0.53,
    0.53,
    0.52,
    0.52,
    0.52,
    0.539999971199992,
    0.52,
    0.5399999935199998,
    0.53,
    0.520000019200003,
    0.53,
    0.5299999650199954,
    0.52,
    0.5299999505333215,
    0.52,
    0.5297351323265653,
    0.5299366260370519,
    0.5299998665733668,
    0.52,
    0.52,
    0.519999989599995,
    0.52,
    0.5199999783538305,
    0.525818411399041,
    0.5099999977156385,
    0.51,
    0.51,
    0.5099999735192271,
    0.509999998504,
    0.5099998316998873,
    0.4900000204000033,
    0.5061532341289171,
    0.5,
    0.5,
    0.5,
    0.5,
    0.5098516648194756,
    0.5,
    0.5,
    0.5,
    0.5,
    0.49000000266318605,
    0.48,
    0.48,
    0.48,
    0.48,
    0.48,
    0.48,
    0.48,
    0.48,
    0.48,
    0.48,
    0.48,
    0.49,
    0.48,
    0.48,
    0.48,
    0.48,
    0.48,
    0.48,
    0.480000000022823,
    0.49,
    0.48,
    0.49,
    0.5,
    0.51,
    0.51,
    0.5,
    0.5,
    0.5,
    0.5,
    0.5,
    0.5,
    0.5,
    0.5,
    0.48,
    0.5,
    0.49,
    0.49,
    0.5,
    0.5,
    0.49,
    0.49000001061932763,
    0.5099999960333329,
    0.5,
    0.5,
    0.48,
    0.48999999946350364,
    0.48,
    0.47,
    0.46,
    0.46,
    0.44173525037183936,
    0.44,
    0.43999980639989156,
    0.44,
    0.4399999509012825,
    0.43,
    0.43,
    0.4481420554887129,
    0.42,
    0.42,
    0.42,
    0.42,
    0.42,
    0.42,
    0.42,
    0.42,
    0.4325228727696478,
    0.42,
    0.42,
    0.42,
    0.42,
    0.42,
    0.42,
    0.42,
    0.42,
    0.42,
    0.42,
    0.42,
    0.42,
    0.42,
    0.42,
    0.42,
    0.44,
    0.43999980639989156,
    0.44,
    0.44,
    0.43,
    0.43,
    0.43,
    0.43999980639989156,
    0.44,
    0.43,
    0.42,
    0.42,
    0.4,
    0.4099998720799376,
    0.4099998236998995,
    0.4,
    0.4,
    0.4,
    0.4,
    0.4,
    0.4,
    0.39,
    0.4,
    0.39,
    0.39,
    0.39,
    0.39,
    0.38,
    0.38,
    0.3899998478999072,
    0.39826436390211456,
    0.389999995866,
    0.4,
    0.39,
    0.39,
    0.39,
    0.39,
    0.4,
    0.4,
    0.4,
    0.4,
    0.39,
    0.4,
    0.39,
    0.39,
    0.39,
    0.4,
    0.39,
    0.39,
    0.39,
    0.4,
    0.4,
    0.4,
    0.4,
    0.4,
    0.4,
    0.4,
    0.4,
    0.4,
    0.39,
    0.4,
    0.4,
    0.4,
    0.4,
    0.4,
    0.4,
    0.4,
    0.4,
    0.4,
    0.4,
    0.4,
    0.4,
    0.4,
    0.4,
    0.4,
    0.4,
    0.4,
    0.4,
    0.4,
    0.4,
    0.4,
    0.4,
    0.4,
    0.4,
    0.4,
    0.4,
    0.4,
    0.4,
    0.4,
    0.4,
    0.4,
    0.41,
    0.40627579936052727,
    0.4,
    0.4,
    0.4,
    0.39,
    0.4,
    0.4,
    0.39000014030010804,
    0.4,
    0.4,
    0.4,
    0.4,
    0.4,
    0.3900000610000346,
    0.4,
    0.4,
    0.4,
    0.4,
    0.4,
    0.4,
    0.4,
    0.4,
    0.4,
    0.3900000018721228,
    0.39,
    0.3899999773799968,
    0.39,
    0.39,
    0.3800000041636937,
    0.3800000027117297,
    0.3899998478999072,
    0.39,
    0.3800000042465755,
    0.4,
    0.4,
    0.3899999859599991,
    0.3899999942231326,
    0.39,
    0.39,
    0.3958424547030282,
    0.3899999888199996,
    0.38000014880011307,
    0.39,
    0.39,
    0.3899999970927664,
    0.38,
    0.3899999888199996,
    0.38000002702179714,
    0.38999999202272706,
    0.3800000047794434,
    0.389999988083333,
    0.3899999928093749,
    0.389999998245,
    0.3899999965978723,
    0.389999890799976,
    0.3899999940775443,
    0.38000014880011307,
    0.38999998662857,
    0.39,
    0.389999890799976,
    0.38000014880011307,
    0.38,
    0.3700000016848027,
    0.38,
    0.37,
    0.37999994679998084,
    0.37,
    0.37,
    0.37,
    0.38,
    0.38,
    0.38,
    0.37999999635199994,
    0.37,
    0.37,
    0.37,
    0.37,
    0.38,
    0.37,
    0.37,
    0.37,
    0.369999913450262,
    0.36,
    0.36,
    0.36,
    0.36999999371772185,
    0.36999992723332337,
    0.36,
    0.36,
    0.35999998439999936,
    0.359999993093525,
    0.3500000039711633,
    0.359999999208,
    0.36,
    0.36,
    0.36,
    0.3599999969270166,
    0.36,
    0.35000000518319285,
    0.36,
    0.3661700813216835,
    0.3500000020936226,
    0.35999999538855676,
    0.35,
    0.35,
    0.35,
    0.3500003559706965,
    0.35,
    0.35000000161279654,
    0.359999997696,
    0.359999998704,
    0.35999987039991704,
    0.35999997695999686,
    0.35999987039991704,
    0.35999987039991704,
    0.36,
    0.35999987039991704,
    0.35,
    0.35999987039991704,
    0.35,
    0.35,
    0.35,
    0.35999987039991704,
    0.35,
    0.35,
    0.35,
    0.36,
    0.35999987039991704,
    0.36,
    0.36999997705999915,
    0.35,
    0.36999995387012363,
    0.35,
    0.36999992723332337,
    0.36981305886912474,
    0.35999997695999686,
    0.3599999965714285,
    0.36,
    0.36,
    0.36,
    0.36,
    0.36,
    0.36,
    0.36,
    0.36,
    0.36,
    0.36,
    0.36,
    0.36,
    0.36,
    0.36,
    0.36,
    0.36,
    0.36,
    0.36,
    0.37,
    0.37,
    0.3799999741599966,
    0.37,
    0.3799999741599966,
    0.37999998327999907,
    0.379999998708,
    0.3799999695999948,
    0.37999996199999114,
    0.37999996199999114,
    0.37999996199999114,
    0.37999996199999114,
    0.37999994209521937,
    0.37999996199999114,
    0.37999996199999114,
    0.3799999741599966,
    0.36,
    0.36,
    0.37999999174728505,
    0.3725001779232795,
    0.36,
    0.36999992723332337,
    0.36999992723332337,
    0.3699999925999999,
    0.36,
    0.36,
    0.36999986309991373,
    0.36999986309991373,
    0.36999986309991373,
    0.36999986309991373,
    0.36999986309991373,
    0.36999986309991373,
    0.36999986309991373,
    0.36999986309991373,
    0.36999986309991373,
    0.36999986309991373,
    0.37,
    0.37,
    0.37,
    0.37,
    0.37,
    0.37,
    0.37,
    0.37,
    0.37,
    0.37,
    0.37,
    0.37,
    0.37,
    0.37,
    0.38,
    0.37,
    0.38,
    0.3799999960765259,
    0.37,
    0.37999982187494435,
    0.37999988124996287,
    0.37999990129866285,
    0.3799999389558086,
    0.37999995260214625,
    0.37999986310555434,
    0.37999999970656373,
    0.38,
    0.38,
    0.3899998478999072,
    0.389999890799976,
    0.389999890799976,
    0.389999890799976,
    0.389999890799976,
    0.389999890799976,
    0.389999890799976,
    0.3899998478999072,
    0.389999890799976,
    0.389999890799976,
    0.389999890799976,
    0.389999890799976,
    0.389999890799976,
    0.3899998478999072,
    0.389999890799976,
    0.389999890799976,
    0.389999890799976,
    0.3899998478999072,
    0.3899998478999072,
    0.3899998478999072,
    0.3899998478999072,
    0.3899998478999072,
    0.3899998478999072,
    0.3899998478999072,
    0.3899998478999072,
    0.3899998478999072,
    0.3899998478999072,
    0.3899998478999072,
    0.3899998478999072,
    0.3899998478999072,
    0.3899998478999072,
    0.3899998478999072,
    0.3899998478999072,
    0.3899998478999072,
    0.3899998478999072,
    0.3899998478999072,
    0.389999890799976,
    0.389999890799976,
    0.389999890799976,
    0.389999890799976,
    0.389999890799976,
    0.389999890799976,
    0.3899998478999072,
    0.3899998478999072,
    0.3899998478999072,
    0.3899998478999072,
    0.3899998478999072,
    0.3899998478999072,
    0.3899998478999072,
    0.3899998478999072,
    0.3899999859599991,
    0.389999890799976,
    0.389999890799976,
    0.389999890799976,
    0.389999890799976,
    0.389999890799976,
    0.389999890799976,
    0.3899998559999424,
    0.389999890799976,
    0.3899999451376056,
    0.3899998478999072,
    0.38999995579999025,
    0.3899998478999072,
    0.38999989817731634,
    0.3899999994345,
    0.3899999190565824,
    0.3899998478999072,
    0.3899998478999072,
    0.3899998478999072,
    0.3899998478999072,
    0.3899998478999072,
    0.3899998478999072,
    0.3899998478999072,
    0.3899998478999072,
    0.3899998478999072,
    0.389999890799976,
    0.389999890799976,
    0.389999890799976,
    0.389999890799976,
    0.389999890799976,
    0.389999890799976,
    0.389999890799976,
    0.389999890799976,
    0.38999999024999976,
    0.3899998478999072,
    0.3899999995356037,
    0.38999988328462126,
    0.3899998478999072,
    0.3899998478999072,
    0.3899998478999072,
    0.3899998478999072,
    0.3899998478999072,
    0.3899998478999072,
    0.3899998478999072,
    0.3899998478999072,
    0.38999991682462287,
    0.39,
    0.3899999997641129,
    0.3899998478999072,
    0.3899998478999072,
    0.3899998478999072,
    0.3899998478999072,
    0.3899998478999072,
    0.3899998478999072,
    0.3899998478999072,
    0.3899998478999072,
    0.389999998245,
    0.3899998478999072,
    0.3899998478999072,
    0.389999999475,
    0.3899998857575515,
    0.3899998478999072,
    0.3899998478999072,
    0.3899998478999072,
    0.3899998478999072,
    0.3899998478999072,
    0.3899998478999072,
    0.3899998478999072,
    0.3899998478999072,
    0.3899998478999072,
    0.389999890799976,
    0.3899998478999072,
    0.3899998478999072,
    0.39,
    0.39,
    0.3899999118643769,
    0.3899999145714066,
    0.3899998478999072,
    0.3899998478999072,
    0.3899998478999072,
    0.38,
    0.3899999502749939,
    0.3899998478999072,
    0.3899998478999072,
    0.3899998932835582,
    0.38000001526154276,
    0.3899998478999072,
    0.3899998478999072,
    0.3899998478999072,
    0.3899998478999072,
    0.3899998478999072,
    0.3899998478999072,
    0.3899998478999072,
    0.3899998478999072,
    0.3899999890654196,
    0.3899998478999072,
    0.3899998478999072,
    0.3899998478999072,
    0.3899998478999072,
    0.3899998478999072,
    0.3899998478999072,
    0.3899998478999072,
    0.3899998478999072,
    0.389999890799976,
    0.380000048119428,
    0.38999992126758454,
    0.38999990533978285,
    0.38000005975906637,
    0.3899998478999072,
    0.3899998478999072,
    0.3899998478999072,
    0.3899998478999072,
    0.3899998478999072,
    0.3899998478999072,
    0.3899998478999072,
    0.3899998478999072,
    0.38999999024999976,
    0.389999995866,
    0.3899999859599991,
    0.38,
    0.39,
    0.38,
    0.38,
    0.38,
    0.39,
    0.39,
    0.39,
    0.39,
    0.39,
    0.39,
    0.39,
    0.4,
    0.3900001148701828,
    0.4,
    0.4,
    0.3900000002474645,
    0.4,
    0.4,
    0.3900000267397285,
    0.39000004147309675,
    0.4,
    0.39000015028992696,
    0.4,
    0.4,
    0.4,
    0.4,
    0.4,
    0.4,
    0.3900000160143232,
    0.4,
    0.4,
    0.4,
    0.39,
    0.39,
    0.39,
    0.39,
    0.39,
    0.39,
    0.4,
    0.4,
    0.4,
    0.39000000004430485,
    0.4,
    0.4,
    0.4,
    0.4,
    0.3900000127230618,
    0.4,
    0.3900000261002466,
    0.4,
    0.39000000122000006,
    0.39000014030010804,
    0.4,
    0.39,
    0.4,
    0.3900000218329734,
    0.4,
    0.4,
    0.4,
    0.4,
    0.4,
    0.3900000093272184,
    0.39000014030010804,
    0.3900000610000346,
    0.4,
    0.39000014030010804,
    0.3900001248819625,
    0.4,
    0.4,
    0.4,
    0.4,
    0.4,
    0.3900000009736633,
    0.4,
    0.4,
    0.4,
    0.4,
    0.4,
    0.4,
    0.4,
    0.4,
    0.4,
    0.4099998236998995,
    0.40999999204117615,
    0.4099999946699998,
    0.4099999909799993,
    0.40999999540799986,
    0.4099998236998995,
    0.4099998236998995,
    0.4099999946699998,
    0.409999997622,
    0.4099999997991,
    0.4099998236998995,
    0.4099999969249999,
    0.4,
    0.4,
    0.39,
    0.4,
    0.3900001284211758,
    0.39,
    0.4,
    0.4,
    0.4,
    0.39,
    0.3900000244000039,
    0.4,
    0.4,
    0.39,
    0.4,
    0.3900000244000039,
    0.4,
    0.3900000549000088,
    0.39000014030010804,
    0.39000014030010804,
    0.3900000244000039,
    0.39000002135000994,
    0.4,
    0.39,
    0.39,
    0.4,
    0.4,
    0.4,
    0.39000000189735645,
    0.39000002135000994,
    0.39000000152500003,
    0.4,
    0.39000002135000994,
    0.39,
    0.39,
    0.39,
    0.39,
    0.4,
    0.4,
    0.39,
    0.39,
    0.39,
    0.4,
    0.4,
    0.4099999946699998,
    0.4,
    0.4,
    0.4099999641337877,
    0.4,
    0.40999999651499996,
    0.4,
    0.39000001384790295,
    0.4,
    0.4,
    0.4,
    0.39,
    0.39,
    0.38999995579999025,
    0.3800000221165298,
    0.38,
    0.38,
    0.38,
    0.38,
    0.38,
    0.38,
    0.3899999680571394,
    0.39,
    0.4,
    0.4,
    0.4,
    0.40146877761101657,
    0.4,
    0.4,
    0.4,
    0.38999999833180565,
    0.39,
    0.3899998478999072,
    0.38999999024999976,
    0.38999999024999976,
    0.38,
    0.38999999024999976,
    0.38999999024999976,
    0.38999994866050297,
    0.39,
    0.39,
    0.3899998585293244,
    0.3800000836810216,
    0.39,
    0.4,
    0.39215686274509803,
    0.39900624644278804,
    0.3800000038577778,
    0.39,
    0.39,
    0.39,
    0.39,
    0.3899999773799968,
    0.37,
    0.3799999870352938,
    0.38,
    0.38000003100001395,
    0.39,
    0.38,
    0.39,
    0.39,
    0.39,
    0.39,
    0.39,
    0.41,
    0.4099999977021617,
    0.39,
    0.39,
    0.3900000015436142,
    0.39,
    0.39,
    0.4199999453999798,
    0.42,
    0.42,
    0.42,
    0.42,
    0.42999999793599997,
    0.4299999967319999,
    0.42,
    0.4100000018382184,
    0.43,
    0.42,
    0.42,
    0.42,
    0.42,
    0.42999994941175773,
    0.42,
    0.42,
    0.42,
    0.42999995054998097,
    0.42,
    0.44,
    0.45,
    0.44,
    0.44,
    0.44,
    0.43,
    0.43,
    0.42999998574585524,
    0.4299998279998968,
    0.41,
    0.41,
    0.41,
    0.41,
    0.41,
    0.43,
    0.45,
    0.47,
    0.47,
    0.46,
    0.46,
    0.46,
    0.47,
    0.46,
    0.47,
    0.47,
    0.48,
    0.49,
    0.51,
    0.51,
    0.51,
    0.51,
    0.51,
    0.51,
    0.51,
    0.51,
    0.5,
    0.51,
    0.5,
    0.51,
    0.51,
    0.5,
    0.5,
    0.5,
    0.51,
    0.51,
    0.5,
    0.5,
    0.52,
    0.52,
    0.53,
    0.5300000135576941,
    0.5399999943299999,
    0.530000003812023,
    0.53,
    0.53,
    0.52,
    0.52,
    0.53,
    0.52,
    0.52,
    0.53,
    0.54,
    0.53,
    0.53,
    0.5300000048391251,
    0.53,
    0.53,
    0.53,
    0.5300000491860528,
    0.5399999825538454,
    0.53,
    0.53,
    0.53,
    0.53,
    0.5300000634017695,
    0.53,
    0.53,
    0.53,
    0.53,
    0.5300000637688677,
    0.5300001208572269,
    0.5499999989767442,
    0.5491866537339066,
    0.53,
    0.5300000522222527,
    0.539999998056,
    0.53,
    0.53,
    0.53,
    0.5300000084600007,
    0.5491866537339066,
    0.539999998056,
    0.5410840174709538,
    0.5399999902799992,
    0.5399999654399953,
    0.5300000171214292,
    0.53,
    0.53,
    0.5300000008225,
    0.54,
    0.54,
    0.54,
    0.54,
    0.54,
    0.539999998488,
    0.5300000869603746,
    0.54,
    0.54,
    0.54,
    0.54,
    0.54,
    0.54,
    0.5300000869603746,
    0.5300000869603746,
    0.530000011280002,
    0.5300000218847045,
    0.5300001222000904,
    0.63,
    0.57,
    0.55,
    0.5300000088412749,
    0.6299999880299978,
    0.63,
    0.57,
    0.57,
    0.63,
    0.63,
    0.63,
    0.5500002025001114,
    0.5,
    0.7880068273048064,
    0.6799999945599995
]
