[
    0.999,
    0.999,
    0.999,
    0.999,
    0.999,
    0.999,
    0.999,
    0.999,
    0.999,
    0.999,
    0.999,
    0.999,
    0.999,
    0.999,
    0.99,
    0.99,
    0.99,
    0.99,
    0.99,
    0.99,
    0.9883623000147985,
    0.9461425341949626,
    0.9399999992479997,
    0.9399999996239999,
    0.7,
    0.6900000635500187,
    0.6900000635500187,
    0.6900000635500187,
    0.69,
    0.69,
    0.74,
    0.75,
    0.69,
    0.69,
    0.79,
    0.79,
    0.7920792079207921,
    0.8299999976759997,
    0.8264575324725272,
    0.79,
    0.789999924159977,
    0.73,
    0.7,
    0.7,
    0.7,
    0.6805459387483356,
    0.63,
    0.6564653819597012,
    0.56,
    0.4800000014092141,
    0.5,
    0.5399999939999994,
    0.63,
    0.65,
    0.65,
    0.6500000159090916,
    0.65,
    0.7,
    0.7,
    0.7,
    0.7,
    0.7,
    0.53,
    0.53,
    0.6985401353294549,
    0.53,
    0.53,
    0.64,
    0.64,
    0.6400000041706894,
    0.6400000230400031,
    0.6400001296000829,
    0.65,
    0.6500001225000797,
    0.6500001225000797,
    0.6500001225000797,
    0.660000170000085,
    0.6200000532000192,
    0.6754819040398671,
    0.54,
    0.56,
    0.57999999884,
    0.58,
    0.59,
    0.59,
    0.5899999952799998,
    0.609999996096,
    0.61,
    0.59,
    0.55,
    0.55,
    0.55,
    0.5366233766233767,
    0.45,
    0.5055813953488372,
    0.4100000000640652,
    0.41,
    0.4,
    0.4,
    0.4,
    0.49,
    0.44,
    0.53,
    0.5290997479294203,
    0.45,
    0.4,
    0.4,
    0.33999999446028506,
    0.34,
    0.45,
    0.45000004400000526,
    0.4500000412500072,
    0.57,
    0.55,
    0.5,
    0.55,
    0.65,
    0.65,
    0.68,
    0.72,
    0.71,
    0.68,
    0.69,
    0.7399999987635754,
    0.75,
    0.71,
    0.79,
    0.79,
    0.7899999826199865,
    0.789999999684,
    0.78,
    0.789999980167348,
    0.789999999684,
    0.77,
    0.77,
    0.79,
    0.7899999968399996,
    0.77,
    0.77,
    0.77,
    0.79,
    0.8,
    0.8,
    0.8,
    0.82,
    0.82,
    0.82,
    0.84,
    0.84,
    0.84,
    0.86,
    0.859999535599322,
    0.8599999941408676,
    0.85,
    0.89,
    0.85,
    0.85,
    0.9,
    0.9,
    0.88,
    0.87,
    0.87,
    0.87,
    0.8699999965199997,
    0.84,
    0.84,
    0.85,
    0.8499999599054732,
    0.85,
    0.85,
    0.8766664560561066,
    0.8699999995215,
    0.8799999647998255,
    0.8500001125000282,
    0.88,
    0.87,
    0.8653225804804457,
    0.85,
    0.83,
    0.7700000071875001,
    0.7300000630000063,
    0.7300000630000063,
    0.7000018000072,
    0.71,
    0.7,
    0.7,
    0.7,
    0.710000001885,
    0.7,
    0.7,
    0.7,
    0.67,
    0.71,
    0.67,
    0.6700000089833336,
    0.68,
    0.6900000093000004,
    0.6900000047423511,
    0.7,
    0.6999999929999994,
    0.69,
    0.65,
    0.6700000098336802,
    0.65,
    0.65,
    0.65,
    0.68,
    0.6,
    0.6700000110312949,
    0.6700000206250024,
    0.670000014015358,
    0.68,
    0.6,
    0.68,
    0.57,
    0.5800000168000027,
    0.57,
    0.48,
    0.48,
    0.45,
    0.48333333333333334,
    0.49,
    0.45000000100606385,
    0.45,
    0.45,
    0.45,
    0.46,
    0.46,
    0.47,
    0.52,
    0.52,
    0.52,
    0.52,
    0.52,
    0.54,
    0.62,
    0.59,
    0.59,
    0.57,
    0.58,
    0.6,
    0.5634482758620689,
    0.59,
    0.6,
    0.58,
    0.58,
    0.5667695640400758,
    0.55,
    0.54,
    0.5393193333333334,
    0.5100000049000016,
    0.5100000049000016,
    0.5100000049000016,
    0.5100000049000016,
    0.5100000465500188,
    0.5100000049000016,
    0.5100000049000016,
    0.55,
    0.5100000049000016,
    0.55,
    0.5100000049000016,
    0.54,
    0.51,
    0.51,
    0.51,
    0.39,
    0.390000004774668,
    0.39,
    0.3700000819000303,
    0.35,
    0.45,
    0.4633333333333333,
    0.46,
    0.41,
    0.4097519409202803,
    0.52,
    0.49261763216438453,
    0.48,
    0.48,
    0.48,
    0.49,
    0.51,
    0.48,
    0.45,
    0.45,
    0.43,
    0.3899999773799968,
    0.34,
    0.34,
    0.34,
    0.3,
    0.2700000912500342,
    0.24,
    0.24,
    0.23000000404012355,
    0.23,
    0.23,
    0.2699999681399974,
    0.27,
    0.24000000304000016,
    0.27,
    0.24000009120017146,
    0.29,
    0.37,
    0.37,
    0.38,
    0.38,
    0.37,
    0.43,
    0.43,
    0.43,
    0.43,
    0.43,
    0.43,
    0.43,
    0.4300001767002986,
    0.43,
    0.4300001767002986,
    0.43,
    0.43000000608000033,
    0.4,
    0.41,
    0.4,
    0.438340922197601,
    0.419999997732,
    0.41,
    0.41,
    0.4,
    0.4,
    0.4,
    0.4,
    0.42,
    0.3900000042767528,
    0.4,
    0.4299999870999978,
    0.43,
    0.4299999870999978,
    0.4200001740002958,
    0.4200001740002958,
    0.40000002400000384,
    0.41,
    0.36,
    0.35,
    0.36,
    0.33,
    0.3200000098999107,
    0.33,
    0.32,
    0.34,
    0.32,
    0.32,
    0.32,
    0.32,
    0.32,
    0.33,
    0.32,
    0.33,
    0.26,
    0.21,
    0.21,
    0.21,
    0.21,
    0.19,
    0.21,
    0.17000009130017255,
    0.19,
    0.19,
    0.18,
    0.19,
    0.19,
    0.18,
    0.18,
    0.19,
    0.19,
    0.1900000063373584,
    0.19,
    0.2099999922299999,
    0.15,
    0.17000009130017255,
    0.16,
    0.16,
    0.16,
    0.17,
    0.16,
    0.16,
    0.25,
    0.25,
    0.18,
    0.18,
    0.21,
    0.18,
    0.18,
    0.18,
    0.18,
    0.18,
    0.17,
    0.17,
    0.17,
    0.18,
    0.17,
    0.18,
    0.18,
    0.19,
    0.18,
    0.18,
    0.18,
    0.19000004455008665,
    0.18,
    0.18,
    0.2,
    0.19,
    0.18,
    0.18,
    0.23,
    0.33,
    0.32,
    0.3300000804000707,
    0.33,
    0.3599999920799998,
    0.35820895428826016,
    0.32,
    0.3200001088000914,
    0.25,
    0.29999999549999995,
    0.3,
    0.32,
    0.2800001440004032,
    0.29,
    0.2800001440004032,
    0.2800001440004032,
    0.27000018980014046,
    0.2800001440004032,
    0.3,
    0.3,
    0.32,
    0.34,
    0.34,
    0.35,
    0.349999929999979,
    0.33999999121446994,
    0.34,
    0.3399999905347981,
    0.36,
    0.43,
    0.43,
    0.43,
    0.44,
    0.4300000074100003,
    0.41,
    0.41,
    0.41,
    0.44671052631578945,
    0.42,
    0.4299999980454545,
    0.42999997338761514,
    0.42,
    0.42,
    0.42000000016407363,
    0.43,
    0.43,
    0.43,
    0.43,
    0.4200000017400001,
    0.42,
    0.42000000601902593,
    0.42,
    0.42,
    0.42,
    0.42,
    0.42,
    0.42,
    0.4100000295000044,
    0.4299999870999978,
    0.41,
    0.42,
    0.4200001740002958,
    0.4200001740002958,
    0.4200001740002958,
    0.4200001740002958,
    0.4200001740002958,
    0.4200001740002958,
    0.4200001740002958,
    0.42,
    0.42,
    0.42,
    0.42,
    0.42,
    0.42,
    0.4299999967319999,
    0.42999999793599997,
    0.43,
    0.42,
    0.429999998538,
    0.42000009860008186,
    0.42000009860008186,
    0.42000009860008186,
    0.42000009860008186,
    0.42000009860008186,
    0.42000009860008186,
    0.42000009860008186,
    0.42000009860008186,
    0.42,
    0.42,
    0.43,
    0.4200000017400001,
    0.4200000139200011,
    0.42,
    0.42,
    0.42,
    0.42,
    0.4299998279998968,
    0.42,
    0.42,
    0.42,
    0.42,
    0.42,
    0.41,
    0.42,
    0.42,
    0.42,
    0.42,
    0.4100000133733348,
    0.42,
    0.42,
    0.4100000016965882,
    0.42,
    0.42,
    0.42,
    0.42,
    0.42,
    0.42,
    0.42,
    0.42,
    0.42,
    0.42,
    0.43,
    0.42,
    0.43,
    0.43,
    0.42,
    0.42,
    0.41,
    0.42,
    0.39000014030010804,
    0.41,
    0.41,
    0.41,
    0.4,
    0.4,
    0.4,
    0.39000014030010804,
    0.4,
    0.39000014030010804,
    0.4,
    0.39000005809528787,
    0.39,
    0.4,
    0.3900002170193622,
    0.3900000610000346,
    0.39000009691596305,
    0.4,
    0.39000014030010804,
    0.4,
    0.39000014030010804,
    0.4,
    0.39000014030010804,
    0.39000016266675885,
    0.390000008540001,
    0.3900000040397352,
    0.4,
    0.39000000075823493,
    0.3900000013725,
    0.39000013431202024,
    0.4,
    0.39000014030010804,
    0.4,
    0.3900001266039862,
    0.39000000592952627,
    0.4,
    0.39000014030010804,
    0.39,
    0.39000019963666127,
    0.39000014030010804,
    0.39000014030010804,
    0.4,
    0.4,
    0.38,
    0.4,
    0.38000003096473733,
    0.4,
    0.3998801318549595,
    0.38999999973572896,
    0.39,
    0.39,
    0.39,
    0.38,
    0.38999999128235263,
    0.38000000527659794,
    0.3899999859599991,
    0.3800000031000001,
    0.38000014880011307,
    0.3899999773799968,
    0.38000007026670557,
    0.38,
    0.38,
    0.38,
    0.38,
    0.38,
    0.38,
    0.38,
    0.38,
    0.3800000000386583,
    0.38,
    0.38000000049340144,
    0.4,
    0.38,
    0.3800000138806002,
    0.39,
    0.39,
    0.39,
    0.4,
    0.39,
    0.39,
    0.38,
    0.37999999945928853,
    0.37999998924528233,
    0.3700000728844537,
    0.379999999753,
    0.3799999945279999,
    0.3799999951761873,
    0.3799999950599998,
    0.3799999981269254,
    0.38,
    0.379999999164,
    0.38,
    0.3799999741599966,
    0.37,
    0.37,
    0.37,
    0.37,
    0.3699999997805814,
    0.36999996743999636,
    0.36,
    0.3699999899090905,
    0.37,
    0.36999999383333315,
    0.3699999962999999,
    0.37,
    0.37,
    0.37,
    0.37,
    0.37,
    0.37,
    0.37,
    0.37,
    0.37,
    0.37,
    0.37,
    0.37,
    0.37,
    0.37,
    0.37,
    0.36999986309991373,
    0.36999986309991373,
    0.37,
    0.3699999992045,
    0.37,
    0.37,
    0.36999987666664147,
    0.37,
    0.36999999963,
    0.3699999976621735,
    0.36999986309991373,
    0.36999987930478767,
    0.3699999637920414,
    0.36999999577411163,
    0.3699998465853047,
    0.36999989701028485,
    0.37,
    0.3799999054922025,
    0.37,
    0.37999997634240934,
    0.37,
    0.3699999981196721,
    0.3699999887149998,
    0.36999996743999636,
    0.36999988206246387,
    0.36999989701028485,
    0.36999991119997694,
    0.3699999428938811,
    0.3799999950599998,
    0.3799999695999948,
    0.37,
    0.37,
    0.37,
    0.37,
    0.37,
    0.370000018900007,
    0.36999999745625,
    0.3699999525640951,
    0.36999990064808286,
    0.369999928704309,
    0.3699998695512444,
    0.3699999472823155,
    0.3699999646386898,
    0.36,
    0.36,
    0.36,
    0.36,
    0.36,
    0.36,
    0.37,
    0.37,
    0.37,
    0.37,
    0.37,
    0.38,
    0.38,
    0.3899998478999072,
    0.38999990639996895,
    0.389999998245,
    0.3899999682677108,
    0.3899999997777,
    0.3899998478999072,
    0.3899999502749939,
    0.38,
    0.389999998245,
    0.39,
    0.3800000372000052,
    0.38000003100001395,
    0.38999995579999025,
    0.38999997694086946,
    0.3700000819000303,
    0.38844959127688217,
    0.37000001252293746,
    0.370000018900007,
    0.37000001197000215,
    0.37,
    0.37,
    0.37,
    0.39,
    0.37,
    0.3899998585293244,
    0.37,
    0.37003869541182977,
    0.38,
    0.37,
    0.37,
    0.37,
    0.39,
    0.37,
    0.38,
    0.37000000336216343,
    0.39,
    0.38,
    0.38,
    0.3899998478999072,
    0.389999951371565,
    0.3899998478999072,
    0.3899998757777253,
    0.38,
    0.39,
    0.38000014880011307,
    0.38999998931111063,
    0.38,
    0.38,
    0.38000014880011307,
    0.38000014880011307,
    0.38,
    0.38,
    0.38999987858482893,
    0.3800000366864101,
    0.38000003100001395,
    0.3800000155707776,
    0.38999996422661554,
    0.38000014880011307,
    0.38000014880011307,
    0.38000014880011307,
    0.38,
    0.37,
    0.38,
    0.3799999596647975,
    0.3700000045818186,
    0.3700000020930236,
    0.38,
    0.3799999741599966,
    0.38,
    0.3799999699560741,
    0.37999997958925535,
    0.37999997508196476,
    0.3799999631438101,
    0.37000002045085967,
    0.37,
    0.37000000685355755,
    0.37,
    0.3700000098805084,
    0.3700000054584845,
    0.38,
    0.3799999950599998,
    0.3700000892501361,
    0.38,
    0.37999998226935205,
    0.3799999767255582,
    0.38,
    0.37999997634641236,
    0.3799999745896635,
    0.37000005460003166,
    0.3799999011999269,
    0.370000018696046,
    0.3700000063210712,
    0.37,
    0.3700000032594237,
    0.3700000096148268,
    0.37999997863783674,
    0.37999998629807574,
    0.38,
    0.3799999750641921,
    0.3799999671760771,
    0.3700000073500004,
    0.3700000079212083,
    0.37000000051094895,
    0.37,
    0.3700000110526331,
    0.3700000158861679,
    0.38,
    0.37000005460003166,
    0.37999998608543956,
    0.38,
    0.37999996199999114,
    0.38,
    0.37999997344977965,
    0.37000001731057547,
    0.37,
    0.3700000117977535,
    0.37999997789983614,
    0.3700000934026324,
    0.37,
    0.37000001495683527,
    0.37999998869287904,
    0.37999998028301757,
    0.37000002041037094,
    0.3799999822302135,
    0.37000004173914497,
    0.37000004224852623,
    0.38,
    0.3700000192000031,
    0.37000000845637715,
    0.38,
    0.3700000309329055,
    0.38,
    0.3799999708352101,
    0.38,
    0.3799999579807638,
    0.38,
    0.37999998499419163,
    0.37999998005249186,
    0.38,
    0.3799999784397145,
    0.37999996819624626,
    0.37000000204878064,
    0.3700000103683392,
    0.37,
    0.37000001390071,
    0.3700000141914742,
    0.37,
    0.379999962761688,
    0.38,
    0.38,
    0.38,
    0.38,
    0.38,
    0.38,
    0.38,
    0.3700001920003072,
    0.370000018900007,
    0.3899999961974999,
    0.3899999864501495,
    0.39,
    0.39,
    0.3900000610000346,
    0.4,
    0.4,
    0.4,
    0.39,
    0.39,
    0.4,
    0.39000002135000994,
    0.39,
    0.4099999835999974,
    0.41,
    0.42,
    0.42,
    0.17000002113426851,
    0.42,
    0.43999980639989156,
    0.17000009130017255,
    0.3200000054400005,
    0.3200000054400005,
    0.41,
    0.48999982849988855,
    0.42000009860008186
]
