[
    0.001,
    0.001,
    0.001,
    0.001,
    0.001,
    0.001,
    0.001,
    0.001,
    0.002,
    0.002,
    0.001,
    0.003,
    0.003,
    0.003,
    0.006,
    0.006,
    0.008,
    0.01,
    0.01,
    0.01,
    0.01,
    0.01,
    0.01,
    0.011,
    0.01,
    0.01,
    0.02,
    0.02,
    0.021,
    0.04,
    0.03,
    0.030000001940002324,
    0.04,
    0.031000000018291993,
    0.031,
    0.04,
    0.059999994599999946,
    0.041,
    0.05,
    0.05618892258541867,
    0.06899999106942845,
    0.06908653779724483,
    0.07,
    0.06,
    0.03909281776160686,
    0.020999993272999912,
    0.021,
    0.0599999459999946,
    0.04,
    0.05999998895999983,
    0.0599999459999946,
    0.06,
    0.03,
    0.05,
    0.05,
    0.05,
    0.05,
    0.05,
    0.02,
    0.01,
    0.04,
    0.03,
    0.02,
    0.01,
    0.03,
    0.03,
    0.04,
    0.02,
    0.02,
    0.02,
    0.02,
    0.02,
    0.02,
    0.02,
    0.02,
    0.03,
    0.03,
    0.03,
    0.03,
    0.03,
    0.04,
    0.04,
    0.05999998895999983,
    0.06,
    0.06,
    0.04,
    0.04,
    0.04,
    0.05,
    0.04,
    0.05,
    0.05,
    0.06,
    0.07,
    0.09391801801801802,
    0.09,
    0.08999997359999895,
    0.09,
    0.0800000001870124,
    0.08,
    0.09,
    0.09,
    0.08999999189999992,
    0.08,
    0.07000000133845091,
    0.05,
    0.05,
    0.07,
    0.06,
    0.07,
    0.1,
    0.09557522123893805,
    0.060000037600487305,
    0.07,
    0.06,
    0.08,
    0.0899999189999919,
    0.0899999189999919,
    0.0899999189999919,
    0.0899999189999919,
    0.0899999189999919,
    0.0899999189999919,
    0.0899999189999919,
    0.0899999189999919,
    0.1,
    0.09,
    0.1,
    0.1,
    0.1,
    0.1,
    0.1,
    0.07,
    0.07,
    0.07,
    0.07,
    0.09,
    0.1,
    0.1,
    0.11,
    0.13137931034482758,
    0.11000004854549603,
    0.11,
    0.11,
    0.11,
    0.13000000072500004,
    0.15,
    0.13,
    0.11,
    0.14999998874999973,
    0.13,
    0.13,
    0.13,
    0.14,
    0.14,
    0.15,
    0.15,
    0.13,
    0.1,
    0.12611111111111112,
    0.1,
    0.09,
    0.08,
    0.07,
    0.07,
    0.0899999189999919,
    0.06,
    0.06000001566682307,
    0.06000000037600005,
    0.08,
    0.08,
    0.0899999599499978,
    0.08,
    0.08,
    0.0899999599499978,
    0.07000004227310966,
    0.07,
    0.06,
    0.07,
    0.07,
    0.07,
    0.06,
    0.09,
    0.07,
    0.08,
    0.09,
    0.09,
    0.09,
    0.09000000068250016,
    0.09,
    0.12,
    0.13999988239998118,
    0.14,
    0.14,
    0.15,
    0.17,
    0.16999988609996242,
    0.18000000231529423,
    0.18000000390476206,
    0.18000000553253034,
    0.18,
    0.1800000035755824,
    0.18526315789473685,
    0.17,
    0.16,
    0.17,
    0.1799999279999928,
    0.19,
    0.22,
    0.19,
    0.18,
    0.2,
    0.18,
    0.21,
    0.2,
    0.23000000205333343,
    0.2,
    0.2,
    0.19,
    0.1800000001749736,
    0.19,
    0.19,
    0.20952380702947845,
    0.2,
    0.22808032372589926,
    0.19,
    0.2,
    0.1959741914927513,
    0.1,
    0.08,
    0.08,
    0.08,
    0.08000000368000108,
    0.08,
    0.08,
    0.09,
    0.08,
    0.10999999130999982,
    0.08,
    0.07,
    0.07,
    0.06,
    0.09,
    0.07,
    0.07,
    0.06,
    0.08,
    0.0600000000057414,
    0.07,
    0.1,
    0.11000001424001402,
    0.13999998879999978,
    0.13,
    0.11000000115734726,
    0.11000000015510632,
    0.13,
    0.12,
    0.12,
    0.12,
    0.12,
    0.13,
    0.14,
    0.13,
    0.15,
    0.15,
    0.18999987839995622,
    0.17,
    0.19,
    0.19,
    0.19,
    0.19,
    0.188,
    0.17,
    0.17000000658730285,
    0.17,
    0.16999999678888886,
    0.13,
    0.13000000870001732,
    0.13000000016810512,
    0.14000000086000025,
    0.15,
    0.15,
    0.14,
    0.14,
    0.16000000100800002,
    0.17000000658730285,
    0.19,
    0.17,
    0.17,
    0.17,
    0.19,
    0.17,
    0.15000000077267675,
    0.15,
    0.17,
    0.18999999437599993,
    0.17000000018483807,
    0.17999997551999844,
    0.19,
    0.18,
    0.18,
    0.15000000014166667,
    0.17,
    0.16,
    0.16,
    0.16,
    0.17999999772,
    0.17,
    0.17,
    0.16,
    0.16,
    0.1600000000480343,
    0.17,
    0.1700000033200013,
    0.17000009130017255,
    0.17,
    0.17999997551999844,
    0.1799999579999958,
    0.17000000221333347,
    0.17,
    0.18,
    0.17000000249000036,
    0.1700000033200013,
    0.18,
    0.17999997293849448,
    0.17,
    0.17000000091277753,
    0.17,
    0.17,
    0.18,
    0.17,
    0.17,
    0.1799999579999958,
    0.17,
    0.17,
    0.17,
    0.17,
    0.17,
    0.16000001027523236,
    0.16999999496799995,
    0.16000000336000167,
    0.16,
    0.17,
    0.17,
    0.17,
    0.17,
    0.17,
    0.17,
    0.17,
    0.17,
    0.17,
    0.17,
    0.17,
    0.17,
    0.17,
    0.17,
    0.17,
    0.17999999271565487,
    0.17000009130017255,
    0.1700000033200013,
    0.1700000442667381,
    0.179999998704,
    0.17999998334999945,
    0.17000000074700003,
    0.17,
    0.17000000232400023,
    0.17,
    0.17,
    0.18,
    0.18,
    0.18000006560008222,
    0.18,
    0.18,
    0.18,
    0.1899999667499975,
    0.18999995693332875,
    0.18,
    0.18,
    0.19,
    0.19,
    0.2,
    0.19,
    0.19,
    0.2,
    0.19,
    0.19,
    0.18999999171375906,
    0.18000001640001606,
    0.18999997263999846,
    0.18000001640001606,
    0.19,
    0.18,
    0.18000000104226252,
    0.18000001640001606,
    0.19,
    0.18000003364109327,
    0.18999999686499996,
    0.1800000065600016,
    0.1899999983375,
    0.18999993729998935,
    0.18000000035813726,
    0.18,
    0.18,
    0.18000000001895955,
    0.1800000007087295,
    0.18999999863199998,
    0.18999987839995622,
    0.1899999994015,
    0.18000001661360795,
    0.18000000166497473,
    0.18999999935664877,
    0.19,
    0.18000001504587326,
    0.18000001640001606,
    0.180000022013437,
    0.18999991188403498,
    0.18999986229355145,
    0.18000000884892714,
    0.18999996234233849,
    0.1800000070386326,
    0.18000001596107412,
    0.1800000190420923,
    0.1800000153271073,
    0.19,
    0.18000002314517463,
    0.1899998727184083,
    0.18000006106398764,
    0.18,
    0.18000004663515684,
    0.18999999075333315,
    0.19,
    0.18000004415391171,
    0.18999996676239922,
    0.18999993995282083,
    0.18000002468819254,
    0.18,
    0.18,
    0.18000001640001606,
    0.1800000269589254,
    0.18000002268776435,
    0.18000002552531089,
    0.18000003536389894,
    0.18000001640001606,
    0.18000008379585652,
    0.18000001640001606,
    0.18,
    0.18999992642156105,
    0.18999995215327925,
    0.18000006338169885,
    0.18,
    0.18000001933202692,
    0.18999987839995622,
    0.18,
    0.18000001895954443,
    0.18999997263999846,
    0.18000002256883776,
    0.18999999587531308,
    0.1800000017325687,
    0.1800000020536674,
    0.18000000530744398,
    0.18000003109006832,
    0.18000001442816493,
    0.18999994639285311,
    0.18000002902658618,
    0.18,
    0.18,
    0.18999999745399998,
    0.18999987839995622,
    0.18999987839995622,
    0.19,
    0.18999993729998935,
    0.18,
    0.18,
    0.18000000670126529,
    0.18,
    0.18000001640001606,
    0.18000001640001606,
    0.18000000735426333,
    0.18000004592005253,
    0.18999994249041682,
    0.18000004039416628,
    0.18,
    0.1899999939199999,
    0.18000000811882386,
    0.18000002411765142,
    0.1800000424595997,
    0.1899999529896862,
    0.18000002456931527,
    0.18,
    0.1800000086772501,
    0.18999992990290446,
    0.18999987839995622,
    0.18000002062895626,
    0.1899999971245127,
    0.18,
    0.18,
    0.18999998802999957,
    0.18999991857141693,
    0.19,
    0.18000001640001606,
    0.18000001640001606,
    0.18000001640001606,
    0.18000001640001606,
    0.1800000065600016,
    0.18000001640001606,
    0.18000001640001606,
    0.18000001640001606,
    0.18000001640001606,
    0.18000001640001606,
    0.18000001640001606,
    0.18000001640001606,
    0.18000001640001606,
    0.18000001640001606,
    0.18000001640001606,
    0.1800000098400048,
    0.18000002016394634,
    0.18000001640001606,
    0.18000001640001606,
    0.18000001640001606,
    0.18000001640001606,
    0.18000001640001606,
    0.18000000191333346,
    0.18000001640001606,
    0.18000001640001606,
    0.18000001640001606,
    0.18000001640001606,
    0.18000001640001606,
    0.18000001640001606,
    0.18000001640001606,
    0.1800000022937066,
    0.18000001640001606,
    0.18999998802999957,
    0.18999987839995622,
    0.18000001640001606,
    0.18999987839995622,
    0.18000001640001606,
    0.18000001640001606,
    0.1800000098400048,
    0.18000001640001606,
    0.18000001640001606,
    0.18000001640001606,
    0.18000001640001606,
    0.18000001640001606,
    0.18000001640001606,
    0.18000001640001606,
    0.18000001640001606,
    0.18000001640001606,
    0.18000001640001606,
    0.18000001640001606,
    0.18000001640001606,
    0.18000001640001606,
    0.18000001640001606,
    0.18000001640001606,
    0.18000001640001606,
    0.18000001640001606,
    0.18000001640001606,
    0.18,
    0.18000001640001606,
    0.18000001640001606,
    0.18000001640001606,
    0.18000001640001606,
    0.18000001640001606,
    0.18000001640001606,
    0.18000001640001606,
    0.18000001640001606,
    0.18000001640001606,
    0.18000001640001606,
    0.18000000054666673,
    0.18000001640001606,
    0.18000001640001606,
    0.18000001640001606,
    0.18000000022873083,
    0.18,
    0.18,
    0.18,
    0.18,
    0.18,
    0.18,
    0.1800000065600016,
    0.18,
    0.18,
    0.18,
    0.18000001640001606,
    0.18000001640001606,
    0.18000001640001606,
    0.18000001640001606,
    0.19,
    0.18000001640001606,
    0.18000001640001606,
    0.18000001640001606,
    0.18000001640001606,
    0.18000001640001606,
    0.18000001640001606,
    0.18000001640001606,
    0.18000001640001606,
    0.18000001640001606,
    0.18000000054666673,
    0.18,
    0.18000000098400004,
    0.18000001640001606,
    0.18,
    0.18,
    0.18,
    0.18,
    0.18,
    0.18999997263999846,
    0.18000001640001606,
    0.18000001640001606,
    0.18000001640001606,
    0.18000001640001606,
    0.18000001640001606,
    0.18000001640001606,
    0.18000001640001606,
    0.18000001640001606,
    0.18,
    0.18000001640001606,
    0.18000001640001606,
    0.18000001640001606,
    0.18000001640001606,
    0.18000001640001606,
    0.18000001640001606,
    0.18000001640001606,
    0.18000001640001606,
    0.18000000164000013,
    0.18000001640001606,
    0.18000001640001606,
    0.18000001640001606,
    0.18000001640001606,
    0.18000001640001606,
    0.18000001640001606,
    0.18000001640001606,
    0.18000002896248418,
    0.18000001640001606,
    0.18000001640001606,
    0.18000001640001606,
    0.18000001640001606,
    0.18000001640001606,
    0.18000001640001606,
    0.18000001640001606,
    0.18000001640001606,
    0.18000001640001606,
    0.18000001640001606,
    0.18000001640001606,
    0.18999999745399998,
    0.18999997263999846,
    0.18000001640001606,
    0.18000001640001606,
    0.18000001640001606,
    0.18000001640001606,
    0.18000001640001606,
    0.18000001640001606,
    0.18000001640001606,
    0.18000001640001606,
    0.1800000108609414,
    0.18000001220843959,
    0.18999993995282083,
    0.18000001640001606,
    0.18000002365386822,
    0.18000001640001606,
    0.18000001640001606,
    0.18000001640001606,
    0.18000001640001606,
    0.1899999939199999,
    0.18000001640001606,
    0.18000001640001606,
    0.18000001640001606,
    0.18000001640001606,
    0.18000001640001606,
    0.18000001640001606,
    0.18000001640001606,
    0.18000000123000012,
    0.18000001640001606,
    0.18,
    0.18000001486405706,
    0.18000001640001606,
    0.18000001640001606,
    0.1899999540213471,
    0.18,
    0.1800000271635883,
    0.18000000621212353,
    0.18000001640001606,
    0.1800000065600016,
    0.18,
    0.18000000002915353,
    0.18000004685731869,
    0.18000001287959105,
    0.18000003600180728,
    0.18999993857757957,
    0.1899998843477959,
    0.19,
    0.18999987839995622,
    0.18999997194630658,
    0.19,
    0.19,
    0.18999997263999846,
    0.18999993071821902,
    0.18999988813080243,
    0.1899998897321084,
    0.18999987839995622,
    0.18999995525596797,
    0.17999996489999806,
    0.1799998703999637,
    0.17,
    0.17,
    0.17000000043855903,
    0.18999999851740695,
    0.18,
    0.18,
    0.18,
    0.18,
    0.17000009130017255,
    0.18999987839995622,
    0.17999997551999844,
    0.17000009130017255,
    0.17000000225466905,
    0.17,
    0.17000001930233635,
    0.18,
    0.1700000104402624,
    0.18,
    0.1700000480166055,
    0.18,
    0.18,
    0.18,
    0.18000002515340432,
    0.1800000098400048,
    0.1800000166779799,
    0.180000022013437,
    0.18000002921123207,
    0.1899999049999721,
    0.18,
    0.18000015953925064,
    0.18999999588333327,
    0.18999993729998935,
    0.18999993729998935,
    0.18999993923422628,
    0.1899998897321084,
    0.18999989789114188,
    0.1899999330985837,
    0.19,
    0.18999993729998935,
    0.19,
    0.1700000033200013,
    0.1700000130708788,
    0.18999987839995622,
    0.1700000003652,
    0.18999987839995622,
    0.1700000288195235,
    0.17000000153321393,
    0.1899999667499975,
    0.18,
    0.1700000415000325,
    0.17000009130017255,
    0.18,
    0.1899998722413551,
    0.17000001270410736,
    0.1700000033200013,
    0.18,
    0.18009471546011252,
    0.17999995247999354,
    0.1700000033200013,
    0.18,
    0.17000000941653912,
    0.17,
    0.17,
    0.18999987839995622,
    0.17,
    0.18,
    0.1899999490799933,
    0.18,
    0.18000004592005253,
    0.17000000265600052,
    0.17000009130017255,
    0.17000007188992738,
    0.17000009130017255,
    0.17000000265600052,
    0.17,
    0.17000000265600052,
    0.170000000842029,
    0.18,
    0.18999987839995622,
    0.1700000047632725,
    0.17000009130017255,
    0.18,
    0.17000009130017255,
    0.17000000265600052,
    0.18999993729998935,
    0.18,
    0.1700000207500306,
    0.18,
    0.17000000413346633,
    0.18,
    0.17,
    0.17,
    0.1700000043102343,
    0.17,
    0.18,
    0.1700000207500306,
    0.1700000485608978,
    0.17,
    0.1700000442667381,
    0.1700000100245903,
    0.17,
    0.18,
    0.17,
    0.18,
    0.18,
    0.18000000546666753,
    0.18000000165489471,
    0.18000001640001606,
    0.18000001640001606,
    0.18999987839995622,
    0.18999993729998935,
    0.1800000023976615,
    0.18000000913649397,
    0.18999999588333327,
    0.18,
    0.18,
    0.18999998802999957,
    0.17000009130017255,
    0.17000003969403835,
    0.1899999939199999,
    0.18,
    0.18,
    0.1899999667499975,
    0.1812953950857801,
    0.1799998703999637,
    0.1799999125714086,
    0.17,
    0.1700000033200013,
    0.1700000207500306,
    0.17000000889286498,
    0.1799998703999637,
    0.1799998703999637,
    0.1700000074774909,
    0.18,
    0.18,
    0.17000001872182754,
    0.1700000207500306,
    0.18999987839995622,
    0.17000000074700003,
    0.1700000157027109,
    0.17000002616047263,
    0.17000009130017255,
    0.18,
    0.18,
    0.18,
    0.18,
    0.17000002137527068,
    0.18,
    0.18,
    0.18,
    0.18,
    0.1946550007761868,
    0.18,
    0.18000003379528673,
    0.18,
    0.18,
    0.18999999863199998,
    0.17999999279999992,
    0.1866661401685856,
    0.18,
    0.1700000071706267,
    0.17,
    0.17000009130017255,
    0.17,
    0.17,
    0.18,
    0.1700000033200013,
    0.18,
    0.18,
    0.17999989669562164,
    0.17000003387759574,
    0.17000003432333266,
    0.18694332639529865,
    0.17000001621094984,
    0.17000003458339738,
    0.17000003996297583,
    0.1700000033467796,
    0.17000001116594418,
    0.17000002563711433,
    0.17000009130017255,
    0.1700000363299892,
    0.1700000541305195,
    0.1700000417319114,
    0.1700000597600435,
    0.17000003364865865,
    0.17000000636828966,
    0.1700000090958953,
    0.17000002213334456,
    0.18,
    0.1700000682912633,
    0.17000007781273588,
    0.17999994265486016,
    0.17999995247999354,
    0.17,
    0.17000005404658353,
    0.17999994485105725,
    0.17000004611121103,
    0.17000000425641132,
    0.17000002165219216,
    0.1700000025075559,
    0.1700000207500306,
    0.18,
    0.17999993394494807,
    0.1799999298461452,
    0.1799999348743627,
    0.17000009130017255,
    0.17000000425641132,
    0.17000000230555684,
    0.1700000283947508,
    0.17000000230555684,
    0.1799999446153766,
    0.1700000033200013,
    0.17000009130017255,
    0.17000001464707148,
    0.1700000434762503,
    0.17000002845716627,
    0.17000009130017255,
    0.17000001778577742,
    0.17,
    0.17000003996297583,
    0.17000002862073801,
    0.18,
    0.18,
    0.2,
    0.2,
    0.2,
    0.2,
    0.2,
    0.15,
    0.15000003244282115,
    0.15000002639758028,
    0.15,
    0.15000002225136658,
    0.15,
    0.1500000216285147,
    0.15,
    0.1500000850003315,
    0.15,
    0.15,
    0.15000003863650238,
    0.15000007024810225,
    0.15,
    0.15,
    0.15,
    0.2,
    0.1500000850003315,
    0.1500000850003315,
    0.15,
    0.15,
    0.15000001517859285,
    0.1500000850003315,
    0.15000001180555866,
    0.2,
    0.15,
    0.2,
    0.15,
    0.15000006538486182,
    0.15,
    0.2,
    0.1500000404762271,
    0.15000003148152696,
    0.2,
    0.15000002236843224,
    0.15000001180555866,
    0.1500000283333796,
    0.15,
    0.16,
    0.16000001866667662,
    0.16,
    0.16000000861538674,
    0.16,
    0.16,
    0.15000003679655113,
    0.15000002421655803,
    0.1500000325670735,
    0.1500000292096511,
    0.15000001283989448,
    0.15,
    0.15,
    0.2,
    0.2,
    0.15,
    0.19,
    0.18999987839995622,
    0.17,
    0.17,
    0.17,
    0.15,
    0.15,
    0.2,
    0.16,
    0.15,
    0.18,
    0.18,
    0.16,
    0.16,
    0.17,
    0.17,
    0.17,
    0.18,
    0.15,
    0.14,
    0.18,
    0.17784017278617711,
    0.16,
    0.16,
    0.16,
    0.16,
    0.16,
    0.15,
    0.15,
    0.15,
    0.15,
    0.1400000022806429,
    0.15,
    0.15,
    0.15,
    0.14,
    0.15,
    0.16,
    0.18,
    0.18,
    0.17,
    0.16,
    0.15,
    0.15,
    0.15000015639515427,
    0.15,
    0.15,
    0.15,
    0.15,
    0.15,
    0.15,
    0.15,
    0.15,
    0.15,
    0.18,
    0.17,
    0.16999996089999597,
    0.16,
    0.14000001495654749,
    0.16,
    0.14,
    0.1400000344000502,
    0.16,
    0.16,
    0.15,
    0.15,
    0.14,
    0.14000000186317924,
    0.15,
    0.16,
    0.16,
    0.16,
    0.16,
    0.15,
    0.15,
    0.15,
    0.14,
    0.15,
    0.15,
    0.16999988609996242,
    0.1500000257576218,
    0.15,
    0.15,
    0.15,
    0.15,
    0.15,
    0.19,
    0.19,
    0.21,
    0.21,
    0.21,
    0.21,
    0.21,
    0.21,
    0.21,
    0.21,
    0.13000000174000104,
    0.23,
    0.1100000267000437
]
