[
    0.001,
    0.001,
    0.001,
    0.003,
    0.001,
    0.0030000000249250174,
    0.008,
    0.007619192746528505,
    0.003,
    0.003,
    0.004,
    0.003000000097230553,
    0.004,
    0.005,
    0.005,
    0.005,
    0.005,
    0.01,
    0.009,
    0.009000000061591103,
    0.005,
    0.009,
    0.01,
    0.01,
    0.01,
    0.01,
    0.01,
    0.01,
    0.01,
    0.02,
    0.02,
    0.03,
    0.0599999459999946,
    0.021,
    0.03,
    0.021,
    0.1,
    0.10999990319998838,
    0.11,
    0.1,
    0.10999998151999942,
    0.1099999684666652,
    0.12,
    0.11999989919998387,
    0.11,
    0.109,
    0.11,
    0.09,
    0.18,
    0.17,
    0.19,
    0.21,
    0.2399998559999424,
    0.21,
    0.2399998559999424,
    0.21000001738001353,
    0.19000002592001472,
    0.2,
    0.2,
    0.2,
    0.18000001640001606,
    0.16,
    0.15,
    0.15747721501545245,
    0.15,
    0.12,
    0.1,
    0.1,
    0.1,
    0.1,
    0.1,
    0.09,
    0.08,
    0.09,
    0.08,
    0.08,
    0.11,
    0.09,
    0.07,
    0.07,
    0.11,
    0.12,
    0.1,
    0.11184057971014492,
    0.09983800421189049,
    0.06021827352940515,
    0.02,
    0.02,
    0.02,
    0.03,
    0.03,
    0.03,
    0.0599999459999946,
    0.04,
    0.07,
    0.07,
    0.05,
    0.0599999459999946,
    0.04,
    0.11265524,
    0.07,
    0.0625,
    0.06,
    0.059999972399998894,
    0.06,
    0.05999998895999983,
    0.06,
    0.0599999459999946,
    0.0599999459999946,
    0.05999999723999999,
    0.05,
    0.05,
    0.0546,
    0.05,
    0.04,
    0.04,
    0.04,
    0.04,
    0.04,
    0.04,
    0.03,
    0.03449123188405797,
    0.03,
    0.03,
    0.03,
    0.04,
    0.04,
    0.03,
    0.04,
    0.03,
    0.01,
    0.02,
    0.02,
    0.02,
    0.02,
    0.02,
    0.03,
    0.03,
    0.03,
    0.02,
    0.03,
    0.03,
    0.03,
    0.04,
    0.04,
    0.04,
    0.05,
    0.05,
    0.06,
    0.07,
    0.07,
    0.1,
    0.08,
    0.07,
    0.108879,
    0.08,
    0.08000001840000884,
    0.07,
    0.07,
    0.0700000001489818,
    0.07,
    0.08,
    0.08,
    0.06,
    0.05,
    0.05,
    0.06,
    0.05,
    0.04,
    0.04,
    0.04,
    0.04,
    0.06,
    0.09565217391304348,
    0.09,
    0.1,
    0.09,
    0.129301716720356,
    0.10999998151999942,
    0.08000000102678598,
    0.08,
    0.08,
    0.11,
    0.08,
    0.12,
    0.14,
    0.13511854951185495,
    0.12000001408000541,
    0.14,
    0.15,
    0.14,
    0.15,
    0.17999997551999844,
    0.21782178136947358,
    0.21,
    0.2,
    0.23252478974736052,
    0.21999985479995063,
    0.21999995306666104,
    0.2,
    0.23,
    0.21,
    0.2,
    0.2,
    0.22999999309999986,
    0.2,
    0.19,
    0.21999998828618933,
    0.25,
    0.25,
    0.28,
    0.28,
    0.26,
    0.27,
    0.27,
    0.289999866599928,
    0.27,
    0.26,
    0.26,
    0.2,
    0.24,
    0.23,
    0.23,
    0.23,
    0.23,
    0.24,
    0.23,
    0.22999991604998868,
    0.22999996032499692,
    0.19067134639687405,
    0.19,
    0.17,
    0.17,
    0.17,
    0.1600000001723077,
    0.18635215867628466,
    0.13000001035737366,
    0.14,
    0.14,
    0.15,
    0.16,
    0.13,
    0.13,
    0.13,
    0.14,
    0.13999997871999897,
    0.14,
    0.14000000086000025,
    0.13,
    0.13,
    0.13,
    0.11,
    0.12,
    0.16013355322892567,
    0.12,
    0.12,
    0.12,
    0.12,
    0.12000000352000104,
    0.15,
    0.12,
    0.16999994219999076,
    0.15,
    0.18,
    0.19,
    0.18,
    0.2,
    0.19,
    0.2,
    0.19,
    0.19,
    0.2,
    0.2,
    0.2,
    0.219999998548,
    0.19,
    0.19,
    0.19,
    0.18,
    0.18,
    0.18000001640001606,
    0.1800000065600016,
    0.17542813998934093,
    0.16,
    0.17,
    0.16,
    0.16,
    0.16,
    0.16,
    0.17,
    0.17,
    0.2199999891466665,
    0.22,
    0.22,
    0.22,
    0.22,
    0.22,
    0.22999991604998868,
    0.3,
    0.2899999640399973,
    0.36,
    0.36,
    0.36,
    0.38,
    0.3599999870399992,
    0.34,
    0.35,
    0.37,
    0.37,
    0.3899999756531779,
    0.469999998496,
    0.42,
    0.48,
    0.490000043350018,
    0.5199999812799988,
    0.43,
    0.41,
    0.43,
    0.42,
    0.43,
    0.46,
    0.42,
    0.49,
    0.4,
    0.52,
    0.51,
    0.5299999518181424,
    0.53,
    0.5299999910169486,
    0.5299999915147781,
    0.5299999955833321,
    0.5299999933583958,
    0.55,
    0.56,
    0.56,
    0.53,
    0.5599999663999852,
    0.5400000404800045,
    0.5400000030163935,
    0.54,
    0.5799999927499956,
    0.5700001720001032,
    0.5700000068800006,
    0.5799998259997042,
    0.57,
    0.57,
    0.57,
    0.57,
    0.56,
    0.56,
    0.5799999989573346,
    0.56,
    0.57,
    0.5700000702333453,
    0.5899999930236485,
    0.5899999953174602,
    0.6,
    0.65,
    0.72,
    0.7200000268800028,
    0.720000025339368,
    0.720000156800069,
    0.72,
    0.715,
    0.6975,
    0.69,
    0.73,
    0.72,
    0.72,
    0.73,
    0.71,
    0.74,
    0.73,
    0.730000037285718,
    0.75,
    0.7300000486438751,
    0.75,
    0.75,
    0.75,
    0.74,
    0.7400000084142397,
    0.7599999594666418,
    0.7400000289401025,
    0.74,
    0.74,
    0.7599999087998286,
    0.7300000075688076,
    0.73,
    0.74,
    0.76,
    0.7450979990388233,
    0.74,
    0.76,
    0.7323866348448688,
    0.7299998849098762,
    0.73,
    0.7300000194400006,
    0.7300000095850001,
    0.76,
    0.759999806174416,
    0.7300000630000063,
    0.78,
    0.78,
    0.8,
    0.78,
    0.78,
    0.7599999885999958,
    0.75,
    0.74,
    0.73485407438869,
    0.72,
    0.7000000138632169,
    0.69,
    0.6951751592356687,
    0.72,
    0.69,
    0.68,
    0.67,
    0.6200000988000731,
    0.6699999980579707,
    0.67,
    0.6699999950735291,
    0.68,
    0.68,
    0.6700000029278641,
    0.67,
    0.6700000188100008,
    0.6700000010961603,
    0.6999999824999917,
    0.68,
    0.68,
    0.6899999585999611,
    0.71,
    0.69,
    0.6671408249365957,
    0.6699999949749997,
    0.64,
    0.64,
    0.6699999195999292,
    0.67,
    0.67,
    0.67,
    0.69,
    0.71,
    0.71,
    0.69,
    0.7299999415999852,
    0.700000030000003,
    0.700000030000003,
    0.700000030000003,
    0.71,
    0.7000001130298557,
    0.7100000359600027,
    0.700000030000003,
    0.700000030000003,
    0.700000030000003,
    0.7,
    0.72,
    0.71,
    0.7,
    0.7,
    0.7,
    0.71,
    0.7299999974449999,
    0.729999987589999,
    0.7299999965388577,
    0.7299999974449999,
    0.73,
    0.7199999965439999,
    0.72,
    0.7,
    0.7000000180000007,
    0.7,
    0.6900001705000767,
    0.68,
    0.68,
    0.64,
    0.65,
    0.65,
    0.6648855325637526,
    0.6365250543580783,
    0.6,
    0.64,
    0.65,
    0.64,
    0.59,
    0.5900000045920001,
    0.613125,
    0.59,
    0.59,
    0.59,
    0.5800000294000016,
    0.57,
    0.58,
    0.5500002025001114,
    0.5899999272332938,
    0.55,
    0.5600001936001084,
    0.5700001720001032,
    0.56,
    0.57,
    0.55,
    0.55,
    0.55,
    0.5699999965799997,
    0.54,
    0.55,
    0.6,
    0.6,
    0.6,
    0.5900000034568217,
    0.6,
    0.5900000164000027,
    0.5800000693913231,
    0.58,
    0.58,
    0.58,
    0.57,
    0.57,
    0.57,
    0.57,
    0.57,
    0.5472207379594195,
    0.5299999650199954,
    0.5,
    0.5,
    0.52,
    0.49000000699428603,
    0.49,
    0.49,
    0.51,
    0.5,
    0.49,
    0.47999999808,
    0.48,
    0.48,
    0.4657142857142857,
    0.44,
    0.43,
    0.43,
    0.41000004571957055,
    0.41000001062000035,
    0.41000015340011353,
    0.4,
    0.44,
    0.4440460030547323,
    0.4300000074100003,
    0.43999996479999576,
    0.43,
    0.43,
    0.43,
    0.43,
    0.4,
    0.4,
    0.4,
    0.42,
    0.42,
    0.43,
    0.43,
    0.44,
    0.44,
    0.44,
    0.44,
    0.44,
    0.44,
    0.44,
    0.44,
    0.43,
    0.44,
    0.44,
    0.44,
    0.44,
    0.44,
    0.44,
    0.44,
    0.44,
    0.44,
    0.44,
    0.44,
    0.44,
    0.44,
    0.43,
    0.43,
    0.43,
    0.43,
    0.43,
    0.43,
    0.43,
    0.43,
    0.43,
    0.43,
    0.43,
    0.44,
    0.44,
    0.44,
    0.44,
    0.44,
    0.44,
    0.44,
    0.44,
    0.44,
    0.43000001207627164,
    0.44,
    0.44,
    0.44,
    0.44,
    0.44,
    0.44,
    0.45,
    0.43,
    0.43,
    0.43,
    0.43,
    0.43,
    0.43,
    0.44,
    0.44,
    0.44,
    0.44,
    0.43999999700425524,
    0.4499999970053238,
    0.46,
    0.46,
    0.47,
    0.47,
    0.47,
    0.46,
    0.46,
    0.4610226140352452,
    0.44,
    0.44,
    0.43,
    0.42,
    0.42,
    0.42,
    0.42,
    0.45,
    0.46,
    0.46,
    0.46,
    0.46,
    0.46,
    0.47,
    0.48,
    0.48,
    0.47000001347157244,
    0.46,
    0.46,
    0.46,
    0.46,
    0.45000000080668817,
    0.45000001925000127,
    0.46,
    0.45,
    0.45,
    0.45,
    0.47,
    0.45,
    0.48,
    0.48,
    0.48,
    0.46,
    0.45,
    0.45,
    0.4400000224000036,
    0.45,
    0.46,
    0.46,
    0.46,
    0.45,
    0.4400000004103853,
    0.44,
    0.47,
    0.48,
    0.48,
    0.48,
    0.48,
    0.48,
    0.48,
    0.4700000100700008,
    0.4700000116600003,
    0.48,
    0.48,
    0.48,
    0.48,
    0.49,
    0.49,
    0.5,
    0.49,
    0.49,
    0.5,
    0.5,
    0.51,
    0.51,
    0.51,
    0.51,
    0.5100000004011312,
    0.51,
    0.510000000931,
    0.5100000003724,
    0.51,
    0.52,
    0.51,
    0.51,
    0.51,
    0.5100000061250002,
    0.5299998780999061,
    0.5,
    0.5199999937599997,
    0.5,
    0.5,
    0.5,
    0.5,
    0.48,
    0.5,
    0.49261083743842365,
    0.4700000116600003,
    0.46999999917749996,
    0.4799999951999998,
    0.46,
    0.44,
    0.4741935429483175,
    0.44,
    0.42,
    0.43,
    0.42,
    0.40000000600000024,
    0.39,
    0.39,
    0.38,
    0.37,
    0.35,
    0.3500000017105263,
    0.35,
    0.36,
    0.35000009750003414,
    0.35999992079997784,
    0.3599999753142839,
    0.35000001301301537,
    0.35,
    0.3599999870399992,
    0.35,
    0.35999997695999686,
    0.35,
    0.36,
    0.3300000002124945,
    0.35,
    0.35629365379489464,
    0.34000000088000004,
    0.35,
    0.36,
    0.36,
    0.36,
    0.36,
    0.36,
    0.36,
    0.36,
    0.36,
    0.36,
    0.37,
    0.36,
    0.36999999607451267,
    0.36,
    0.36,
    0.36999997705999915,
    0.36,
    0.36,
    0.3699999790657879,
    0.36,
    0.36,
    0.36,
    0.37,
    0.36,
    0.36,
    0.36,
    0.36,
    0.36,
    0.36,
    0.36,
    0.36,
    0.36,
    0.36,
    0.36,
    0.36,
    0.36,
    0.36,
    0.36,
    0.36,
    0.36,
    0.36,
    0.36,
    0.36,
    0.36,
    0.36999999771761477,
    0.36,
    0.36,
    0.36,
    0.35999988292677215,
    0.35,
    0.35000000650000057,
    0.36,
    0.36,
    0.36,
    0.36,
    0.3599999984973913,
    0.35,
    0.35999999108571407,
    0.3500000325000114,
    0.36,
    0.35,
    0.35,
    0.36,
    0.35999987039991704,
    0.36,
    0.36,
    0.36,
    0.36,
    0.36,
    0.36,
    0.36,
    0.36,
    0.36,
    0.36,
    0.36,
    0.35,
    0.35,
    0.35,
    0.35,
    0.35,
    0.35,
    0.36,
    0.3500000002986995,
    0.35000000130000003,
    0.35000009750003414,
    0.36,
    0.36,
    0.36,
    0.36999996743999636,
    0.36,
    0.36,
    0.36,
    0.36,
    0.36,
    0.36,
    0.36,
    0.36,
    0.37,
    0.36999997705999915,
    0.36,
    0.36,
    0.36,
    0.36,
    0.36,
    0.36,
    0.36,
    0.36,
    0.36,
    0.36,
    0.37,
    0.36,
    0.36,
    0.36,
    0.36,
    0.36,
    0.36,
    0.36,
    0.36,
    0.36,
    0.36,
    0.36,
    0.36,
    0.36,
    0.3699999887149998,
    0.36,
    0.36,
    0.36,
    0.36,
    0.36,
    0.36,
    0.36,
    0.36,
    0.36999999839279113,
    0.36,
    0.36,
    0.36,
    0.36,
    0.36,
    0.36,
    0.36,
    0.36,
    0.36,
    0.36,
    0.36,
    0.36,
    0.36,
    0.36,
    0.36,
    0.36,
    0.36,
    0.36,
    0.36,
    0.36,
    0.36,
    0.36,
    0.36999986309991373,
    0.36,
    0.36,
    0.36,
    0.36,
    0.36,
    0.36,
    0.36,
    0.36,
    0.36,
    0.36,
    0.37,
    0.36999992723332337,
    0.36999998813411,
    0.36999998056491484,
    0.36,
    0.3699999952208332,
    0.36,
    0.36,
    0.36,
    0.36,
    0.36,
    0.36,
    0.36,
    0.36,
    0.37,
    0.36,
    0.36999986309991373,
    0.36,
    0.36999986309991373,
    0.36,
    0.36,
    0.36,
    0.36,
    0.36,
    0.36,
    0.36,
    0.36,
    0.36,
    0.36,
    0.36,
    0.36,
    0.36,
    0.36999999570799996,
    0.36,
    0.369999998816,
    0.36,
    0.36,
    0.36,
    0.3699999994754314,
    0.3699999939058821,
    0.3699999887149998,
    0.36,
    0.36,
    0.36,
    0.37,
    0.36999996743999636,
    0.36999999570799996,
    0.36,
    0.35000000650000057,
    0.35,
    0.35000000134514303,
    0.3500000406250076,
    0.3500000037790698,
    0.35000009750003414,
    0.3500000063808904,
    0.35999987039991704,
    0.35999987039991704,
    0.35,
    0.3599999759999976,
    0.3599999574803116,
    0.3500000003172682,
    0.35,
    0.35,
    0.35,
    0.35000000650000057,
    0.3500000008125,
    0.3500000406250076,
    0.35000000650000057,
    0.35000000902777867,
    0.35,
    0.35,
    0.36,
    0.36,
    0.36,
    0.36,
    0.36,
    0.36,
    0.36,
    0.36999992723332337,
    0.36,
    0.36999996947499486,
    0.36999996743999636,
    0.3699999992270195,
    0.36,
    0.36,
    0.37,
    0.36,
    0.3699999878909084,
    0.36,
    0.36,
    0.36,
    0.36,
    0.36,
    0.36,
    0.37,
    0.350000000975,
    0.35,
    0.35000000259343,
    0.35000004140128443,
    0.3500000406250076,
    0.3500000015742311,
    0.3699999947937319,
    0.3500000040262638,
    0.3500000325000114,
    0.35000006440236536,
    0.3699999970002133,
    0.36999991119997694,
    0.36999999129970057,
    0.36999998366017917,
    0.36999999570799996,
    0.35000002052631946,
    0.35,
    0.36999996741790847,
    0.3500000018055556,
    0.36,
    0.36,
    0.36,
    0.36,
    0.36,
    0.37,
    0.36,
    0.37,
    0.3699999367636242,
    0.35,
    0.36,
    0.36,
    0.3699999878909084,
    0.36,
    0.3500000008855586,
    0.369999994003504,
    0.36999998349230717,
    0.35000006500003683,
    0.3500000023493977,
    0.36,
    0.36,
    0.36,
    0.36,
    0.36,
    0.36,
    0.36,
    0.36,
    0.36,
    0.36,
    0.36,
    0.3699999887149998,
    0.35000006500003683,
    0.35000006500003683,
    0.35000006500003683,
    0.35000006500003683,
    0.35000006500003683,
    0.3500000325000114,
    0.35000006500003683,
    0.35000006500003683,
    0.35000006500003683,
    0.35000000650000057,
    0.35,
    0.35000000036913026,
    0.36,
    0.36,
    0.36,
    0.36,
    0.36,
    0.3699999730208306,
    0.36,
    0.36999999378399984,
    0.36,
    0.3699999960566382,
    0.37,
    0.3500000001625,
    0.3500000036879434,
    0.36,
    0.36,
    0.35000003224206827,
    0.36,
    0.36,
    0.35000000650000057,
    0.35999987039991704,
    0.36,
    0.35999999575950914,
    0.35,
    0.35999987039991704,
    0.35,
    0.35,
    0.35,
    0.35999998338461486,
    0.35000009750003414,
    0.35000009750003414,
    0.35000009750003414,
    0.35000009750003414,
    0.35000009750003414,
    0.35000009750003414,
    0.35,
    0.35000009750003414,
    0.35000009750003414,
    0.35000009750003414,
    0.35000009750003414,
    0.35000009750003414,
    0.35000009750003414,
    0.35000009750003414,
    0.35000009750003414,
    0.35,
    0.35000009750003414,
    0.35000009750003414,
    0.35000009750003414,
    0.35000009750003414,
    0.35999992079997784,
    0.35000009750003414,
    0.35000009750003414,
    0.35000009750003414,
    0.35000009750003414,
    0.35000009750003414,
    0.35000009750003414,
    0.35000009750003414,
    0.35000009750003414,
    0.36,
    0.3599999920799998,
    0.35,
    0.35000009750003414,
    0.35000009750003414,
    0.35000009750003414,
    0.35000009750003414,
    0.35000009750003414,
    0.35,
    0.35,
    0.35,
    0.35,
    0.35,
    0.35,
    0.35,
    0.35,
    0.3499998774999204,
    0.35,
    0.35,
    0.35,
    0.35,
    0.35,
    0.35,
    0.3499999649999977,
    0.3499999649999977,
    0.3499998833333074,
    0.34,
    0.34,
    0.34,
    0.3400000027973123,
    0.3400001056000359,
    0.3400001056000359,
    0.3400001056000359,
    0.3400001056000359,
    0.34000003688623287,
    0.3499999542910337,
    0.34,
    0.3400002401252768,
    0.35,
    0.34,
    0.3400000229166738,
    0.34999995198169925,
    0.3400000080487853,
    0.34000005928144955,
    0.3499999217876833,
    0.3400000904110084,
    0.34999994912789956,
    0.34000001634675386,
    0.34000001629630594,
    0.3400001056000359,
    0.3400001056000359,
    0.3400001056000359,
    0.3400001056000359,
    0.35,
    0.34,
    0.3400001056000359,
    0.3400001056000359,
    0.3400001056000359,
    0.3400001056000359,
    0.349999929999979,
    0.34,
    0.35,
    0.35,
    0.35,
    0.35,
    0.35,
    0.35,
    0.35,
    0.35,
    0.35,
    0.34,
    0.33999995181101783,
    0.3399999522806945,
    0.3399999415950841,
    0.33,
    0.33,
    0.34,
    0.34,
    0.3499999934374998,
    0.34,
    0.34,
    0.34,
    0.34,
    0.34,
    0.34,
    0.34,
    0.349999999685,
    0.34000000005365855,
    0.3400000004645161,
    0.3400000004683871,
    0.34,
    0.33999999813,
    0.33,
    0.33999991839998694,
    0.33,
    0.339999999507,
    0.33,
    0.3300000337815393,
    0.34999999352536976,
    0.33000001075972873,
    0.34,
    0.34,
    0.3300000060520725,
    0.34,
    0.3300000328592834,
    0.34,
    0.3499999015624662,
    0.3499998833333074,
    0.34999993269229474,
    0.3499998541666059,
    0.34999995656027366,
    0.3499998923076426,
    0.3499998774999204,
    0.3499999942157451,
    0.3499999538258514,
    0.35,
    0.34,
    0.34000000644688794,
    0.34,
    0.35,
    0.3300000804000707,
    0.33,
    0.33,
    0.34,
    0.3400000158400012,
    0.34,
    0.35,
    0.3499999879931383,
    0.34,
    0.34,
    0.3400000218382386,
    0.3400000046200002,
    0.34,
    0.34,
    0.34,
    0.34,
    0.34,
    0.34,
    0.34046766,
    0.33,
    0.33,
    0.33,
    0.33,
    0.33,
    0.33,
    0.33,
    0.3200000276610252,
    0.3299999718226579,
    0.3100000414000389,
    0.32,
    0.32,
    0.3100000414000389,
    0.32,
    0.3100000414000389,
    0.32,
    0.32,
    0.32,
    0.3100000414000389,
    0.3100000162453548,
    0.32,
    0.3100000414000389,
    0.31,
    0.31,
    0.31,
    0.31,
    0.31,
    0.31,
    0.31,
    0.31,
    0.31000000828000324,
    0.31000000103500003,
    0.3299999590799969,
    0.3100000006072,
    0.3100000414000389,
    0.3100000414000389,
    0.32,
    0.32,
    0.32,
    0.32,
    0.32,
    0.32,
    0.32,
    0.32,
    0.32,
    0.32,
    0.33,
    0.32,
    0.32,
    0.32,
    0.32,
    0.31,
    0.31,
    0.31000000024162316,
    0.31,
    0.31,
    0.31,
    0.31,
    0.31,
    0.31,
    0.31,
    0.31000001033203245,
    0.31,
    0.3100000414000389,
    0.31000012880006184,
    0.31000000828000324,
    0.31000009487510555,
    0.3100000427143034,
    0.31000000828000324,
    0.3100000651667329,
    0.31000009335298345,
    0.3100000427143034,
    0.32,
    0.32,
    0.32,
    0.32,
    0.3100000414000389,
    0.32,
    0.32,
    0.32,
    0.32,
    0.32,
    0.31,
    0.32,
    0.32,
    0.31000009487510555,
    0.32,
    0.31000012880006184,
    0.310000133071593,
    0.32,
    0.32,
    0.31000013800029086,
    0.32,
    0.32,
    0.31000000575000475,
    0.32,
    0.31000012880006184,
    0.31,
    0.310000133071593,
    0.31000013800029086,
    0.31000000575000475,
    0.3100000414000389,
    0.32,
    0.3100000414000389,
    0.32,
    0.32,
    0.32,
    0.3100000037986671,
    0.32,
    0.3200001088000914,
    0.3100000414000389,
    0.33,
    0.3100000414000389,
    0.33,
    0.31000000046000004,
    0.32999995465647747,
    0.3100000121693141,
    0.32567805646518183,
    0.32,
    0.32,
    0.32,
    0.32,
    0.32,
    0.32,
    0.31,
    0.31000000562059865,
    0.32,
    0.32,
    0.32,
    0.31000005750001436,
    0.32,
    0.32,
    0.31000000132093536,
    0.32,
    0.31000000621476104,
    0.31,
    0.32,
    0.31000000103500003,
    0.3100000414000389,
    0.3299999444021682,
    0.3100000414000389,
    0.32,
    0.31000001371224556,
    0.32,
    0.3200000095271486,
    0.3200000645978662,
    0.32,
    0.32,
    0.32,
    0.3200001088000914,
    0.32,
    0.32029410549884624,
    0.32,
    0.31000001311000236,
    0.31000000046000004,
    0.3100000065790653,
    0.31,
    0.3100000414000389,
    0.32,
    0.32,
    0.32,
    0.32,
    0.32,
    0.32,
    0.32,
    0.32,
    0.32,
    0.32,
    0.32,
    0.32,
    0.32,
    0.32,
    0.32,
    0.32,
    0.32,
    0.32,
    0.33,
    0.32,
    0.32,
    0.3299999811899992,
    0.32999978219992593,
    0.32999993346772855,
    0.32999978219992593,
    0.3299999761504407,
    0.32999978219992593,
    0.33,
    0.3299999923862884,
    0.33,
    0.3200000034561631,
    0.32,
    0.33,
    0.32000000503392995,
    0.3315282080569727,
    0.3200000279691577,
    0.32000001192982697,
    0.3200000457692387,
    0.3200000111934201,
    0.3200000430925292,
    0.32,
    0.3200000223408709,
    0.32,
    0.32,
    0.33999996761904455,
    0.3399999715636336,
    0.32000000493647957,
    0.3200000048789246,
    0.32,
    0.32000000025341613,
    0.3200000044084286,
    0.320000010608425,
    0.33999998960698646,
    0.32,
    0.32000000266405537,
    0.3399999905245896,
    0.34,
    0.32,
    0.32000001046959264,
    0.33,
    0.3399999858921156,
    0.3399999881395343,
    0.3399999899062495,
    0.3200000054400005,
    0.32000000057263156,
    0.33207765864966676,
    0.3299999729999973,
    0.3299999736479102,
    0.32000000483985935,
    0.3200000327147863,
    0.32000000586207017,
    0.32,
    0.32,
    0.3200000603550689,
    0.3200000111934201,
    0.32,
    0.32999978219992593,
    0.32000000041852594,
    0.32000000163200004,
    0.3200000024885638,
    0.3200000107850927,
    0.32000000221318164,
    0.3200000022442246,
    0.33,
    0.3200000078537069,
    0.32000003626668894,
    0.32999999919641143,
    0.32000002720000437,
    0.32,
    0.32999978219992593,
    0.33,
    0.3399999829264063,
    0.3389605101630313,
    0.32,
    0.32000001483636603,
    0.32999998791479773,
    0.32000000971428644,
    0.33,
    0.33,
    0.32000002720000437,
    0.33,
    0.32,
    0.32,
    0.32000001567078284,
    0.32000000869009715,
    0.32000000245931326,
    0.32000001302474246,
    0.33,
    0.3200000194285764,
    0.3200001088000914,
    0.3200000126806544,
    0.3200000037388321,
    0.32000000971428644,
    0.33,
    0.3399999826502052,
    0.3399999889904755,
    0.3399999826713526,
    0.32000001635738934,
    0.3200000105528632,
    0.32000000199267414,
    0.3200000020971474,
    0.3200000063466668,
    0.3200000075766023,
    0.32,
    0.3200001088000914,
    0.3399999894722023,
    0.3399999915818428,
    0.33,
    0.3200000075766023,
    0.32000002321951704,
    0.32000000973514797,
    0.32000001550488816,
    0.3200000110719145,
    0.32,
    0.32000000340000084,
    0.3200001088000914,
    0.3200000065542176,
    0.3200000028422155,
    0.3200000083499628,
    0.339999984944649,
    0.33999998107355783,
    0.32000000237762255,
    0.3200000056314705,
    0.3200000087812758,
    0.33999998885245863,
    0.3200000051760233,
    0.32000000453333405,
    0.3399999887062931,
    0.3200000154985766,
    0.33999998590673514,
    0.3200000062865952,
    0.3200000087812758,
    0.32000001484021906,
    0.32000001064162903,
    0.33911152480306506,
    0.32000001690941643,
    0.33,
    0.3299999829604125,
    0.33,
    0.33,
    0.3200000066557922,
    0.3320312395591734,
    0.3200000160788205,
    0.32000000974910553,
    0.33,
    0.33,
    0.33,
    0.32,
    0.3382848820599711,
    0.32999998544117604,
    0.33,
    0.33,
    0.32999998887640397,
    0.33,
    0.3200000023168658,
    0.33,
    0.33,
    0.33,
    0.3200000298901133,
    0.3307315780302661,
    0.32000001086913177,
    0.3200000054400005,
    0.320000010177737,
    0.33,
    0.33,
    0.33,
    0.33,
    0.33,
    0.33,
    0.33,
    0.33999999514285706,
    0.3399999854861655,
    0.33999999455999985,
    0.33999998753333277,
    0.3399999826502052,
    0.3399999866060601,
    0.3399999889904755,
    0.3300000112216769,
    0.34,
    0.34,
    0.34,
    0.34,
    0.34,
    0.34,
    0.34,
    0.34,
    0.34,
    0.3300000804000707,
    0.3300000375200129,
    0.3300000287142982,
    0.3300000051937988,
    0.3300000026800002,
    0.330000009947599,
    0.3300000070953106,
    0.33999998650124014,
    0.3300000128738532,
    0.33999998173679435,
    0.3499999873828402,
    0.3499999827508954,
    0.3300000124388194,
    0.3499999863518191,
    0.33000000318542044,
    0.3499999826302724,
    0.3300000006158089,
    0.33,
    0.34999999659722214,
    0.3300000804000707,
    0.33,
    0.33000011104982807,
    0.3300000084078443,
    0.33000000419405384,
    0.33000000318542044,
    0.33000001514782706,
    0.3300000160415026,
    0.3300000150702916,
    0.34999998475851096,
    0.34999998467356636,
    0.3499999891496894,
    0.33000000215088315,
    0.34999998910505786,
    0.3300000115777626,
    0.34999998898505064,
    0.33000000215088315,
    0.34999998339920896,
    0.3300000072760187,
    0.33000000937062995,
    0.33,
    0.34,
    0.33000002635787035,
    0.330000003803217,
    0.34,
    0.3300000804000707,
    0.34,
    0.35,
    0.34999998813559263,
    0.3499999840909084,
    0.330000010526804,
    0.33000000715534045,
    0.35,
    0.33000000829523957,
    0.34846758530943894,
    0.330000017800214,
    0.33000001126607414,
    0.33000000829523957,
    0.33,
    0.33000000503759447,
    0.34,
    0.33000001195412143,
    0.35,
    0.3300000106879371,
    0.35,
    0.33,
    0.33000000389858747,
    0.3300000056605231,
    0.3499999850077876,
    0.3499999886731386,
    0.35,
    0.33000001601593903,
    0.3300000268000056,
    0.33000000134,
    0.3300000804000707,
    0.34,
    0.34,
    0.34,
    0.3300000050250002,
    0.3499998861788063,
    0.34999993152172276,
    0.3499999092592156,
    0.3499998987602762,
    0.35,
    0.3499999647650963,
    0.3300000375200129,
    0.3499998861788063,
    0.34999997131147303,
    0.34,
    0.33000001175439164,
    0.3300000279166723,
    0.3300000060633511,
    0.33000002377871474,
    0.35,
    0.3499999135802327,
    0.34999987166662816,
    0.3499998541666059,
    0.3499998541666059,
    0.349999929999979,
    0.34999991599998653,
    0.34,
    0.3300000268537117,
    0.3300000318464394,
    0.3300000121157343,
    0.33000000387111117,
    0.3499999699312689,
    0.3499999789879908,
    0.34,
    0.33000007816678784,
    0.3300000804000707,
    0.330000182727389,
    0.3300000067000044,
    0.3300000804000707,
    0.35,
    0.34999994742487806,
    0.34999991599998653,
    0.3499999489583195,
    0.34999993269229474,
    0.3499999404255167,
    0.34999993152172276,
    0.3499999023255632,
    0.33000000097667664,
    0.34,
    0.33000001240741483,
    0.3300000624372925,
    0.3300000044666726,
    0.33000016492329004,
    0.33000003526317556,
    0.33000007816678784,
    0.33,
    0.33000000067,
    0.34,
    0.35,
    0.3300000041285218,
    0.3499999893478255,
    0.35,
    0.3499999850427344,
    0.3300000268000056,
    0.33000000445676336,
    0.33000000598700285,
    0.33000001783694094,
    0.3300000051937988,
    0.33000001395833517,
    0.33000001380874067,
    0.34,
    0.3499999913058903,
    0.33000000662861534,
    0.3300000015449655,
    0.33000000215781017,
    0.3300000804000707,
    0.33000013044256793,
    0.3300001136970882,
    0.33,
    0.3300000753941228,
    0.34999991599998653,
    0.3400000203077229,
    0.3499999461538406,
    0.34999995205478796,
    0.33000045448347953,
    0.34,
    0.33,
    0.3300000113080215,
    0.3499998774999204,
    0.34000003492065156,
    0.34999995302012477,
    0.3499999538258514,
    0.3499999489583195,
    0.3400000360000144,
    0.34000003473687684,
    0.3400001107693671,
    0.3400000421277017,
    0.34,
    0.34000006271781374,
    0.3400001164707047,
    0.34000006914288283,
    0.35,
    0.34999998879999944,
    0.3400001006951884,
    0.34,
    0.34,
    0.34000001190977513,
    0.3400000190666704,
    0.3499999837812782,
    0.3499999812164573,
    0.3499999894759444,
    0.340000009832403,
    0.3400000148592881,
    0.34000001046580963,
    0.34,
    0.35,
    0.3499999891640862,
    0.34999998109037245,
    0.34999998167539204,
    0.3499999838642073,
    0.35,
    0.3499999865154103,
    0.34,
    0.34,
    0.34,
    0.34,
    0.34,
    0.34,
    0.34,
    0.3400000391401305,
    0.34,
    0.34,
    0.34,
    0.34,
    0.34,
    0.3400000675340287,
    0.34,
    0.34,
    0.34,
    0.34,
    0.34,
    0.34,
    0.3499999890453829,
    0.3400000057591628,
    0.3400000040182654,
    0.3400000065088763,
    0.3499999842342337,
    0.3400000085873613,
    0.34,
    0.3400000114601437,
    0.35,
    0.3499999841433273,
    0.34999998898505064,
    0.3400000135974651,
    0.3400000157267694,
    0.34000000286748755,
    0.3400000190666704,
    0.34000003433526826,
    0.34,
    0.34,
    0.34,
    0.34,
    0.34,
    0.3400000903449823,
    0.34,
    0.34,
    0.34,
    0.34,
    0.34,
    0.34000006527479054,
    0.34,
    0.34999998727786696,
    0.34999998851203457,
    0.35,
    0.3499999896678962,
    0.3499999853277434,
    0.3499999862685259,
    0.349999986891385,
    0.349999929999979,
    0.35,
    0.34999998873045013,
    0.34999996121883015,
    0.34999997953216255,
    0.34,
    0.3400000019075147,
    0.34999996868786937,
    0.34000002058479867,
    0.3400000493765795,
    0.3400000488889079,
    0.34000001636363936,
    0.34000003721805,
    0.3400000364331345,
    0.34999996048386267,
    0.34000000573913286,
    0.35,
    0.34999995058823063,
    0.34000000670051095,
    0.3400000221582833,
    0.3400000086462919,
    0.3400000364331345,
    0.34000001794175055,
    0.3400000071095177,
    0.34000003714822946,
    0.3499999705657472,
    0.3499999789879908,
    0.3499999751773023,
    0.34999992843864974,
    0.3499999978424657,
    0.3499999702886223,
    0.34000005293235314,
    0.34000000473118364,
    0.3400000277310971,
    0.3400000364331345,
    0.34000002057906853,
    0.34000001930530815,
    0.35,
    0.3499999789879908,
    0.3400000488889079,
    0.34000001794175055,
    0.34,
    0.34,
    0.34,
    0.34,
    0.34,
    0.34,
    0.34,
    0.3300000804000707,
    0.33,
    0.32000003005525285,
    0.3200000238074442,
    0.320000017700658,
    0.3200000373455528,
    0.32000002839249503,
    0.3200000396666809,
    0.3299999638515877,
    0.3200000049544635,
    0.3299999644973521,
    0.3299999653184695,
    0.33,
    0.32,
    0.32000000014477553,
    0.33,
    0.33,
    0.32,
    0.33,
    0.32999978219992593,
    0.32000000469775636,
    0.3200000108151135,
    0.3200000225913651,
    0.32000002848168413,
    0.32000002072381284,
    0.3200000144937881,
    0.3299999768525154,
    0.3299999644973521,
    0.3299999729950878,
    0.33,
    0.3300000067000044,
    0.34,
    0.34,
    0.34,
    0.34,
    0.33,
    0.33,
    0.33,
    0.3200001088000914,
    0.3100000011719041,
    0.31,
    0.32,
    0.31000000019475366,
    0.32,
    0.3299999590799969,
    0.3200000054400005,
    0.32,
    0.32000002720000437,
    0.33,
    0.320000001904,
    0.32,
    0.32,
    0.32,
    0.32,
    0.32,
    0.3200000008934007,
    0.32,
    0.33,
    0.33,
    0.33,
    0.3200001088000914,
    0.3200000126933348,
    0.3200001088000914,
    0.3200000054400005,
    0.3399999782399985,
    0.32000001088000274,
    0.32,
    0.32000000317016325,
    0.3399998083635702,
    0.3200000741818438,
    0.3200001088000914,
    0.3200000055097914,
    0.320000012197311,
    0.32,
    0.33,
    0.3300000375200129,
    0.33,
    0.3300000026055556,
    0.3300000804000707,
    0.33,
    0.339999829999915,
    0.3300000804000707,
    0.339999829999915,
    0.3300000804000707,
    0.33,
    0.33,
    0.33,
    0.33,
    0.31000000737967986,
    0.32,
    0.34,
    0.34,
    0.34,
    0.33000000387111117,
    0.35,
    0.35,
    0.35,
    0.35,
    0.36,
    0.37,
    0.4299999951266664,
    0.36,
    0.36,
    0.36,
    0.35,
    0.35000009750003414,
    0.4,
    0.4,
    0.4200000077333345,
    0.42000009860008186,
    0.4299998279998968,
    0.42000000464000087,
    0.36,
    0.35000000203074244,
    0.36,
    0.37,
    0.36,
    0.4299998279998968,
    0.35,
    0.4368181818181818,
    0.34000004950000867,
    0.44,
    0.3400000158400012,
    0.35,
    0.44805555555555554,
    0.3500000130000006,
    0.35,
    0.35,
    0.34,
    0.35000000650000057,
    0.35,
    0.5099999785799988,
    0.4941130292091894,
    0.32000002720000437,
    0.14,
    0.13000000174000104,
    0.1
]
