[
    0.999,
    0.999,
    0.999,
    0.999,
    0.999,
    0.999,
    0.999,
    0.999,
    0.999,
    0.999,
    0.999,
    0.999,
    0.999,
    0.999,
    0.999,
    0.999,
    0.999,
    0.999,
    0.999,
    0.998,
    0.998,
    0.998,
    0.998,
    0.998,
    0.998,
    0.998,
    0.998,
    0.998,
    0.998,
    0.99,
    0.996,
    0.9950702516042772,
    0.995,
    0.98,
    0.98,
    0.9949999391545924,
    0.995,
    0.981,
    0.98,
    0.981,
    0.9939996266434356,
    0.994,
    0.994,
    0.9955071157125668,
    0.994,
    0.994,
    0.994,
    0.9810000283312932,
    0.99,
    0.9939999971185003,
    0.9939999999631168,
    0.99,
    0.99,
    0.99,
    0.97,
    0.98999918999919,
    0.9889425986040481,
    0.975858845333543,
    0.9499999619999864,
    0.92,
    0.95,
    0.92,
    0.95,
    0.92,
    0.93,
    0.92,
    0.93,
    0.95,
    0.92,
    0.92,
    0.92,
    0.92,
    0.92,
    0.92,
    0.95,
    0.92,
    0.92,
    0.8799999964799989,
    0.879999999648,
    0.84,
    0.8369433255107984,
    0.78,
    0.78,
    0.78,
    0.7799999984399996,
    0.78,
    0.7899999967083332,
    0.7899999950527353,
    0.7899999934979418,
    0.79,
    0.7899999826199865,
    0.77,
    0.7600000081600001,
    0.7600000360000037,
    0.76,
    0.76,
    0.75,
    0.7100000420500044,
    0.7100000420500044,
    0.7100000420500044,
    0.71,
    0.7100000558062454,
    0.7100000420500044,
    0.7100000420500044,
    0.7100000420500044,
    0.7100000420500044,
    0.71,
    0.71,
    0.6400000230400031,
    0.63,
    0.64,
    0.6200000044316593,
    0.63,
    0.64,
    0.62,
    0.5800000196984948,
    0.62,
    0.63,
    0.63,
    0.63,
    0.63,
    0.5586346960140266,
    0.5587405388963449,
    0.53,
    0.5683985366602337,
    0.5764347509277827,
    0.53,
    0.5,
    0.5,
    0.5,
    0.5,
    0.5,
    0.5,
    0.51,
    0.51,
    0.47,
    0.46000001188000034,
    0.5,
    0.5,
    0.46,
    0.46,
    0.44,
    0.44,
    0.44,
    0.43,
    0.4,
    0.42999989014593326,
    0.4,
    0.4,
    0.4,
    0.43,
    0.43999996479999576,
    0.40000002400000384,
    0.48,
    0.48,
    0.4799999867076917,
    0.47999999289940787,
    0.4799999874600865,
    0.4400000022400001,
    0.53,
    0.54,
    0.53,
    0.53,
    0.54,
    0.55,
    0.6,
    0.5833402376019932,
    0.5400001150000288,
    0.48,
    0.45999988499997124,
    0.45999998087317767,
    0.4200000734667063,
    0.42000009860008186,
    0.4200000734667063,
    0.4200000734667063,
    0.42000009860008186,
    0.4200000734667063,
    0.4200000734667063,
    0.4200000734667063,
    0.4,
    0.44999999212499975,
    0.44,
    0.49,
    0.49,
    0.5014285714285714,
    0.48,
    0.49,
    0.51,
    0.5100000112518525,
    0.5100000051826925,
    0.5100000039143067,
    0.51,
    0.51,
    0.49,
    0.49,
    0.5,
    0.5,
    0.5,
    0.55,
    0.55,
    0.56,
    0.58,
    0.5600000070400001,
    0.56,
    0.5599999865060163,
    0.5500000406626714,
    0.5699999925899997,
    0.55,
    0.55,
    0.55,
    0.55,
    0.55,
    0.55,
    0.55,
    0.5400000404800045,
    0.54,
    0.54,
    0.54,
    0.54,
    0.55,
    0.54,
    0.54,
    0.54,
    0.54,
    0.54,
    0.54,
    0.54,
    0.54,
    0.54,
    0.54,
    0.54,
    0.5400000404800045,
    0.54,
    0.5400000404800045,
    0.5300000297666747,
    0.5200000185328214,
    0.55,
    0.54,
    0.55,
    0.5800000100800008,
    0.5790909090909091,
    0.66,
    0.66,
    0.6600000589333428,
    0.7199999965439999,
    0.72,
    0.72,
    0.72,
    0.7100000522000081,
    0.7100000522000081,
    0.7100000522000081,
    0.7100000522000081,
    0.7100000522000081,
    0.7100000522000081,
    0.7100000522000081,
    0.71,
    0.71,
    0.7100000922727503,
    0.7,
    0.69,
    0.69,
    0.69,
    0.71,
    0.7099999953800104,
    0.69,
    0.68,
    0.68,
    0.68,
    0.68,
    0.7257692307692307,
    0.7599999087998286,
    0.7599999991145631,
    0.7599999982678062,
    0.7599999921038953,
    0.7400000356862784,
    0.7,
    0.69,
    0.66,
    0.66,
    0.6300000727666766,
    0.64000006240001,
    0.6799999676831571,
    0.6200000238031358,
    0.6100000508181906,
    0.6189914983309297,
    0.56,
    0.5600000053946363,
    0.56,
    0.5600000063768118,
    0.55,
    0.52,
    0.48,
    0.47,
    0.47999982719988943,
    0.45,
    0.5,
    0.48,
    0.5,
    0.51,
    0.5,
    0.55,
    0.5599999775999964,
    0.57,
    0.6,
    0.5800000402877756,
    0.6,
    0.5999999741379266,
    0.5800000168000027,
    0.5700000020982007,
    0.570000039728268,
    0.5599999663999852,
    0.5100013881177123,
    0.51,
    0.5100000032666672,
    0.5100000196000032,
    0.5100000196000032,
    0.5100000196000032,
    0.56,
    0.57,
    0.5700000129000022,
    0.5899999607600883,
    0.6499999880733925,
    0.62,
    0.6200000318324637,
    0.6766169056607502,
    0.6200000296103928,
    0.6200000380000089,
    0.6200000380000089,
    0.6200000380000089,
    0.6200000380000089,
    0.6200000380000089,
    0.6200000380000089,
    0.6699999829002246,
    0.63,
    0.63,
    0.6299999820342176,
    0.5800000728000116,
    0.6,
    0.57,
    0.5958333333333333,
    0.58,
    0.599999939999976,
    0.6499999934999994,
    0.62,
    0.61,
    0.61,
    0.5957620431893688,
    0.59,
    0.59,
    0.5899999798481942,
    0.5600000623185459,
    0.57,
    0.5700000129000022,
    0.5700000149284851,
    0.5700000129000022,
    0.5700000129000022,
    0.5899999605727761,
    0.5899999890942681,
    0.5899999704999955,
    0.5899999589565104,
    0.5899999739705798,
    0.5899999893799996,
    0.5899999409999912,
    0.58,
    0.5700000010889835,
    0.5700000018633333,
    0.5700000129000022,
    0.5700000129000022,
    0.5700000129000022,
    0.5700000129000022,
    0.5700000129000022,
    0.5700000129000022,
    0.5700000129000022,
    0.5700000129000022,
    0.58,
    0.58,
    0.58,
    0.58,
    0.58,
    0.570000001462,
    0.58,
    0.58,
    0.5799999138864005,
    0.570000002064,
    0.58,
    0.5600000007609823,
    0.57,
    0.5800001764001023,
    0.58999997086419,
    0.58,
    0.57,
    0.57,
    0.57,
    0.57,
    0.57,
    0.5799998259997042,
    0.57,
    0.57,
    0.58,
    0.58,
    0.58,
    0.58,
    0.58,
    0.58,
    0.58,
    0.56,
    0.5600000008803562,
    0.57,
    0.56,
    0.57,
    0.56,
    0.57,
    0.57,
    0.56,
    0.58,
    0.56,
    0.57,
    0.56,
    0.59,
    0.59,
    0.59,
    0.59,
    0.59,
    0.59,
    0.59,
    0.59,
    0.59,
    0.59,
    0.59,
    0.58,
    0.59,
    0.59,
    0.59,
    0.59,
    0.59,
    0.6,
    0.6,
    0.59,
    0.59,
    0.59,
    0.59,
    0.59,
    0.59,
    0.59,
    0.59,
    0.59,
    0.59,
    0.59,
    0.59,
    0.59,
    0.59,
    0.59,
    0.59,
    0.5899999538260504,
    0.59,
    0.59,
    0.59,
    0.59,
    0.59,
    0.59,
    0.59,
    0.59,
    0.59,
    0.59,
    0.59,
    0.59,
    0.59,
    0.59,
    0.59,
    0.59,
    0.59,
    0.59,
    0.59,
    0.59,
    0.59,
    0.59,
    0.59,
    0.59,
    0.59,
    0.59,
    0.59,
    0.59,
    0.58,
    0.58,
    0.58,
    0.58,
    0.58,
    0.58,
    0.58,
    0.58,
    0.58,
    0.58,
    0.58,
    0.58,
    0.58,
    0.58,
    0.58,
    0.58,
    0.58,
    0.58,
    0.58,
    0.58,
    0.5799998259997042,
    0.5799998259997042,
    0.5799999883999988,
    0.5700000155797134,
    0.5700000018519278,
    0.58,
    0.58,
    0.58,
    0.58,
    0.58,
    0.58,
    0.58,
    0.58,
    0.58,
    0.58,
    0.5899999946899995,
    0.58,
    0.58,
    0.58,
    0.58,
    0.58,
    0.58,
    0.57,
    0.5799998259997042,
    0.57,
    0.57,
    0.5799999953599991,
    0.5700000046739133,
    0.57,
    0.5799999947511301,
    0.5799999860799989,
    0.57,
    0.57,
    0.57,
    0.57,
    0.57,
    0.57,
    0.57,
    0.57,
    0.57,
    0.57,
    0.57,
    0.57,
    0.57,
    0.57,
    0.57,
    0.57,
    0.57,
    0.57,
    0.57,
    0.57,
    0.57,
    0.57,
    0.57,
    0.57,
    0.57,
    0.57,
    0.57,
    0.5799999265332937,
    0.5799999265332937,
    0.57,
    0.57,
    0.56,
    0.57,
    0.57,
    0.5699998232997013,
    0.56,
    0.56,
    0.56,
    0.5699999555399857,
    0.5699998232997013,
    0.57,
    0.58,
    0.5899999883179997,
    0.58,
    0.5899999893799996,
    0.6,
    0.6,
    0.59998098330757,
    0.59,
    0.58,
    0.57,
    0.57,
    0.59,
    0.55,
    0.57,
    0.57,
    0.57,
    0.53,
    0.5300000003596494,
    0.56,
    0.57,
    0.56,
    0.57,
    0.54,
    0.58,
    0.57,
    0.56,
    0.5800001764001023,
    0.58,
    0.58,
    0.58,
    0.58,
    0.58,
    0.560000001936,
    0.57,
    0.57,
    0.57,
    0.57,
    0.57,
    0.57,
    0.5500000450000045,
    0.5500002025001114,
    0.56,
    0.56,
    0.5699999769696956,
    0.56,
    0.55,
    0.55,
    0.55,
    0.5500000001666108,
    0.55,
    0.55,
    0.55,
    0.55,
    0.55,
    0.55,
    0.56,
    0.55,
    0.55,
    0.58,
    0.57,
    0.5799999941999997,
    0.5781684063060463,
    0.5699999965799997,
    0.56,
    0.56,
    0.56,
    0.5799999013999182,
    0.5600000972376012,
    0.5799998259997042,
    0.5600001936001084,
    0.58,
    0.56,
    0.5600000018205045,
    0.579999876266528,
    0.5600001173334138,
    0.5799999869442877,
    0.5600000932154313,
    0.57,
    0.570000049450019,
    0.5799999952459016,
    0.570000006860629,
    0.5700000727692744,
    0.570000002616467,
    0.570000049450019,
    0.5799999957462412,
    0.579999995408971,
    0.5700001037059184,
    0.570000002064,
    0.5700001720001032,
    0.57,
    0.5799999928834335,
    0.5799999906602241,
    0.57,
    0.57,
    0.5700000323374025,
    0.5799999860799989,
    0.5700000086095665,
    0.570000063179913,
    0.57,
    0.57,
    0.5799999986844563,
    0.5799999908092809,
    0.5799999965269451,
    0.5799999915062758,
    0.5700000089454811,
    0.5799999578181657,
    0.57,
    0.57,
    0.57,
    0.5699999999674286,
    0.5699999059499214,
    0.5600000371177538,
    0.56,
    0.5600001936001084,
    0.5799999644043279,
    0.5600000000935023,
    0.57,
    0.57,
    0.5799999617582373,
    0.5700000332318553,
    0.5799998011425466,
    0.570000032971254,
    0.5700001720001032,
    0.5700000108273392,
    0.5700000416129114,
    0.5799999522352699,
    0.5799999540833274,
    0.5799999901694909,
    0.58,
    0.57,
    0.5799999837192968,
    0.5799999963907901,
    0.5700000084868426,
    0.5700000094875449,
    0.5700000048733336,
    0.57,
    0.5700000052772729,
    0.5700001202797708,
    0.5899999272332938,
    0.5899999812272699,
    0.5899999596378135,
    0.5899999723745786,
    0.5899999597995939,
    0.5700000048733336,
    0.5899999939156249,
    0.58,
    0.58,
    0.5899999893799996,
    0.58,
    0.5899999946899995,
    0.5800000294000016,
    0.5800000450000112,
    0.58999997795604,
    0.5899999673011987,
    0.58,
    0.5899999896035198,
    0.5899999968230769,
    0.5700001021547283,
    0.5699999965799997,
    0.5600000293333411,
    0.5600000186902664,
    0.58,
    0.5600000098050146,
    0.5600000002933333,
    0.58,
    0.5600000058666669,
    0.5600000343750108,
    0.5799999530635741,
    0.56,
    0.5799999290519747,
    0.56,
    0.5600000079200003,
    0.5799999312891588,
    0.5799999581981886,
    0.5600000573023448,
    0.5600000682170702,
    0.56000088111064,
    0.57,
    0.5700000342753658,
    0.579999963749991,
    0.5700000752500182,
    0.5600000359183791,
    0.5600000146666693,
    0.560000012394368,
    0.560000066415147,
    0.56,
    0.5600000135290012,
    0.5799998259997042,
    0.5799998259997042,
    0.5799998259997042,
    0.5799998259997042,
    0.5799998259997042,
    0.5799998259997042,
    0.5799998259997042,
    0.5799998259997042,
    0.5600000205333358,
    0.5799999773142062,
    0.5799999898021957,
    0.58,
    0.5799999566994053,
    0.5600000604292021,
    0.5796882725790928,
    0.5600000035200001,
    0.5699998232997013,
    0.5699998232997013,
    0.5699998232997013,
    0.5699998232997013,
    0.5699998232997013,
    0.5699998232997013,
    0.5699998232997013,
    0.5699998232997013,
    0.5600001936001084,
    0.5699999932828272,
    0.5699999431775403,
    0.5600000844800176,
    0.5699998232997013,
    0.5699998232997013,
    0.5699998232997013,
    0.5699998232997013,
    0.5699998232997013,
    0.5699998232997013,
    0.5699998232997013,
    0.5600000418142599,
    0.5600000293333411,
    0.5699998232997013,
    0.5699998232997013,
    0.5699998232997013,
    0.5699998232997013,
    0.5699998232997013,
    0.5699998232997013,
    0.5699998232997013,
    0.5699999925899997,
    0.56,
    0.56,
    0.5699998232997013,
    0.5699998232997013,
    0.5699998232997013,
    0.5600001249032709,
    0.5699999059499214,
    0.5600000605157683,
    0.5699999656626423,
    0.5699998232997013,
    0.5699999771296235,
    0.5699998232997013,
    0.5600000454193648,
    0.5699999917919998,
    0.5699999472749785,
    0.5699998232997013,
    0.5699998232997013,
    0.5699998232997013,
    0.5699998232997013,
    0.569999930909047,
    0.569999831111036,
    0.5699998232997013,
    0.5699998232997013,
    0.5699998232997013,
    0.5699998232997013,
    0.5699999059499214,
    0.5699999059499214,
    0.5699999059499214,
    0.5699999059499214,
    0.5699999059499214,
    0.5699999059499214,
    0.5699998232997013,
    0.5600000631075858,
    0.5600000140239068,
    0.5699999663541628,
    0.5699999176425662,
    0.5600000037714287,
    0.5600000134969342,
    0.57,
    0.56,
    0.5600000314285755,
    0.57,
    0.5600001936001084,
    0.5699999965799997,
    0.5699998232997013,
    0.5699999631692219,
    0.5600000708359238,
    0.5699999220282758,
    0.560000070400024,
    0.5699998401866619,
    0.56,
    0.5699999663541628,
    0.5699998232997013,
    0.5600000035200001,
    0.5699998232997013,
    0.5799999860799989,
    0.573274958424376,
    0.5699999335921763,
    0.5600000001520519,
    0.57,
    0.5600000146666693,
    0.5699999324315779,
    0.5699999742260836,
    0.5600000249645465,
    0.5600000229067282,
    0.5699999995493024,
    0.5600000690196422,
    0.5699999872980469,
    0.5600000051512196,
    0.5600000179591875,
    0.5699998485428108,
    0.5699999992744909,
    0.56,
    0.56,
    0.56,
    0.56,
    0.569999913050787,
    0.56,
    0.5600000361643889,
    0.5699999948275853,
    0.560000070400024,
    0.5600000060103427,
    0.56,
    0.5699998251999371,
    0.5600000130563814,
    0.5699999419683186,
    0.5600000572000069,
    0.5600000495774708,
    0.56,
    0.5699999146938323,
    0.5699999590769155,
    0.5699999932828272,
    0.5699999989080458,
    0.57,
    0.5699998251999371,
    0.5699998796666386,
    0.5699999995730713,
    0.5699999729049261,
    0.56,
    0.5600001042105702,
    0.5699999756771765,
    0.5600001936001084,
    0.569999978129492,
    0.560000086699533,
    0.5699999662055223,
    0.5699999545212682,
    0.5600000299319758,
    0.5699999917919998,
    0.5699999658974263,
    0.56,
    0.5699999969747112,
    0.57,
    0.5600001936001084,
    0.5600000086742241,
    0.5600001257143621,
    0.569999966740438,
    0.57,
    0.5600000357360437,
    0.5699999443103343,
    0.5600000017600001,
    0.5600001936001084,
    0.5600000105600008,
    0.5600000105600008,
    0.5600000047666667,
    0.5600000240437211,
    0.5699999972451668,
    0.5600000068115512,
    0.5699999610499896,
    0.5699999937558684,
    0.5600000105600008,
    0.5600001936001084,
    0.5679813925204483,
    0.5500000263929681,
    0.5599999846575312,
    0.5500002025001114,
    0.5500000180965189,
    0.5599999557894675,
    0.5599999796363458,
    0.5500000014516129,
    0.550000028195494,
    0.550000017670161,
    0.5599999676700983,
    0.56,
    0.5500000093750006,
    0.5599999857928092,
    0.5500001717557907,
    0.55,
    0.5500000598859464,
    0.5599999772819436,
    0.5500000787500255,
    0.5599999383485741,
    0.550000020718235,
    0.5599999919424432,
    0.5599999926797362,
    0.5599999624580821,
    0.5599999929999979,
    0.5500000334987651,
    0.55,
    0.55,
    0.550000000576225,
    0.5500000120000005,
    0.559999966174493,
    0.5500000160714291,
    0.5599999982094324,
    0.5500000218234734,
    0.5599999628435955,
    0.56,
    0.5500000129757797,
    0.550000005472973,
    0.550000003068182,
    0.5500000264084554,
    0.5500000510075638,
    0.56,
    0.5500000022410358,
    0.55999999888,
    0.5500000054000002,
    0.55999999776,
    0.5699999758669316,
    0.5500000314136159,
    0.550000026892434,
    0.562253377365309,
    0.5599999572518953,
    0.55,
    0.559999978724557,
    0.5500002025001114,
    0.5500000031395349,
    0.56,
    0.5599999253332935,
    0.5599999851327405,
    0.56,
    0.5400000316599233,
    0.54,
    0.5400001067857848,
    0.5599998962962195,
    0.5500000182186264,
    0.5599999830302993,
    0.5500000721154192,
    0.55,
    0.55,
    0.5500002025001114,
    0.55,
    0.5500001013514199,
    0.5599999955378477,
    0.5500000697674581,
    0.5500000674157455,
    0.5599999662068913,
    0.5599999830302993,
    0.5599998962962195,
    0.5599999566731008,
    0.5500000248344412,
    0.5599999879353661,
    0.5500000132874038,
    0.5599999940425516,
    0.5500000950704694,
    0.5599999416666424,
    0.5500000457317212,
    0.5599999535269555,
    0.5500000377095046,
    0.559999843199887,
    0.56,
    0.5500000285843953,
    0.5500000720000461,
    0.5599999916209467,
    0.5500000434362976,
    0.5599999655384531,
    0.55,
    0.5400000063376831,
    0.5500000264187903,
    0.5599999602030384,
    0.56,
    0.5500000202500012,
    0.5500000496845527,
    0.5599999883737007,
    0.5599999358165895,
    0.5500000289699615,
    0.5599999907818893,
    0.5500000328810065,
    0.55,
    0.55,
    0.55,
    0.5599999663999852,
    0.559999843199887,
    0.559999999328,
    0.5599999988413793,
    0.5655606785424342,
    0.5599999766125273,
    0.5400000331761464,
    0.55,
    0.5400000092528482,
    0.5500000535714477,
    0.5599999978336555,
    0.5599999775999964,
    0.5599999908794783,
    0.5400000032200002,
    0.5400000322807066,
    0.5556464994574389,
    0.5499999828303838,
    0.5499999863184073,
    0.5499999889999995,
    0.5400000239405222,
    0.5499999060251621,
    0.5499999931249997,
    0.5400000082710931,
    0.5400000147307138,
    0.55,
    0.5400000168450722,
    0.54,
    0.540000015640001,
    0.55,
    0.5499999862499995,
    0.54,
    0.5400000052060436,
    0.5400000034134276,
    0.56,
    0.5400000076666676,
    0.5599999895163792,
    0.54,
    0.5599999956589139,
    0.55,
    0.5599999968639999,
    0.550000002296521,
    0.5599999874626845,
    0.55,
    0.5500000078750003,
    0.5599999876243074,
    0.5599999872437346,
    0.5500000484913845,
    0.5500000284410135,
    0.5500000616438441,
    0.56,
    0.5599999981149315,
    0.55,
    0.5500000020454546,
    0.55,
    0.56,
    0.55,
    0.559999843199887,
    0.55,
    0.55,
    0.55,
    0.55,
    0.55,
    0.55,
    0.55,
    0.5599999663999852,
    0.55,
    0.55,
    0.55,
    0.55,
    0.5499999977083333,
    0.5300001222000904,
    0.5399999881199997,
    0.53,
    0.5399999927999998,
    0.5300000055169302,
    0.5399999846999992,
    0.5399999943299999,
    0.530000011280002,
    0.5300001222000904,
    0.53,
    0.53,
    0.53,
    0.53,
    0.5299999883399997,
    0.5299998780999061,
    0.53,
    0.53,
    0.53,
    0.53,
    0.53,
    0.53,
    0.52,
    0.52,
    0.51,
    0.5199999833599972,
    0.52,
    0.52,
    0.5399999654399953,
    0.5399999654399953,
    0.52,
    0.52,
    0.52,
    0.52,
    0.53,
    0.53,
    0.53,
    0.54,
    0.53,
    0.53,
    0.53,
    0.53,
    0.53,
    0.53,
    0.53,
    0.53,
    0.53,
    0.53,
    0.53,
    0.52,
    0.52,
    0.53,
    0.53,
    0.5399999654399953,
    0.52,
    0.55,
    0.55,
    0.55,
    0.55,
    0.55,
    0.55,
    0.55,
    0.55,
    0.55,
    0.55,
    0.55,
    0.55,
    0.55,
    0.55,
    0.55,
    0.57,
    0.49,
    0.58,
    0.59,
    0.59,
    0.61,
    0.61,
    0.61,
    0.6,
    0.6,
    0.6,
    0.6,
    0.6,
    0.6,
    0.6,
    0.609999859699892,
    0.6099999755999961,
    0.57,
    0.56,
    0.56,
    0.56,
    0.53,
    0.53,
    0.5200000075691876,
    0.56,
    0.56,
    0.56,
    0.56,
    0.56,
    0.56,
    0.56,
    0.57,
    0.57,
    0.57,
    0.57,
    0.57,
    0.57,
    0.57,
    0.57,
    0.61,
    0.54,
    0.5300001222000904,
    0.56,
    0.5300001222000904,
    0.78,
    0.6,
    0.9299999813999167
]
