[
    0.001,
    0.001,
    0.001,
    0.001,
    0.001,
    0.001,
    0.001,
    0.001,
    0.001,
    0.003,
    0.01,
    0.01,
    0.05,
    0.05,
    0.05,
    0.003,
    0.003,
    0.003,
    0.003,
    0.01,
    0.01,
    0.01,
    0.01,
    0.01,
    0.01,
    0.01,
    0.02,
    0.046,
    0.01,
    0.01,
    0.02,
    0.02,
    0.03,
    0.021,
    0.01,
    0.02,
    0.01,
    0.03,
    0.03,
    0.05,
    0.05,
    0.045,
    0.08208098877807905,
    0.05,
    0.04,
    0.05,
    0.05,
    0.05,
    0.06,
    0.05,
    0.051,
    0.06,
    0.06,
    0.05,
    0.060000003760011265,
    0.06,
    0.06,
    0.060000003760011265,
    0.06,
    0.06,
    0.06,
    0.06,
    0.06,
    0.06999993629999426,
    0.060000037600487305,
    0.30999999480749996,
    0.3099999964492887,
    0.30693067331634083,
    0.12000000042718449,
    0.12,
    0.130000000087,
    0.131,
    0.3,
    0.7,
    0.79,
    0.79,
    0.75,
    0.73,
    0.6576346655421762,
    0.57,
    0.6,
    0.57,
    0.5700000048733336,
    0.5999999759999961,
    0.57,
    0.6,
    0.6,
    0.6,
    0.5700000018633333,
    0.57,
    0.57,
    0.58,
    0.52,
    0.54,
    0.52,
    0.52,
    0.48,
    0.5,
    0.4400000001344054,
    0.47,
    0.42911353855055206,
    0.37000000175446746,
    0.36333333333333334,
    0.3,
    0.31,
    0.32,
    0.32,
    0.32,
    0.32,
    0.32,
    0.34999999836616563,
    0.32,
    0.32,
    0.39,
    0.4,
    0.41999999753208594,
    0.33,
    0.34,
    0.35,
    0.33,
    0.48,
    0.49,
    0.48,
    0.49,
    0.49,
    0.49,
    0.49,
    0.51,
    0.5,
    0.33,
    0.3299999811899992,
    0.33,
    0.33,
    0.34999999299999984,
    0.41,
    0.4,
    0.37,
    0.36,
    0.35,
    0.44,
    0.44,
    0.41,
    0.41,
    0.41,
    0.4100000005315315,
    0.43,
    0.43,
    0.43,
    0.45364891478771235,
    0.42,
    0.4199999831999973,
    0.41346149870561716,
    0.41,
    0.44,
    0.45,
    0.45,
    0.4499999986023108,
    0.46,
    0.46,
    0.45,
    0.45,
    0.46,
    0.49,
    0.4500000015378593,
    0.5499999931249997,
    0.54,
    0.54,
    0.540000005411765,
    0.51,
    0.51,
    0.51,
    0.64,
    0.55,
    0.55,
    0.55,
    0.65,
    0.71,
    0.7599999087998286,
    0.7599998733331433,
    0.7599999695999891,
    0.76,
    0.76,
    0.7599999087998286,
    0.7599999087998286,
    0.76,
    0.751,
    0.751,
    0.8699992343991425,
    0.88,
    0.8599999996559999,
    0.88,
    0.98,
    0.86,
    0.87,
    0.86,
    0.86,
    0.86,
    0.85,
    0.85,
    0.83,
    0.82,
    0.82,
    0.79,
    0.98,
    0.9532905392060044,
    0.95,
    0.95,
    0.9,
    0.790000026040002,
    0.8299999792499694,
    0.8399999974799998,
    0.78,
    0.79,
    0.83,
    0.84,
    0.84,
    0.7599999665599981,
    0.6400000006026786,
    0.41,
    0.24,
    0.23,
    0.2,
    0.24,
    0.24,
    0.22,
    0.2,
    0.26999999041499984,
    0.289999866599928,
    0.34,
    0.36,
    0.4099998236998995,
    0.4,
    0.41,
    0.42,
    0.46,
    0.46,
    0.56,
    0.5299998780999061,
    0.599999939999976,
    0.609999859699892,
    0.6199999627999948,
    0.62,
    0.6,
    0.63,
    0.6300001369000863,
    0.67,
    0.5,
    0.4,
    0.49,
    0.49,
    0.49,
    0.49,
    0.5,
    0.5,
    0.51,
    0.51,
    0.5,
    0.51,
    0.54,
    0.5,
    0.5,
    0.4900000015376885,
    0.49,
    0.5,
    0.51,
    0.51,
    0.54,
    0.49,
    0.44,
    0.5021674208144796,
    0.56,
    0.57,
    0.58,
    0.6,
    0.59,
    0.56,
    0.55,
    0.53,
    0.53,
    0.48,
    0.56,
    0.56,
    0.5600000438781241,
    0.57,
    0.5700000688672033,
    0.57,
    0.57,
    0.67,
    0.68,
    0.68,
    0.6700001072500188,
    0.66,
    0.72,
    0.72,
    0.72,
    0.72,
    0.72,
    0.73,
    0.72,
    0.6799999831265492,
    0.68,
    0.68,
    0.69,
    0.71,
    0.6900000283428586,
    0.6900000599333417,
    0.7299998101998596,
    0.73,
    0.69,
    0.68,
    0.6900000599333417,
    0.67,
    0.64,
    0.66,
    0.68,
    0.64,
    0.6400000064653063,
    0.65,
    0.6100007995023585,
    0.62,
    0.6699999195999292,
    0.6699999970191649,
    0.63,
    0.59,
    0.59,
    0.6,
    0.59,
    0.63,
    0.59,
    0.61,
    0.6199999998388,
    0.59,
    0.65,
    0.65,
    0.6,
    0.6,
    0.64,
    0.64,
    0.6,
    0.53,
    0.5691321078348547,
    0.5599999775999964,
    0.5400000010335627,
    0.54,
    0.57,
    0.5899999842666653,
    0.4200001740002958,
    0.47,
    0.47,
    0.44,
    0.48,
    0.57,
    0.56,
    0.59,
    0.57,
    0.6,
    0.6,
    0.59,
    0.6,
    0.6,
    0.6200000066853261,
    0.63,
    0.63,
    0.63,
    0.63,
    0.62,
    0.62,
    0.63,
    0.62,
    0.5800001744616002,
    0.63,
    0.65,
    0.64,
    0.65,
    0.64,
    0.64,
    0.6,
    0.64,
    0.64,
    0.6306,
    0.64,
    0.64,
    0.5809899484352351,
    0.58,
    0.58,
    0.58,
    0.58,
    0.58,
    0.58,
    0.58,
    0.58,
    0.58,
    0.58,
    0.58,
    0.5831,
    0.55,
    0.55,
    0.48,
    0.48,
    0.48,
    0.46,
    0.46,
    0.44,
    0.46,
    0.4,
    0.4,
    0.36999986309991373,
    0.36999986309991373,
    0.4699998777999096,
    0.48,
    0.46,
    0.45999995951999545,
    0.4500000412500072,
    0.4500000412500072,
    0.4500000412500072,
    0.4500000412500072,
    0.4500000412500072,
    0.4500000412500072,
    0.4500000412500072,
    0.4500000412500072,
    0.45000005092595263,
    0.38,
    0.35,
    0.36792452608045567,
    0.3800000081045755,
    0.3800000077216119,
    0.38000001064949046,
    0.38,
    0.3800000027833896,
    0.3800000054836929,
    0.3399999693999951,
    0.3399999911599998,
    0.31,
    0.3399999632799966,
    0.33999994106665726,
    0.34,
    0.3399999421999809,
    0.34,
    0.3396162519378825,
    0.35,
    0.4,
    0.479,
    0.5499999979985444,
    0.54,
    0.6,
    0.67,
    0.6899999917199968,
    0.6805555550154321,
    0.66,
    0.7,
    0.6707262526906148,
    0.6899999899178074,
    0.6999999966002911,
    0.6600000003808,
    0.6600000054400001,
    0.67,
    0.6700000047424276,
    0.67,
    0.67,
    0.68,
    0.66,
    0.59,
    0.570000002365,
    0.57,
    0.56,
    0.55,
    0.53,
    0.5176944038831454,
    0.4600000345600047,
    0.4600000345600047,
    0.4600000345600047,
    0.4600000345600047,
    0.4600000268638539,
    0.47000000636000017,
    0.46,
    0.46,
    0.46,
    0.46,
    0.4899999950999984,
    0.46,
    0.4998,
    0.52,
    0.5100000017640001,
    0.53,
    0.5,
    0.5,
    0.47,
    0.45,
    0.44,
    0.4300000052615388,
    0.43,
    0.43,
    0.4599999870710053,
    0.45999999009230713,
    0.4599999833908941,
    0.45999999653091983,
    0.45,
    0.47,
    0.4799999951999998,
    0.47782803853483663,
    0.44,
    0.45,
    0.48,
    0.519999989599995,
    0.52,
    0.52,
    0.5,
    0.5099998316998873,
    0.519999999584,
    0.5099998316998873,
    0.529999999649409,
    0.5184265659619556,
    0.509999956649982,
    0.4800000166400028,
    0.48,
    0.509999999405,
    0.4900001683001128,
    0.4900000017000006,
    0.4900000017000006,
    0.4900000017000006,
    0.4900000017000006,
    0.4900000017000006,
    0.4900000017000006,
    0.4900000017000006,
    0.4900000017000006,
    0.480000010400005,
    0.48,
    0.47,
    0.47,
    0.47,
    0.5099998316998873,
    0.529695652173913,
    0.51,
    0.47,
    0.45,
    0.45,
    0.45,
    0.4200000006559849,
    0.42,
    0.42,
    0.5,
    0.5,
    0.48747368421052634,
    0.41,
    0.39652173913043476,
    0.38,
    0.37,
    0.35,
    0.31,
    0.33,
    0.31,
    0.3,
    0.31,
    0.33,
    0.32,
    0.33,
    0.3200000054400005,
    0.32,
    0.33,
    0.35973020090702645,
    0.35,
    0.33,
    0.39,
    0.4099999835999974,
    0.4099999446499798,
    0.41,
    0.41,
    0.43,
    0.45,
    0.45,
    0.45,
    0.45000000142394825,
    0.45,
    0.45,
    0.4699999992716942,
    0.46,
    0.46,
    0.469999954174993,
    0.4697228606800047,
    0.46,
    0.45999995951999545,
    0.46,
    0.45,
    0.45,
    0.4400000746667065,
    0.44,
    0.44,
    0.44,
    0.4524589872184818,
    0.43,
    0.43,
    0.42999999612999984,
    0.43,
    0.46,
    0.44,
    0.44,
    0.45,
    0.48,
    0.4799999814393113,
    0.47,
    0.45,
    0.42,
    0.42,
    0.44,
    0.43,
    0.43999999970666664,
    0.46,
    0.45,
    0.49,
    0.44999999212499975,
    0.48,
    0.45,
    0.47,
    0.5,
    0.51,
    0.47,
    0.47,
    0.49,
    0.47,
    0.5299999883399997,
    0.47,
    0.49,
    0.5,
    0.5,
    0.5299998780999061,
    0.52,
    0.51,
    0.5,
    0.5,
    0.49,
    0.49,
    0.45,
    0.47,
    0.5,
    0.47,
    0.45,
    0.46,
    0.46,
    0.49,
    0.49,
    0.5,
    0.5,
    0.5,
    0.49783085356303836,
    0.48999982849988855,
    0.5,
    0.49,
    0.49,
    0.48,
    0.49,
    0.47,
    0.48,
    0.47,
    0.47,
    0.45,
    0.44999996538460474,
    0.43000000163116064,
    0.43,
    0.43,
    0.45,
    0.45,
    0.4531532428731483,
    0.44,
    0.43,
    0.44,
    0.43,
    0.44,
    0.45,
    0.45,
    0.44,
    0.44,
    0.44,
    0.41,
    0.44,
    0.42,
    0.43,
    0.37,
    0.37,
    0.38,
    0.4,
    0.41999994705880794,
    0.400000060000024,
    0.41999999327999976,
    0.41,
    0.41000015340011353,
    0.4381752413456796,
    0.43,
    0.423595656120563,
    0.41999999327999976,
    0.41,
    0.41,
    0.41,
    0.41,
    0.41,
    0.41,
    0.41,
    0.41,
    0.39,
    0.4,
    0.4,
    0.4,
    0.38,
    0.38,
    0.38,
    0.38,
    0.37,
    0.37,
    0.37,
    0.36,
    0.35,
    0.35,
    0.34,
    0.33,
    0.36,
    0.36,
    0.34,
    0.37,
    0.37,
    0.37,
    0.37,
    0.37,
    0.37999998327999907,
    0.37,
    0.4,
    0.385996062840159,
    0.370000018900007,
    0.370000018900007,
    0.370000018900007,
    0.370000018900007,
    0.370000018900007,
    0.370000018900007,
    0.370000018900007,
    0.370000018900007,
    0.370000018900007,
    0.3799999741599966,
    0.3799999011999269,
    0.3799999011999269,
    0.4,
    0.41,
    0.41999999327999976,
    0.41,
    0.41,
    0.41,
    0.41,
    0.41,
    0.41,
    0.43,
    0.42999999612999984,
    0.41,
    0.41606192342866183,
    0.4,
    0.4,
    0.38,
    0.4,
    0.38,
    0.38,
    0.36,
    0.38,
    0.38,
    0.35,
    0.34,
    0.33,
    0.32999999504999994,
    0.32,
    0.32,
    0.31,
    0.3299999988956924,
    0.3,
    0.31683168316831684,
    0.32999998319999935,
    0.32999978219992593,
    0.30000002800000447,
    0.3,
    0.32,
    0.339999942535194,
    0.3299999922449998,
    0.349999929999979,
    0.35,
    0.33,
    0.31,
    0.31,
    0.31,
    0.32,
    0.31,
    0.30999993644998125,
    0.31,
    0.30999996217999704,
    0.31,
    0.28000000288000015,
    0.31,
    0.31,
    0.32,
    0.32,
    0.31,
    0.299999969999997,
    0.32,
    0.3,
    0.3,
    0.3,
    0.3,
    0.29,
    0.29,
    0.29,
    0.3,
    0.3,
    0.3,
    0.3,
    0.3,
    0.31,
    0.3099999990855,
    0.3,
    0.31,
    0.30000000350000006,
    0.3,
    0.31,
    0.3100000004077273,
    0.31,
    0.32,
    0.32,
    0.32,
    0.3057202687515665,
    0.2999999960869565,
    0.29,
    0.29,
    0.29,
    0.29,
    0.29,
    0.29,
    0.29,
    0.28999995794999556,
    0.29,
    0.2800000034560001,
    0.28,
    0.28,
    0.28,
    0.2899999274999819,
    0.28999998462999926,
    0.29,
    0.29,
    0.29,
    0.2899999907199998,
    0.29,
    0.289999998115,
    0.28999999798933335,
    0.28999999758333334,
    0.29,
    0.289999998115,
    0.28,
    0.28000000751304405,
    0.28000000371612926,
    0.28000000192000013,
    0.2800000192000123,
    0.27,
    0.27000000021512166,
    0.270000039459484,
    0.27000018980014046,
    0.28,
    0.2700000663636828,
    0.28,
    0.28,
    0.28,
    0.28,
    0.28,
    0.28,
    0.28,
    0.28,
    0.28,
    0.28,
    0.28,
    0.28,
    0.279999843199931,
    0.28,
    0.2700000159854128,
    0.28,
    0.27000012586215577,
    0.2799999652505927,
    0.27000002559266206,
    0.27,
    0.27,
    0.27000000014249786,
    0.2700000159041426,
    0.27000002920001553,
    0.27,
    0.2799999514666589,
    0.28,
    0.28,
    0.28,
    0.28,
    0.28,
    0.28,
    0.2799999731199972,
    0.27999990479998477,
    0.28,
    0.28,
    0.27999990479998477,
    0.2799999791702418,
    0.29,
    0.28,
    0.28,
    0.2799999731199972,
    0.2700000159687596,
    0.27999986693062456,
    0.27000018980014046,
    0.2799999011764328,
    0.2700000409935448,
    0.279999998096,
    0.27999999663999997,
    0.2799999620833286,
    0.27999999818,
    0.28,
    0.27999986102186536,
    0.2799998599999354,
    0.28,
    0.27000003067230627,
    0.2700000584000148,
    0.2700000025550001,
    0.27999990479998477,
    0.27000001357438835,
    0.2700000020726862,
    0.28,
    0.27999999686399996,
    0.2700000361807668,
    0.28,
    0.27999999287272714,
    0.279999843199931,
    0.279999999104,
    0.27,
    0.27,
    0.27,
    0.2799999854399993,
    0.2799999121568472,
    0.27999992792077494,
    0.27999988313038193,
    0.27999989433959604,
    0.2799999731199972,
    0.27999993126352996,
    0.28,
    0.2799999547474668,
    0.2809346597623662,
    0.2754194983233838,
    0.27,
    0.27,
    0.27,
    0.27,
    0.28,
    0.2799998662686208,
    0.2799999535751252,
    0.2799999854399993,
    0.27999990903551636,
    0.27999994031347364,
    0.28,
    0.28,
    0.2799999208080632,
    0.27999992881354724,
    0.27,
    0.270000032120005,
    0.27000018980014046,
    0.27000003382240534,
    0.27999994512967796,
    0.27000002990362765,
    0.27000002772153897,
    0.2799999180487545,
    0.27,
    0.27000003959325847,
    0.2799999731199972,
    0.2799999553191442,
    0.27000000615514536,
    0.2700000500686218,
    0.27,
    0.2799998894736551,
    0.2700000025550001,
    0.27999999703220546,
    0.27000002920001553,
    0.2799999535911551,
    0.27000004090518775,
    0.27000002990362765,
    0.2799999503071591,
    0.2799999487022799,
    0.27000000368011046,
    0.2700000114062543,
    0.27000001094218634,
    0.27,
    0.28,
    0.27000000115934364,
    0.28,
    0.2700000027871461,
    0.27000018980014046,
    0.2799999935017064,
    0.27000018980014046,
    0.27000018980014046,
    0.27000004376501685,
    0.27999999115623214,
    0.27000018980014046,
    0.27000018980014046,
    0.27000018980014046,
    0.27000018980014046,
    0.2700000912500342,
    0.27000018980014046,
    0.27000018980014046,
    0.27000018980014046,
    0.27000018980014046,
    0.2700000193805419,
    0.2700000912500342,
    0.2700000912500342,
    0.27000007786676217,
    0.27,
    0.27,
    0.2700000912500342,
    0.27000018980014046,
    0.27000018980014046,
    0.27000018980014046,
    0.27000018980014046,
    0.27000018980014046,
    0.27000018980014046,
    0.270000063641118,
    0.2700000523767248,
    0.2700000025550001,
    0.27,
    0.28,
    0.279999913402044,
    0.2799999177981516,
    0.279999843199931,
    0.27999990776468203,
    0.2799999514666589,
    0.27,
    0.2700000584000148,
    0.2700000584000148,
    0.2700000584000148,
    0.2700000584000148,
    0.2700000584000148,
    0.2700000584000148,
    0.2700000198639518,
    0.2700000584000148,
    0.27000018980014046,
    0.27000018980014046,
    0.27000018980014046,
    0.27000018980014046,
    0.270000100894459,
    0.270000032120005,
    0.27000001241000104,
    0.2700000181800866,
    0.270000032120005,
    0.27000002817545726,
    0.2799999308641862,
    0.28,
    0.2700000584000148,
    0.2700000584000148,
    0.2700000584000148,
    0.2700000584000148,
    0.2700000912500342,
    0.2700000912500342,
    0.2700000912500342,
    0.2700000912500342,
    0.2700000912500342,
    0.2700000912500342,
    0.2700000912500342,
    0.2700000912500342,
    0.27999984520321175,
    0.2700000114062543,
    0.27999987555549566,
    0.2799999128143462,
    0.27000018980014046,
    0.28,
    0.2700000013129499,
    0.2700000088753825,
    0.27999989396447444,
    0.2700000419750081,
    0.2700000912500342,
    0.2700000912500342,
    0.2700000912500342,
    0.2700000912500342,
    0.2700000912500342,
    0.2700000912500342,
    0.2700000912500342,
    0.2700000912500342,
    0.28,
    0.27,
    0.27,
    0.2700000038219915,
    0.27,
    0.27,
    0.27,
    0.27000000700575943,
    0.2799999517241324,
    0.2700000912500342,
    0.2700000912500342,
    0.2700000912500342,
    0.2700000912500342,
    0.27000002642535037,
    0.2700000912500342,
    0.2700000912500342,
    0.2700000912500342,
    0.2700000912500342,
    0.2700000912500342,
    0.2700000912500342,
    0.2700000912500342,
    0.2700000912500342,
    0.2700000912500342,
    0.26,
    0.27,
    0.2799998688287721,
    0.2700000220818538,
    0.2799999089999727,
    0.27999999686399996,
    0.2799999731199972,
    0.2700000584000148,
    0.2700000584000148,
    0.2700000584000148,
    0.2700000584000148,
    0.2700000584000148,
    0.2700000584000148,
    0.2700000584000148,
    0.2700000584000148,
    0.2700000032087926,
    0.27000018980014046,
    0.27000001241000104,
    0.2700000584000148,
    0.2700000912500342,
    0.27,
    0.2700000912500342,
    0.2700000912500342,
    0.27000018980014046,
    0.2700000584000148,
    0.270000032120005,
    0.270000032120005,
    0.2799999731199972,
    0.270000032120005,
    0.27000018980014046,
    0.2700000025550001,
    0.2700000912500342,
    0.27000018980014046,
    0.27,
    0.270000032120005,
    0.27000006006336225,
    0.27000000728179907,
    0.2799999218604506,
    0.27000000642767413,
    0.2700000254303374,
    0.27999994032785713,
    0.2700000032087926,
    0.27000001241000104,
    0.28,
    0.27000001840337245,
    0.27000001241000104,
    0.27,
    0.27,
    0.27,
    0.27,
    0.27,
    0.27,
    0.27,
    0.27999990479998477,
    0.27,
    0.26,
    0.26,
    0.26,
    0.26,
    0.26,
    0.26,
    0.26,
    0.26,
    0.26,
    0.26,
    0.26,
    0.2799999854399993,
    0.2799999854399993,
    0.279999843199931,
    0.27,
    0.27,
    0.2600000055954652,
    0.26,
    0.27,
    0.2600000381935957,
    0.26,
    0.26,
    0.26,
    0.2599999021505219,
    0.2599999838799994,
    0.25999993967998986,
    0.259999927199984,
    0.25999995839999623,
    0.2599998647999351,
    0.25999988114282657,
    0.26999985419993294,
    0.26999985419993294,
    0.26999985831676576,
    0.2699999584011571,
    0.26999999041499984,
    0.269999910414735,
    0.26999985932768616,
    0.2699999947928571,
    0.26999998055999946,
    0.26999999759911075,
    0.26,
    0.26,
    0.26,
    0.25,
    0.25,
    0.25,
    0.25,
    0.25,
    0.25,
    0.25,
    0.25,
    0.25,
    0.25,
    0.25,
    0.25,
    0.25,
    0.25,
    0.25,
    0.25,
    0.25,
    0.24,
    0.25,
    0.24000000198260882,
    0.24000003781097162,
    0.2400000317991818,
    0.25,
    0.24,
    0.25,
    0.25,
    0.24000003311548862,
    0.24000000886298142,
    0.25,
    0.2400000170786609,
    0.240000026282435,
    0.24000000826087173,
    0.25,
    0.25,
    0.25,
    0.25,
    0.2400000063070552,
    0.25,
    0.25,
    0.25,
    0.25,
    0.25,
    0.24000000725537504,
    0.24,
    0.24000006007909414,
    0.24000000456000042,
    0.25,
    0.25,
    0.24000009120017146,
    0.24000001216000344,
    0.25,
    0.24,
    0.24,
    0.24,
    0.25,
    0.25,
    0.25,
    0.25,
    0.25,
    0.25,
    0.25,
    0.25,
    0.25,
    0.25,
    0.25,
    0.25,
    0.25,
    0.25,
    0.25,
    0.25,
    0.25,
    0.25,
    0.25,
    0.25,
    0.2599998647999351,
    0.25,
    0.25,
    0.24,
    0.25,
    0.25,
    0.25,
    0.25,
    0.25,
    0.24,
    0.24,
    0.2400000054349384,
    0.24,
    0.24000000304000016,
    0.25,
    0.24000002512398688,
    0.25,
    0.24000003040001094,
    0.24000003177703538,
    0.24000000878613215,
    0.24000002481633584,
    0.24000004903228653,
    0.25,
    0.24,
    0.25,
    0.24000006495731493,
    0.25,
    0.24000005428575888,
    0.25,
    0.25,
    0.25,
    0.25,
    0.25,
    0.25,
    0.25,
    0.25,
    0.25,
    0.2599998647999351,
    0.26999985419993294,
    0.269999996328,
    0.2699999989894737,
    0.2699999162999841,
    0.26,
    0.28,
    0.279999843199931,
    0.28,
    0.28,
    0.28,
    0.28,
    0.28,
    0.28,
    0.29,
    0.28,
    0.29,
    0.29,
    0.28,
    0.27,
    0.26,
    0.26,
    0.27,
    0.27,
    0.23,
    0.24,
    0.27,
    0.24,
    0.24,
    0.24,
    0.27,
    0.27,
    0.22000000434338765,
    0.23,
    0.27,
    0.23,
    0.24,
    0.27,
    0.24,
    0.24,
    0.24,
    0.27,
    0.27,
    0.27,
    0.27,
    0.26,
    0.26,
    0.26,
    0.23,
    0.23,
    0.23999991839998694,
    0.23,
    0.23,
    0.23,
    0.26994594464728644,
    0.22,
    0.22000002340000516,
    0.22,
    0.22,
    0.21,
    0.21,
    0.21,
    0.21,
    0.21,
    0.21000000479922676,
    0.22,
    0.22,
    0.22,
    0.22,
    0.22,
    0.23,
    0.27,
    0.29,
    0.29,
    0.23,
    0.23,
    0.23,
    0.31,
    0.3100000414000389,
    0.36,
    0.36,
    0.36,
    0.36,
    0.31,
    0.31,
    0.31,
    0.31,
    0.31,
    0.4299998279998968,
    0.27,
    0.27,
    0.27,
    0.27,
    0.27,
    0.27,
    0.27,
    0.27,
    0.27
]
