[
    0.01,
    0.01,
    0.01,
    0.02,
    0.02,
    0.02,
    0.02,
    0.01,
    0.02,
    0.01,
    0.01,
    0.02,
    0.02,
    0.02,
    0.01,
    0.01,
    0.01,
    0.01,
    0.01,
    0.01,
    0.01,
    0.01,
    0.01,
    0.01,
    0.02,
    0.02,
    0.01,
    0.03,
    0.01,
    0.03,
    0.01,
    0.01,
    0.01,
    0.02,
    0.01,
    0.01,
    0.01,
    0.03,
    0.01,
    0.01,
    0.030000001940002324,
    0.030000001940002324,
    0.05,
    0.05,
    0.05,
    0.11999989919998387,
    0.13,
    0.12,
    0.11999989919998387,
    0.13,
    0.12,
    0.11,
    0.14,
    0.11,
    0.1299999789399992,
    0.11,
    0.11,
    0.13,
    0.1299999466999952,
    0.13,
    0.1,
    0.1,
    0.09,
    0.09000000201550487,
    0.09,
    0.16,
    0.15,
    0.16,
    0.16,
    0.18,
    0.16,
    0.16,
    0.15,
    0.15,
    0.21999985479995063,
    0.17,
    0.19,
    0.26,
    0.43999997066665886,
    0.4300000255605427,
    0.48,
    0.45,
    0.48,
    0.49504950495049505,
    0.48,
    0.44,
    0.5,
    0.53,
    0.5842732791203756,
    0.5300000349142882,
    0.61,
    0.66,
    0.6500001225000797,
    0.65,
    0.6500001225000797,
    0.6799998911999086,
    0.6600000011245478,
    0.7041564765834734,
    0.6899998834458081,
    0.66,
    0.66,
    0.7,
    0.7,
    0.7141188454265207,
    0.7,
    0.69009299998419,
    0.69,
    0.7,
    0.7,
    0.7489845652173913,
    0.61,
    0.57,
    0.62,
    0.6,
    0.58,
    0.5442571998859425,
    0.5200001728001106,
    0.5,
    0.5,
    0.47,
    0.47,
    0.47,
    0.38,
    0.4300000018641786,
    0.4273488114880658,
    0.32,
    0.33,
    0.36,
    0.32,
    0.32,
    0.33,
    0.35,
    0.3899998478999072,
    0.4,
    0.4099998236998995,
    0.38,
    0.4099999446499798,
    0.41,
    0.41,
    0.28805970314087553,
    0.2799999854399993,
    0.2700000584000148,
    0.2700000186310987,
    0.28,
    0.27,
    0.27,
    0.28,
    0.26,
    0.26,
    0.26,
    0.27,
    0.27,
    0.27,
    0.2699999895599997,
    0.27,
    0.27,
    0.27999990479998477,
    0.28,
    0.27,
    0.2799999731199972,
    0.28,
    0.28,
    0.28,
    0.28,
    0.28,
    0.28,
    0.2800001440004032,
    0.28,
    0.2638387557292058,
    0.17,
    0.13999999481999995,
    0.1,
    0.13999999481999995,
    0.15,
    0.16,
    0.13000003314298214,
    0.12999989859997768,
    0.1,
    0.1,
    0.1,
    0.1,
    0.1,
    0.1299999789399992,
    0.13999988239998118,
    0.060000037600487305,
    0.060000037600487305,
    0.060000037600487305,
    0.060000037600487305,
    0.060000037600487305,
    0.060000037600487305,
    0.060000037600487305,
    0.060000037600487305,
    0.060000037600487305,
    0.05,
    0.09,
    0.1,
    0.06,
    0.07985372150426913,
    0.06000001566682307,
    0.060000037600487305,
    0.06000001534703875,
    0.05,
    0.06000000585671603,
    0.060000037600487305,
    0.060000037600487305,
    0.06,
    0.06999993629999426,
    0.06,
    0.060000037600487305,
    0.060000037600487305,
    0.060000037600487305,
    0.060000037600487305,
    0.060000037600487305,
    0.060000037600487305,
    0.060000037600487305,
    0.08,
    0.08,
    0.0899999189999919,
    0.060000037600487305,
    0.11000000456410722,
    0.13999988239998118,
    0.11000000044500002,
    0.13,
    0.13999988239998118,
    0.13999999481999995,
    0.1299999466999952,
    0.1,
    0.1299999789399992,
    0.12,
    0.12999989859997768,
    0.11960260008863939,
    0.109462,
    0.1,
    0.1,
    0.09600344714061622,
    0.07,
    0.05,
    0.0899999599499978,
    0.08999998451999956,
    0.08762168635545016,
    0.09,
    0.07000000930010221,
    0.07000000930010221,
    0.07000000930010221,
    0.07000000930010221,
    0.07000000930010221,
    0.07000000930010221,
    0.07000000930010221,
    0.07000000930010221,
    0.08000001210530282,
    0.06,
    0.05,
    0.05,
    0.07,
    0.07,
    0.0899999599499978,
    0.07,
    0.07,
    0.06,
    0.06,
    0.08,
    0.04,
    0.06999999390999992,
    0.06999993629999426,
    0.07,
    0.04,
    0.04,
    0.04,
    0.04,
    0.04,
    0.04,
    0.04,
    0.04,
    0.09,
    0.09000003466673137,
    0.11,
    0.0800000306669212,
    0.09,
    0.09971844468845904,
    0.1,
    0.07000002632107678,
    0.07,
    0.08,
    0.06000002705049516,
    0.05,
    0.04,
    0.04,
    0.04,
    0.04,
    0.04,
    0.04,
    0.04,
    0.04,
    0.04,
    0.06106283102777949,
    0.05999998949416322,
    0.04,
    0.05,
    0.05999999309999993,
    0.059999972399998894,
    0.05,
    0.05,
    0.05,
    0.05,
    0.05,
    0.06,
    0.04,
    0.05,
    0.04,
    0.04,
    0.05,
    0.05,
    0.05,
    0.05,
    0.06,
    0.05,
    0.05,
    0.07,
    0.08999999599499998,
    0.07,
    0.06000000016947626,
    0.06,
    0.09,
    0.11,
    0.1100000890004361,
    0.12,
    0.1100000890004361,
    0.1100000890004361,
    0.1100000890004361,
    0.1100000890004361,
    0.1100000890004361,
    0.1100000890004361,
    0.1100000890004361,
    0.1,
    0.07,
    0.09,
    0.1,
    0.1,
    0.11,
    0.12,
    0.11,
    0.1,
    0.1,
    0.1,
    0.1,
    0.1,
    0.1,
    0.1,
    0.1,
    0.1,
    0.1,
    0.1,
    0.1,
    0.1,
    0.1,
    0.1,
    0.1,
    0.09000000068250016,
    0.09000000340824543,
    0.09000001385788188,
    0.09000000030333336,
    0.09,
    0.09000005308350718,
    0.09000000003466667,
    0.09,
    0.09000005308350718,
    0.11000001424001402,
    0.13798584817141155,
    0.11,
    0.1100000890004361,
    0.1100000890004361,
    0.1100000890004361,
    0.1100000890004361,
    0.1100000890004361,
    0.1100000890004361,
    0.1100000890004361,
    0.1100000890004361,
    0.12,
    0.11,
    0.11,
    0.11000000014833333,
    0.1,
    0.1,
    0.13,
    0.1,
    0.13,
    0.13000000049871027,
    0.14,
    0.13,
    0.13999997044444248,
    0.13881016807774513,
    0.13,
    0.12,
    0.13000000010357143,
    0.15,
    0.13,
    0.16,
    0.16,
    0.14,
    0.14000001720000538,
    0.13,
    0.13000000870001732,
    0.130000000087,
    0.15000001353504888,
    0.140000000344,
    0.14000000292517106,
    0.14,
    0.2,
    0.2199999943679999,
    0.2,
    0.2,
    0.2,
    0.21,
    0.21,
    0.2,
    0.21,
    0.22,
    0.21,
    0.21,
    0.21000000790002363,
    0.22,
    0.21,
    0.22,
    0.21,
    0.21,
    0.21,
    0.21,
    0.21,
    0.21,
    0.21,
    0.21,
    0.21,
    0.21,
    0.21,
    0.21,
    0.21,
    0.22,
    0.22,
    0.21,
    0.21,
    0.24,
    0.24,
    0.21,
    0.2400000217143006,
    0.24000001216000344,
    0.24000001070422708,
    0.26,
    0.26,
    0.25,
    0.25,
    0.25999999445333327,
    0.259999927199984,
    0.2599998647999351,
    0.2599998647999351,
    0.2599998647999351,
    0.25,
    0.25,
    0.26,
    0.26,
    0.24,
    0.24,
    0.24,
    0.24,
    0.2400000001934827,
    0.240000026282435,
    0.25,
    0.2400000000547748,
    0.24000009120017146,
    0.25,
    0.24,
    0.24,
    0.24,
    0.24,
    0.24,
    0.24,
    0.24,
    0.24,
    0.24,
    0.24,
    0.25,
    0.24,
    0.23000003877706016,
    0.24,
    0.24,
    0.24,
    0.23,
    0.23,
    0.24,
    0.24,
    0.23000000242000013,
    0.23,
    0.23,
    0.23,
    0.23,
    0.23,
    0.23,
    0.23,
    0.23,
    0.23,
    0.23,
    0.22999982749995687,
    0.23,
    0.22999996917999796,
    0.22000000156000046,
    0.23,
    0.2299999337599926,
    0.22000000624000088,
    0.22,
    0.21,
    0.21,
    0.22,
    0.22,
    0.22,
    0.22,
    0.22,
    0.21,
    0.21,
    0.21,
    0.21,
    0.2144284880204638,
    0.19000002430009647,
    0.2,
    0.2,
    0.2,
    0.2,
    0.18000001640001606,
    0.1800000065600016,
    0.19,
    0.19,
    0.19,
    0.19,
    0.19,
    0.19000001907923275,
    0.19000001791155632,
    0.2,
    0.2,
    0.2,
    0.21,
    0.2,
    0.2,
    0.2,
    0.2,
    0.1900000255341677,
    0.19000001365169283,
    0.2,
    0.2,
    0.2,
    0.18000001952382233,
    0.18000000110264458,
    0.2,
    0.18000001640001606,
    0.2,
    0.18000002314517463,
    0.180000000656,
    0.18000001294766763,
    0.19,
    0.19000000001014491,
    0.19,
    0.19000002490055523,
    0.2,
    0.19000000310344944,
    0.190000000729,
    0.2,
    0.2,
    0.2,
    0.2,
    0.190000000729,
    0.2,
    0.19000002354653148,
    0.2,
    0.19000005785725144,
    0.1900000004541773,
    0.19000000157281643,
    0.2,
    0.1900000315103251,
    0.19000000303750006,
    0.19,
    0.2,
    0.2,
    0.1900000026384382,
    0.2,
    0.19000002650307204,
    0.2,
    0.19000001393881696,
    0.19000000226800004,
    0.19,
    0.19000002430009647,
    0.19,
    0.2,
    0.2,
    0.19000001837696615,
    0.19,
    0.2,
    0.18,
    0.18,
    0.19,
    0.19,
    0.19,
    0.19,
    0.18000000145244574,
    0.18,
    0.19,
    0.19,
    0.19,
    0.19,
    0.19,
    0.19,
    0.19000001085427484,
    0.19000000331363695,
    0.19000002116726158,
    0.19000000221917898,
    0.19000003441180824,
    0.2,
    0.2,
    0.2,
    0.19000000157281643,
    0.2,
    0.19000002592001472,
    0.19000002354653148,
    0.2,
    0.19000000632812866,
    0.19000002592001472,
    0.2,
    0.1900000218919098,
    0.2,
    0.19,
    0.20999994959999194,
    0.2099999618699153,
    0.19,
    0.19,
    0.19000003780009903,
    0.20999999900610686,
    0.19000004455008665,
    0.190000000729,
    0.1900000145800012,
    0.19,
    0.19000000034848408,
    0.2,
    0.2,
    0.2,
    0.2,
    0.2,
    0.2,
    0.21999991639998998,
    0.21,
    0.21,
    0.21999988645157995,
    0.21000000921667117,
    0.21,
    0.21000003686668953,
    0.21000003843245132,
    0.21000003686668953,
    0.21,
    0.21000002528003964,
    0.21000003686668953,
    0.22,
    0.21,
    0.21,
    0.21,
    0.21,
    0.21,
    0.21,
    0.21000003686668953,
    0.21000003686668953,
    0.21000003686668953,
    0.21000003686668953,
    0.21000003686668953,
    0.21000003686668953,
    0.21000003686668953,
    0.21000003686668953,
    0.21000000790002363,
    0.21000003686668953,
    0.21000003686668953,
    0.21000003686668953,
    0.21000003686668953,
    0.21000001975000446,
    0.21000007110010024,
    0.21000007110010024,
    0.21000007110010024,
    0.21000007110010024,
    0.21000007110010024,
    0.21000007110010024,
    0.21000007110010024,
    0.21000007110010024,
    0.21000007110010024,
    0.21000003686668953,
    0.21000001738001353,
    0.21000003686668953,
    0.21000003686668953,
    0.21000003686668953,
    0.21000003686668953,
    0.21000003686668953,
    0.21000003686668953,
    0.21000003686668953,
    0.21000003686668953,
    0.21000003686668953,
    0.22,
    0.21000007110010024,
    0.21000007110010024,
    0.21000007110010024,
    0.21000007110010024,
    0.21000007110010024,
    0.21000007110010024,
    0.21000007110010024,
    0.21000007110010024,
    0.21000000046083334,
    0.21000003686668953,
    0.21000003686668953,
    0.21000003686668953,
    0.21000007110010024,
    0.21000007110010024,
    0.21000007110010024,
    0.21000007110010024,
    0.21000007110010024,
    0.21000007110010024,
    0.21000007110010024,
    0.21000007110010024,
    0.21000003686668953,
    0.210000000316,
    0.21000003686668953,
    0.21000001975000446,
    0.21000001343000516,
    0.21000007110010024,
    0.21000007110010024,
    0.22,
    0.21000007110010024,
    0.21000007110010024,
    0.21000003686668953,
    0.22,
    0.21000003686668953,
    0.21000003686668953,
    0.21000007110010024,
    0.21000007110010024,
    0.21000003686668953,
    0.21000007110010024,
    0.21000003686668953,
    0.21000003686668953,
    0.21000000790002363,
    0.21000003686668953,
    0.21000003686668953,
    0.21000003686668953,
    0.21000003686668953,
    0.21000003686668953,
    0.21000003686668953,
    0.21000003686668953,
    0.21000003686668953,
    0.21000003686668953,
    0.21000000217250012,
    0.21000003686668953,
    0.21000001975000446,
    0.21000007110010024,
    0.21000007110010024,
    0.21000007110010024,
    0.21000007110010024,
    0.21000003686668953,
    0.21000009404771983,
    0.21000007110010024,
    0.21999985479995063,
    0.21000007110010024,
    0.21000007110010024,
    0.21000007110010024,
    0.21000001738001353,
    0.21000007110010024,
    0.21000003686668953,
    0.21000003686668953,
    0.21000007110010024,
    0.21000003686668953,
    0.21000001975000446,
    0.21000003686668953,
    0.21000003686668953,
    0.21000003686668953,
    0.21000003686668953,
    0.21000003686668953,
    0.21000003686668953,
    0.21000003686668953,
    0.21000003686668953,
    0.21000003686668953,
    0.21000003686668953,
    0.21000003686668953,
    0.21000003686668953,
    0.21000007110010024,
    0.21000007110010024,
    0.21000003686668953,
    0.21000007110010024,
    0.21000007110010024,
    0.21000007110010024,
    0.21000007110010024,
    0.21000007110010024,
    0.21000001166052934,
    0.21000002962503592,
    0.22,
    0.21000007110010024,
    0.21000007110010024,
    0.21000007110010024,
    0.21000007110010024,
    0.21000000995798726,
    0.21000001975000446,
    0.21000006262202262,
    0.21000003686668953,
    0.21000004007251982,
    0.21000002561098452,
    0.21999995642171996,
    0.21,
    0.21000003686668953,
    0.21000002695098155,
    0.22,
    0.21,
    0.21000003686668953,
    0.21000001037523827,
    0.21000001738001353,
    0.21999993085713165,
    0.21000001738001353,
    0.21000002548389363,
    0.21000000790002363,
    0.21000007110010024,
    0.21000007110010024,
    0.21000007110010024,
    0.21000007110010024,
    0.21000007110010024,
    0.21000007110010024,
    0.21000007110010024,
    0.21000007110010024,
    0.21000007110010024,
    0.21000003686668953,
    0.21000007110010024,
    0.21000007110010024,
    0.21000007110010024,
    0.21000007110010024,
    0.21000003686668953,
    0.21000001474667426,
    0.21999997770666596,
    0.21000003686668953,
    0.21000009875015224,
    0.21000007110010024,
    0.21000007110010024,
    0.21000007110010024,
    0.21000007110010024,
    0.21000007110010024,
    0.21999983445540622,
    0.21000001436364046,
    0.21999993316454908,
    0.21000003686668953,
    0.21000002454804265,
    0.21999997770666596,
    0.21999997770666596,
    0.21000003160003322,
    0.21,
    0.21000000790002363,
    0.21000001975000446,
    0.21000007110010024,
    0.21000003686668953,
    0.21000003686668953,
    0.21000003686668953,
    0.21000003686668953,
    0.21000001738001353,
    0.21999999683199997,
    0.21000007110010024,
    0.21000003686668953,
    0.21,
    0.21,
    0.21999995929999736,
    0.21598673534027407,
    0.2099998879999664,
    0.2099998522221894,
    0.20999991104164256,
    0.20999991104164256,
    0.20999989576639902,
    0.20999996078312805,
    0.20999990683096165,
    0.20999988631576555,
    0.20999986769995105,
    0.2,
    0.2,
    0.2,
    0.2,
    0.21999999494814806,
    0.2,
    0.2,
    0.21999991639998998,
    0.2,
    0.2,
    0.2,
    0.2,
    0.2,
    0.21,
    0.21999986275225328,
    0.21999993686097635,
    0.21000000970516675,
    0.21000000790002363,
    0.21000002502970713,
    0.22,
    0.2199998818518059,
    0.21000001479401553,
    0.21,
    0.2199998927730714,
    0.21000003534213157,
    0.21999993560974354,
    0.21000000995798726,
    0.21999989464786357,
    0.21000000669492372,
    0.21999989801322478,
    0.21000000790002363,
    0.2100000044717006,
    0.21000001093426157,
    0.21999993560974354,
    0.21000000491497342,
    0.2100000503185162,
    0.2100000342238376,
    0.21000004020359098,
    0.21000002179310787,
    0.22,
    0.2100000534163855,
    0.21000000217250012,
    0.21999989282049634,
    0.21999985479995063,
    0.21,
    0.2,
    0.2,
    0.21,
    0.21,
    0.21,
    0.21,
    0.21,
    0.2,
    0.2,
    0.2,
    0.2,
    0.20999986769995105,
    0.2,
    0.20999993942306527,
    0.21,
    0.21,
    0.21000001343000516,
    0.2199999871384613,
    0.21999991639998998,
    0.21999991639998998,
    0.21999988139126517,
    0.20999998613999954,
    0.21,
    0.20999999212106044,
    0.21,
    0.21,
    0.20999998342105225,
    0.20999999478888884,
    0.2,
    0.2,
    0.20999996072726987,
    0.21,
    0.20999986769995105,
    0.21,
    0.2099999459999946,
    0.21,
    0.21,
    0.20999986769995105,
    0.20999986769995105,
    0.2,
    0.21999985479995063,
    0.2,
    0.22,
    0.21,
    0.2,
    0.2,
    0.21,
    0.2,
    0.2,
    0.2,
    0.21,
    0.21999998490196035,
    0.21,
    0.21,
    0.21,
    0.21,
    0.21,
    0.21,
    0.21,
    0.20999986769995105,
    0.2,
    0.21615184707180582,
    0.2,
    0.21,
    0.2,
    0.20999986769995105,
    0.20999999676599998,
    0.2,
    0.2,
    0.2,
    0.21,
    0.2,
    0.21,
    0.21999991639998998,
    0.2,
    0.21,
    0.2,
    0.2,
    0.2,
    0.21,
    0.21,
    0.23,
    0.23,
    0.21,
    0.21,
    0.23,
    0.22,
    0.22389002036659877,
    0.18000000328657575,
    0.1800000285217464,
    0.18000002060303008,
    0.2,
    0.2,
    0.22,
    0.18000000884892714,
    0.18000002058578216,
    0.2,
    0.18000001961724788,
    0.18000002484849664,
    0.18000003037039736,
    0.18000000901099386,
    0.18000001486405706,
    0.1800000252307851,
    0.18000001975905153,
    0.18000001640001606,
    0.1800000138983137,
    0.22,
    0.22,
    0.17000000565587828,
    0.1500000148601526,
    0.17,
    0.17,
    0.17,
    0.17,
    0.17,
    0.12000003520017459,
    0.13,
    0.13000000870001732,
    0.15000001700002005,
    0.32727262314047695,
    0.08000001840000884
]
