[
    0.999,
    0.999,
    0.999,
    0.999,
    0.999,
    0.999,
    0.999,
    0.999,
    0.999,
    0.999,
    0.999,
    0.999,
    0.999,
    0.999,
    0.999,
    0.999,
    0.999,
    0.999,
    0.999,
    0.999,
    0.999,
    0.999,
    0.999,
    0.999,
    0.999,
    0.999,
    0.999,
    0.999,
    0.999,
    0.998357434819322,
    0.999,
    0.995,
    0.99,
    0.99,
    0.99,
    0.98,
    0.98,
    0.9795826667594074,
    0.96,
    0.96,
    0.978,
    0.97,
    0.94,
    0.95,
    0.95,
    0.96,
    0.93,
    0.94,
    0.97,
    0.9613608058608059,
    0.91,
    0.879,
    0.88,
    0.88,
    0.8600000373333359,
    0.8751912477281493,
    0.8600001176000188,
    0.8600001176000188,
    0.8600001176000188,
    0.8600001176000188,
    0.8600001176000188,
    0.85,
    0.8600001176000188,
    0.85,
    0.8600001176000188,
    0.85,
    0.88,
    0.88,
    0.8500000086538463,
    0.88,
    0.85,
    0.85,
    0.85,
    0.83,
    0.8,
    0.7200000453582622,
    0.72,
    0.75,
    0.75,
    0.76,
    0.75,
    0.7,
    0.7,
    0.7,
    0.7,
    0.7,
    0.68,
    0.6500000525000096,
    0.67,
    0.7,
    0.7,
    0.73,
    0.729999904187333,
    0.7,
    0.7,
    0.7,
    0.756218899076755,
    0.75,
    0.73,
    0.77,
    0.69,
    0.69,
    0.6900000164300008,
    0.7,
    0.7165210891003709,
    0.7200000952000152,
    0.6,
    0.7200000952000152,
    0.6,
    0.6,
    0.6,
    0.6,
    0.53,
    0.53,
    0.53,
    0.5299999971733332,
    0.5,
    0.52,
    0.56,
    0.56,
    0.52,
    0.56,
    0.52,
    0.551,
    0.58,
    0.5500000113572634,
    0.59546608050012,
    0.5600000264000017,
    0.56,
    0.57,
    0.5493493161452602,
    0.52,
    0.48,
    0.47999999827199996,
    0.47999999808,
    0.53,
    0.53,
    0.549,
    0.53,
    0.53,
    0.54,
    0.5489999827064989,
    0.53,
    0.49,
    0.49,
    0.48,
    0.49504950495049505,
    0.48,
    0.48,
    0.459,
    0.4593608347153123,
    0.459,
    0.459,
    0.4500000275000124,
    0.45,
    0.46,
    0.47,
    0.43,
    0.43,
    0.4371390123302247,
    0.47,
    0.39,
    0.46,
    0.45,
    0.43,
    0.43,
    0.38,
    0.35,
    0.35,
    0.34,
    0.35,
    0.36,
    0.36,
    0.36,
    0.36,
    0.37,
    0.35,
    0.22,
    0.35,
    0.34,
    0.29,
    0.25,
    0.25,
    0.2899999907199998,
    0.07,
    0.11,
    0.23705882352941177,
    0.07,
    0.29,
    0.0121802,
    0.005,
    0.002,
    0.002,
    0.002,
    0.003,
    0.004,
    0.004,
    0.005,
    0.0368202,
    0.006000003313545941,
    0.07,
    0.0261909590649517,
    0.02,
    0.01,
    0.003,
    0.01,
    0.02,
    0.02,
    0.01,
    0.021,
    0.012,
    0.01,
    0.01,
    0.08000000325088626,
    0.15,
    0.1799999579999958,
    0.21,
    0.211,
    0.21,
    0.16,
    0.16,
    0.29,
    0.2899999274999819,
    0.29,
    0.29,
    0.3,
    0.3,
    0.3,
    0.32,
    0.39634647816428165,
    0.34281556064073226,
    0.33,
    0.3,
    0.27,
    0.27,
    0.27,
    0.26999985419993294,
    0.25,
    0.15,
    0.12,
    0.17,
    0.12,
    0.12000003520017459,
    0.10944029850746269,
    0.1,
    0.081,
    0.0899999189999919,
    0.08,
    0.08,
    0.07,
    0.08,
    0.07,
    0.07,
    0.07,
    0.07,
    0.06000000094000056,
    0.06999993629999426,
    0.05,
    0.05,
    0.051,
    0.05,
    0.03,
    0.04,
    0.05,
    0.05,
    0.05,
    0.05,
    0.04,
    0.04,
    0.04,
    0.02,
    0.04,
    0.07,
    0.040020759470050384,
    0.07,
    0.04,
    0.04,
    0.02,
    0.03,
    0.029999994299999944,
    0.01,
    0.01,
    0.03333805209513024,
    0.02,
    0.04837161686608228,
    0.02,
    0.02,
    0.02,
    0.02,
    0.03,
    0.03,
    0.03,
    0.030000001940002324,
    0.04,
    0.04,
    0.04,
    0.05,
    0.05,
    0.04,
    0.05,
    0.09,
    0.179999997552,
    0.176471,
    0.1699999758599986,
    0.15,
    0.15,
    0.15,
    0.2,
    0.16,
    0.21,
    0.21,
    0.21,
    0.2,
    0.2,
    0.20975,
    0.17,
    0.18,
    0.18999999686499996,
    0.17,
    0.1500000850003315,
    0.16000000545454718,
    0.160000002145594,
    0.16000000217054297,
    0.15,
    0.16933333333333334,
    0.15,
    0.15,
    0.16,
    0.16,
    0.19,
    0.212,
    0.17,
    0.16,
    0.19,
    0.19,
    0.19000000348637028,
    0.19000000292771102,
    0.19,
    0.15,
    0.15,
    0.15,
    0.19,
    0.20466666666666666,
    0.19933333333333333,
    0.20933333333333334,
    0.20933333333333334,
    0.21933333333333332,
    0.22,
    0.25,
    0.29933333333333334,
    0.28000003456001216,
    0.27,
    0.2885572071112099,
    0.32666666666666666,
    0.3,
    0.29,
    0.33,
    0.29,
    0.29933333333333334,
    0.27000018980014046,
    0.25,
    0.2,
    0.2,
    0.2,
    0.24,
    0.25,
    0.25,
    0.25,
    0.25,
    0.2837301587301587,
    0.29,
    0.25,
    0.29,
    0.25,
    0.33,
    0.3200001088000914,
    0.27,
    0.26,
    0.26,
    0.25,
    0.2536585329660916,
    0.23,
    0.23,
    0.23,
    0.23,
    0.2563344154286513,
    0.23000001232000472,
    0.23000001232000472,
    0.23000000308000024,
    0.23,
    0.23,
    0.23000000727222297,
    0.23,
    0.23000000654500125,
    0.24,
    0.26,
    0.25999998432385835,
    0.26,
    0.2,
    0.2,
    0.2,
    0.17000009130017255,
    0.2,
    0.17,
    0.2,
    0.23,
    0.23,
    0.23,
    0.23,
    0.23,
    0.23,
    0.24,
    0.24000009120017146,
    0.24000000456000042,
    0.2400000003479754,
    0.27,
    0.267326703558472,
    0.24,
    0.23000000048375924,
    0.25,
    0.24,
    0.25,
    0.29000000197535786,
    0.29,
    0.27,
    0.29,
    0.29000000529019665,
    0.3,
    0.265402,
    0.27,
    0.23,
    0.23,
    0.25,
    0.25,
    0.23000000654500125,
    0.26,
    0.24,
    0.24,
    0.24,
    0.24000000005416955,
    0.24000001216000344,
    0.31,
    0.2999999854838705,
    0.3,
    0.27,
    0.2800000198620753,
    0.29,
    0.35999987039991704,
    0.3000000031927025,
    0.3499999894999998,
    0.3,
    0.3,
    0.35,
    0.3,
    0.3000000115990066,
    0.3000000070000006,
    0.2733333333333333,
    0.24000000152000003,
    0.29,
    0.28,
    0.2799999854399993,
    0.29702970147044405,
    0.36,
    0.3799999339130262,
    0.3500000121875013,
    0.3799999011999269,
    0.45,
    0.4556250298932736,
    0.43,
    0.41000001062000035,
    0.41,
    0.44,
    0.42,
    0.42,
    0.42,
    0.4,
    0.47,
    0.46,
    0.47,
    0.47,
    0.5074625729510277,
    0.47,
    0.47,
    0.47,
    0.47,
    0.47,
    0.4699999929499998,
    0.47,
    0.49000002070513177,
    0.49,
    0.49000002142000126,
    0.4900000204000033,
    0.49,
    0.49,
    0.49000001649722835,
    0.5300000095918385,
    0.53,
    0.53,
    0.53,
    0.54,
    0.52,
    0.52,
    0.52,
    0.5100000049000016,
    0.5100000049000016,
    0.5100000049000016,
    0.5100000441000071,
    0.5100000049000016,
    0.5100000049000016,
    0.5100000049000016,
    0.5100000049000016,
    0.51,
    0.51,
    0.52,
    0.5299998780999061,
    0.5100000061250002,
    0.519999998336,
    0.510000000931,
    0.5100000003726802,
    0.51,
    0.51,
    0.52,
    0.52,
    0.52,
    0.52,
    0.52,
    0.52,
    0.52,
    0.5299998780999061,
    0.52,
    0.52,
    0.52,
    0.52,
    0.52,
    0.52,
    0.52,
    0.52,
    0.5299999899299992,
    0.5100000039973684,
    0.52,
    0.51,
    0.5100000086482074,
    0.51,
    0.51,
    0.5100000069078949,
    0.52,
    0.5299999650199954,
    0.5100000164853263,
    0.51,
    0.51,
    0.51,
    0.5,
    0.5,
    0.51,
    0.5100000465500188,
    0.5100000465500188,
    0.5100000465500188,
    0.5100000465500188,
    0.5100000465500188,
    0.5100000465500188,
    0.5100000465500188,
    0.5100000465500188,
    0.5100000061250002,
    0.51,
    0.51,
    0.51,
    0.51,
    0.52,
    0.510000011808985,
    0.51,
    0.519999991595958,
    0.5100000032375,
    0.510000005223817,
    0.51,
    0.51,
    0.5100000465500188,
    0.5100000465500188,
    0.5100000465500188,
    0.5100000465500188,
    0.5100000465500188,
    0.5100000465500188,
    0.51,
    0.52,
    0.5100000186200011,
    0.5100000019600001,
    0.51,
    0.51,
    0.51,
    0.51,
    0.51,
    0.51,
    0.51,
    0.51,
    0.51,
    0.51,
    0.51,
    0.51,
    0.51,
    0.51,
    0.51,
    0.5199999908479997,
    0.51,
    0.51,
    0.51,
    0.51,
    0.51,
    0.52,
    0.52,
    0.52,
    0.52,
    0.5399999964,
    0.53,
    0.53,
    0.52,
    0.52,
    0.52,
    0.52,
    0.52,
    0.52,
    0.51,
    0.53,
    0.53,
    0.54,
    0.51,
    0.51,
    0.51,
    0.52,
    0.52,
    0.52,
    0.53,
    0.52,
    0.52,
    0.53,
    0.53,
    0.55,
    0.55,
    0.54,
    0.54,
    0.54,
    0.55,
    0.55,
    0.55,
    0.55,
    0.55,
    0.55,
    0.5599999995206163,
    0.55999999888,
    0.56,
    0.56,
    0.56,
    0.5599999663999852,
    0.559999843199887,
    0.5599999253332935,
    0.5500000056532666,
    0.5500000037306559,
    0.5500000051923081,
    0.5636698570022078,
    0.56,
    0.56,
    0.5500000450000045,
    0.56,
    0.5500000045000001,
    0.559999843199887,
    0.5500002025001114,
    0.56,
    0.5699999555399857,
    0.57,
    0.55,
    0.5699999771999977,
    0.56,
    0.5599999986,
    0.550000003745541,
    0.5500000560166137,
    0.559999843199887,
    0.5599999775999964,
    0.56,
    0.56,
    0.559999995347871,
    0.5599999954856911,
    0.5500000032910776,
    0.550000005343008,
    0.5599999663999852,
    0.559999999328,
    0.559999843199887,
    0.56,
    0.56,
    0.5500000028503563,
    0.57,
    0.56,
    0.56,
    0.5599999948897338,
    0.55,
    0.5500000011131096,
    0.5500000450000045,
    0.5500000787500255,
    0.5500000048179873,
    0.5500000085551338,
    0.5699999939199997,
    0.5666882709698278,
    0.55,
    0.55,
    0.5400001150000288,
    0.5400001150000288,
    0.5400001150000288,
    0.5400001150000288,
    0.5400001150000288,
    0.5499999986689255,
    0.5400002392001149,
    0.5400002392001149,
    0.5400002392001149,
    0.5400002392001149,
    0.5400002392001149,
    0.5400002392001149,
    0.5400002392001149,
    0.5400002392001149,
    0.5499999849177307,
    0.54,
    0.54,
    0.5400001150000288,
    0.54,
    0.5400001188262344,
    0.5400001150000288,
    0.5400001150000288,
    0.5400001150000288,
    0.5400001150000288,
    0.5400001150000288,
    0.5400001150000288,
    0.5499999972805933,
    0.5400000404800045,
    0.5400001150000288,
    0.5400001150000288,
    0.5400001150000288,
    0.5400001150000288,
    0.5400001150000288,
    0.5400001150000288,
    0.5400001150000288,
    0.5400001150000288,
    0.5400001150000288,
    0.5400001150000288,
    0.5400001150000288,
    0.5400001150000288,
    0.5400001150000288,
    0.5400001150000288,
    0.5400002392001149,
    0.5400002392001149,
    0.5400002392001149,
    0.5400002392001149,
    0.5400002392001149,
    0.5400002392001149,
    0.5400002392001149,
    0.5400002392001149,
    0.5400002392001149,
    0.54,
    0.54,
    0.5400002392001149,
    0.5400001150000288,
    0.5400001150000288,
    0.5400001150000288,
    0.5400001150000288,
    0.5400001150000288,
    0.5400001150000288,
    0.5400001150000288,
    0.5499999955999999,
    0.5400002392001149,
    0.5400002392001149,
    0.5400002392001149,
    0.5400002392001149,
    0.5400001150000288,
    0.5400001150000288,
    0.5400001150000288,
    0.5400001150000288,
    0.5400001150000288,
    0.5400001150000288,
    0.5400001150000288,
    0.5400002392001149,
    0.5400002392001149,
    0.5400002392001149,
    0.5400002392001149,
    0.5400002392001149,
    0.5400002392001149,
    0.5400002392001149,
    0.5400002392001149,
    0.540000244831236,
    0.54,
    0.5400001150000288,
    0.5400002392001149,
    0.5400001150000288,
    0.5400001150000288,
    0.5400002392001149,
    0.5400001150000288,
    0.5400001150000288,
    0.5400001150000288,
    0.54,
    0.53,
    0.5300001222000904,
    0.5300001081000292,
    0.5300001081000292,
    0.5300001081000292,
    0.5300001081000292,
    0.5300001222000904,
    0.5300001081000292,
    0.5300001081000292,
    0.5300001081000292,
    0.5300000002715031,
    0.53,
    0.5300001222000904,
    0.5300001081000292,
    0.5300001081000292,
    0.5300001081000292,
    0.5300001081000292,
    0.5300001081000292,
    0.5300001081000292,
    0.5300001081000292,
    0.5300001081000292,
    0.5300001222000904,
    0.5300001222000904,
    0.5300001222000904,
    0.5300001222000904,
    0.5300001222000904,
    0.5300001222000904,
    0.5300001222000904,
    0.5300001222000904,
    0.5300001222000904,
    0.5300001222000904,
    0.5300001222000904,
    0.5300001222000904,
    0.5300001222000904,
    0.5300001222000904,
    0.5300001222000904,
    0.5300001222000904,
    0.54,
    0.5300001141429109,
    0.5399999346397397,
    0.5300000593355604,
    0.54,
    0.5300001222000904,
    0.5300001222000904,
    0.5300001222000904,
    0.5300001222000904,
    0.5300001222000904,
    0.530000043310591,
    0.5399999968328436,
    0.5399999373912663,
    0.54,
    0.539999990385754,
    0.5300000587500125,
    0.5300000156042513,
    0.5399999798984745,
    0.539999971199992,
    0.5399999950628567,
    0.5300001222000904,
    0.5399999654399953,
    0.5300002740533171,
    0.53,
    0.54,
    0.5399999804229555,
    0.530000011280002,
    0.54,
    0.5399999881199997,
    0.5300000277957022,
    0.54,
    0.53,
    0.5299999191813668,
    0.53,
    0.529999978828227,
    0.529999998622,
    0.5299999883399997,
    0.53,
    0.53,
    0.53,
    0.5300000511777836,
    0.5300000283213797,
    0.5399999902799992,
    0.5399999902799992,
    0.54,
    0.5399999902799992,
    0.5300001222000904,
    0.5300001175000686,
    0.5399998265692721,
    0.5399998840267927,
    0.5300001156923682,
    0.5399998265692721,
    0.5300001175000686,
    0.5399999902799992,
    0.53,
    0.5399999985545145,
    0.53,
    0.53,
    0.54,
    0.53,
    0.52,
    0.53,
    0.52,
    0.54,
    0.5499999791440938,
    0.5400002392001149,
    0.5499999941937186,
    0.5400002392001149,
    0.5499998844537087,
    0.5400000920000583,
    0.55,
    0.5400000032200002,
    0.5499999889999995,
    0.5499999931249997,
    0.5499999870588224,
    0.5499999587499927,
    0.5499999807499988,
    0.5438432823377283,
    0.5499999724999877,
    0.54,
    0.5499999807499988,
    0.55,
    0.5400000736000128,
    0.5400001150000288,
    0.5499999724999877,
    0.5499999587499927,
    0.53,
    0.55,
    0.5400000014618644,
    0.5499999980062832,
    0.5400001150000288,
    0.55,
    0.55,
    0.5499999998960774,
    0.54,
    0.54,
    0.54,
    0.54,
    0.54,
    0.54,
    0.54,
    0.5300001222000904,
    0.5300000809016917,
    0.5399998468084455,
    0.54,
    0.53,
    0.530000199009104,
    0.5399998903124366,
    0.53,
    0.53,
    0.54,
    0.53,
    0.5300000243226813,
    0.5300001208572269,
    0.5399999732231197,
    0.54,
    0.5399999915072075,
    0.5399999943299999,
    0.5300000070500003,
    0.5399999881199997,
    0.5300000065800001,
    0.5399999741538429,
    0.5300000393190705,
    0.54,
    0.5399999985599999,
    0.5300000315739003,
    0.5399999639999964,
    0.54,
    0.5300001175000686,
    0.54,
    0.5399999998514545,
    0.54,
    0.53,
    0.53,
    0.53,
    0.53,
    0.5299998780999061,
    0.53,
    0.5299999096860736,
    0.5299999920420414,
    0.53,
    0.53,
    0.5299999650199954,
    0.52000000432,
    0.5299998527777164,
    0.5200001329231424,
    0.5200001080000431,
    0.5299999728977133,
    0.5200000872727908,
    0.5299999782786716,
    0.5299998780999061,
    0.529999998622,
    0.5200000480000192,
    0.520000019200003,
    0.53,
    0.5699999224799486,
    0.51,
    0.5799994895994284,
    0.58,
    0.5799998259997042
]
