[
    0.999,
    0.999,
    0.999,
    0.999,
    0.999,
    0.999,
    0.999,
    0.999,
    0.999,
    0.999,
    0.999,
    0.999,
    0.999,
    0.999,
    0.999,
    0.999,
    0.999,
    0.99,
    0.99,
    0.99,
    0.99,
    0.99,
    0.99,
    0.99,
    0.99,
    0.99,
    0.99,
    0.99,
    0.99,
    0.99,
    0.9827468175388967,
    0.87,
    0.67,
    0.89,
    0.66,
    0.66,
    0.66,
    0.66,
    0.61,
    0.61,
    0.6100001521000927,
    0.58,
    0.59,
    0.58,
    0.59,
    0.58,
    0.59,
    0.6,
    0.59,
    0.6,
    0.59,
    0.6,
    0.5900000042069146,
    0.6,
    0.6386396227522532,
    0.61,
    0.6099999926799997,
    0.59,
    0.45,
    0.59,
    0.56,
    0.61,
    0.57,
    0.55,
    0.59,
    0.59,
    0.6,
    0.59,
    0.62,
    0.6499999968869729,
    0.59,
    0.82,
    0.84,
    0.8699680155644607,
    0.84,
    0.84,
    0.8699999994296667,
    0.84,
    0.8799999964799989,
    0.879999999648,
    0.8100000273600015,
    0.8799999992622092,
    0.8599999901526681,
    0.8100000430666713,
    0.8499999995749999,
    0.6200000258400035,
    0.44,
    0.6,
    0.67,
    0.6699999986599999,
    0.6699999949749997,
    0.6500001225000797,
    0.6831683134496617,
    0.6400000129600009,
    0.6400000230400031,
    0.7176890412852128,
    0.71,
    0.71,
    0.710000001885,
    0.73,
    0.73,
    0.74,
    0.74,
    0.73,
    0.73,
    0.74,
    0.7699999854427849,
    0.7784848484848484,
    0.74,
    0.81,
    0.83,
    0.8,
    0.8,
    0.77,
    0.75,
    0.75,
    0.8,
    0.81,
    0.760000032640002,
    0.69,
    0.73,
    0.75,
    0.78,
    0.78,
    0.8,
    0.79,
    0.78,
    0.8,
    0.770000004563492,
    0.78,
    0.88,
    0.89,
    0.8899999109995639,
    0.93,
    0.91,
    0.93,
    0.9299999888399957,
    0.93,
    0.92,
    0.9199999735250473,
    0.89,
    0.87,
    0.9,
    0.91,
    0.9,
    0.9099999886376247,
    0.88,
    0.8899999855284084,
    0.8899999109995639,
    0.8899999109995639,
    0.9,
    0.9,
    0.9,
    0.9,
    0.91,
    0.92,
    0.9,
    0.91,
    0.9299999974819478,
    0.94,
    0.94,
    0.95,
    0.9,
    0.95,
    0.94,
    0.88,
    0.8915516112373577,
    0.88,
    0.9,
    0.9,
    0.8899999989876776,
    0.83,
    0.82,
    0.78,
    0.73,
    0.73,
    0.68,
    0.7,
    0.63,
    0.62,
    0.6236656354012404,
    0.62,
    0.63,
    0.5800000725180252,
    0.58,
    0.6099998729166269,
    0.58,
    0.5910497237569061,
    0.57,
    0.58,
    0.57,
    0.5200000480000192,
    0.57,
    0.57,
    0.57,
    0.56,
    0.57,
    0.57,
    0.5100000003592136,
    0.52,
    0.51,
    0.51,
    0.51,
    0.53,
    0.52,
    0.52,
    0.51,
    0.5100000465500188,
    0.54,
    0.5100001715001115,
    0.5100001715001115,
    0.5100001715001115,
    0.5100001715001115,
    0.5100001715001115,
    0.5100001715001115,
    0.5100001715001115,
    0.53999997839999,
    0.53999997839999,
    0.53999997839999,
    0.53999997839999,
    0.53999997839999,
    0.53999997839999,
    0.53999997839999,
    0.53999997839999,
    0.51,
    0.48,
    0.46,
    0.45,
    0.45,
    0.47,
    0.45,
    0.45,
    0.45,
    0.45,
    0.44,
    0.44,
    0.44,
    0.5,
    0.5,
    0.5,
    0.5,
    0.52636,
    0.5300000064457144,
    0.56,
    0.5899998835525779,
    0.64,
    0.6533333333333333,
    0.5600000030104768,
    0.56,
    0.57,
    0.56,
    0.56,
    0.6,
    0.63,
    0.69,
    0.74,
    0.74,
    0.74,
    0.74,
    0.74,
    0.74,
    0.74,
    0.74,
    0.7233069412332208,
    0.71,
    0.7074666666666667,
    0.6500000157500009,
    0.61,
    0.61,
    0.61,
    0.61,
    0.63,
    0.61,
    0.61,
    0.59,
    0.59,
    0.6,
    0.57,
    0.58,
    0.5400001150000288,
    0.62,
    0.64,
    0.61,
    0.610000109200024,
    0.663334,
    0.6100000140400009,
    0.6100000004386232,
    0.6400000263736293,
    0.62,
    0.6100000442000098,
    0.62,
    0.61,
    0.6100000079772729,
    0.65,
    0.62,
    0.67,
    0.68,
    0.69,
    0.69,
    0.69,
    0.69,
    0.7099999981188493,
    0.73,
    0.6900000635500187,
    0.74,
    0.7,
    0.7,
    0.7,
    0.75,
    0.75,
    0.7450331122538485,
    0.73,
    0.75,
    0.7699999951142126,
    0.77,
    0.75,
    0.75,
    0.75,
    0.7747831268391673,
    0.82,
    0.8,
    0.82,
    0.82,
    0.81,
    0.8,
    0.79,
    0.78,
    0.78,
    0.77,
    0.77,
    0.75,
    0.76,
    0.75,
    0.779999939220626,
    0.7600001440000576,
    0.8500001125000282,
    0.84,
    0.85,
    0.85,
    0.8699999912999827,
    0.86,
    0.8699999912999827,
    0.8699999960810794,
    0.8699999912999827,
    0.87,
    0.87,
    0.87,
    0.869999999913,
    0.86,
    0.8600000051800001,
    0.87,
    0.86,
    0.84,
    0.84,
    0.84,
    0.84,
    0.84,
    0.84,
    0.84,
    0.84,
    0.83,
    0.84,
    0.83,
    0.83,
    0.83,
    0.83,
    0.820000005123077,
    0.8,
    0.8,
    0.82,
    0.8600000373333359,
    0.89,
    0.89,
    0.869999998259999,
    0.85,
    0.84,
    0.84,
    0.84,
    0.8300001139000376,
    0.83,
    0.82,
    0.82,
    0.8100001216000438,
    0.79,
    0.8,
    0.8,
    0.780000046933339,
    0.7889572,
    0.75,
    0.75,
    0.74,
    0.74,
    0.7400000353600023,
    0.75,
    0.73,
    0.73,
    0.73,
    0.7592857142857142,
    0.7,
    0.7,
    0.7,
    0.71,
    0.7100000153700007,
    0.74,
    0.74,
    0.74,
    0.7799999987088764,
    0.75,
    0.76,
    0.7476470588235294,
    0.72000000056,
    0.705,
    0.73,
    0.67,
    0.6700000675000168,
    0.6700000077550002,
    0.67,
    0.6700000077550002,
    0.66,
    0.68,
    0.68,
    0.67,
    0.68,
    0.7,
    0.7,
    0.700000180000072,
    0.7,
    0.7199999997094548,
    0.68,
    0.700000180000072,
    0.68,
    0.700000180000072,
    0.700000180000072,
    0.700000180000072,
    0.68,
    0.68,
    0.7,
    0.690001519007747,
    0.7199998559995968,
    0.7199998559995968,
    0.7199998559995968,
    0.7199998559995968,
    0.7199998559995968,
    0.7199998559995968,
    0.7199998559995968,
    0.7,
    0.7,
    0.7,
    0.7,
    0.7,
    0.7,
    0.7,
    0.7,
    0.69,
    0.68,
    0.7,
    0.67,
    0.68,
    0.6700000077550002,
    0.67,
    0.6500000105000002,
    0.59,
    0.59,
    0.6,
    0.5600000352000042,
    0.5799998259997042,
    0.53,
    0.51,
    0.52,
    0.52,
    0.52,
    0.5321303737225729,
    0.51000000516696,
    0.53,
    0.49000000367217283,
    0.5,
    0.5299999965218749,
    0.5,
    0.5,
    0.5,
    0.5,
    0.5,
    0.48,
    0.48999982849988855,
    0.36,
    0.36,
    0.37,
    0.36,
    0.37999994679998084,
    0.36,
    0.36,
    0.37999994679998084,
    0.36,
    0.37999994679998084,
    0.37999994679998084,
    0.37999994679998084,
    0.36,
    0.36,
    0.37999994679998084,
    0.3988122485522643,
    0.37999994679998084,
    0.37999994679998084,
    0.35,
    0.36,
    0.36,
    0.37,
    0.36,
    0.38,
    0.37,
    0.37,
    0.37,
    0.37,
    0.4,
    0.37,
    0.37,
    0.37,
    0.37,
    0.37,
    0.37,
    0.379,
    0.3700000042000007,
    0.37,
    0.37,
    0.37,
    0.38,
    0.37,
    0.37,
    0.37,
    0.37,
    0.37,
    0.37,
    0.37,
    0.36,
    0.37,
    0.38,
    0.39,
    0.38,
    0.34,
    0.3799999011999269,
    0.32,
    0.32000000096032605,
    0.3200001088000914,
    0.389999890799976,
    0.389999890799976,
    0.389999890799976,
    0.389999890799976,
    0.4,
    0.4,
    0.38095238095238093,
    0.35,
    0.3200001249045001,
    0.33,
    0.3300000804000707,
    0.3300000804000707,
    0.3300000804000707,
    0.3300000804000707,
    0.3300000804000707,
    0.3300000804000707,
    0.3300000018272729,
    0.3300000804000707,
    0.3300000804000707,
    0.3300000026800002,
    0.34,
    0.32531260589630634,
    0.32,
    0.31,
    0.3100000414000389,
    0.31000005750001436,
    0.32999978219992593,
    0.3,
    0.3,
    0.3,
    0.3,
    0.3,
    0.3,
    0.32,
    0.3299999756624988,
    0.33,
    0.37999996199999114,
    0.37999996199999114,
    0.37999996199999114,
    0.37999996199999114,
    0.37999996199999114,
    0.37999996199999114,
    0.37999996199999114,
    0.37999999466220724,
    0.37620149351992926,
    0.36999997705999915,
    0.35000006500003683,
    0.36,
    0.34,
    0.3300000804000707,
    0.35,
    0.34,
    0.3,
    0.34,
    0.3,
    0.3,
    0.3,
    0.29,
    0.28,
    0.28,
    0.29999992499998124,
    0.29,
    0.29999992499998124,
    0.299999819999928,
    0.29999992499998124,
    0.29999992499998124,
    0.29999992499998124,
    0.29999992499998124,
    0.29999992499998124,
    0.28,
    0.27000018980014046,
    0.27000018980014046,
    0.27,
    0.270000032120005,
    0.3,
    0.31440847894586077,
    0.3000000070000006,
    0.29,
    0.36,
    0.33,
    0.34,
    0.34,
    0.34,
    0.34000003960001346,
    0.34000000480268705,
    0.34000003960001346,
    0.34000007040003943,
    0.34,
    0.34,
    0.34,
    0.34,
    0.34,
    0.340000000790952,
    0.3400000000462,
    0.34,
    0.3400000002778864,
    0.35,
    0.35,
    0.35,
    0.35,
    0.35,
    0.35,
    0.35,
    0.35,
    0.35,
    0.33000000015703124,
    0.35,
    0.34,
    0.3300000804000707,
    0.35,
    0.35,
    0.35,
    0.35,
    0.35,
    0.35,
    0.35,
    0.35,
    0.35,
    0.35,
    0.35,
    0.35,
    0.35,
    0.35,
    0.33,
    0.33,
    0.33,
    0.33,
    0.34,
    0.34,
    0.33,
    0.33,
    0.33,
    0.33,
    0.33,
    0.33,
    0.33,
    0.33,
    0.33000000106096594,
    0.33,
    0.34,
    0.33,
    0.34,
    0.32,
    0.33,
    0.34,
    0.34,
    0.34,
    0.35,
    0.35,
    0.35,
    0.3400000046200002,
    0.35,
    0.35,
    0.34,
    0.34,
    0.34,
    0.34,
    0.34,
    0.32,
    0.32,
    0.32,
    0.32,
    0.33,
    0.33,
    0.33,
    0.33,
    0.33,
    0.33,
    0.33,
    0.33,
    0.33,
    0.33,
    0.33,
    0.33,
    0.32,
    0.32,
    0.31000001311000236,
    0.32,
    0.32,
    0.32,
    0.32,
    0.32,
    0.32,
    0.32,
    0.33,
    0.33,
    0.32,
    0.32,
    0.32,
    0.31,
    0.31000000046000004,
    0.32,
    0.32,
    0.32,
    0.32,
    0.32,
    0.33,
    0.32,
    0.31,
    0.3,
    0.3,
    0.3,
    0.3,
    0.3,
    0.3,
    0.29,
    0.29,
    0.2899999903770735,
    0.2800000123428587,
    0.28,
    0.2800000042366651,
    0.2899999640399973,
    0.2800000052363641,
    0.2899999640399973,
    0.28,
    0.28000000162711874,
    0.28,
    0.29,
    0.29,
    0.29,
    0.29,
    0.29,
    0.28999999605599996,
    0.28000000192000013,
    0.28,
    0.28,
    0.28,
    0.28,
    0.28,
    0.28,
    0.28,
    0.2899999640399973,
    0.2800001440004032,
    0.28,
    0.28,
    0.28,
    0.28,
    0.28,
    0.28,
    0.28,
    0.28,
    0.2800000001927587,
    0.28,
    0.28,
    0.28,
    0.28,
    0.28,
    0.28,
    0.28,
    0.28,
    0.28,
    0.28,
    0.28,
    0.28,
    0.28,
    0.28,
    0.2999999927999999,
    0.28,
    0.29,
    0.29,
    0.29,
    0.29,
    0.29,
    0.29,
    0.29,
    0.29,
    0.29,
    0.29,
    0.29,
    0.29,
    0.29,
    0.29,
    0.29,
    0.29,
    0.29,
    0.29,
    0.29,
    0.29,
    0.29,
    0.29,
    0.29,
    0.29,
    0.29,
    0.29,
    0.29,
    0.29,
    0.29,
    0.29,
    0.29,
    0.29,
    0.29,
    0.29,
    0.29,
    0.29,
    0.29,
    0.29,
    0.29,
    0.29,
    0.29,
    0.29,
    0.29,
    0.29,
    0.29,
    0.29,
    0.29,
    0.29,
    0.29,
    0.29,
    0.3,
    0.2999999904204362,
    0.29819783488491197,
    0.2899998549999453,
    0.2899999919897002,
    0.28000000126649083,
    0.2800000034560001,
    0.29015056846156956,
    0.28999994522221734,
    0.29,
    0.29,
    0.29,
    0.29,
    0.29,
    0.29,
    0.29,
    0.29,
    0.29,
    0.29,
    0.299999969999997,
    0.29000005680010904,
    0.2900000047972974,
    0.29000000095850004,
    0.29000005680010904,
    0.290000002681494,
    0.29,
    0.290000002681494,
    0.29,
    0.3,
    0.29000000258181824,
    0.2999999916356876,
    0.290000001988,
    0.29000000146301264,
    0.29000004449592215,
    0.2900000041102061,
    0.28000000269309905,
    0.3,
    0.28,
    0.29646640767987337,
    0.28000000389189217,
    0.28999999127930665,
    0.28,
    0.28000000053097346,
    0.28000000144000003,
    0.28000003456001216,
    0.28,
    0.2800000003456,
    0.29,
    0.2800000034190741,
    0.28,
    0.280000002618182,
    0.28999999599428433,
    0.28000000161949395,
    0.2800000000192,
    0.2800000034560001,
    0.28,
    0.2899999640399973,
    0.28,
    0.28,
    0.28,
    0.2899999595208306,
    0.28,
    0.28,
    0.28,
    0.2800000034560001,
    0.28,
    0.28,
    0.28,
    0.28,
    0.28,
    0.28,
    0.28,
    0.2800000847059222,
    0.29,
    0.29,
    0.29,
    0.29,
    0.29,
    0.28000003456001216,
    0.28,
    0.28,
    0.28,
    0.28,
    0.28,
    0.2800001440004032,
    0.28,
    0.2720497054255016,
    0.27,
    0.27,
    0.27,
    0.27,
    0.26,
    0.26,
    0.26,
    0.26,
    0.26,
    0.26,
    0.26,
    0.26,
    0.26,
    0.25,
    0.25,
    0.25,
    0.25,
    0.25,
    0.25,
    0.25,
    0.25,
    0.25,
    0.25,
    0.25,
    0.25,
    0.25,
    0.25,
    0.25,
    0.24000000456000042,
    0.24,
    0.24,
    0.24,
    0.25,
    0.25,
    0.24000000760000562,
    0.2400000405333582,
    0.24000000040533334,
    0.2400000405333582,
    0.25,
    0.24000009120017146,
    0.24000000427086282,
    0.24000009120017146,
    0.24000009120017146,
    0.24,
    0.24,
    0.24,
    0.239999999184,
    0.24,
    0.24,
    0.24,
    0.24,
    0.23,
    0.2399999855999994,
    0.22,
    0.22,
    0.22,
    0.22,
    0.22,
    0.22,
    0.22,
    0.22,
    0.22,
    0.22,
    0.22,
    0.22,
    0.22,
    0.22,
    0.22,
    0.23,
    0.22000012253153656,
    0.23,
    0.23,
    0.2399998559999424,
    0.23000001232000472,
    0.2300000046200006,
    0.23,
    0.22,
    0.2200000099272735,
    0.22,
    0.22,
    0.22,
    0.22,
    0.22,
    0.22,
    0.23,
    0.22000008606907473,
    0.22,
    0.22,
    0.2399999942399999,
    0.22,
    0.22,
    0.22,
    0.22,
    0.22,
    0.23,
    0.23,
    0.2200000121789403,
    0.23000000252459077,
    0.23,
    0.23,
    0.23,
    0.2200000005005455,
    0.23,
    0.23,
    0.23,
    0.23,
    0.23,
    0.23999991839998694,
    0.23,
    0.23,
    0.23,
    0.23,
    0.23,
    0.22000000059277444,
    0.22,
    0.22,
    0.22000001122104898,
    0.23,
    0.23,
    0.23,
    0.23,
    0.23,
    0.23,
    0.22,
    0.22,
    0.22,
    0.22,
    0.22000001628770458,
    0.22999999328399992,
    0.21000001343000516,
    0.21000007110010024,
    0.22,
    0.21,
    0.21000000216445813,
    0.2200000056160002,
    0.22,
    0.22,
    0.2200000056160002,
    0.22,
    0.22,
    0.22,
    0.22,
    0.22,
    0.22,
    0.22,
    0.22,
    0.22,
    0.22000002340000516,
    0.22,
    0.23,
    0.22,
    0.22,
    0.22,
    0.22,
    0.22,
    0.21000001343000516,
    0.21000007110010024,
    0.21000007110010024,
    0.21000000442400052,
    0.2,
    0.2,
    0.21000000790002363,
    0.21000001738001353,
    0.21000000316000045,
    0.21000007110010024,
    0.21000007110010024,
    0.21000007110010024,
    0.21000007110010024,
    0.21000007110010024,
    0.21000007110010024,
    0.21000007110010024,
    0.21000007110010024,
    0.21000000790002363,
    0.2299999897533807,
    0.21000000442400052,
    0.21000001343000516,
    0.21,
    0.21000000442400052,
    0.21000001738001353,
    0.21000001738001353,
    0.21,
    0.22,
    0.21000001738001353,
    0.21,
    0.21,
    0.21,
    0.21,
    0.21000001738001353,
    0.21000000442400052,
    0.21000001343000516,
    0.22,
    0.22,
    0.22000000092017305,
    0.22,
    0.2399999673599979,
    0.2399999673599979,
    0.2399999673599979,
    0.22000001872000705,
    0.2200000056160002,
    0.23,
    0.22000000638029385,
    0.23,
    0.23,
    0.23,
    0.23,
    0.23,
    0.23,
    0.23,
    0.23,
    0.2399999673599979,
    0.23000000308000024,
    0.23000000308000024,
    0.23999999183999987,
    0.2399999855999994,
    0.23000000308000024,
    0.23000001232000472,
    0.23,
    0.23,
    0.23,
    0.2300000535653068,
    0.23999999183999987,
    0.23000000010279,
    0.23,
    0.23,
    0.23,
    0.23,
    0.23000000017325,
    0.23,
    0.23,
    0.23,
    0.22000001300002145,
    0.2200000222857614,
    0.22,
    0.2200000367059022,
    0.22,
    0.22000000056727276,
    0.22,
    0.22,
    0.22,
    0.2299999979090909,
    0.22,
    0.22,
    0.22999998926666645,
    0.210000000129863,
    0.21000000112399725,
    0.21,
    0.21,
    0.22999998688999942,
    0.21,
    0.21000000333217372,
    0.23,
    0.2299999989777778,
    0.229999998597,
    0.22000000079396453,
    0.22,
    0.23414634146341465,
    0.22,
    0.22,
    0.22,
    0.22,
    0.22,
    0.22,
    0.22,
    0.22,
    0.22,
    0.22,
    0.22,
    0.22000000068024617,
    0.23,
    0.23000000015400002,
    0.23000001232000472,
    0.2399998559999424,
    0.23000001232000472,
    0.23,
    0.23,
    0.23000000269500018,
    0.23,
    0.230000017040115,
    0.23,
    0.23,
    0.23,
    0.23000012936028874,
    0.2399998559999424,
    0.23,
    0.23,
    0.23000000308000024,
    0.23,
    0.23000000308000024,
    0.23000000308000024,
    0.23000000070000007,
    0.23000000070000007,
    0.23,
    0.23000000070000007,
    0.23000000070000007,
    0.23000000308000024,
    0.23000000308000024,
    0.23,
    0.23000000308000024,
    0.2354141165429942,
    0.22999996032499692,
    0.22999999066060586,
    0.23,
    0.23,
    0.23,
    0.24,
    0.23000001232000472,
    0.23,
    0.2300000014089517,
    0.23,
    0.23999999673599998,
    0.23999988923073515,
    0.23,
    0.23,
    0.2399999489999949,
    0.23,
    0.23,
    0.2300000046200006,
    0.23,
    0.23,
    0.23,
    0.2300000192500316,
    0.2399998559999424,
    0.23000002256410604,
    0.23999997512195,
    0.23,
    0.23,
    0.23,
    0.23,
    0.23000000365750034,
    0.23,
    0.23,
    0.23,
    0.23,
    0.23,
    0.23,
    0.23,
    0.23,
    0.23,
    0.23,
    0.23000002524494653,
    0.23,
    0.23,
    0.23,
    0.23,
    0.23,
    0.23000000373456822,
    0.23,
    0.23,
    0.23,
    0.23,
    0.23,
    0.23,
    0.23,
    0.1942543,
    0.21,
    0.19,
    0.19,
    0.19,
    0.19,
    0.19,
    0.19,
    0.19,
    0.19,
    0.19,
    0.19,
    0.19,
    0.18000001640001606,
    0.19,
    0.19,
    0.19,
    0.19,
    0.19,
    0.18999998608743118,
    0.18000001640001606,
    0.18000001640001606,
    0.18999999180392138,
    0.18,
    0.18,
    0.18,
    0.18000000098400004,
    0.18000003037039736,
    0.18,
    0.17000000221333347,
    0.17,
    0.18,
    0.19,
    0.19,
    0.19,
    0.19,
    0.19,
    0.19,
    0.19,
    0.19,
    0.19,
    0.19,
    0.19,
    0.19,
    0.19,
    0.19,
    0.2,
    0.2,
    0.2,
    0.2,
    0.20999998613999954,
    0.22,
    0.22,
    0.22,
    0.22,
    0.2200000088246407,
    0.22000000891428867,
    0.32,
    0.32,
    0.2,
    0.14,
    0.1100000007416544,
    0.15,
    0.15,
    0.5099998316998873,
    0.3500000325000114,
    0.16
]
