[
    0.999,
    0.999,
    0.999,
    0.999,
    0.999,
    0.999,
    0.999,
    0.999,
    0.999,
    0.999,
    0.999,
    0.999,
    0.999,
    0.999,
    0.999,
    0.999,
    0.999,
    0.999,
    0.999,
    0.999,
    0.998817628131464,
    0.99,
    0.99,
    0.99,
    0.99,
    0.99,
    0.99,
    0.99,
    0.999,
    0.9985433516418227,
    0.98,
    0.99,
    0.9899999998284038,
    0.975,
    0.9749999881171874,
    0.975,
    0.974999998043282,
    0.99,
    0.98,
    0.98,
    0.9700000142500004,
    0.98,
    0.92,
    0.88,
    0.89,
    0.96,
    0.95,
    0.96,
    0.97,
    0.96,
    0.96,
    0.96,
    0.91,
    0.9,
    0.89,
    0.9,
    0.92,
    0.9,
    0.92,
    0.9883230732793364,
    0.9784788908167933,
    0.95,
    0.95,
    0.96,
    0.9699999980599977,
    0.96,
    0.95,
    0.95,
    0.96,
    0.92,
    0.94,
    0.9,
    0.9328245105966271,
    0.9,
    0.91,
    0.9299999999162162,
    0.9100000400500022,
    0.91,
    0.92,
    0.9100000810000081,
    0.9100000400500022,
    0.91,
    0.93,
    0.9300000637000058,
    0.93,
    0.9300000060900001,
    0.9,
    0.93,
    0.92,
    0.9,
    0.8800000237735858,
    0.88,
    0.82,
    0.76,
    0.76,
    0.76,
    0.73,
    0.67,
    0.67,
    0.49,
    0.55,
    0.5,
    0.5300001222000904,
    0.5599999919359998,
    0.52,
    0.53,
    0.53,
    0.52,
    0.52,
    0.5200000012861928,
    0.53,
    0.54,
    0.5399999995464,
    0.53,
    0.54,
    0.51,
    0.445,
    0.49,
    0.52,
    0.51,
    0.5,
    0.45,
    0.5,
    0.5,
    0.4600000216000099,
    0.5,
    0.5,
    0.46,
    0.46,
    0.51,
    0.5599999775999964,
    0.51,
    0.54,
    0.53,
    0.51,
    0.53,
    0.52,
    0.52,
    0.52,
    0.52,
    0.55,
    0.52,
    0.52,
    0.5,
    0.53,
    0.52,
    0.53,
    0.6,
    0.59,
    0.58,
    0.57,
    0.58,
    0.59,
    0.67,
    0.6,
    0.58,
    0.6,
    0.54,
    0.58,
    0.54,
    0.62,
    0.5300001081000292,
    0.59,
    0.5300000186422585,
    0.6,
    0.52,
    0.45944866104988835,
    0.44,
    0.44,
    0.5,
    0.5,
    0.5,
    0.51,
    0.51,
    0.5,
    0.5,
    0.53,
    0.57,
    0.59,
    0.59,
    0.59,
    0.59,
    0.59,
    0.6247640780850489,
    0.61,
    0.61,
    0.59,
    0.59,
    0.59,
    0.62,
    0.6,
    0.6,
    0.59,
    0.64,
    0.62,
    0.62,
    0.6599999691999963,
    0.64,
    0.64,
    0.6599999953799998,
    0.65,
    0.6500000025301205,
    0.7061163592111281,
    0.7,
    0.7,
    0.72,
    0.7200000485333411,
    0.7200000084000001,
    0.73,
    0.7300000344250042,
    0.75,
    0.76,
    0.76,
    0.8,
    0.82,
    0.84,
    0.84,
    0.84,
    0.84,
    0.84,
    0.84,
    0.86,
    0.88,
    0.88,
    0.88,
    0.89,
    0.89,
    0.9,
    0.91,
    0.9,
    0.909999997452,
    0.8900000184800005,
    0.9075,
    0.91,
    0.91,
    0.9,
    0.9,
    0.9,
    0.9,
    0.9,
    0.9,
    0.9099999950136982,
    0.8883333333333333,
    0.8599999991399997,
    0.8300000861333471,
    0.8747064540130737,
    0.85,
    0.85,
    0.85,
    0.84,
    0.85,
    0.8500000521739176,
    0.86,
    0.8899999946599995,
    0.9,
    0.8799999647998255,
    0.8600000574000052,
    0.86,
    0.86,
    0.85,
    0.85,
    0.85,
    0.91,
    0.9,
    0.9,
    0.9,
    0.9,
    0.9,
    0.9,
    0.9,
    0.91,
    0.9199999975466651,
    0.9,
    0.9,
    0.9,
    0.9,
    0.9299999813999167,
    0.9,
    0.9,
    0.9,
    0.9,
    0.9206462440719372,
    0.9,
    0.9,
    0.9199999975466651,
    0.919999998773333,
    0.9199999815999912,
    0.9,
    0.92,
    0.9199999815999912,
    0.92,
    0.9,
    0.9,
    0.89,
    0.91,
    0.9,
    0.9499999944583332,
    0.92,
    0.9491084635843626,
    0.94,
    0.93,
    0.92,
    0.91,
    0.91,
    0.91,
    0.91,
    0.95,
    0.95,
    0.94,
    0.9,
    0.89,
    0.9,
    0.85,
    0.84,
    0.84,
    0.84,
    0.84,
    0.84,
    0.84,
    0.8572084532840669,
    0.84,
    0.84,
    0.84,
    0.85,
    0.84,
    0.84,
    0.8499999829999799,
    0.84,
    0.84,
    0.8499999977536997,
    0.84,
    0.84,
    0.84,
    0.84,
    0.84,
    0.84,
    0.84,
    0.84,
    0.84,
    0.86,
    0.84,
    0.84,
    0.82,
    0.83,
    0.83,
    0.82,
    0.8200000024489796,
    0.82,
    0.83,
    0.83,
    0.8,
    0.78,
    0.75,
    0.76,
    0.7599999944322342,
    0.7599999929499069,
    0.7599999958770342,
    0.76,
    0.760000001275,
    0.7299999974449999,
    0.72,
    0.71,
    0.7100000108796326,
    0.71,
    0.7100000725000182,
    0.7326732660209783,
    0.7100000002402858,
    0.7100000725000182,
    0.7100000522000081,
    0.71,
    0.71,
    0.76,
    0.75,
    0.77,
    0.8,
    0.76,
    0.770000001403,
    0.76000000144,
    0.75,
    0.8699999995360247,
    0.87,
    0.8699999987205879,
    0.8499999997875,
    0.849,
    0.839,
    0.81,
    0.78000008360001,
    0.780000070203443,
    0.78,
    0.780000046933339,
    0.780000046933339,
    0.780000046933339,
    0.780000046933339,
    0.780000046933339,
    0.780000046933339,
    0.780000046933339,
    0.78000008360001,
    0.8299999880575197,
    0.82,
    0.84,
    0.84,
    0.86,
    0.86,
    0.86,
    0.82,
    0.8488629737609329,
    0.8299999994323621,
    0.83,
    0.83,
    0.8634090899859891,
    0.86,
    0.8700000107274705,
    0.88,
    0.8500000160714292,
    0.84,
    0.85,
    0.84,
    0.8500001125000282,
    0.85,
    0.84,
    0.8200000335885185,
    0.83,
    0.83,
    0.8,
    0.8,
    0.79,
    0.78,
    0.77,
    0.74,
    0.75,
    0.72,
    0.72,
    0.72,
    0.72,
    0.71,
    0.7100000029,
    0.7100000725000182,
    0.7199999977558441,
    0.71,
    0.7100000044880953,
    0.71,
    0.71,
    0.71,
    0.7,
    0.7,
    0.7,
    0.7099999799434807,
    0.71,
    0.71,
    0.71,
    0.7100000153700007,
    0.7100000359600027,
    0.7100000420500044,
    0.7100000359600027,
    0.71,
    0.7100000497138328,
    0.7100000359600027,
    0.7100000359600027,
    0.7100000359600027,
    0.7100000359600027,
    0.7100000089101451,
    0.7100000798165285,
    0.7199999885167462,
    0.719999972222708,
    0.719999987886435,
    0.7199999908589563,
    0.71,
    0.7199999902682152,
    0.72,
    0.710000007639463,
    0.7100000086309526,
    0.7100000035418899,
    0.7199999874591767,
    0.7115244069469568,
    0.7099999583519345,
    0.7199998875487758,
    0.7199999871870574,
    0.7199999884753899,
    0.7,
    0.7000000320375942,
    0.7,
    0.7,
    0.7199999983722682,
    0.7155087472930943,
    0.7099999967221998,
    0.7000000074410915,
    0.7099999895645064,
    0.709999996057902,
    0.7000000446561543,
    0.7,
    0.7,
    0.7,
    0.71,
    0.7199999961565835,
    0.7100000047773488,
    0.71,
    0.7199999971686982,
    0.7100000086309526,
    0.7199999983002163,
    0.71999999932726,
    0.72,
    0.7138048242056847,
    0.72,
    0.71,
    0.72,
    0.72,
    0.7199999996411215,
    0.71,
    0.71,
    0.71,
    0.71,
    0.71,
    0.71,
    0.71,
    0.71,
    0.71,
    0.71,
    0.71,
    0.71,
    0.7299999623887519,
    0.7299999855430785,
    0.7233515135360886,
    0.72,
    0.7100000076639926,
    0.7100000107108018,
    0.7199999972794255,
    0.7199999872330991,
    0.7199994763631516,
    0.7100000037820214,
    0.7100000066507407,
    0.719999989863616,
    0.7199999902739209,
    0.7100000078753995,
    0.71,
    0.7199999861759997,
    0.71,
    0.71,
    0.71,
    0.71,
    0.71,
    0.71,
    0.7199999624266116,
    0.71,
    0.71,
    0.71,
    0.71,
    0.71,
    0.7100001902183127,
    0.7199999984659091,
    0.71,
    0.7100001613913549,
    0.71,
    0.71,
    0.71,
    0.71,
    0.71,
    0.71,
    0.71,
    0.71,
    0.7100000039682189,
    0.7100001010322881,
    0.71,
    0.7199999957574268,
    0.7199999980799999,
    0.7199998559995968,
    0.71,
    0.7100000359600027,
    0.71,
    0.7100000359600027,
    0.71,
    0.71,
    0.7100000048977053,
    0.71,
    0.71,
    0.71,
    0.7199999674207939,
    0.7199999654399878,
    0.7100001334000721,
    0.7199999152940778,
    0.71,
    0.71,
    0.72,
    0.7199999998880249,
    0.72,
    0.720000156800069,
    0.7200000485333411,
    0.7299999426428206,
    0.7200000145600007,
    0.7299999895714238,
    0.7200000076993586,
    0.7299994824622811,
    0.729999984905084,
    0.729999967879995,
    0.71,
    0.71,
    0.71,
    0.7299999323772233,
    0.7100000153700007,
    0.7299999991400523,
    0.7100001334000721,
    0.7299999898075469,
    0.72,
    0.7200000099235484,
    0.7299999920965377,
    0.73,
    0.7200000268800028,
    0.7299999930425218,
    0.7200000268800028,
    0.7299999924132811,
    0.7299999995376667,
    0.7299999998661667,
    0.7299999995376667,
    0.7100000725000182,
    0.7299999984419231,
    0.7100001334000721,
    0.7299998101998596,
    0.7100001334000721,
    0.7299998101998596,
    0.7199998559995968,
    0.7100000153700007,
    0.7199995391993733,
    0.7100000035827704,
    0.72,
    0.7199995391993733,
    0.7199995391993733,
    0.7199995391993733,
    0.72,
    0.7199995391993733,
    0.7199995391993733,
    0.7199995391993733,
    0.7199998559995968,
    0.7199999948045698,
    0.7199998559995968,
    0.7199995391993733,
    0.72,
    0.72,
    0.7199995391993733,
    0.7199995391993733,
    0.7199995391993733,
    0.7199995391993733,
    0.7199995391993733,
    0.7199995391993733,
    0.7199995391993733,
    0.7199995391993733,
    0.7199995391993733,
    0.7199995391993733,
    0.7199999994103194,
    0.7199997407998341,
    0.7199995391993733,
    0.7199995391993733,
    0.7199999841599996,
    0.7199995391993733,
    0.7199995391993733,
    0.7199995391993733,
    0.7199995391993733,
    0.7199995391993733,
    0.7099999431998909,
    0.7099999431998909,
    0.7099999431998909,
    0.7099999431998909,
    0.7099999431998909,
    0.7099999431998909,
    0.7099999431998909,
    0.7099999431998909,
    0.71,
    0.7099999968514409,
    0.7000000180000007,
    0.7199995391993733,
    0.7199995391993733,
    0.7199995391993733,
    0.7199995391993733,
    0.7199995391993733,
    0.7199995391993733,
    0.7199999876571413,
    0.7199999927710842,
    0.7199995391993733,
    0.7199995391993733,
    0.7199995391993733,
    0.7199995391993733,
    0.7199995391993733,
    0.7199995391993733,
    0.7199997407998341,
    0.7199997407998341,
    0.7199997407998341,
    0.7199997407998341,
    0.7199997407998341,
    0.7199997407998341,
    0.7199997407998341,
    0.7199997407998341,
    0.7199995391993733,
    0.7199999980579905,
    0.7199995391993733,
    0.7199995391993733,
    0.7199995391993733,
    0.7199995391993733,
    0.7199995391993733,
    0.7199999819999982,
    0.7199995391993733,
    0.7199995391993733,
    0.7199995391993733,
    0.710000005652628,
    0.7199997407998341,
    0.7199997407998341,
    0.7199997407998341,
    0.7199995391993733,
    0.7199997407998341,
    0.7199997407998341,
    0.7199997407998341,
    0.7199997407998341,
    0.7199995391993733,
    0.7199995391993733,
    0.7199995391993733,
    0.7199997407998341,
    0.7199995391993733,
    0.7199995391993733,
    0.7100002134723615,
    0.7199995391993733,
    0.7,
    0.7199995391993733,
    0.7199997407998341,
    0.7199997407998341,
    0.7199997407998341,
    0.7199997407998341,
    0.7199997407998341,
    0.7199997407998341,
    0.7199997407998341,
    0.7199995391993733,
    0.7199997407998341,
    0.7,
    0.71,
    0.7000000018875978,
    0.7,
    0.7,
    0.7100001334000721,
    0.7199995391993733,
    0.7199995391993733,
    0.7199995391993733,
    0.7199995391993733,
    0.7199995391993733,
    0.7199995391993733,
    0.7199995391993733,
    0.7199995391993733,
    0.71999999952,
    0.7199999861759997,
    0.7199998559995968,
    0.7100001334000721,
    0.7100000136920677,
    0.7199999992473539,
    0.7199998559995968,
    0.7199998559995968,
    0.7199998559995968,
    0.7199998559995968,
    0.7199998559995968,
    0.7199998559995968,
    0.7199998559995968,
    0.7199998559995968,
    0.7199998559995968,
    0.7199999971199998,
    0.72,
    0.72,
    0.72,
    0.72,
    0.72,
    0.72,
    0.72,
    0.7199998559995968,
    0.7199998559995968,
    0.7199998559995968,
    0.7199998559995968,
    0.7199998559995968,
    0.7199998559995968,
    0.7199998559995968,
    0.7199998559995968,
    0.7199998559995968,
    0.7199998559995968,
    0.7199998559995968,
    0.7199998559995968,
    0.7199999988203167,
    0.7199998559995968,
    0.7199998559995968,
    0.7199998559995968,
    0.7199998559995968,
    0.7199998559995968,
    0.7199998559995968,
    0.7199998559995968,
    0.7199998559995968,
    0.72,
    0.72,
    0.72,
    0.7199999485713772,
    0.7199999485713772,
    0.7199998559995968,
    0.7199998559995968,
    0.7199998559995968,
    0.7199998559995968,
    0.7100000216478888,
    0.7199998559995968,
    0.7199998559995968,
    0.72,
    0.7199998559995968,
    0.7199999988203167,
    0.7199998559995968,
    0.7199999939240495,
    0.7199999404958481,
    0.72,
    0.7199999357142628,
    0.7199999879999952,
    0.7199999807999877,
    0.7199998559995968,
    0.7199999988,
    0.7199999807999877,
    0.72,
    0.7199998559995968,
    0.7199998559995968,
    0.7199998559995968,
    0.7199998559995968,
    0.71,
    0.7199998559995968,
    0.7199998559995968,
    0.7199999981999999,
    0.7199999519999232,
    0.7199999995270936,
    0.7199998559995968,
    0.7199998559995968,
    0.7199998559995968,
    0.7199998559995968,
    0.72,
    0.72,
    0.72,
    0.72,
    0.72,
    0.72,
    0.72,
    0.7199998559995968,
    0.7199999113844899,
    0.7199998559995968,
    0.71,
    0.7100000107464268,
    0.71,
    0.7199998559995968,
    0.7100000153700007,
    0.7199998559995968,
    0.7100000087000002,
    0.7100001334000721,
    0.72,
    0.7199998559995968,
    0.7100000047926935,
    0.7199998559995968,
    0.7199999980799999,
    0.72,
    0.72,
    0.72,
    0.72,
    0.72,
    0.72,
    0.72,
    0.72,
    0.7199998559995968,
    0.71,
    0.710000000406,
    0.7100000153700007,
    0.7199998559995968,
    0.7100000153700007,
    0.7199998559995968,
    0.710000008506667,
    0.7199999980799999,
    0.7100000080034499,
    0.71,
    0.7100000237852075,
    0.71,
    0.72,
    0.72,
    0.72,
    0.72,
    0.72,
    0.7100000725000182,
    0.72,
    0.72,
    0.72,
    0.7199999976474432,
    0.7100001334000721,
    0.71,
    0.7100000175703406,
    0.7199999979594728,
    0.71,
    0.7199999965439999,
    0.72,
    0.7199999807999877,
    0.710000005803935,
    0.7100001334000721,
    0.72,
    0.72,
    0.7100001334000721,
    0.72,
    0.7199999964546573,
    0.7199998559995968,
    0.7100000006214285,
    0.7100000147416672,
    0.7100000153700007,
    0.7199999983786066,
    0.7100000023788218,
    0.7199999519999232,
    0.71,
    0.7199999983744885,
    0.72,
    0.7199999981462409,
    0.7100000522000081,
    0.7199999943529402,
    0.71,
    0.7,
    0.7199999988689619,
    0.71,
    0.7,
    0.7,
    0.7,
    0.7,
    0.7,
    0.7,
    0.7,
    0.7,
    0.7,
    0.7,
    0.700000138461581,
    0.7,
    0.7,
    0.7,
    0.71,
    0.71,
    0.7100000079770776,
    0.719999999808,
    0.710000027203542,
    0.71,
    0.7100000153700007,
    0.7199999654399878,
    0.7100000359600027,
    0.72,
    0.710000001793734,
    0.71,
    0.71,
    0.71,
    0.71,
    0.71,
    0.71,
    0.71,
    0.7000000180000007,
    0.7,
    0.7,
    0.7,
    0.71,
    0.71,
    0.71,
    0.7000000415704426,
    0.7,
    0.71,
    0.7099999648900923,
    0.7099999868142831,
    0.7000000180000007,
    0.700000030000003,
    0.7099999431998909,
    0.7,
    0.700000030000003,
    0.71,
    0.71,
    0.71,
    0.7099998402496366,
    0.709999998012,
    0.690000037820003,
    0.690000037820003,
    0.7,
    0.7,
    0.7,
    0.7,
    0.6900000164300008,
    0.6999999719999955,
    0.7,
    0.6900000164300008,
    0.6999999775999989,
    0.6900000105400002,
    0.6900000105400002,
    0.6900000105400002,
    0.7,
    0.6900000105400002,
    0.6900000105400002,
    0.6900000105400002,
    0.6900000599333417,
    0.6900000105400002,
    0.6900000105400002,
    0.6999999929999994,
    0.69,
    0.6900000200616351,
    0.69,
    0.6900000164300008,
    0.6900000105400002,
    0.6900001705000767,
    0.7,
    0.7,
    0.7,
    0.6999999688888868,
    0.7,
    0.6999999684999982,
    0.6999997549998408,
    0.6999998949999807,
    0.69,
    0.69,
    0.69,
    0.6999997549998408,
    0.6900000164300008,
    0.6999999929999994,
    0.7,
    0.7,
    0.6900001705000767,
    0.7,
    0.6999999684999982,
    0.6999999922098568,
    0.6999999719999955,
    0.7,
    0.7,
    0.7,
    0.7,
    0.7,
    0.6900001705000767,
    0.6900000082273023,
    0.69,
    0.6999999719999955,
    0.6999999766666597,
    0.7,
    0.7,
    0.7,
    0.6999999929999994,
    0.7,
    0.7,
    0.7,
    0.7,
    0.7,
    0.7000000100061151,
    0.7099999669067532,
    0.709999998012,
    0.7099998841842518,
    0.7099999869355964,
    0.71,
    0.712761761615448,
    0.70999999929,
    0.7,
    0.6999998709016102,
    0.7,
    0.7008353167142185,
    0.69,
    0.68,
    0.68,
    0.68,
    0.6899999585999611,
    0.68,
    0.68,
    0.6899999585999611,
    0.68,
    0.68,
    0.7,
    0.69,
    0.69,
    0.69,
    0.69,
    0.68,
    0.6799999392856655,
    0.6700000402711952,
    0.6700000217531573,
    0.66,
    0.64,
    0.64,
    0.62,
    0.6199999883628758,
    0.6,
    0.6,
    0.62,
    0.6099999829029017,
    0.6099999890460147,
    0.58,
    0.59,
    0.56,
    0.6731707301967876,
    0.6799998911999086
]
