[
    0.999,
    0.999,
    0.99,
    0.99,
    0.99,
    0.99,
    0.9899999599049976,
    0.92,
    0.92,
    0.95,
    0.93,
    0.95,
    0.95,
    0.92,
    0.81,
    0.8,
    0.84,
    0.8,
    0.8699999912999827,
    0.7899999757357116,
    0.7899995338993427,
    0.61,
    0.9399999937333209,
    0.85,
    0.75,
    0.75,
    0.4451378809869376,
    0.299999819999928,
    0.2399998559999424,
    0.2399998559999424,
    0.2399999673599979,
    0.23147207279548546,
    0.20999985872723934,
    0.2,
    0.2,
    0.19,
    0.19,
    0.19,
    0.19,
    0.19,
    0.21,
    0.2,
    0.2,
    0.2,
    0.2,
    0.2,
    0.2,
    0.2,
    0.19,
    0.2,
    0.2,
    0.2,
    0.18000001253275638,
    0.19,
    0.1800000065600016,
    0.19,
    0.18,
    0.2,
    0.2,
    0.19000002592001472,
    0.2,
    0.2,
    0.2,
    0.25
]
