[
    0.999,
    0.999,
    0.999,
    0.999,
    0.999,
    0.999,
    0.999,
    0.999,
    0.999,
    0.999,
    0.999,
    0.999,
    0.999,
    0.999,
    0.999,
    0.999,
    0.999,
    0.999,
    0.999,
    0.999,
    0.999,
    0.999,
    0.999,
    0.999,
    0.999,
    0.999,
    0.999,
    0.999,
    0.999,
    0.999,
    0.999,
    0.999,
    0.999,
    0.999,
    0.999,
    0.999,
    0.998,
    0.998,
    0.998,
    0.997,
    0.996522888944307,
    0.9945764644977363,
    0.99,
    0.99,
    0.9840469657686108,
    0.9769999884533636,
    0.9779999997429358,
    0.972415828238579,
    0.96899999996736,
    0.9689999999488137,
    0.95,
    0.9689999990499977,
    0.95,
    0.95,
    0.9596666666666667,
    0.9399999996866667,
    0.89,
    0.9,
    0.9,
    0.89,
    0.94,
    0.94,
    0.95,
    0.96,
    0.94,
    0.95,
    0.97,
    0.97,
    0.98,
    0.97,
    0.97,
    0.9664985130520982,
    0.96,
    0.96,
    0.96,
    0.95,
    0.95,
    0.9100000510000051,
    0.94,
    0.9400000046621622,
    0.94,
    0.94,
    0.93,
    0.93,
    0.939999999292701,
    0.9399999995165852,
    0.9399245475520381,
    0.9288822252283492,
    0.9199999763669716,
    0.87,
    0.88,
    0.92,
    0.89,
    0.93,
    0.92,
    0.9,
    0.9,
    0.89,
    0.9,
    0.8994545454545455,
    0.84,
    0.84,
    0.8300000578000093,
    0.84,
    0.8300001139000376,
    0.8300000111927485,
    0.84,
    0.84,
    0.84,
    0.84,
    0.84,
    0.84,
    0.84,
    0.84,
    0.85,
    0.83,
    0.8299999981798245,
    0.83,
    0.83,
    0.8299999964024763,
    0.83,
    0.81,
    0.8,
    0.79,
    0.78,
    0.77,
    0.7799999995319999,
    0.7798067432074394,
    0.6778539084534375,
    0.62,
    0.57,
    0.55,
    0.55,
    0.55,
    0.53,
    0.53,
    0.53,
    0.5300000075200004,
    0.64,
    0.6400000081462143,
    0.59,
    0.64,
    0.73,
    0.73,
    0.72,
    0.7199999820793358,
    0.7,
    0.69,
    0.69,
    0.69,
    0.68,
    0.65,
    0.67,
    0.63,
    0.69999999965,
    0.7087387387387387,
    0.71,
    0.7099999989339338,
    0.7099999962631575,
    0.7099999931345684,
    0.7099999926370368,
    0.729999967879995,
    0.700000180000072,
    0.75,
    0.71,
    0.71,
    0.7,
    0.700000030000003,
    0.71,
    0.71,
    0.71,
    0.71,
    0.71,
    0.71,
    0.71,
    0.7099999431998909,
    0.71,
    0.71,
    0.7000000022994379,
    0.69,
    0.679999998096,
    0.6699999712857019,
    0.6699999996790675,
    0.65,
    0.64,
    0.63,
    0.6,
    0.6,
    0.6,
    0.6,
    0.64,
    0.64,
    0.66,
    0.68,
    0.6599999912437805,
    0.6599999964420484,
    0.6599999930917869,
    0.6599999924509802,
    0.5800000100800008,
    0.64,
    0.64,
    0.6400000792000222,
    0.64,
    0.63,
    0.63,
    0.63,
    0.66,
    0.6233333333333333,
    0.66,
    0.58,
    0.54,
    0.55,
    0.55,
    0.53,
    0.53,
    0.53,
    0.53,
    0.53,
    0.53,
    0.53,
    0.53,
    0.53,
    0.53,
    0.54,
    0.53,
    0.54,
    0.54,
    0.56,
    0.57,
    0.57,
    0.56,
    0.56,
    0.57,
    0.57,
    0.57,
    0.57,
    0.57,
    0.57,
    0.57,
    0.57,
    0.57,
    0.5599486457894682,
    0.54,
    0.529410446881264,
    0.5075,
    0.49,
    0.49,
    0.48,
    0.51,
    0.5066666666666667,
    0.49,
    0.4525,
    0.47,
    0.44,
    0.36,
    0.4,
    0.36,
    0.36,
    0.4,
    0.4,
    0.4,
    0.4,
    0.4,
    0.4,
    0.38,
    0.38,
    0.38,
    0.38000000324307703,
    0.39,
    0.39,
    0.39,
    0.3899999994345,
    0.3800000055536205,
    0.38,
    0.38,
    0.38,
    0.38,
    0.4,
    0.4,
    0.39,
    0.4199999831999973,
    0.4199999831999973,
    0.4199999831999973,
    0.4,
    0.4199999831999973,
    0.4,
    0.3900000073200003,
    0.41,
    0.41000001062000035,
    0.39,
    0.39000014030010804,
    0.40999996596837557,
    0.39,
    0.39,
    0.4,
    0.36,
    0.42,
    0.4299999931199994,
    0.39,
    0.3800000021196582,
    0.3800000048437502,
    0.36,
    0.36,
    0.33000003518908855,
    0.34,
    0.32,
    0.33,
    0.36,
    0.36,
    0.36,
    0.36,
    0.36,
    0.33000003518908855,
    0.4,
    0.38989146222283466,
    0.3700000421875066,
    0.37999996447154083,
    0.39,
    0.39,
    0.39,
    0.41,
    0.41,
    0.41,
    0.41,
    0.41,
    0.41,
    0.41,
    0.43,
    0.4300000163524619,
    0.43,
    0.43,
    0.4200000629152901,
    0.41,
    0.395,
    0.4,
    0.41,
    0.41,
    0.37,
    0.36,
    0.3300000057958482,
    0.33,
    0.3300000375200129,
    0.32,
    0.31,
    0.29,
    0.3,
    0.29,
    0.31,
    0.3300000249689483,
    0.33,
    0.32,
    0.33,
    0.33,
    0.33,
    0.33,
    0.33,
    0.35,
    0.34,
    0.35,
    0.38,
    0.3499999956981317,
    0.34,
    0.34,
    0.34,
    0.34,
    0.34,
    0.34,
    0.35,
    0.34,
    0.35000000364758704,
    0.3399999708571394,
    0.35,
    0.36999991119997694,
    0.35,
    0.35,
    0.37,
    0.37,
    0.38,
    0.37,
    0.39,
    0.37,
    0.3899999601874958,
    0.3899999601874958,
    0.39,
    0.4,
    0.41,
    0.42,
    0.44,
    0.43,
    0.44,
    0.45,
    0.48,
    0.49,
    0.4700001219000939,
    0.45000000687500025,
    0.45,
    0.45,
    0.45,
    0.43,
    0.45,
    0.43,
    0.4200000073006997,
    0.44,
    0.45,
    0.45,
    0.46999995655458937,
    0.45,
    0.45,
    0.45,
    0.46,
    0.45,
    0.46,
    0.46,
    0.47,
    0.47,
    0.48,
    0.47999999046883585,
    0.47999999481081057,
    0.48,
    0.48,
    0.48,
    0.48,
    0.5299999887374995,
    0.52,
    0.49687237070515927,
    0.48,
    0.46000001090909287,
    0.4499999212499744,
    0.45,
    0.46,
    0.45,
    0.47999999567999996,
    0.4799999519999808,
    0.45,
    0.42,
    0.4,
    0.43,
    0.3900000244000039,
    0.42999999763499996,
    0.44,
    0.43,
    0.4,
    0.39,
    0.3899999961974999,
    0.4199998235998977,
    0.37,
    0.37,
    0.4199998235998977,
    0.37,
    0.36,
    0.36,
    0.38,
    0.36,
    0.36,
    0.3599999920799998,
    0.3400000032136338,
    0.36,
    0.37,
    0.37,
    0.3699999887149998,
    0.37,
    0.38,
    0.39,
    0.4299999998305419,
    0.41,
    0.40000000600000024,
    0.4,
    0.4,
    0.4,
    0.42999999612999984,
    0.42,
    0.4200000459166726,
    0.4,
    0.4199999943999999,
    0.42,
    0.42,
    0.42,
    0.44,
    0.44,
    0.46,
    0.46,
    0.4600000056700001,
    0.45000000687500025,
    0.44,
    0.45,
    0.44,
    0.44,
    0.44,
    0.44,
    0.44,
    0.46,
    0.45,
    0.4500000482456204,
    0.47,
    0.48,
    0.47000000030285716,
    0.48,
    0.5199999833599972,
    0.5413479882883647,
    0.51,
    0.51,
    0.51,
    0.49,
    0.49,
    0.49,
    0.51,
    0.5099999926137927,
    0.5,
    0.52,
    0.51,
    0.51,
    0.5100001715001115,
    0.51000000275625,
    0.5299999999841,
    0.5200001728001106,
    0.53,
    0.5200000480000192,
    0.5299999949523808,
    0.5200000027888961,
    0.5299999896409083,
    0.52,
    0.5200001728001106,
    0.529999998622,
    0.5299999650199954,
    0.52,
    0.52,
    0.52,
    0.52,
    0.51,
    0.52,
    0.52,
    0.52,
    0.51,
    0.51,
    0.51,
    0.51,
    0.5,
    0.51,
    0.51,
    0.5399999675999938,
    0.54,
    0.539999998488,
    0.52,
    0.5399999825538454,
    0.53,
    0.53,
    0.53,
    0.54,
    0.54,
    0.54,
    0.5400000050493964,
    0.55,
    0.54,
    0.53999997839999,
    0.53,
    0.5399999936470585,
    0.5300001081000292,
    0.54,
    0.5399998969090637,
    0.539999971199992,
    0.539999998488,
    0.53,
    0.53,
    0.55,
    0.5499999559999947,
    0.54,
    0.5300000315739003,
    0.54,
    0.5399998792940737,
    0.52,
    0.52,
    0.52,
    0.52,
    0.52,
    0.52,
    0.52,
    0.5299999700434669,
    0.52,
    0.51,
    0.51,
    0.51,
    0.519999989599995,
    0.52,
    0.5199999694117575,
    0.5199998953458672,
    0.519999998336,
    0.5199999937599997,
    0.5199999812799988,
    0.51,
    0.52,
    0.52,
    0.52,
    0.52,
    0.52,
    0.52,
    0.51,
    0.51,
    0.51,
    0.51,
    0.49000000153,
    0.5,
    0.5,
    0.5,
    0.5,
    0.48000000009904764,
    0.49,
    0.49,
    0.48999999673333283,
    0.49,
    0.4700000183663451,
    0.47000000696713673,
    0.48999982849988855,
    0.47000005232485226,
    0.4899999980944444,
    0.49,
    0.4800000375903814,
    0.49,
    0.49,
    0.48,
    0.4899999837463404,
    0.480000001722924,
    0.48999998039999687,
    0.48999995344998115,
    0.47000002257721124,
    0.49,
    0.48999999941457584,
    0.4899999915719998,
    0.47000000521274327,
    0.47,
    0.48999999656999993,
    0.489999999069,
    0.48,
    0.48,
    0.47,
    0.4699999928544833,
    0.46999998871999804,
    0.46,
    0.46,
    0.46,
    0.46,
    0.4699999702333253,
    0.46000000039272726,
    0.4699999985118733,
    0.4600000007714286,
    0.46000000043347383,
    0.46999998427912215,
    0.45000000058735584,
    0.46,
    0.45,
    0.46,
    0.46,
    0.45,
    0.4599999473127582,
    0.45,
    0.45,
    0.45,
    0.44999999459999984,
    0.44,
    0.449999999625,
    0.44,
    0.44,
    0.44999993343194283,
    0.4400000224000036,
    0.4499999983125,
    0.4499999939516128,
    0.4400001568001129,
    0.44,
    0.44000000010110984,
    0.44,
    0.45,
    0.44999999943713415,
    0.45,
    0.4400000029606133,
    0.440000000672,
    0.4400000065192087,
    0.44,
    0.44999999637535226,
    0.45,
    0.4400001568001129,
    0.44000000236703074,
    0.4499999714156046,
    0.44,
    0.45,
    0.44000000112000004,
    0.44,
    0.43000000009207695,
    0.4300000084123437,
    0.4300000115652185,
    0.4399999961375274,
    0.4300000086936344,
    0.43999992032919977,
    0.43999999802837936,
    0.43000000138787436,
    0.43999997165446325,
    0.4399999915333731,
    0.4399999979553903,
    0.43000000438274255,
    0.43000000349038964,
    0.4300000048337425,
    0.4399999979553903,
    0.43000016150008885,
    0.4300001767002986,
    0.43999997396449475,
    0.43000000386004555,
    0.4300000030349044,
    0.43999996479999576,
    0.44,
    0.43000000384676473,
    0.44,
    0.43,
    0.43999999711317656,
    0.4300000021295144,
    0.43,
    0.44,
    0.4300000042444153,
    0.4300000037204839,
    0.4300000055973815,
    0.4300000127149079,
    0.43999999615813723,
    0.439999981802066,
    0.44,
    0.439999981802066,
    0.4399999976949426,
    0.4399999974362709,
    0.43000001412162286,
    0.43999999232446557,
    0.4300001767002986,
    0.43999980639989156,
    0.4300000012529976,
    0.43000000487675705,
    0.439999992699849,
    0.4399999295999761,
    0.4399999980037807,
    0.43000000158082413,
    0.4399999957145532,
    0.43000000330651206,
    0.43000000230349567,
    0.43000009405007855,
    0.43999999192997064,
    0.43,
    0.43,
    0.4399999877001266,
    0.43999999729542827,
    0.43000000458598736,
    0.43,
    0.4300001520001042,
    0.4300001767002986,
    0.43999996449566986,
    0.43000006148690967,
    0.4399999208988462,
    0.4300000319469103,
    0.43999995327432745,
    0.43000006143713754,
    0.4399998413114026,
    0.4300000644643168,
    0.4300000375449302,
    0.4399999656249893,
    0.4300000217422717,
    0.4399999879863471,
    0.43000005229359717,
    0.4399999155199824,
    0.4300000479279383,
    0.4399999787951792,
    0.43000002287037653,
    0.43000003231496897,
    0.43999992377951075,
    0.430000003306,
    0.43000003379447777,
    0.4399999747461355,
    0.4300000275113192,
    0.43000001592178855,
    0.4300000055222118,
    0.430000053871979,
    0.44999996864110625,
    0.43000005568966576,
    0.45,
    0.44,
    0.440000019764711,
    0.44999999549999997,
    0.4499999761484027,
    0.4400000101357469,
    0.4499997974998886,
    0.43000005568966576,
    0.4499999745282937,
    0.4499999916820701,
    0.44999999515533673,
    0.4499998676469865,
    0.43000001855030073,
    0.4499999573863515,
    0.43000001038882246,
    0.4300000446641923,
    0.44,
    0.44,
    0.45,
    0.449999968085103,
    0.4499999573054988,
    0.4499999021738918,
    0.44999993478259454,
    0.449999997975,
    0.4499999655963224,
    0.4499999992125,
    0.45,
    0.4499999512635256,
    0.44999997740963515,
    0.45,
    0.44999997045951406,
    0.44,
    0.44,
    0.4499999978225806,
    0.43000000397263816,
    0.430000086949213,
    0.4499999665178497,
    0.43000005568966576,
    0.44999994125325604,
    0.4399999915826085,
    0.4399999976232275,
    0.43999995809522546,
    0.43000006449542527,
    0.4300000029095374,
    0.44999997786884993,
    0.44533763058601805,
    0.43999991908044367,
    0.44,
    0.4400000201801855,
    0.4499999976923077,
    0.43,
    0.45,
    0.43,
    0.4499999592144929,
    0.43000005104480205,
    0.43,
    0.4300000111452941,
    0.43,
    0.43000004446001433,
    0.45,
    0.43000006143713754,
    0.44,
    0.44,
    0.44,
    0.44999992270990746,
    0.4400000065689168,
    0.4499999512635256,
    0.4499999933075549,
    0.44999994011405364,
    0.4400000337349479,
    0.44000021538494677,
    0.4499999665178497,
    0.44000000670658873,
    0.4499999977490996,
    0.44,
    0.44999992270990746,
    0.4300001969025326,
    0.43,
    0.4300001767002986,
    0.4300001767002986,
    0.4300001767002986,
    0.4300001767002986,
    0.4300001767002986,
    0.4300001767002986,
    0.4300001767002986,
    0.44999996817538673,
    0.4300000086928111,
    0.4300000230078146,
    0.44,
    0.4300000292093732,
    0.44,
    0.44,
    0.44,
    0.44,
    0.44,
    0.44,
    0.4399999927895715,
    0.44,
    0.43,
    0.4299999929331903,
    0.4200000021410115,
    0.4200000053211033,
    0.4200000093764443,
    0.4299998279998968,
    0.4299998279998968,
    0.4299999747839482,
    0.42000000330296133,
    0.42999995054998097,
    0.42000000047203045,
    0.42,
    0.42999997119616956,
    0.42999993155100336,
    0.4200000619584871,
    0.4200000071165665,
    0.42999995930039864,
    0.42000001274725346,
    0.42000000831899087,
    0.42999992450380126,
    0.4299999880422682,
    0.42999995164657234,
    0.43,
    0.43,
    0.42999995054998097,
    0.42999996405969376,
    0.43,
    0.42,
    0.4299999884352067,
    0.43,
    0.43,
    0.43,
    0.42,
    0.43,
    0.43,
    0.4399999720634901,
    0.43,
    0.43,
    0.44,
    0.42,
    0.4200000004635133,
    0.43,
    0.42,
    0.42,
    0.42,
    0.43,
    0.43,
    0.43,
    0.43,
    0.43,
    0.4300000049539947,
    0.45,
    0.45,
    0.4499999794207264,
    0.44999994827585316,
    0.4499999723198562,
    0.44999989830505027,
    0.44999995421510763,
    0.430000053871979,
    0.4444181062517496,
    0.4399999995474286,
    0.44,
    0.4200000506181958,
    0.439999997888,
    0.4200000619584871,
    0.4399999605381024,
    0.439999998064,
    0.43000000128250004,
    0.43,
    0.4299999530251955,
    0.4200000181250018,
    0.4299999360118762,
    0.42000004180181133,
    0.4299999699392027,
    0.4200000374193634,
    0.4299999951266664,
    0.42000000116,
    0.4200001461418105,
    0.42999993857141944,
    0.4200000034730549,
    0.4200001966104361,
    0.43,
    0.420000065791057,
    0.42999991126982434,
    0.4299999453178944,
    0.42000001323194136,
    0.42999992922359215,
    0.4200000017400001,
    0.4200000045261956,
    0.42,
    0.42000006699091447,
    0.42,
    0.42000000328666676,
    0.4200000215479935,
    0.4200001740002958,
    0.42999997334709805,
    0.42,
    0.42,
    0.41999993897434174,
    0.4199999644776061,
    0.41999999897943924,
    0.41999993060867696,
    0.42,
    0.4199999934374999,
    0.41999993482756826,
    0.42,
    0.4199999163485297,
    0.4199999487804628,
    0.41999993196260665,
    0.4199999589333191,
    0.419999959541279,
    0.41999996033332604,
    0.41999997313432436,
    0.4199999629955817,
    0.41999993897434174,
    0.41999993196260665,
    0.41999996326529865,
    0.41999994305083105,
    0.41999986451608534,
    0.41999995799999107,
    0.4199999965255071,
    0.4199999665030599,
    0.41999999327999976,
    0.4199998235998977,
    0.4199998235998977,
    0.41999999529599996,
    0.42,
    0.41999996591303634,
    0.4199998906848851,
    0.41999993796922086,
    0.4199999285829792,
    0.4199998421476044,
    0.42,
    0.4199999692682856,
    0.42,
    0.41999988930226895,
    0.41999996591303634,
    0.42,
    0.4199999188405562,
    0.4199999163485297,
    0.4199999988839161,
    0.4199999438297777,
    0.41,
    0.41,
    0.41,
    0.41,
    0.41,
    0.41,
    0.41,
    0.41000006961655205,
    0.41999992457141133,
    0.4100002247620332,
    0.41000002040881073,
    0.4199999819999982,
    0.41999996698688774,
    0.410000000944,
    0.41999999601446,
    0.41999985725485717,
    0.4100000650890071,
    0.41000005347954294,
    0.41000000684058163,
    0.41999992834121047,
    0.41999999529599996,
    0.4199999719999934,
    0.4199999078480826,
    0.4100000537941444,
    0.4199998599999452,
    0.42,
    0.4199999551335226,
    0.4100000541284685,
    0.41,
    0.4100000378425742,
    0.42,
    0.4199999925865579,
    0.4100000241803467,
    0.41000015340011353,
    0.41000015340011353,
    0.41000015340011353,
    0.41000015340011353,
    0.41000015340011353,
    0.41000015340011353,
    0.41000015340011353,
    0.41000015340011353,
    0.41999996370369563,
    0.41000000533132686,
    0.41999996966666464,
    0.4100000020153716,
    0.4100000072244904,
    0.41999998520325155,
    0.4199999820569614,
    0.41000002622224047,
    0.4199999665030599,
    0.4100000151748983,
    0.4100000459501808,
    0.41000015340011353,
    0.4100000378425742,
    0.4199999192307537,
    0.4100000082134579,
    0.41000000684058163,
    0.41999985725485717,
    0.41999993482756826,
    0.41000006201204275,
    0.4100000545214651,
    0.4199999608695567,
    0.4100000622981494,
    0.4199999083636147,
    0.41000001396450086,
    0.41000001812849446,
    0.4199999629955817,
    0.41999997694840707,
    0.42,
    0.41000000531000047,
    0.4199999993258919,
    0.42,
    0.41999999495999996,
    0.41999992719998835,
    0.4199999735532211,
    0.42,
    0.41,
    0.4100000010447917,
    0.41000000032240436,
    0.42,
    0.4199999819999982,
    0.4255170919242082,
    0.4199999988839161,
    0.41,
    0.41,
    0.41,
    0.41,
    0.41999999920666664,
    0.4100000006260968,
    0.41999999895,
    0.41999999495999996,
    0.41999999895,
    0.4199999992851064,
    0.41999999831999996,
    0.42,
    0.41,
    0.42,
    0.41,
    0.41000015340011353,
    0.41,
    0.41,
    0.41,
    0.41,
    0.41,
    0.41,
    0.41000015340011353,
    0.4199998255383998,
    0.4100000902733089,
    0.4100000295000044,
    0.4199999831999973,
    0.4199999677999971,
    0.4199999984028169,
    0.4199999697599901,
    0.4247084872639408,
    0.41,
    0.41999999818965517,
    0.4100000103415798,
    0.41,
    0.41,
    0.41000000177122425,
    0.41999999327999976,
    0.42,
    0.41,
    0.4100000020922135,
    0.42,
    0.41999999869375904,
    0.4199999984825806,
    0.41,
    0.41,
    0.41,
    0.41999999845999997,
    0.41999999514666664,
    0.41,
    0.419999997732,
    0.41999995717646654,
    0.4199999705999984,
    0.42,
    0.41000003088154957,
    0.41000003245001443,
    0.4199999957810144,
    0.4199999831999973,
    0.4100000007866667,
    0.410000064628991,
    0.4100000622981494,
    0.42,
    0.4199999500989911,
    0.42,
    0.410000000944,
    0.4100000458889108,
    0.41999998991999926,
    0.42000000018812844,
    0.42,
    0.42,
    0.42,
    0.42,
    0.42,
    0.41000003245001443,
    0.41000000472000014,
    0.4199999624390125,
    0.41000005347954294,
    0.41,
    0.41000094914714535,
    0.410000064628991,
    0.4100000456447087,
    0.41000000471666076,
    0.41,
    0.41,
    0.42,
    0.41,
    0.41,
    0.429999917230024,
    0.4299999731249983,
    0.4299999711067099,
    0.42000000985496794,
    0.42,
    0.4299999870999978,
    0.42999997334709805,
    0.42000001752266336,
    0.4299999870999978,
    0.4299999988601462,
    0.4200000017400001,
    0.4200001740002958,
    0.4299999246214971,
    0.4200000608746469,
    0.4200000025140755,
    0.42999981821131117,
    0.4299999042509947,
    0.42000007945209833,
    0.42000001752266336,
    0.4299999330660166,
    0.42999991126982434,
    0.42999999891515067,
    0.42,
    0.42,
    0.42,
    0.42,
    0.4200000734667063,
    0.42000009860008186,
    0.42,
    0.4100001439024917,
    0.419999918181781,
    0.410000061034494,
    0.419999957876098,
    0.410000061034494,
    0.4199999912639995,
    0.42,
    0.41999999217496947,
    0.4199998809448219,
    0.42,
    0.4000000375000094,
    0.4,
    0.4199999993938422,
    0.4,
    0.41,
    0.41,
    0.41,
    0.41,
    0.41,
    0.41,
    0.41,
    0.41,
    0.41,
    0.41,
    0.41,
    0.41,
    0.41,
    0.40999999651499996,
    0.4,
    0.4,
    0.4000000011891785,
    0.4099999835999974,
    0.4,
    0.39000014030010804,
    0.4,
    0.3900000244000039,
    0.4,
    0.3900000051212691,
    0.4,
    0.39000000328967666,
    0.39000001352392194,
    0.40999999306064844,
    0.390000003275168,
    0.39000002135000994,
    0.409999928933322,
    0.4099999766798924,
    0.41,
    0.4,
    0.4,
    0.39,
    0.4,
    0.39000002135000994,
    0.4,
    0.39000002588561733,
    0.4,
    0.3800000372000052,
    0.4,
    0.39,
    0.38999999212395503,
    0.39,
    0.39,
    0.39,
    0.38,
    0.38,
    0.38,
    0.38,
    0.38,
    0.38,
    0.38,
    0.38,
    0.38,
    0.39000021138648394,
    0.39,
    0.38,
    0.38,
    0.38,
    0.38,
    0.38,
    0.38,
    0.38,
    0.38,
    0.38,
    0.38,
    0.38,
    0.38,
    0.38,
    0.38,
    0.38,
    0.38,
    0.38,
    0.38,
    0.38,
    0.38,
    0.38,
    0.38,
    0.38,
    0.38,
    0.38,
    0.38,
    0.38,
    0.38,
    0.38,
    0.4,
    0.4,
    0.4,
    0.4,
    0.390000041617939,
    0.4,
    0.4,
    0.3800000372000052,
    0.3800000422727324,
    0.39,
    0.3800000245500889,
    0.3900000034528308,
    0.39000004206897065,
    0.3900000023416511,
    0.39000003459357735,
    0.3900000034528308,
    0.3900000340192354,
    0.3900000266223948,
    0.39000003459357735,
    0.3900000023416511,
    0.39000001859047917,
    0.39000000188957357,
    0.4,
    0.4,
    0.39,
    0.3900000034528308,
    0.3900000404356187,
    0.3900000324714935,
    0.3900000324714935,
    0.39000001049713373,
    0.3900000244465732,
    0.3900000340192354,
    0.3900000324714935,
    0.39,
    0.3900000042726078,
    0.4,
    0.4,
    0.39,
    0.39,
    0.39,
    0.39,
    0.3800000254794597,
    0.4,
    0.380000001502575,
    0.39,
    0.38000006775962947,
    0.39,
    0.39000001104501963,
    0.4,
    0.3900000476562649,
    0.39000000003008484,
    0.39000000858291534,
    0.3900000005620484,
    0.4,
    0.38000000070938217,
    0.38,
    0.38,
    0.38,
    0.4,
    0.4,
    0.4,
    0.39,
    0.38000000440184606,
    0.39,
    0.38,
    0.39,
    0.39,
    0.39,
    0.39,
    0.3900001220001878,
    0.4099999990061344,
    0.4099999993379756,
    0.39000013431202024,
    0.409999999381661,
    0.4099999822202941,
    0.3900000286281627,
    0.39000000061000006,
    0.40999999343999965,
    0.39000001994550887,
    0.39000000366244186,
    0.3900000006836207,
    0.4099999165090776,
    0.40999998937364923,
    0.4019005169538172,
    0.4,
    0.390000000467433,
    0.3900000244000039,
    0.4,
    0.39000014030010804,
    0.4,
    0.4,
    0.3900000244465732,
    0.39000004206897065,
    0.39000002135000994,
    0.3900000023416511,
    0.3900000266223948,
    0.3900000324714935,
    0.3900000023416511,
    0.3900000324714935,
    0.3900000404356187,
    0.39000001859047917,
    0.3900000244465732,
    0.39000001859047917,
    0.3900000244465732,
    0.4,
    0.4,
    0.4,
    0.4,
    0.4,
    0.4,
    0.4,
    0.4,
    0.4,
    0.4,
    0.4,
    0.4,
    0.39000000152500003,
    0.4,
    0.4,
    0.4,
    0.4,
    0.4,
    0.4,
    0.4,
    0.4,
    0.4,
    0.4,
    0.3900000115222233,
    0.3900000073200003,
    0.390000008540001,
    0.4,
    0.4,
    0.4,
    0.4,
    0.4,
    0.4,
    0.4,
    0.4,
    0.4,
    0.4,
    0.4,
    0.4,
    0.4,
    0.4,
    0.4,
    0.4,
    0.4,
    0.4,
    0.4,
    0.4,
    0.4,
    0.4,
    0.4,
    0.4,
    0.4,
    0.4,
    0.4,
    0.4,
    0.4,
    0.4,
    0.4,
    0.3900000266223948,
    0.3900000023416511,
    0.3900000023416511,
    0.39000004206897065,
    0.3900000244465732,
    0.3900000324714935,
    0.3900000023416511,
    0.3900000266223948,
    0.39000001049713373,
    0.4,
    0.4,
    0.4,
    0.4,
    0.4,
    0.4,
    0.4,
    0.4,
    0.4,
    0.4,
    0.4,
    0.4,
    0.4,
    0.4,
    0.4,
    0.4,
    0.4,
    0.4,
    0.4,
    0.4,
    0.39000001049713373,
    0.39,
    0.3900000570812661,
    0.39000001859047917,
    0.39,
    0.39000006068522725,
    0.39,
    0.39000004206897065,
    0.39000004206897065,
    0.3900000340192354,
    0.3900000340192354,
    0.39,
    0.3900000196402013,
    0.39000003459357735,
    0.3900000324714935,
    0.3900000324714935,
    0.4,
    0.4,
    0.4,
    0.4,
    0.4,
    0.4,
    0.4,
    0.4,
    0.4,
    0.4,
    0.4,
    0.4,
    0.4,
    0.4,
    0.4,
    0.4,
    0.4,
    0.4,
    0.4,
    0.4,
    0.4,
    0.4,
    0.4,
    0.4,
    0.4,
    0.4,
    0.4,
    0.4,
    0.4,
    0.4,
    0.4,
    0.4,
    0.4,
    0.4,
    0.4,
    0.4,
    0.4,
    0.4,
    0.4,
    0.4,
    0.4,
    0.4,
    0.4,
    0.4,
    0.4,
    0.4,
    0.4,
    0.4,
    0.4,
    0.4,
    0.4,
    0.4,
    0.4,
    0.4,
    0.4,
    0.4,
    0.4,
    0.4,
    0.4,
    0.4,
    0.4,
    0.4,
    0.4,
    0.4,
    0.4,
    0.4,
    0.4,
    0.4,
    0.4,
    0.4,
    0.4,
    0.4,
    0.4,
    0.4,
    0.4,
    0.4,
    0.4,
    0.4,
    0.4,
    0.4,
    0.4,
    0.4,
    0.4,
    0.4,
    0.4,
    0.4,
    0.4,
    0.4,
    0.4,
    0.4,
    0.4,
    0.4,
    0.4,
    0.4,
    0.4,
    0.4,
    0.4,
    0.4,
    0.4,
    0.4,
    0.4,
    0.4,
    0.4,
    0.4,
    0.4,
    0.4,
    0.4,
    0.4,
    0.4,
    0.4,
    0.4,
    0.4,
    0.4,
    0.4,
    0.4,
    0.4,
    0.4,
    0.4,
    0.4,
    0.4,
    0.4,
    0.4,
    0.4,
    0.3900000324714935,
    0.39000001859047917,
    0.3900000340192354,
    0.3900000404356187,
    0.3900000266223948,
    0.3900000266223948,
    0.39000001859047917,
    0.3900000324714935,
    0.39000001859047917,
    0.3900000023416511,
    0.39000003459357735,
    0.39000003459357735,
    0.4,
    0.4,
    0.4,
    0.4,
    0.4,
    0.4,
    0.4,
    0.4,
    0.4,
    0.4,
    0.4,
    0.4,
    0.4,
    0.4,
    0.4,
    0.4,
    0.4,
    0.4,
    0.4,
    0.4,
    0.4,
    0.4,
    0.4,
    0.4,
    0.4,
    0.4,
    0.4,
    0.4,
    0.4,
    0.4,
    0.4,
    0.4,
    0.4,
    0.4,
    0.4,
    0.4,
    0.4,
    0.4,
    0.4,
    0.4,
    0.4,
    0.4,
    0.4,
    0.4,
    0.4,
    0.4,
    0.4,
    0.4,
    0.4,
    0.4,
    0.4,
    0.4,
    0.4,
    0.4,
    0.4,
    0.4,
    0.4,
    0.4,
    0.4,
    0.4,
    0.4,
    0.4,
    0.4,
    0.4,
    0.4,
    0.4,
    0.4,
    0.4,
    0.4,
    0.4,
    0.4,
    0.4,
    0.4,
    0.4,
    0.4,
    0.4,
    0.4,
    0.4,
    0.4,
    0.4,
    0.4,
    0.4,
    0.4,
    0.4,
    0.4,
    0.4,
    0.39000003459357735,
    0.4,
    0.4,
    0.4,
    0.4,
    0.4,
    0.4,
    0.4,
    0.4,
    0.4,
    0.4,
    0.4,
    0.4,
    0.4,
    0.4,
    0.4,
    0.4,
    0.4,
    0.4,
    0.4,
    0.4,
    0.4,
    0.4,
    0.4,
    0.4,
    0.4,
    0.4,
    0.4,
    0.4,
    0.4,
    0.4,
    0.4,
    0.4,
    0.4,
    0.4,
    0.4,
    0.4,
    0.4,
    0.4,
    0.4,
    0.4,
    0.4,
    0.4,
    0.4,
    0.4,
    0.3900000244465732,
    0.3900000244465732,
    0.4,
    0.4,
    0.4,
    0.4,
    0.4,
    0.4,
    0.39000001049713373,
    0.4,
    0.4,
    0.4,
    0.4,
    0.4,
    0.4,
    0.4,
    0.4,
    0.4,
    0.4,
    0.4,
    0.3900000034528308,
    0.4,
    0.4,
    0.4,
    0.4,
    0.4,
    0.4,
    0.4,
    0.4,
    0.4,
    0.4,
    0.4,
    0.4,
    0.4,
    0.4,
    0.4,
    0.4,
    0.4,
    0.4,
    0.4,
    0.4,
    0.4,
    0.4,
    0.4,
    0.4,
    0.4,
    0.4,
    0.4,
    0.4,
    0.4,
    0.4,
    0.4,
    0.4,
    0.4,
    0.4,
    0.4,
    0.4,
    0.3900000404356187,
    0.3900000023416511,
    0.39000001049713373,
    0.39000001859047917,
    0.39000004397544713,
    0.39,
    0.39000001145946617,
    0.39000004206897065,
    0.3900000188978848,
    0.39,
    0.39000004125338794,
    0.39,
    0.4000649972482187,
    0.39,
    0.409999983014284,
    0.4020629880784446,
    0.38000014559702466,
    0.39,
    0.38000003829209594,
    0.4,
    0.39,
    0.39000003317451165,
    0.39000006339639864,
    0.39,
    0.4,
    0.39000004206897065,
    0.39,
    0.39000007517954016,
    0.3900000324714935,
    0.4,
    0.3900000023416511,
    0.39000003459357735,
    0.4,
    0.38000002366413027,
    0.3800000398487762,
    0.3800000422727324,
    0.38000033244128256,
    0.38,
    0.3800000309405094,
    0.38,
    0.39,
    0.4,
    0.39,
    0.3900001708386898,
    0.39,
    0.39,
    0.39000004315728976,
    0.39,
    0.39000001115854316,
    0.39,
    0.40999997121441784,
    0.40999995548571067,
    0.40999997177819925,
    0.4050384495645874,
    0.40999997121441784,
    0.4,
    0.39,
    0.39,
    0.39,
    0.39,
    0.4,
    0.4,
    0.4,
    0.4,
    0.4,
    0.4,
    0.4,
    0.4,
    0.4,
    0.4,
    0.4,
    0.4,
    0.4,
    0.4,
    0.40000002290076686,
    0.4,
    0.4,
    0.4,
    0.4000000227704019,
    0.4,
    0.4,
    0.40000002264151285,
    0.4,
    0.4,
    0.40000002290076686,
    0.4,
    0.4000000150000015,
    0.41999997125474936,
    0.4000000230326331,
    0.4,
    0.4000000230326331,
    0.4,
    0.4,
    0.4199999553700153,
    0.40000002290076686,
    0.40000002264151285,
    0.4000000230326331,
    0.4,
    0.4,
    0.4000000227704019,
    0.4000000227704019,
    0.41999995712665034,
    0.4199999838771568,
    0.4199999838771568,
    0.4199999660769193,
    0.4199999838771568,
    0.42,
    0.42,
    0.41999997295454206,
    0.41999997295454206,
    0.41999997295454206,
    0.4000000227704019,
    0.42,
    0.4,
    0.4,
    0.4,
    0.4,
    0.4,
    0.42,
    0.4,
    0.4000000227704019,
    0.41999996954198116,
    0.40000002290076686,
    0.4,
    0.4,
    0.4,
    0.4,
    0.4000000227704019,
    0.4,
    0.4,
    0.4,
    0.4,
    0.4,
    0.40000002264151285,
    0.4000000230326331,
    0.4,
    0.4,
    0.4,
    0.4199998235998977,
    0.40000002290076686,
    0.40000002290076686,
    0.4,
    0.4000000227704019,
    0.4,
    0.4,
    0.40000002264151285,
    0.4,
    0.4,
    0.4,
    0.4,
    0.4,
    0.400000060000024,
    0.4199999921599996,
    0.4199999921599996,
    0.4000000227704019,
    0.4,
    0.4,
    0.40000002290076686,
    0.4,
    0.4000000227704019,
    0.4,
    0.4,
    0.4000000230326331,
    0.4000000230326331,
    0.4,
    0.4000000230326331,
    0.4,
    0.4,
    0.4,
    0.4,
    0.41,
    0.41,
    0.41,
    0.4100000295000044,
    0.4199999827085579,
    0.4100000147216915,
    0.4100000147216915,
    0.4100000100568199,
    0.4100000406118674,
    0.4100000147216915,
    0.4100000356226528,
    0.4100000406118674,
    0.4100000201518058,
    0.4100000045210736,
    0.4100000404571478,
    0.4100000201518058,
    0.4100000404571478,
    0.4100000147216915,
    0.4100000304007734,
    0.4100000404571478,
    0.4100000147216915,
    0.4100000406118674,
    0.4100000406118674,
    0.4100000304007734,
    0.4100000356226528,
    0.4100000356226528,
    0.41000009370597773,
    0.4100000104384622,
    0.41,
    0.41000000449153284,
    0.4100000100568199,
    0.4100000201518058,
    0.4100000147216915,
    0.4100000147216915,
    0.4100000356226528,
    0.4100000404571478,
    0.4100000100568199,
    0.4100000406118674,
    0.4100000302851753,
    0.41,
    0.41999995712665034,
    0.4199999678160883,
    0.4199999678160883,
    0.4199999746415062,
    0.41999997295454206,
    0.4199999660769193,
    0.4199999855449308,
    0.41999997125474936,
    0.41999997125474936,
    0.4100000045210736,
    0.41,
    0.4100000201518058,
    0.41000015340011353,
    0.41,
    0.4199999855449308,
    0.4199999660769193,
    0.4100000404571478,
    0.4100000147216915,
    0.4100000147216915,
    0.41999995712665034,
    0.4199999553700153,
    0.4199999678160883,
    0.4199999838771568,
    0.4100000045210736,
    0.4100000201518058,
    0.4199999678160883,
    0.4199999855449308,
    0.41999997125474936,
    0.4199999855449308,
    0.4199999553700153,
    0.41999997295454206,
    0.4199999838771568,
    0.41999996954198116,
    0.42,
    0.4199999660769193,
    0.4199999678160883,
    0.41999997295454206,
    0.41000001573333467,
    0.4199999678160883,
    0.4199999746415062,
    0.4199999553700153,
    0.4199999838771568,
    0.41999997125474936,
    0.41999996954198116,
    0.4199999746415062,
    0.4199999746415062,
    0.41999997125474936,
    0.4199999838771568,
    0.41,
    0.4100000404571478,
    0.4100000406118674,
    0.41,
    0.4100000599300417,
    0.41,
    0.4100000147216915,
    0.4100000201518058,
    0.41,
    0.4100000406118674,
    0.4100000406118674,
    0.4100000406118674,
    0.4100000100568199,
    0.4100000100568199,
    0.4199999678160883,
    0.42,
    0.41999997295454206,
    0.41999997295454206,
    0.4199999553700153,
    0.41999995712665034,
    0.41999997125474936,
    0.41999995712665034,
    0.4199999660769193,
    0.41999997125474936,
    0.41999997125474936,
    0.4199999553700153,
    0.4199999943999999,
    0.4100000561236866,
    0.41,
    0.41,
    0.41,
    0.410000074148263,
    0.41,
    0.4100001412704293,
    0.41,
    0.4100000147216915,
    0.41,
    0.4100000302851753,
    0.4100000302851753,
    0.4100000201518058,
    0.4100000406118674,
    0.4100000356226528,
    0.4100000302851753,
    0.4100000147216915,
    0.4199999855449308,
    0.4199999855449308,
    0.41999996954198116,
    0.4199999553700153,
    0.4199999838771568,
    0.42,
    0.41999997125474936,
    0.41999995712665034,
    0.4199999678160883,
    0.4199999553700153,
    0.4199999855449308,
    0.4199999678160883,
    0.41999996954198116,
    0.42,
    0.41999997295454206,
    0.41999997125474936,
    0.4199999855449308,
    0.41999996954198116,
    0.4199999660769193,
    0.4199999855449308,
    0.4199999855449308,
    0.41999997295454206,
    0.41999995712665034,
    0.4199999553700153,
    0.4100000100568199,
    0.4100000045210736,
    0.4100000045210736,
    0.4100000356226528,
    0.4100000100568199,
    0.4100000404571478,
    0.4100000100568199,
    0.4100000147216915,
    0.41,
    0.41,
    0.41,
    0.41,
    0.4100000201518058,
    0.4100000302851753,
    0.4199999838771568,
    0.41999995712665034,
    0.4199999855449308,
    0.4199999746415062,
    0.4199999746415062,
    0.4100000302851753,
    0.4100000406118674,
    0.4100000201518058,
    0.4100000302851753,
    0.4100000302851753,
    0.4199999855449308,
    0.41000005531253325,
    0.4100000201518058,
    0.4100000404571478,
    0.4100000304007734,
    0.4100000147216915,
    0.4100000147216915,
    0.4100000045210736,
    0.4100000100568199,
    0.4100000356226528,
    0.4100000100568199,
    0.4100000356226528,
    0.4100000249615422,
    0.4100000100568199,
    0.41999996954198116,
    0.4199999678160883,
    0.41999997295454206,
    0.4199999660769193,
    0.4199999838771568,
    0.4199999660769193,
    0.4199999660769193,
    0.41999995712665034,
    0.41999996954198116,
    0.4199999553700153,
    0.41999997125474936,
    0.4199999678160883,
    0.41,
    0.4199999678160883,
    0.4199999660769193,
    0.4199999838771568,
    0.42,
    0.42,
    0.4199999855449308,
    0.4199999746415062,
    0.41999997125474936,
    0.41999997125474936,
    0.4199999553700153,
    0.41999997295454206,
    0.4199999553700153,
    0.41999997125474936,
    0.4100000404571478,
    0.4100000356226528,
    0.4100000147216915,
    0.4100000404571478,
    0.4100000100568199,
    0.4100000304007734,
    0.4100000045210736,
    0.4100000406118674,
    0.4100000406118674,
    0.4100000100568199,
    0.4100000304007734,
    0.4100000201518058,
    0.4199999943999999,
    0.41,
    0.41,
    0.4199999838771568,
    0.41999996954198116,
    0.41999996954198116,
    0.41999995712665034,
    0.41999997295454206,
    0.41999997125474936,
    0.4199999838771568,
    0.4199999838771568,
    0.41999997125474936,
    0.4199999855449308,
    0.4199999838771568,
    0.4199999660769193,
    0.41999997125474936,
    0.41999996954198116,
    0.42,
    0.41999997125474936,
    0.4199999838771568,
    0.4199999660769193,
    0.4199999838771568,
    0.41999996954198116,
    0.42980422943753377,
    0.4199999855449308,
    0.4199999855449308,
    0.4199999855449308,
    0.4199999838771568,
    0.41999997295454206,
    0.4199999678160883,
    0.4199999855449308,
    0.42,
    0.42,
    0.4199998235998977,
    0.4199999838771568,
    0.41999997125474936,
    0.4199999855449308,
    0.42,
    0.4199999660769193,
    0.41999996954198116,
    0.4199999855449308,
    0.41999995712665034,
    0.42,
    0.41999996954198116,
    0.41999997125474936,
    0.42,
    0.41999995712665034,
    0.41999995712665034,
    0.42,
    0.42,
    0.41999997295454206,
    0.42,
    0.41999995712665034,
    0.4199999855449308,
    0.4199999855449308,
    0.4199999553700153,
    0.4199999678160883,
    0.41999997125474936,
    0.4199999855449308,
    0.41999995712665034,
    0.4199999855449308,
    0.42,
    0.41999996954198116,
    0.4199999553700153,
    0.4199999553700153,
    0.4199999855449308,
    0.4199999490337026,
    0.41,
    0.4100000100568199,
    0.4100000304007734,
    0.41,
    0.4100000147216915,
    0.4100000147216915,
    0.4100000147216915,
    0.41,
    0.4100000147216915,
    0.4100000147216915,
    0.4100000045210736,
    0.4100000201518058,
    0.4199999678160883,
    0.4199999553700153,
    0.41999997295454206,
    0.4199999678160883,
    0.4199999855449308,
    0.41999995712665034,
    0.41999997125474936,
    0.42,
    0.4199999660769193,
    0.41999997295454206,
    0.4199999855449308,
    0.4199999660769193,
    0.4199999855449308,
    0.4199999553700153,
    0.42,
    0.42,
    0.4199999838771568,
    0.41999997295454206,
    0.4199999855449308,
    0.42,
    0.41999995712665034,
    0.41999997125474936,
    0.41999996954198116,
    0.41999995712665034,
    0.41999999327999976,
    0.41999997295454206,
    0.4199999855449308,
    0.4199999553700153,
    0.4199999678160883,
    0.41999995712665034,
    0.42,
    0.4199999838771568,
    0.4199999553700153,
    0.4199999855449308,
    0.4199999553700153,
    0.4199999678160883,
    0.42,
    0.41,
    0.4199999855449308,
    0.41999997295454206,
    0.41999995712665034,
    0.41999997125474936,
    0.42,
    0.4199999660769193,
    0.41999997125474936,
    0.41999995712665034,
    0.4199999678160883,
    0.4199999678160883,
    0.41999995712665034,
    0.42,
    0.4100000019218244,
    0.4199999855449308,
    0.4199999855449308,
    0.4199999855449308,
    0.41999995712665034,
    0.41999995712665034,
    0.42,
    0.41999997125474936,
    0.4199999678160883,
    0.41999997295454206,
    0.4199999855449308,
    0.41999997125474936,
    0.42,
    0.41999996954198116,
    0.4199999553700153,
    0.4199999678160883,
    0.4199999553700153,
    0.4199999553700153,
    0.41999995712665034,
    0.41999996954198116,
    0.4199999855449308,
    0.41999996954198116,
    0.41999997295454206,
    0.41999996954198116,
    0.41999995712665034,
    0.4199998235998977,
    0.41999995712665034,
    0.41,
    0.4100000302851753,
    0.42,
    0.4100000249615422,
    0.4199999855449308,
    0.4100000356226528,
    0.4199999838771568,
    0.4100000045210736,
    0.41999997295454206,
    0.4100000045210736,
    0.42,
    0.41000001266871333,
    0.41999999529599996,
    0.41999997313432436,
    0.4199998235998977,
    0.41,
    0.4100001354246918,
    0.4100000361646276,
    0.41000015340011353,
    0.41,
    0.41000000453846325,
    0.4100000045725001,
    0.4199999921599996,
    0.41999999327999976,
    0.4199999552542312,
    0.4100000650890071,
    0.4100000025566667,
    0.41999992719998835,
    0.41000003034286425,
    0.4199999453999798,
    0.4100001199451624,
    0.41000015340011353,
    0.41999999327999976,
    0.41000015340011353,
    0.4199999453999798,
    0.4199998235998977,
    0.410000060807827,
    0.41,
    0.4,
    0.4,
    0.4,
    0.4,
    0.4,
    0.41,
    0.41,
    0.41,
    0.41,
    0.41,
    0.41,
    0.41,
    0.41,
    0.41,
    0.41,
    0.42,
    0.40000000401337804,
    0.41,
    0.41,
    0.41,
    0.41,
    0.41,
    0.41,
    0.41,
    0.41,
    0.4,
    0.4,
    0.4,
    0.4,
    0.4233648705819007,
    0.47,
    0.4099999446499798,
    0.39000014030010804,
    0.4,
    0.4,
    0.42,
    0.4200000734667063,
    0.4100000993070123,
    0.4100000622981494,
    0.44,
    0.54,
    0.54,
    0.54,
    0.45,
    0.55,
    0.55,
    0.55,
    0.55,
    0.55,
    0.55,
    0.55,
    0.55,
    0.5,
    0.5,
    0.5,
    0.5,
    0.5,
    0.5,
    0.5,
    0.5,
    0.5,
    0.5,
    0.5,
    0.5,
    0.5,
    0.5,
    0.5,
    0.5,
    0.5,
    0.5,
    0.5,
    0.5,
    0.5,
    0.5,
    0.5,
    0.5,
    0.5,
    0.5,
    0.5,
    0.5,
    0.5,
    0.5,
    0.5,
    0.5,
    0.5,
    0.5,
    0.5,
    0.5
]
