[
    0.001,
    0.001,
    0.001,
    0.001,
    0.001,
    0.001,
    0.003000000012,
    0.002,
    0.002,
    0.002,
    0.002,
    0.002,
    0.003000000011450382,
    0.002,
    0.002,
    0.003000000012,
    0.002,
    0.003,
    0.004,
    0.004,
    0.003000000003,
    0.002,
    0.003,
    0.002,
    0.002,
    0.002,
    0.002,
    0.004,
    0.003000000012,
    0.002,
    0.002,
    0.002,
    0.002,
    0.002,
    0.004,
    0.004,
    0.01,
    0.01,
    0.01,
    0.01,
    0.01,
    0.01,
    0.01,
    0.01,
    0.01,
    0.01,
    0.01,
    0.01,
    0.01,
    0.01,
    0.011000002307669739,
    0.011000007757410266,
    0.02,
    0.011,
    0.01100000007358807,
    0.011000009890316392,
    0.04,
    0.03,
    0.02,
    0.029999971199998848,
    0.02,
    0.029999971199998848,
    0.02,
    0.02,
    0.02,
    0.02,
    0.02,
    0.01,
    0.01,
    0.01,
    0.01,
    0.01,
    0.01,
    0.02,
    0.02,
    0.02,
    0.029999971199998848,
    0.03,
    0.03,
    0.03,
    0.04,
    0.04,
    0.0599999459999946,
    0.05,
    0.05,
    0.05,
    0.05,
    0.05,
    0.059999986499999665,
    0.05,
    0.05,
    0.07,
    0.07000000139500034,
    0.07,
    0.1,
    0.1,
    0.09,
    0.09,
    0.0899999189999919,
    0.08999997359999895,
    0.07,
    0.08999998451999956,
    0.10051386190349994,
    0.07,
    0.07000001860008333,
    0.07,
    0.05,
    0.05,
    0.05,
    0.05,
    0.05,
    0.1,
    0.1,
    0.1,
    0.1,
    0.1,
    0.1,
    0.1,
    0.1,
    0.1,
    0.1,
    0.1,
    0.1,
    0.1,
    0.11001100110011001,
    0.1,
    0.1,
    0.1,
    0.1,
    0.1099999684666652,
    0.1,
    0.1,
    0.1,
    0.1,
    0.1,
    0.1,
    0.1,
    0.1,
    0.1,
    0.10999998711428538,
    0.1,
    0.1,
    0.1,
    0.1,
    0.13999996266666417,
    0.1799998703999637,
    0.1735489901780681,
    0.16,
    0.16999999413499992,
    0.1697966258377629,
    0.15,
    0.15,
    0.14,
    0.14,
    0.14,
    0.14,
    0.14,
    0.15,
    0.14,
    0.13,
    0.16,
    0.16,
    0.16,
    0.15,
    0.15,
    0.16,
    0.16,
    0.16,
    0.17,
    0.16,
    0.17,
    0.17,
    0.17,
    0.17,
    0.179999997552,
    0.17,
    0.17,
    0.17,
    0.17,
    0.17,
    0.17,
    0.17,
    0.17,
    0.17,
    0.17,
    0.17,
    0.17,
    0.17,
    0.17,
    0.170000001450732,
    0.17000000007193333,
    0.17,
    0.17,
    0.17,
    0.17,
    0.17,
    0.17999997551999844,
    0.17,
    0.17,
    0.1799998703999637,
    0.17,
    0.17,
    0.17,
    0.17,
    0.17000000282954597,
    0.18,
    0.17,
    0.17,
    0.17000000291621636,
    0.17000000249000036,
    0.17,
    0.17,
    0.17,
    0.17,
    0.17,
    0.17,
    0.16628667519136786,
    0.15,
    0.15,
    0.15,
    0.16,
    0.15,
    0.15909078924934922,
    0.14,
    0.14000000025114379,
    0.14,
    0.14999988749997187,
    0.14,
    0.14,
    0.14,
    0.14000000143333347,
    0.14000000143572627,
    0.14000000086000025,
    0.15,
    0.140000001528889,
    0.15,
    0.15,
    0.14,
    0.14,
    0.15977631316157379,
    0.16,
    0.14,
    0.16,
    0.16,
    0.16,
    0.16999999902079999,
    0.16000000222737848,
    0.16000000252000024,
    0.16,
    0.1699999782728833,
    0.16,
    0.16000000112000015,
    0.1600000016800001,
    0.169999998623,
    0.16,
    0.17,
    0.1699999985245283,
    0.16,
    0.16,
    0.16,
    0.16,
    0.16,
    0.16,
    0.16,
    0.16999999413499992,
    0.169999997212,
    0.17,
    0.17,
    0.17,
    0.17,
    0.1700000033200013,
    0.17000000034166923,
    0.17,
    0.17000000007193333,
    0.1799999279999928,
    0.17,
    0.17,
    0.18,
    0.17,
    0.17,
    0.17,
    0.17,
    0.17,
    0.17,
    0.17,
    0.17,
    0.17,
    0.17,
    0.17000009130017255,
    0.18,
    0.17000000545400898,
    0.18,
    0.18,
    0.18999999038808021,
    0.18,
    0.18,
    0.18000001459075485,
    0.18,
    0.1700000033200013,
    0.18,
    0.17999997551999844,
    0.1700000033200013,
    0.17000000249000036,
    0.17999998703999964,
    0.1700000090958953,
    0.179999998704,
    0.17999995947019437,
    0.17,
    0.18,
    0.17000000249000036,
    0.17,
    0.1700000033200013,
    0.18,
    0.1799998703999637,
    0.18,
    0.18,
    0.18,
    0.18,
    0.18,
    0.19,
    0.19,
    0.19,
    0.19000000162000008,
    0.19,
    0.19,
    0.19,
    0.19,
    0.190000000729,
    0.19000000410126683,
    0.19,
    0.18999987839995622,
    0.18,
    0.1800000003904762,
    0.1800000841026094,
    0.18000001640001606,
    0.18,
    0.18000000216931245,
    0.18,
    0.17999998703999964,
    0.179999997552,
    0.18,
    0.1700000003304469,
    0.18,
    0.18,
    0.18,
    0.18,
    0.18,
    0.18000000765333582,
    0.19,
    0.19,
    0.19,
    0.19,
    0.19,
    0.19000000015187501,
    0.19,
    0.2,
    0.19,
    0.19000000226800004,
    0.17000003591347726,
    0.18999993729998935,
    0.18989466530750934,
    0.18,
    0.18,
    0.18,
    0.18,
    0.1700000207500306,
    0.17,
    0.17,
    0.17,
    0.17,
    0.17000000001679696,
    0.17,
    0.1799998703999637,
    0.17,
    0.17,
    0.17,
    0.17,
    0.17,
    0.17,
    0.17,
    0.17999999227118635,
    0.17000000109024638,
    0.17,
    0.1799998703999637,
    0.17999999524799992,
    0.17000000107096802,
    0.17999999279999992,
    0.17000000439411866,
    0.17000000025802217,
    0.17000000249000036,
    0.17,
    0.17000000249000036,
    0.17999999279999992,
    0.17999999279999992,
    0.17000000221333347,
    0.18,
    0.17000000303473528,
    0.1700000033200013,
    0.1700000131746076,
    0.17000009130017255,
    0.1700000301133844,
    0.17999993804650413,
    0.17000000497006282,
    0.17999989168138525,
    0.18999987839995622,
    0.18,
    0.1700000207500306,
    0.1700000207500306,
    0.1700000207500306,
    0.1700000207500306,
    0.1700000207500306,
    0.1700000207500306,
    0.1700000207500306,
    0.1799998703999637,
    0.18890058582422237,
    0.18,
    0.18,
    0.18,
    0.1700000033200013,
    0.1700000207500306,
    0.18,
    0.17999998174252224,
    0.1700000207500306,
    0.1700000207500306,
    0.1700000207500306,
    0.1700000207500306,
    0.1700000207500306,
    0.1700000207500306,
    0.1700000010188237,
    0.17,
    0.1799998703999637,
    0.17999999279999992,
    0.17,
    0.17999999087999985,
    0.1700000207500306,
    0.1700000207500306,
    0.1700000207500306,
    0.1700000207500306,
    0.1700000207500306,
    0.1700000207500306,
    0.17,
    0.18,
    0.17000002203547565,
    0.1700000236660064,
    0.17999989168138525,
    0.18,
    0.16000001002985512,
    0.16,
    0.16,
    0.16,
    0.177204931754558,
    0.1600000067878801,
    0.17,
    0.17,
    0.17,
    0.17000000594982395,
    0.1799999106206724,
    0.17000001461268352,
    0.1799998703999637,
    0.1700000442667381,
    0.1960435212660732,
    0.17000009130017255,
    0.1700000006455556,
    0.18,
    0.1799999709170289,
    0.19,
    0.19,
    0.19,
    0.19,
    0.18,
    0.19,
    0.2,
    0.19,
    0.19000000176150791,
    0.19,
    0.2,
    0.19000000017608695,
    0.1900001218588201,
    0.19000000331647413,
    0.19000004599371725,
    0.2,
    0.19000002116726158,
    0.19,
    0.2,
    0.19,
    0.19000000450000248,
    0.2,
    0.19,
    0.19000000015187501,
    0.2,
    0.2,
    0.19,
    0.2,
    0.1900000013911551,
    0.2,
    0.19000000833619773,
    0.2,
    0.19000000157826377,
    0.19000002430009647,
    0.19000002430009647,
    0.19000002430009647,
    0.2,
    0.19000001153025511,
    0.19000002158082413,
    0.2,
    0.2,
    0.2,
    0.2,
    0.19000000010626958,
    0.19000002430009647,
    0.19000002430009647,
    0.19000002430009647,
    0.19000002430009647,
    0.19000000060472377,
    0.19,
    0.1900000191803414,
    0.2,
    0.1900000213720424,
    0.1900000424719397,
    0.19000002430009647,
    0.19000002430009647,
    0.19000002430009647,
    0.2,
    0.19000002430009647,
    0.19000000529412106,
    0.1900000097927477,
    0.190000011344544,
    0.19,
    0.19000002430009647,
    0.19000002430009647,
    0.19000002430009647,
    0.19000002430009647,
    0.19000000130806505,
    0.19000000905028427,
    0.19000002430009647,
    0.2,
    0.19,
    0.19000000292207897,
    0.19000002430009647,
    0.19000002430009647,
    0.19000002430009647,
    0.19000002430009647,
    0.2,
    0.19000002430009647,
    0.19000002430009647,
    0.19000002430009647,
    0.19000002430009647,
    0.19000002430009647,
    0.19000002430009647,
    0.19000002430009647,
    0.19000002430009647,
    0.19000002430009647,
    0.2,
    0.19000002430009647,
    0.19000002430009647,
    0.19000002430009647,
    0.19000002430009647,
    0.19000002430009647,
    0.19000002430009647,
    0.19000002430009647,
    0.19000002430009647,
    0.19000002430009647,
    0.19000002430009647,
    0.19000002430009647,
    0.19000002430009647,
    0.19000002430009647,
    0.19000002430009647,
    0.19000002430009647,
    0.19000002430009647,
    0.19000002430009647,
    0.18000001261542323,
    0.18000001640001606,
    0.18000001640001606,
    0.18000001640001606,
    0.18000001640001606,
    0.18000001640001606,
    0.18000001640001606,
    0.18000001640001606,
    0.18,
    0.18,
    0.18000005394747134,
    0.19,
    0.19,
    0.19,
    0.18999999190276096,
    0.18999998802999957,
    0.18000001640001606,
    0.18000001640001606,
    0.18000001640001606,
    0.18000001640001606,
    0.19,
    0.180000000922774,
    0.18000004895529403,
    0.19,
    0.18000002062895626,
    0.18000001640001606,
    0.18999995693332875,
    0.1899998805713899,
    0.18000001640001606,
    0.18000001640001606,
    0.18000001640001606,
    0.1899999962337992,
    0.18999993729998935,
    0.18000001640001606,
    0.18000001640001606,
    0.18000001640001606,
    0.18000001640001606,
    0.18000001640001606,
    0.18000001640001606,
    0.18000001640001606,
    0.18000001640001606,
    0.18000001640001606,
    0.18000001640001606,
    0.18000001640001606,
    0.18000001640001606,
    0.18,
    0.18,
    0.18,
    0.18999998443277274,
    0.18,
    0.2,
    0.17,
    0.17,
    0.18,
    0.16,
    0.18,
    0.18,
    0.17,
    0.17,
    0.18,
    0.18,
    0.17,
    0.16,
    0.17,
    0.18,
    0.17,
    0.17,
    0.19,
    0.19,
    0.2,
    0.2,
    0.1900000138461773,
    0.19000005740385334,
    0.19,
    0.19000001583269693,
    0.19,
    0.19000002430009647,
    0.19000002430009647,
    0.19000002430009647,
    0.19000002430009647,
    0.19000002430009647,
    0.19000002430009647,
    0.19000002430009647,
    0.19000002430009647,
    0.2,
    0.2,
    0.19000002430009647,
    0.2,
    0.19,
    0.19,
    0.18000001640001606,
    0.1899999936120689,
    0.18000001640001606,
    0.18,
    0.18,
    0.18,
    0.18,
    0.18999999863199998,
    0.18999987839995622,
    0.18000012615431196,
    0.18000001640001606,
    0.18000002968329043,
    0.1899998925409563,
    0.18000000098400004,
    0.18999999904362416,
    0.18000001228464632,
    0.1800000001584541,
    0.18,
    0.18000000277027073,
    0.18000003355502017,
    0.18999995966480177,
    0.18000002057347989,
    0.18999987839995622,
    0.18999987839995622,
    0.18,
    0.18000000117140638,
    0.18999998802999957,
    0.18000001640001606,
    0.18000001640001606,
    0.18999993729998935,
    0.18,
    0.18,
    0.18000000143607722,
    0.19,
    0.1800000007550148,
    0.18000001640001606,
    0.18,
    0.18000000372805272,
    0.1899998897321084,
    0.1800000206104309,
    0.18000000852686596,
    0.18999996426865276,
    0.18000002009805843,
    0.18999999611351193,
    0.19,
    0.19,
    0.18000000835668942,
    0.1899999944653392,
    0.18,
    0.18000002057347989,
    0.18999995012499232,
    0.18000001037975547,
    0.18000001640001606,
    0.18000001640001606,
    0.18999996806382835,
    0.18000007028575846,
    0.1700000207500306,
    0.18999987839995622,
    0.18,
    0.18999998802999957,
    0.18999998802999957,
    0.18999987839995622,
    0.18,
    0.18000001640001606,
    0.1899999939199999,
    0.18,
    0.18000004966093994,
    0.18999994781115073,
    0.18,
    0.18000006833344967,
    0.1800000808908626,
    0.18,
    0.18999986229355145,
    0.1899998859999734,
    0.18000001401710974,
    0.18000002555847394,
    0.18999988254542038,
    0.18,
    0.18,
    0.18,
    0.1799999279999928,
    0.17999997551999844,
    0.17000000095769233,
    0.17999999898992805,
    0.17,
    0.17,
    0.17,
    0.17,
    0.17,
    0.17,
    0.17,
    0.17,
    0.17,
    0.17,
    0.17,
    0.17,
    0.17,
    0.17000000339545468,
    0.18,
    0.18,
    0.18000001640001606,
    0.18000001640001606,
    0.18000001640001606,
    0.18000001640001606,
    0.18000001640001606,
    0.18000001640001606,
    0.18,
    0.18999999686499996,
    0.17000000249000036,
    0.18,
    0.17000000039058824,
    0.1799999830285706,
    0.1700000003766222,
    0.17000000074700003,
    0.18,
    0.17,
    0.17000000022966116,
    0.18,
    0.17,
    0.18,
    0.17,
    0.18,
    0.17,
    0.18,
    0.18,
    0.17,
    0.17,
    0.17,
    0.18,
    0.18,
    0.18,
    0.18,
    0.18,
    0.18,
    0.180000008200003,
    0.18000001640001606,
    0.18,
    0.1800000065600016,
    0.18000001640001606,
    0.18,
    0.18000001640001606,
    0.18000001307885372,
    0.18,
    0.19,
    0.18000001640001606,
    0.1800000065600016,
    0.1800000065600016,
    0.19,
    0.1800000065600016,
    0.19,
    0.19,
    0.1800000065600016,
    0.1800000065600016,
    0.1800000065600016,
    0.18000001640001606,
    0.1800000065600016,
    0.18000001640001606,
    0.18000000854167547,
    0.18000001640001606,
    0.18000001640001606,
    0.18000003545951543,
    0.18000001640001606,
    0.18000001640001606,
    0.1800000095906656,
    0.18000001640001606,
    0.18000001640001606,
    0.18000005466681487,
    0.18000001640001606,
    0.18000003975759793,
    0.18000001640001606,
    0.18000001640001606,
    0.18000003369872108,
    0.18000001640001606,
    0.18000005768849614,
    0.18000000901099386,
    0.18000001640001606,
    0.18000001640001606,
    0.18,
    0.18,
    0.18000001640001606,
    0.18000001640001606,
    0.18000001640001606,
    0.18000001832406287,
    0.18000001640001606,
    0.18000002062895626,
    0.18000001640001606,
    0.18000001640001606,
    0.18000001640001606,
    0.18000001640001606,
    0.18000001640001606,
    0.18000005768849614,
    0.18000001640001606,
    0.18000003133759837,
    0.18000005805329874,
    0.18000001640001606,
    0.18000006560008222,
    0.18000006368950094,
    0.18000009027538505,
    0.18000002062895626,
    0.18000001640001606,
    0.18000009039390436,
    0.18,
    0.1800000762792992,
    0.18000007387406688,
    0.18000002946111207,
    0.18000001640001606,
    0.18000001640001606,
    0.1800000065600016,
    0.18999992661374612,
    0.1800000374857554,
    0.18999991806248412,
    0.18999990308723272,
    0.18000006449452188,
    0.18,
    0.18999985932689198,
    0.18000002376818414,
    0.18000000854167547,
    0.180000022013437,
    0.18999987839995622,
    0.18999987923726255,
    0.18999993729998935,
    0.18999993729998935,
    0.18999987839995622,
    0.18999989022220434,
    0.18999987839995622,
    0.1899999023610935,
    0.18999987839995622,
    0.18999993729998935,
    0.18999993729998935,
    0.1800000065600016,
    0.18999997263999846,
    0.18000001640001606,
    0.18000001640001606,
    0.18000001640001606,
    0.18000000702857338,
    0.18000001640001606,
    0.1800000058328407,
    0.19,
    0.1800000065600016,
    0.19,
    0.19,
    0.19,
    0.18999999014814792,
    0.18,
    0.18,
    0.1700000442667381,
    0.17,
    0.17,
    0.17,
    0.1700000011828041,
    0.18,
    0.17,
    0.17,
    0.17,
    0.19,
    0.17000000063846168,
    0.18,
    0.18,
    0.18,
    0.18,
    0.18,
    0.18,
    0.18,
    0.18,
    0.18,
    0.18,
    0.18,
    0.18,
    0.18,
    0.1799999579999958,
    0.18,
    0.18,
    0.17,
    0.17,
    0.18,
    0.18,
    0.18,
    0.17,
    0.16,
    0.17,
    0.17,
    0.17,
    0.17,
    0.17,
    0.17,
    0.16,
    0.17,
    0.13000000009089635,
    0.17,
    0.17,
    0.17,
    0.17,
    0.17,
    0.15,
    0.17,
    0.17,
    0.17,
    0.17,
    0.18,
    0.18,
    0.18,
    0.18,
    0.18,
    0.18,
    0.18,
    0.17000000265600052,
    0.18,
    0.18,
    0.18,
    0.18,
    0.17,
    0.17,
    0.17,
    0.17,
    0.16999999491588783,
    0.17,
    0.17,
    0.17,
    0.17,
    0.17,
    0.17,
    0.17,
    0.17,
    0.17,
    0.17,
    0.17,
    0.16,
    0.15,
    0.15,
    0.13000000005436255,
    0.16,
    0.16,
    0.14,
    0.16,
    0.17,
    0.17,
    0.17,
    0.17,
    0.15,
    0.15,
    0.16,
    0.18,
    0.18,
    0.18,
    0.18,
    0.18,
    0.18,
    0.18,
    0.18,
    0.18,
    0.18,
    0.18,
    0.17,
    0.17,
    0.17,
    0.17,
    0.17000000249000036,
    0.18,
    0.18,
    0.18,
    0.18,
    0.18,
    0.18,
    0.18,
    0.18,
    0.18,
    0.18,
    0.18,
    0.18,
    0.18,
    0.18,
    0.18,
    0.18,
    0.18,
    0.18,
    0.18,
    0.1800000065600016,
    0.18000001640001606,
    0.1800000065600016,
    0.19,
    0.19,
    0.1800000065600016,
    0.18,
    0.18,
    0.18,
    0.18,
    0.18,
    0.18,
    0.2,
    0.19,
    0.19,
    0.19,
    0.2,
    0.2,
    0.2,
    0.2,
    0.2,
    0.2,
    0.2,
    0.2,
    0.2,
    0.2,
    0.21,
    0.21,
    0.21,
    0.21,
    0.21,
    0.21,
    0.21999999683199997,
    0.21000001738001353,
    0.21,
    0.219999998548,
    0.21,
    0.2,
    0.21,
    0.21,
    0.21,
    0.21,
    0.21,
    0.21,
    0.21,
    0.2,
    0.21,
    0.21,
    0.21,
    0.21,
    0.21,
    0.2,
    0.2,
    0.21,
    0.2,
    0.2,
    0.19,
    0.2,
    0.19,
    0.2,
    0.2,
    0.199183,
    0.17,
    0.17,
    0.18,
    0.19,
    0.20999986769995105,
    0.19,
    0.2,
    0.19,
    0.18,
    0.18,
    0.18,
    0.19,
    0.2,
    0.15,
    0.15,
    0.15,
    0.15,
    0.15,
    0.15,
    0.2,
    0.17,
    0.17,
    0.17,
    0.17,
    0.17,
    0.17,
    0.17,
    0.17,
    0.16,
    0.17,
    0.2,
    0.15000001700002005,
    0.18,
    0.18,
    0.18,
    0.18,
    0.17,
    0.17,
    0.17,
    0.15,
    0.17,
    0.17,
    0.17,
    0.17,
    0.17,
    0.17,
    0.17,
    0.17,
    0.2,
    0.19,
    0.18,
    0.18,
    0.19,
    0.19,
    0.19,
    0.19,
    0.12000003520017459,
    0.2,
    0.19,
    0.1899999483623654,
    0.18346940104166667,
    0.11000000265671826,
    0.11000000172456144,
    0.12,
    0.11,
    0.12000000054153849,
    0.12000000046933335,
    0.13,
    0.12000000096174866,
    0.2699999681399974,
    0.13000000174000104,
    0.19000002592001472,
    0.24,
    0.27,
    0.26,
    0.26,
    0.26,
    0.26,
    0.26,
    0.26,
    0.18,
    0.19,
    0.2,
    0.2,
    0.21,
    0.21,
    0.21,
    0.18,
    0.15,
    0.18,
    0.15,
    0.13000000224632124,
    0.24,
    0.24,
    0.24,
    0.26,
    0.27,
    0.27,
    0.27,
    0.26,
    0.1500000850003315,
    0.15000001039120173,
    0.2,
    0.21,
    0.3,
    0.3,
    0.3,
    0.3,
    0.3,
    0.3,
    0.3,
    0.3,
    0.3,
    0.3,
    0.3,
    0.3,
    0.12,
    0.4899999915719998,
    0.7099999431998909
]
