[
    0.001,
    0.01,
    0.01,
    0.01,
    0.02,
    0.15,
    0.07,
    0.05,
    0.06,
    0.06,
    0.01,
    0.02,
    0.02,
    0.01,
    0.01,
    0.01,
    0.01,
    0.03,
    0.02,
    0.01,
    0.01,
    0.04,
    0.03,
    0.04,
    0.04,
    0.15,
    0.15,
    0.15,
    0.15,
    0.14,
    0.14,
    0.13,
    0.13999999113333317,
    0.14,
    0.14,
    0.14,
    0.20999986769995105,
    0.14000000784671598,
    0.34,
    0.34,
    0.34,
    0.34,
    0.34,
    0.3200000054400005,
    0.33,
    0.31,
    0.33,
    0.31,
    0.31,
    0.3799999833670013,
    0.32,
    0.32000000594535577,
    0.3300000804000707,
    0.33,
    0.33,
    0.43218390723625316,
    0.40999999998453535,
    0.26999999041499984,
    0.27999997064515847,
    0.2799999688888857,
    0.28,
    0.41,
    0.439999999296,
    0.44,
    0.42,
    0.41999995333332857,
    0.41999995333332857,
    0.49,
    0.48,
    0.5,
    0.47,
    0.44000000712727294,
    0.52,
    0.46,
    0.41000001813524906,
    0.34,
    0.35,
    0.35,
    0.35,
    0.42,
    0.42,
    0.5,
    0.58,
    0.61,
    0.6,
    0.58,
    0.58,
    0.62,
    0.63,
    0.64,
    0.63,
    0.63,
    0.63,
    0.63,
    0.65,
    0.7,
    0.7,
    0.7099999627168885,
    0.73,
    0.75,
    0.81,
    0.7998558870154201,
    0.73,
    0.7854954954954955,
    0.7200000952000152,
    0.75,
    0.8,
    0.8,
    0.8,
    0.8,
    0.8,
    0.8200000283229828,
    0.8100000271428589,
    0.8100000271428589,
    0.807037037037037,
    0.82,
    0.8499999998335325,
    0.89,
    0.85,
    0.85,
    0.82,
    0.8,
    0.8,
    0.7900000418649569,
    0.84,
    0.84,
    0.84,
    0.7900000138600005,
    0.7700000544333386,
    0.77,
    0.76,
    0.81,
    0.8100000234333343,
    0.82,
    0.83,
    0.83,
    0.84,
    0.84,
    0.8399999966399984,
    0.85,
    0.84,
    0.86,
    0.86,
    0.86,
    0.87,
    0.87,
    0.92,
    0.92,
    0.91,
    0.8700001014000223,
    0.82,
    0.8,
    0.7900000714000114,
    0.8,
    0.790000132300049,
    0.79,
    0.79,
    0.8291116751269035,
    0.8199998086665837,
    0.8,
    0.8,
    0.8,
    0.8,
    0.8,
    0.8,
    0.8,
    0.8,
    0.8,
    0.85,
    0.87,
    0.92,
    0.92,
    0.9199999864278182,
    0.9199999916930016,
    0.9199998282665842,
    0.9100000081,
    0.91,
    0.8900000315333348,
    0.85,
    0.8600001176000188,
    0.8600001176000188,
    0.8600001176000188,
    0.8600001176000188,
    0.8600001176000188,
    0.8600001176000188,
    0.8600001176000188,
    0.8600001176000188,
    0.89,
    0.88,
    0.87,
    0.86,
    0.8,
    0.7700001725000432,
    0.7700001725000432,
    0.7700001725000432,
    0.7700001725000432,
    0.7700001725000432,
    0.76,
    0.7600001440000576,
    0.76,
    0.76,
    0.77,
    0.760000032640002,
    0.7799998543999301,
    0.730000001701,
    0.77,
    0.73,
    0.76,
    0.76,
    0.76,
    0.7700000544333386,
    0.7899995338993427,
    0.7700000175375008,
    0.78,
    0.8,
    0.7700000107333336,
    0.8,
    0.7700000364253419,
    0.7700000377696109,
    0.8,
    0.7700000300653621,
    0.7700000408767796,
    0.77,
    0.7700000308470619,
    0.77,
    0.77,
    0.77,
    0.77,
    0.77,
    0.78,
    0.78,
    0.78,
    0.8105697490083482,
    0.74,
    0.6799999397785809,
    0.7,
    0.69,
    0.69,
    0.69,
    0.67,
    0.6700001072500188,
    0.6700001072500188,
    0.660000057800019,
    0.660000057800019,
    0.660000057800019,
    0.660000057800019,
    0.660000057800019,
    0.6899999585999611,
    0.6899999585999611,
    0.6899999585999611,
    0.6899999585999611,
    0.6899999585999611,
    0.6899999585999611,
    0.6700000031544118,
    0.68,
    0.6899999585999611,
    0.6899999585999611,
    0.720000156800069,
    0.7200000145600007,
    0.72,
    0.72,
    0.72,
    0.6908333333333333,
    0.72,
    0.7899999912867622,
    0.79,
    0.7663138517837678,
    0.76,
    0.76,
    0.77,
    0.76,
    0.73,
    0.76,
    0.75,
    0.75,
    0.77,
    0.7699999979217272,
    0.7699999595506299,
    0.77,
    0.77,
    0.78,
    0.77,
    0.76,
    0.78,
    0.78,
    0.79,
    0.81,
    0.81,
    0.8,
    0.8,
    0.8399999857021249,
    0.8,
    0.83,
    0.8100001216000438,
    0.8100001216000438,
    0.8100001216000438,
    0.8100001216000438,
    0.8100001216000438,
    0.8,
    0.8,
    0.8,
    0.81,
    0.83,
    0.85,
    0.88,
    0.8819798631061414,
    0.88,
    0.86,
    0.8624630541871922,
    0.85,
    0.87,
    0.86,
    0.8499999404999804,
    0.81,
    0.8,
    0.77,
    0.7899999642733719,
    0.7899999972908092,
    0.7899999928680551,
    0.79,
    0.77,
    0.7400000082734239,
    0.75,
    0.75,
    0.75,
    0.75,
    0.75,
    0.75,
    0.75,
    0.75,
    0.75,
    0.75,
    0.7800001452000493,
    0.75,
    0.77,
    0.75,
    0.79,
    0.7899999910227269,
    0.78,
    0.72,
    0.69,
    0.6900000009145,
    0.6900001705000767,
    0.68,
    0.69,
    0.69,
    0.69,
    0.7,
    0.71,
    0.72,
    0.72,
    0.72,
    0.72,
    0.72,
    0.7200000051578949,
    0.72,
    0.72,
    0.71,
    0.71,
    0.71,
    0.71,
    0.71,
    0.69,
    0.64,
    0.64,
    0.64,
    0.67,
    0.65,
    0.65,
    0.64,
    0.65,
    0.65,
    0.64,
    0.62,
    0.64,
    0.6296862363115795,
    0.61,
    0.62,
    0.62,
    0.62,
    0.62,
    0.63,
    0.62,
    0.62,
    0.62,
    0.62,
    0.62,
    0.63,
    0.62,
    0.62,
    0.62,
    0.62,
    0.62,
    0.62,
    0.62,
    0.62,
    0.62,
    0.62,
    0.62,
    0.62,
    0.62,
    0.62,
    0.62,
    0.62,
    0.62,
    0.62,
    0.62,
    0.62,
    0.62,
    0.62,
    0.62,
    0.6200000167200009,
    0.62,
    0.62,
    0.62,
    0.62,
    0.62,
    0.62,
    0.62,
    0.62,
    0.62,
    0.62,
    0.62,
    0.62,
    0.62,
    0.62,
    0.61,
    0.61,
    0.61,
    0.61,
    0.61,
    0.61,
    0.61,
    0.61,
    0.61,
    0.61,
    0.61,
    0.61,
    0.61,
    0.61,
    0.61,
    0.61,
    0.61,
    0.62,
    0.62,
    0.62,
    0.62,
    0.62,
    0.62,
    0.62,
    0.62,
    0.610000109200024,
    0.610000109200024,
    0.610000109200024,
    0.61,
    0.610000109200024,
    0.61,
    0.61,
    0.610000109200024,
    0.61,
    0.61,
    0.61,
    0.610000109200024,
    0.610000109200024,
    0.610000109200024,
    0.61,
    0.61,
    0.61,
    0.61,
    0.61,
    0.61,
    0.61,
    0.61,
    0.61,
    0.61,
    0.61,
    0.61,
    0.61,
    0.61,
    0.61,
    0.61,
    0.61,
    0.61,
    0.61,
    0.61,
    0.61,
    0.61,
    0.61,
    0.61,
    0.61,
    0.61,
    0.61,
    0.61,
    0.610035354947917,
    0.6173291249718587,
    0.6,
    0.6,
    0.6,
    0.6,
    0.6,
    0.6,
    0.60999999878,
    0.56,
    0.5600000081406111,
    0.56,
    0.56,
    0.56,
    0.56,
    0.5699994983994382,
    0.51,
    0.52,
    0.51,
    0.53,
    0.5,
    0.52,
    0.5,
    0.5269453473429586,
    0.5,
    0.47,
    0.46,
    0.47,
    0.5654954954954955,
    0.55,
    0.59,
    0.5603325,
    0.5599999663999852,
    0.5599999663999852,
    0.5599999663999852,
    0.5599999663999852,
    0.5599999663999852,
    0.5599999663999852,
    0.5599999663999852,
    0.5599999968639999,
    0.5499999892787516,
    0.55,
    0.5,
    0.55,
    0.5555,
    0.61,
    0.62,
    0.5897352487237326,
    0.58,
    0.5,
    0.54,
    0.55,
    0.58,
    0.58,
    0.61,
    0.57,
    0.57,
    0.5699999990909482,
    0.5675109162405827,
    0.53,
    0.53,
    0.5100000003145271,
    0.53,
    0.57,
    0.579999992975778,
    0.5799999891925457,
    0.5999999894644418,
    0.609999999456328,
    0.63,
    0.63,
    0.65,
    0.63,
    0.65,
    0.65,
    0.65,
    0.63,
    0.61,
    0.6,
    0.61,
    0.65,
    0.64,
    0.6400000032793522,
    0.65,
    0.6300000947024131,
    0.64,
    0.63,
    0.6,
    0.6599999909974418,
    0.66,
    0.67,
    0.68,
    0.7299998101998596,
    0.74,
    0.74,
    0.74,
    0.74,
    0.74,
    0.74,
    0.74,
    0.74,
    0.74,
    0.74,
    0.78,
    0.78,
    0.74,
    0.7400000616296378,
    0.75,
    0.75,
    0.75,
    0.75,
    0.75,
    0.75,
    0.75,
    0.75,
    0.75,
    0.75,
    0.7100000027791666,
    0.7546458960215703,
    0.75,
    0.7475409835904326,
    0.7400000623041613,
    0.75,
    0.75,
    0.75,
    0.75,
    0.73,
    0.75,
    0.73,
    0.74,
    0.74,
    0.74,
    0.74,
    0.7784736766929186,
    0.74,
    0.7400005109831316,
    0.740000052000007,
    0.740000056826469,
    0.74,
    0.740000052000007,
    0.74,
    0.7400001364113803,
    0.740000052000007,
    0.740000052000007,
    0.740000052000007,
    0.740000052000007,
    0.740000069595348,
    0.74,
    0.7699997035498177,
    0.7699997035498177,
    0.7699997035498177,
    0.7699997035498177,
    0.7699997035498177,
    0.7699997035498177,
    0.75,
    0.78,
    0.76,
    0.74,
    0.7400000412698456,
    0.74,
    0.7200000485333411,
    0.75,
    0.73,
    0.74,
    0.7599999087998286,
    0.75,
    0.7600001440000576,
    0.79,
    0.78,
    0.73000000063,
    0.73,
    0.72,
    0.70000000277428,
    0.759090909090909,
    0.75,
    0.7400000161200007,
    0.74,
    0.74,
    0.73,
    0.7540570801618106,
    0.75,
    0.75,
    0.75,
    0.75,
    0.75,
    0.75,
    0.75,
    0.75,
    0.7200000052161475,
    0.75,
    0.7417674933922609,
    0.7200000009071275,
    0.7200000485333411,
    0.7399999911199997,
    0.73,
    0.720000156800069,
    0.72,
    0.7200000470927501,
    0.73,
    0.7414717769890166,
    0.739999999778,
    0.7399999708765612,
    0.72,
    0.72,
    0.73,
    0.72,
    0.73,
    0.72,
    0.72,
    0.72,
    0.72,
    0.72,
    0.73,
    0.72,
    0.74,
    0.74,
    0.74,
    0.73,
    0.7300001458000671,
    0.73,
    0.7399999975333333,
    0.74,
    0.7399999880484492,
    0.73,
    0.74,
    0.7300000143307696,
    0.7444846098304547,
    0.74,
    0.73,
    0.7300001372500446,
    0.74,
    0.73,
    0.7399999947000886,
    0.73,
    0.7300000630000063,
    0.7300000130090915,
    0.7399999674399819,
    0.7300000318600026,
    0.7300000194400006,
    0.75,
    0.75,
    0.75,
    0.7300001458000671,
    0.7300000061584991,
    0.73,
    0.7300000837000159,
    0.73,
    0.7300000271012543,
    0.7454835244583895,
    0.74,
    0.7300000143307696,
    0.7300000082500002,
    0.7300000037657896,
    0.7300000143307696,
    0.739999998816,
    0.7300000028922833,
    0.7399999674399819,
    0.73,
    0.72,
    0.72,
    0.72,
    0.71,
    0.71,
    0.71,
    0.7099999073911151,
    0.7099999431998909,
    0.71,
    0.71,
    0.71,
    0.72,
    0.71,
    0.71,
    0.71,
    0.71,
    0.7199999998338461,
    0.71,
    0.71,
    0.71,
    0.71,
    0.71,
    0.71,
    0.71,
    0.7199997407998341,
    0.7199999994950026,
    0.7199999740799984,
    0.71,
    0.71,
    0.7099999996550608,
    0.71,
    0.71,
    0.71,
    0.71,
    0.71,
    0.71,
    0.71,
    0.71,
    0.71,
    0.71,
    0.7100000290000013,
    0.72,
    0.7199995391993733,
    0.72,
    0.7199995391993733,
    0.72,
    0.72,
    0.7200000104599582,
    0.72,
    0.7299998101998596,
    0.720000000896,
    0.7299998101998596,
    0.7299998101998596,
    0.7299998101998596,
    0.72,
    0.73,
    0.73,
    0.73,
    0.74,
    0.73,
    0.73,
    0.73,
    0.74,
    0.7399999674399819,
    0.7300000071499103,
    0.73,
    0.73,
    0.73,
    0.7399999457333192,
    0.73,
    0.7200000016857705,
    0.7399999457333192,
    0.73,
    0.73,
    0.72,
    0.7299999886085798,
    0.73,
    0.72,
    0.7199999992455993,
    0.72,
    0.719999985599996,
    0.7199999996928,
    0.71,
    0.71,
    0.7199999995801749,
    0.72,
    0.7199999997794413,
    0.7100000359600027,
    0.71999951999952,
    0.71,
    0.71,
    0.71,
    0.7100000218314992,
    0.710000003944,
    0.710000001885,
    0.7199997407998341,
    0.71,
    0.71,
    0.71,
    0.71,
    0.71,
    0.7199999819999982,
    0.7100000725000182,
    0.71,
    0.71,
    0.7199995391993733,
    0.71,
    0.7199995391993733,
    0.7100000092800002,
    0.7100000366686819,
    0.71999999952,
    0.71,
    0.7100000157888898,
    0.7199995391993733,
    0.710000008506667,
    0.7100000092800002,
    0.7199995391993733,
    0.7199997407998341,
    0.7100000725000182,
    0.7199995391993733,
    0.71,
    0.71,
    0.71,
    0.7100000045247039,
    0.72,
    0.7199999965657047,
    0.7199999976746063,
    0.719999998425656,
    0.7199995391993733,
    0.7134917356604394,
    0.7,
    0.7099999983536232,
    0.7,
    0.7,
    0.7,
    0.7099999999085606,
    0.7099994390993213,
    0.7099999755759989,
    0.7,
    0.7,
    0.7,
    0.7099994390993213,
    0.71,
    0.71,
    0.71,
    0.71,
    0.71,
    0.71,
    0.71,
    0.71,
    0.71,
    0.7000000060954342,
    0.7,
    0.71,
    0.7,
    0.7,
    0.7,
    0.7,
    0.71,
    0.7100001334000721,
    0.7100000014137814,
    0.71,
    0.7199995391993733,
    0.7199998617599712,
    0.7199998617599712,
    0.71,
    0.71,
    0.71,
    0.71,
    0.7100000150272733,
    0.7199995391993733,
    0.7199999988,
    0.7100000145000004,
    0.719999992255462,
    0.7100000100384282,
    0.71,
    0.71,
    0.71,
    0.71,
    0.71,
    0.7100000061074392,
    0.72,
    0.72,
    0.72,
    0.72,
    0.71,
    0.720000156800069,
    0.72,
    0.7100000019444614,
    0.72,
    0.71,
    0.7200000112000005,
    0.720000156800069,
    0.7299999087499658,
    0.7299999988116279,
    0.720000156800069,
    0.7299998101998596,
    0.72,
    0.7299999415999852,
    0.7299999998523538,
    0.7299998101998596,
    0.7299999415999852,
    0.720000156800069,
    0.7299999985852713,
    0.7299998101998596,
    0.7299998101998596,
    0.7199999047932436,
    0.7199999807999877,
    0.73,
    0.7267604169629653,
    0.72,
    0.7199998559995968,
    0.7100001691667089,
    0.7199999654399878,
    0.7100000359600027,
    0.7,
    0.71,
    0.71,
    0.71,
    0.7199998559995968,
    0.7100000522000081,
    0.71,
    0.71,
    0.71,
    0.71,
    0.7199999654399878,
    0.71,
    0.71,
    0.7199998559995968,
    0.7000000446650169,
    0.7184319807769661,
    0.690000037820003,
    0.7,
    0.6900000190769249,
    0.7,
    0.6900000635500187,
    0.6900001705000767,
    0.7,
    0.6999999929999994,
    0.7,
    0.6900000341000048,
    0.6999999938596486,
    0.6900000088177779,
    0.6900000164300008,
    0.6900000164300008,
    0.6900000038971429,
    0.6999999929999994,
    0.690000037820003,
    0.7,
    0.7,
    0.7,
    0.7000000750000187,
    0.7099999502999869,
    0.7,
    0.7099999431998909,
    0.71,
    0.71,
    0.71,
    0.7099999993846666,
    0.7099999961656163,
    0.71,
    0.71,
    0.7099999980884615,
    0.71,
    0.7099999825307546,
    0.7000000180000007,
    0.7099999815399987,
    0.7000000239616633,
    0.7,
    0.71,
    0.7099999701799893,
    0.7099994390993213,
    0.7099999929709999,
    0.71,
    0.7099999798093743,
    0.6900001008130573,
    0.6900000579565361,
    0.6900000298210329,
    0.6900001079259683,
    0.6900001127273249,
    0.7099999882838266,
    0.7099999858672948,
    0.7099999915476124,
    0.6900000174828075,
    0.7099999075348528,
    0.6900000741785802,
    0.7099998402496366,
    0.7099999886399911,
    0.71,
    0.7099998816666075,
    0.7099998402496366,
    0.7099999590946358,
    0.709999981846588,
    0.7099999922474971,
    0.7099999955184847,
    0.7099999235383816,
    0.709999985130889,
    0.6900000164291925,
    0.6900000119426235,
    0.6900000291788401,
    0.7,
    0.7099999906361507,
    0.7099999861975108,
    0.7099999863118157,
    0.7099999847857106,
    0.7099999431998909,
    0.7099999920976021,
    0.7099999832547143,
    0.7099999677272566,
    0.7099999993153325,
    0.7099999583538261,
    0.6900000141823607,
    0.7099999853909456,
    0.7099999846166645,
    0.7099999920976021,
    0.71,
    0.7099999431998909,
    0.709999985523632,
    0.7099999854760012,
    0.7099999902929679,
    0.690000009891051,
    0.6900000137777784,
    0.7099999886399911,
    0.6900000844255448,
    0.7099998402496366,
    0.709999980636329,
    0.6900000550216591,
    0.7099999431998909,
    0.7099999502999869,
    0.7099999421029841,
    0.6900000536538575,
    0.71,
    0.7099998402496366,
    0.6900000111210768,
    0.7099999956969694,
    0.7022920670394927,
    0.6900000149958304,
    0.7,
    0.6900000165368337,
    0.7,
    0.6900000451714349,
    0.6999997479998891,
    0.6999998642658791,
    0.6999995333328667,
    0.6900001359231219,
    0.690000124000036,
    0.6999996865669926,
    0.7,
    0.6999999749103861,
    0.699999846575292,
    0.6900000144666671,
    0.6900000093000004,
    0.7,
    0.7,
    0.7,
    0.709999988782526,
    0.7099999940563162,
    0.7,
    0.7000001096224384,
    0.7099999994625283,
    0.7099999854760012,
    0.7000000144462284,
    0.7099999864976199,
    0.7099999933164369,
    0.709999986919675,
    0.7099999960555552,
    0.7099999933361769,
    0.7,
    0.7099999872072064,
    0.709999985130889,
    0.7099999866962514,
    0.6900000098774515,
    0.7099999918349997,
    0.7099999858314848,
    0.7099999749411744,
    0.709999998308181,
    0.7,
    0.6900002598531055,
    0.7,
    0.7099999755759989,
    0.7099999918349997,
    0.7099994390993213,
    0.7099999725656846,
    0.71,
    0.7099999678809309,
    0.7099999431998909,
    0.7099999873410845,
    0.7099999994319999,
    0.6900000229578106,
    0.7099999888384262,
    0.7099999831842094,
    0.7099999948810379,
    0.7099999980931063,
    0.709999981846588,
    0.7099999955184847,
    0.7099999920086567,
    0.7099999834587774,
    0.7099999838227811,
    0.7099999864976199,
    0.7,
    0.7099999928216899,
    0.7099999917381813,
    0.7,
    0.7099999978614456,
    0.7099999987403225,
    0.7099999936504056,
    0.7099999701799893,
    0.7099999935060971,
    0.7099999982905294,
    0.7099999431998909,
    0.7099999859683783,
    0.7099999900699286,
    0.7099999431998909,
    0.71,
    0.700000017324351,
    0.7099999906361507,
    0.70999998333673,
    0.7099999864593678,
    0.7099999852329429,
    0.7099999431998909,
    0.6900000095311304,
    0.69000001637324,
    0.71,
    0.7099999864173904,
    0.7099999858314848,
    0.7099999618971996,
    0.7099999901949627,
    0.6900000289765544,
    0.7,
    0.7,
    0.700000014839242,
    0.7099999501135521,
    0.7099994390993213,
    0.7099999940563162,
    0.7,
    0.7099999610115572,
    0.7099999927179482,
    0.7099999470980348,
    0.7099999378308388,
    0.71,
    0.6900000106384682,
    0.6900000169826093,
    0.6900000137559434,
    0.7099999813683211,
    0.7099994390993213,
    0.7099999994378463,
    0.7099999917381813,
    0.7099999389991087,
    0.7099999847372578,
    0.7099999982905294,
    0.7099999942171941,
    0.7099999841234308,
    0.7094840014990584,
    0.6900000141813809,
    0.6900000097821192,
    0.7,
    0.6900000163791767,
    0.6999999614476751,
    0.6999999618677004,
    0.6999999879310326,
    0.7,
    0.7,
    0.7,
    0.7,
    0.6999999444994979,
    0.6999999869646173,
    0.6999999363636132,
    0.6999999607999959,
    0.7,
    0.6999999535269663,
    0.6999999455555477,
    0.6999999847826074,
    0.7,
    0.690000019643565,
    0.6900000166124409,
    0.69,
    0.6900002118784928,
    0.69,
    0.6999999470699373,
    0.6999999856393887,
    0.7,
    0.6999999584745717,
    0.6999999490909036,
    0.6999999547134881,
    0.6999999456310616,
    0.6900000135809531,
    0.6999999876868944,
    0.6999999851222092,
    0.6999999861523233,
    0.6900000135809531,
    0.6900000185074633,
    0.6900000105352597,
    0.6999999555907968,
    0.6900000145264215,
    0.6900000150658984,
    0.7,
    0.6999999941812132,
    0.7,
    0.6999999890965726,
    0.6999999603559829,
    0.7,
    0.6999999860557757,
    0.69,
    0.6900000102892825,
    0.69,
    0.709999997422867,
    0.6900000111210768,
    0.6900000158850936,
    0.6900000146971034,
    0.7099999906885232,
    0.7099999948326048,
    0.7099999850468011,
    0.7099999937414287,
    0.7099999857999952,
    0.7099999948217172,
    0.7,
    0.7,
    0.71,
    0.7099999988739095,
    0.7099999896013012,
    0.7099999963558591,
    0.6900000115650597,
    0.7099999899834002,
    0.7099999882838266,
    0.7099999701799893,
    0.7099999847857106,
    0.7099999886453403,
    0.7099999431998909,
    0.6900000123515629,
    0.7,
    0.6900000123588045,
    0.6999999719999955,
    0.6900000136696566,
    0.6900000142251088,
    0.6900000152548337,
    0.7,
    0.6999999944089453,
    0.7,
    0.7,
    0.7,
    0.7,
    0.7,
    0.7,
    0.699999990371388,
    0.6900000141023563,
    0.7,
    0.6999999935004637,
    0.6999999951890031,
    0.6900000163791767,
    0.7,
    0.6900000152161175,
    0.7,
    0.7,
    0.7,
    0.7099999890077396,
    0.7099999966051911,
    0.7099999974024384,
    0.7099999884624973,
    0.7000000146579809,
    0.7099999853259109,
    0.7099999974588402,
    0.7099999990366349,
    0.7,
    0.7099999863763831,
    0.7,
    0.7000000304054075,
    0.7099999769036068,
    0.7099999889637297,
    0.7099999910971778,
    0.7,
    0.7,
    0.7099999844624126,
    0.7099999851661879,
    0.7099999925504434,
    0.6900000410231115,
    0.69,
    0.7,
    0.6900000303596038,
    0.7099999960555552,
    0.7099999431998909,
    0.7,
    0.6999999877622369,
    0.7099999902237515,
    0.6900000134902315,
    0.7099999925504434,
    0.7099999911249988,
    0.7099999924714507,
    0.6900000108729545,
    0.7099999986851847,
    0.6900000133411586,
    0.7099999896070872,
    0.7099999939522994,
    0.70021207769318,
    0.6900000135809531,
    0.699999994841562,
    0.7,
    0.7,
    0.6900000113096358,
    0.6900000164300008,
    0.7,
    0.7,
    0.6900000424056646,
    0.6900000337690668,
    0.6900000333544338,
    0.6900000234172686,
    0.69,
    0.6900000261624223,
    0.7,
    0.7,
    0.7,
    0.6999999916467776,
    0.6999999961111107,
    0.6900000559177292,
    0.6900000376553733,
    0.6900000509221965,
    0.6900000286374174,
    0.6900000276673459,
    0.6900000409691666,
    0.6999999897285386,
    0.6999999947683102,
    0.6999999903248088,
    0.7,
    0.6900001705000767,
    0.6999999719999955,
    0.7,
    0.6900000767619223,
    0.6999999641025475,
    0.6900001359231219,
    0.6999999704641238,
    0.6900000920606345,
    0.6999999695652055,
    0.6900000711176726,
    0.7,
    0.6999999815303337,
    0.7,
    0.7,
    0.6999999380529932,
    0.7,
    0.69,
    0.69,
    0.6900000040073171,
    0.7,
    0.6999999020978473,
    0.6900000767619223,
    0.6900000995263362,
    0.6999999363636132,
    0.690000107180871,
    0.6999999363636132,
    0.7,
    0.7,
    0.7,
    0.71,
    0.71,
    0.7199998559995968,
    0.72,
    0.71,
    0.71,
    0.7100000092800002,
    0.729999967879995,
    0.7100001334000721,
    0.7199998559995968,
    0.72,
    0.7299999981579611,
    0.7199998559995968,
    0.7199998559995968,
    0.7199998559995968,
    0.7199998559995968,
    0.7199998559995968,
    0.7199998559995968,
    0.7299998101998596,
    0.72,
    0.7199995391993733,
    0.7199995391993733,
    0.7101369499298148,
    0.6900001705000767,
    0.72,
    0.71,
    0.7099999921413365,
    0.700000180000072,
    0.5600000042545786,
    0.7299998101998596,
    0.7299998101998596,
    0.75,
    0.75,
    0.75,
    0.75,
    0.75,
    0.75,
    0.75,
    0.75,
    0.75,
    0.75,
    0.54,
    0.7199998559995968,
    0.46,
    0.46,
    0.43,
    0.39000007814286924,
    0.45,
    0.45,
    0.45,
    0.45,
    0.56,
    0.56,
    0.56,
    0.66,
    0.56,
    0.56,
    0.56,
    0.56,
    0.45,
    0.56,
    0.56,
    0.56,
    0.56,
    0.56,
    0.46000002103896365,
    0.4400001568001129
]
