[
    0.999,
    0.999,
    0.999,
    0.999,
    0.999,
    0.999,
    0.999,
    0.999,
    0.999,
    0.999,
    0.999,
    0.999,
    0.999,
    0.998749431509047,
    0.9961738736821905,
    0.994,
    0.99,
    0.995,
    0.995,
    0.995,
    0.99,
    0.99,
    0.99,
    0.995,
    0.9969999999933533,
    0.99,
    0.99,
    0.99,
    0.99,
    0.98,
    0.99,
    0.99,
    0.98,
    0.99,
    0.99,
    0.98,
    0.98,
    0.98,
    0.98,
    0.9700000288000011,
    0.98,
    0.98,
    0.97,
    0.96,
    0.95,
    0.9300000637000058,
    0.954056117451684,
    0.9300000126000002,
    0.9405940577306392,
    0.9300000637000058,
    0.92,
    0.91,
    0.9,
    0.9,
    0.87,
    0.82,
    0.86,
    0.8,
    0.8,
    0.8,
    0.7799999984523808,
    0.790000132300049,
    0.8,
    0.8,
    0.83,
    0.8099999997556561,
    0.8099999950859452,
    0.8299999979731378,
    0.83,
    0.83,
    0.83,
    0.83,
    0.83,
    0.8,
    0.8,
    0.770000030820002,
    0.78,
    0.78,
    0.81,
    0.8099999973658535,
    0.82,
    0.83,
    0.82,
    0.790000026040002,
    0.790000132300049,
    0.76,
    0.7700000067160001,
    0.770000030820002,
    0.77,
    0.77,
    0.7699999938734169,
    0.7700001725000432,
    0.770000003795,
    0.8200000783529532,
    0.76,
    0.83,
    0.8300001139000376,
    0.8300001139000376,
    0.83,
    0.84,
    0.84,
    0.8300000006715,
    0.8300000861333471,
    0.84,
    0.84,
    0.84,
    0.83,
    0.83,
    0.833277762839473,
    0.8099999979454658,
    0.8099999987312029,
    0.79,
    0.79,
    0.8,
    0.8,
    0.79,
    0.8,
    0.8199364261987635,
    0.85,
    0.84,
    0.82,
    0.84,
    0.85,
    0.85,
    0.8499999986995103,
    0.8548577494833078,
    0.85,
    0.87,
    0.91,
    0.94,
    0.94,
    0.94,
    0.91,
    0.89,
    0.8900000198739502,
    0.8900000237254909,
    0.8900000216515843,
    0.8900000141300818,
    0.89,
    0.88,
    0.87,
    0.8500001125000282,
    0.8500001125000282,
    0.82,
    0.85,
    0.86,
    0.85,
    0.8200000023563636,
    0.8,
    0.820000001296,
    0.82,
    0.8100000058727274,
    0.84,
    0.81,
    0.82,
    0.8,
    0.82,
    0.7800000147972309,
    0.83,
    0.83,
    0.8266666666666667,
    0.829999999834,
    0.8266666666666667,
    0.82,
    0.82,
    0.8533333333333334,
    0.879999999648,
    0.8600000051800001,
    0.87,
    0.78,
    0.78,
    0.85,
    0.8100000087986579,
    0.83,
    0.8200000129600004,
    0.8200000072000001,
    0.86,
    0.86,
    0.85,
    0.85,
    0.85,
    0.8200000129600004,
    0.84,
    0.8,
    0.8,
    0.8100000021533333,
    0.83,
    0.850000024000001,
    0.87,
    0.8500001125000282,
    0.85,
    0.85,
    0.85,
    0.85,
    0.85,
    0.85,
    0.85,
    0.85,
    0.850000010909091,
    0.850000060000006,
    0.86,
    0.85,
    0.84,
    0.84,
    0.84,
    0.84,
    0.84,
    0.84,
    0.84,
    0.84,
    0.84,
    0.84,
    0.84,
    0.84,
    0.84,
    0.84,
    0.84,
    0.84,
    0.84,
    0.85,
    0.85,
    0.85,
    0.85,
    0.85,
    0.84,
    0.84,
    0.86,
    0.86,
    0.8500001278409454,
    0.869999998259999,
    0.86,
    0.85,
    0.85,
    0.86,
    0.8600000051800001,
    0.86,
    0.8600000051800001,
    0.88,
    0.8600000185161296,
    0.86,
    0.86,
    0.8600000036326392,
    0.8799999647998255,
    0.8799999859199946,
    0.8799999964799989,
    0.8799999995306667,
    0.8700001014000223,
    0.88,
    0.8799999982862706,
    0.8799999999648,
    0.87,
    0.8700001014000223,
    0.87,
    0.8700000017333334,
    0.8700000097500002,
    0.8799999647998255,
    0.8799999997066666,
    0.88,
    0.8799999996828829,
    0.8799999993481481,
    0.8799999964799989,
    0.8799999988999999,
    0.88,
    0.88,
    0.87,
    0.8700001014000223,
    0.870000001092,
    0.8700001014000223,
    0.87,
    0.88,
    0.8899999990058334,
    0.8899999946599995,
    0.89,
    0.8900000324435948,
    0.9,
    0.9,
    0.9,
    0.9,
    0.9,
    0.9,
    0.9,
    0.9,
    0.9,
    0.9,
    0.9,
    0.9,
    0.9,
    0.89,
    0.9,
    0.9,
    0.8900000184800005,
    0.8900000086900002,
    0.8900000049999478,
    0.89,
    0.8900000968000116,
    0.89,
    0.8900000478500031,
    0.890000005775,
    0.9,
    0.9,
    0.9,
    0.9,
    0.9,
    0.9,
    0.9,
    0.89,
    0.9,
    0.9,
    0.9,
    0.88999995549998,
    0.9,
    0.88999995549998,
    0.9,
    0.9,
    0.9,
    0.89,
    0.89,
    0.88,
    0.8899999991901725,
    0.88,
    0.88,
    0.8799999859199946,
    0.88,
    0.88,
    0.88,
    0.88,
    0.88,
    0.88,
    0.88,
    0.88,
    0.88,
    0.88,
    0.88,
    0.87,
    0.87,
    0.87,
    0.87,
    0.87,
    0.87,
    0.87,
    0.87,
    0.87,
    0.87,
    0.87,
    0.87,
    0.87,
    0.87,
    0.87,
    0.87,
    0.87,
    0.87,
    0.87,
    0.87,
    0.87,
    0.87,
    0.87,
    0.87,
    0.87,
    0.87,
    0.87,
    0.87,
    0.87,
    0.87,
    0.87,
    0.87,
    0.86,
    0.86,
    0.87,
    0.8600001176000188,
    0.8699997259498122,
    0.8699997259498122,
    0.8699997259498122,
    0.8699997259498122,
    0.8699997259498122,
    0.8699997259498122,
    0.8699997259498122,
    0.8699997259498122,
    0.87,
    0.87,
    0.87,
    0.87,
    0.87,
    0.8699999912999827,
    0.8699999912999827,
    0.8699999912999827,
    0.8699999912999827,
    0.8699999912999827,
    0.8699999912999827,
    0.8699999912999827,
    0.8699999912999827,
    0.8699999912999827,
    0.8699999912999827,
    0.8699999912999827,
    0.8699999912999827,
    0.8699999912999827,
    0.8699999912999827,
    0.8699999912999827,
    0.8699999912999827,
    0.8699999912999827,
    0.8699999912999827,
    0.8699999912999827,
    0.8699999912999827,
    0.8699999912999827,
    0.8699999912999827,
    0.8699999164796739,
    0.8699999912999827,
    0.8699999912999827,
    0.8699999912999827,
    0.8699999912999827,
    0.8699999912999827,
    0.8699999912999827,
    0.8699999912999827,
    0.860000021280001,
    0.87,
    0.87,
    0.86,
    0.8699999912999827,
    0.8699999912999827,
    0.8699999912999827,
    0.8699999912999827,
    0.8699999912999827,
    0.8699999912999827,
    0.8699999912999827,
    0.8699999912999827,
    0.8699999912999827,
    0.8699999912999827,
    0.8600001176000188,
    0.8699999912999827,
    0.8699999912999827,
    0.8699999912999827,
    0.8699999912999827,
    0.8699999912999827,
    0.8699999912999827,
    0.8699999912999827,
    0.8699999912999827,
    0.8600001176000188,
    0.8699999912999827,
    0.8699999912999827,
    0.8699999912999827,
    0.8699999912999827,
    0.8699999912999827,
    0.8699999912999827,
    0.8699999912999827,
    0.8699999912999827,
    0.8699999912999827,
    0.8699999912999827,
    0.8699999912999827,
    0.8699999912999827,
    0.8600000051800001,
    0.8699999912999827,
    0.8699999912999827,
    0.8699999912999827,
    0.8699999912999827,
    0.8699999912999827,
    0.8699999912999827,
    0.8699999912999827,
    0.8699999912999827,
    0.8699999912999827,
    0.8699999912999827,
    0.8699999912999827,
    0.8699999912999827,
    0.8699999912999827,
    0.8699999912999827,
    0.8699999912999827,
    0.8699999912999827,
    0.8699999912999827,
    0.8699999912999827,
    0.8699999912999827,
    0.87,
    0.8600001176000188,
    0.87,
    0.86,
    0.86,
    0.86,
    0.8699999934641031,
    0.8699999971032178,
    0.87,
    0.87,
    0.87,
    0.8699999912999827,
    0.8699999912999827,
    0.8699999912999827,
    0.8699999912999827,
    0.8600001176000188,
    0.869999998259999,
    0.86,
    0.86,
    0.86,
    0.85,
    0.8500000023804486,
    0.86,
    0.86,
    0.85,
    0.8699999912999827,
    0.8699999912999827,
    0.8699999912999827,
    0.8699999912999827,
    0.8699999912999827,
    0.8699999912999827,
    0.8699999912999827,
    0.8699999912999827,
    0.8600000753846231,
    0.8699999912999827,
    0.8699999912999827,
    0.8699999912999827,
    0.8699999912999827,
    0.86,
    0.8600001176000188,
    0.87,
    0.8699999912999827,
    0.8600000078400001,
    0.86,
    0.8799995071992903,
    0.8799995071992903,
    0.8799995071992903,
    0.8799995071992903,
    0.8799995071992903,
    0.8799995071992903,
    0.8799995071992903,
    0.8799995071992903,
    0.8600000174916711,
    0.86,
    0.86,
    0.8799996127997831,
    0.8799996127997831,
    0.8799996127997831,
    0.8799996127997831,
    0.8799995071992903,
    0.8799995071992903,
    0.8799995071992903,
    0.8799995071992903,
    0.8700001099783342,
    0.8799995071992903,
    0.8799999788799984,
    0.8799999788799984,
    0.8799999061332807,
    0.8799999788799984,
    0.88,
    0.8799999788799984,
    0.8799999788799984,
    0.8799995071992903,
    0.8799999788799984,
    0.8799999788799984,
    0.8600000078400001,
    0.860000021280001,
    0.8798188310725334,
    0.86,
    0.86,
    0.86,
    0.86,
    0.86,
    0.86,
    0.87,
    0.860000021280001,
    0.87,
    0.87,
    0.8699999912999827,
    0.8699999912999827,
    0.86,
    0.87,
    0.87,
    0.87,
    0.8799999859199946,
    0.88,
    0.8799999647998255,
    0.87,
    0.8700001014000223,
    0.87,
    0.87,
    0.87,
    0.8699999751428046,
    0.87,
    0.8600000151052635,
    0.8699999998237975,
    0.87,
    0.86,
    0.87,
    0.87,
    0.87,
    0.87,
    0.88,
    0.88,
    0.8700000533000048,
    0.88,
    0.8799999647998255,
    0.8799999964799989,
    0.8799999964799989,
    0.88,
    0.8799999964799989,
    0.8799999647998255,
    0.8799999878829481,
    0.8740033754228961,
    0.86,
    0.87,
    0.86,
    0.87,
    0.87,
    0.87,
    0.87,
    0.87,
    0.87,
    0.87,
    0.87,
    0.88,
    0.8799999955999994,
    0.8700000533000048,
    0.8799999882666395,
    0.8799999647998255,
    0.88,
    0.88,
    0.88,
    0.88,
    0.8799999647998255,
    0.88,
    0.8700000210600008,
    0.8799999882666395,
    0.88,
    0.8799999647998255,
    0.88,
    0.8799999647998255,
    0.8700000533000048,
    0.87,
    0.8700001014000223,
    0.8799999964799989,
    0.8799999964799989,
    0.8700001014000223,
    0.87,
    0.8700000533000048,
    0.87,
    0.87,
    0.870000000625625,
    0.8799999647998255,
    0.8799999647998255,
    0.88,
    0.8799999647998255,
    0.879999999648,
    0.8799999295999915,
    0.8799995071992903,
    0.8799995071992903,
    0.8799995071992903,
    0.8799995071992903,
    0.87,
    0.8799995071992903,
    0.8700000049400001,
    0.8700000093840233,
    0.8799999943679999,
    0.87,
    0.8799999647998255,
    0.88,
    0.88,
    0.8799999647998255,
    0.88,
    0.8799999964799989,
    0.8799999882666395,
    0.8799999647998255,
    0.8799999964799989,
    0.8799999964799989,
    0.87,
    0.8799999964799989,
    0.8799999647998255,
    0.8799999964799989,
    0.87,
    0.8799999964799989,
    0.8700000093363638,
    0.8799999964799989,
    0.8799999964799989,
    0.8799999945846112,
    0.8799999964799989,
    0.8700001014000223,
    0.8700000097500002,
    0.87,
    0.879865,
    0.8699999912999827,
    0.87,
    0.86,
    0.87,
    0.88,
    0.87,
    0.87,
    0.87,
    0.87,
    0.86,
    0.86,
    0.86,
    0.8599999655999497,
    0.8599999987099998,
    0.86,
    0.86,
    0.86,
    0.8699999912999827,
    0.86,
    0.86,
    0.86,
    0.8600000574000052,
    0.86,
    0.86,
    0.86,
    0.86,
    0.86,
    0.86,
    0.85,
    0.84,
    0.8399999817556548,
    0.84,
    0.8499994474992542,
    0.84,
    0.85,
    0.8200000720000072,
    0.8499999983,
    0.849999995749999,
    0.8499999829999799,
    0.85,
    0.85,
    0.85,
    0.8499999974006115,
    0.8300000033998425,
    0.86,
    0.85,
    0.85,
    0.85,
    0.8499999980511089,
    0.85,
    0.83,
    0.83,
    0.79,
    0.79,
    0.78,
    0.77,
    0.78,
    0.77,
    0.7,
    0.7,
    0.67,
    0.7,
    0.67,
    0.82,
    0.82,
    0.82,
    0.82,
    0.82,
    0.61,
    0.6,
    0.61,
    0.61,
    0.61,
    0.62,
    0.69,
    0.7,
    0.7,
    0.7,
    0.7,
    0.67,
    0.68,
    0.68,
    0.67,
    0.71,
    0.71,
    0.71,
    0.71,
    0.71,
    0.71,
    0.71,
    0.71,
    0.71,
    0.71,
    0.71,
    0.7,
    0.7,
    0.7,
    0.68,
    0.68,
    0.61,
    0.61,
    0.61,
    0.61,
    0.61,
    0.61,
    0.61,
    0.61,
    0.62,
    0.68,
    0.68,
    0.68,
    0.68,
    0.68,
    0.68,
    0.68,
    0.7399999674399819
]
