[
    0.01,
    0.01,
    0.01,
    0.01,
    0.01,
    0.01,
    0.01,
    0.01,
    0.01,
    0.01,
    0.01,
    0.01,
    0.01,
    0.01,
    0.01,
    0.04089745317342676,
    0.02,
    0.02,
    0.02,
    0.02,
    0.03,
    0.04,
    0.05,
    0.03,
    0.02999999711999999,
    0.02,
    0.029999971199998848,
    0.03,
    0.03,
    0.03,
    0.03,
    0.03,
    0.06,
    0.07,
    0.05,
    0.07,
    0.05,
    0.08,
    0.08,
    0.1,
    0.08,
    0.1,
    0.1,
    0.14,
    0.22,
    0.22,
    0.21999996238341638,
    0.24,
    0.25,
    0.25,
    0.24,
    0.24,
    0.3,
    0.3,
    0.3,
    0.30999994006665826,
    0.30000002333334036,
    0.30999994006665826,
    0.3,
    0.30999998945999985,
    0.3000000175000083,
    0.30999994006665826,
    0.30000000036547797,
    0.3,
    0.28,
    0.279999843199931,
    0.26,
    0.26000000888000036,
    0.3022596737312816,
    0.28,
    0.26,
    0.28,
    0.29000002982001066,
    0.29,
    0.29,
    0.27,
    0.2693688,
    0.22999999723999998,
    0.20937750969110158,
    0.17,
    0.15652173348204151,
    0.2,
    0.2,
    0.2,
    0.2,
    0.2,
    0.2,
    0.19,
    0.2,
    0.2,
    0.19,
    0.2,
    0.2,
    0.2,
    0.2,
    0.2,
    0.2,
    0.2,
    0.1940701854825798,
    0.16,
    0.16,
    0.16,
    0.16,
    0.15,
    0.15,
    0.15,
    0.15,
    0.15,
    0.15,
    0.15,
    0.15,
    0.15,
    0.13,
    0.14,
    0.14,
    0.16999994219999076,
    0.14,
    0.12,
    0.14,
    0.16,
    0.16000000279069812,
    0.2,
    0.198,
    0.2,
    0.21,
    0.21,
    0.17,
    0.19,
    0.19,
    0.2,
    0.2,
    0.20999999637749997,
    0.20999999637749997,
    0.20999999893561644,
    0.20999997180933683,
    0.20999999845125,
    0.2,
    0.2,
    0.2,
    0.2,
    0.17999999459167945,
    0.14,
    0.1767617251944379,
    0.16,
    0.15,
    0.12,
    0.14000000106468596,
    0.12,
    0.15,
    0.12,
    0.149999939999994,
    0.1799999279999928,
    0.2,
    0.18999987839995622,
    0.15,
    0.2,
    0.17,
    0.18999997263999846,
    0.2,
    0.22939667890482718,
    0.2,
    0.2,
    0.2,
    0.2,
    0.15000001700002005,
    0.17,
    0.16,
    0.1,
    0.1,
    0.1,
    0.09,
    0.1,
    0.1,
    0.14999997599999904,
    0.1,
    0.1199999519999952,
    0.14999990399998464,
    0.1399999912098008,
    0.1,
    0.1,
    0.16,
    0.11000000044500002,
    0.15492556794744924,
    0.11,
    0.11,
    0.13,
    0.13000000174000104,
    0.14,
    0.16,
    0.17,
    0.17,
    0.21,
    0.1900000067500022,
    0.21,
    0.2,
    0.2099999285999886,
    0.20999986769995105,
    0.20999997395999803,
    0.20999986769995105,
    0.19,
    0.21999998210378577,
    0.21999998608546978,
    0.2199999887179483,
    0.19,
    0.18,
    0.19,
    0.18,
    0.19,
    0.2,
    0.19,
    0.18,
    0.19,
    0.17,
    0.19,
    0.19,
    0.19,
    0.2,
    0.21999997387499903,
    0.21999998608546978,
    0.21999998762613698,
    0.2199999887179483,
    0.19000000202500025,
    0.2,
    0.2,
    0.19,
    0.22999999134336982,
    0.19,
    0.2,
    0.2,
    0.28,
    0.35,
    0.27,
    0.29,
    0.31,
    0.33,
    0.33,
    0.32,
    0.3299999894010411,
    0.32,
    0.33464673072399814,
    0.3399999870476185,
    0.31000000745200024,
    0.29,
    0.3,
    0.32,
    0.34,
    0.34,
    0.38,
    0.39,
    0.39,
    0.42,
    0.4,
    0.39,
    0.39,
    0.39,
    0.4,
    0.41886305905072246,
    0.4099999446499798,
    0.4052985327787228,
    0.4099999934427608,
    0.4099999847441856,
    0.42,
    0.4599997607998852,
    0.42,
    0.3900000244000039,
    0.41,
    0.4012,
    0.4,
    0.4,
    0.35,
    0.389999890799976,
    0.38999999024999976,
    0.385090100883758,
    0.33,
    0.35,
    0.37999999733999995,
    0.35000000650000057,
    0.35,
    0.35,
    0.36,
    0.35962636622841754,
    0.31,
    0.29,
    0.29,
    0.29,
    0.29000000534017106,
    0.2900000014760915,
    0.29000003056751933,
    0.2900000012292244,
    0.3,
    0.3,
    0.28,
    0.24000000002437186,
    0.27,
    0.21000003686668953,
    0.21000003686668953,
    0.21000003686668953,
    0.21000003686668953,
    0.21000003686668953,
    0.21000003686668953,
    0.21000003686668953,
    0.21000003686668953,
    0.22,
    0.25,
    0.2459016393442623,
    0.24,
    0.23,
    0.24,
    0.287452,
    0.23,
    0.24,
    0.2,
    0.21,
    0.23,
    0.230000000462,
    0.21,
    0.2,
    0.2,
    0.2,
    0.2,
    0.2,
    0.22,
    0.22,
    0.23,
    0.27714265918381487,
    0.24,
    0.25,
    0.24,
    0.25,
    0.23,
    0.22,
    0.22,
    0.19,
    0.19000000064435937,
    0.190000000729,
    0.17000000074700003,
    0.22999999723999998,
    0.19,
    0.190000000729,
    0.19000002430009647,
    0.19000002430009647,
    0.19000002430009647,
    0.19000002430009647,
    0.19000002430009647,
    0.19000002430009647,
    0.19000002430009647,
    0.19,
    0.19000002430009647,
    0.21,
    0.2,
    0.19,
    0.18,
    0.16505385453225221,
    0.16,
    0.16,
    0.16,
    0.14,
    0.14,
    0.14,
    0.14,
    0.13000000870001732,
    0.16,
    0.15,
    0.1300000049928278,
    0.16451612690062434,
    0.13000000054375005,
    0.14,
    0.16952344818376525,
    0.14,
    0.15,
    0.13000000870001732,
    0.13000000870001732,
    0.13000000870001732,
    0.13000000870001732,
    0.13000000870001732,
    0.13,
    0.15,
    0.13,
    0.14999988749997187,
    0.13,
    0.13,
    0.13,
    0.1200000091191827,
    0.13,
    0.13999999563199997,
    0.1399999919230768,
    0.14,
    0.13,
    0.12000000440000053,
    0.12,
    0.13,
    0.13,
    0.12999989859997768,
    0.13,
    0.12999989859997768,
    0.12,
    0.12,
    0.12,
    0.12,
    0.12,
    0.12,
    0.12,
    0.12,
    0.12,
    0.12,
    0.12,
    0.12,
    0.12,
    0.12,
    0.12,
    0.12,
    0.12,
    0.12000000054153849,
    0.12000000757804247,
    0.12000000046933335,
    0.12999999289333325,
    0.12999999505999993,
    0.13,
    0.13,
    0.13,
    0.1300000012090052,
    0.1300000005092683,
    0.13000000870001732,
    0.1300000315842094,
    0.13,
    0.13,
    0.13,
    0.13999998879999978,
    0.13,
    0.1300000009849057,
    0.13000000205350137,
    0.1300000001044,
    0.13000000072500004,
    0.13000000004363133,
    0.13,
    0.12999989859997768,
    0.13,
    0.12999999024999975,
    0.13,
    0.12,
    0.12,
    0.12,
    0.12,
    0.12,
    0.12,
    0.13,
    0.14,
    0.14,
    0.1400000860004214,
    0.1400000344000502,
    0.14999988749997187,
    0.1400000344000502,
    0.1400000069989855,
    0.14000002064004077,
    0.14,
    0.14999988749997187,
    0.14000000982857974,
    0.1400000012900002,
    0.14000000673629678,
    0.14,
    0.14,
    0.14,
    0.14,
    0.14,
    0.14,
    0.13999998879999978,
    0.1399999683180403,
    0.13,
    0.13,
    0.13999997386666574,
    0.14,
    0.14,
    0.14,
    0.14,
    0.13000000174000104,
    0.13999996266666417,
    0.14,
    0.13,
    0.13,
    0.13,
    0.12,
    0.13,
    0.13,
    0.13,
    0.14,
    0.14,
    0.14,
    0.14,
    0.13,
    0.13,
    0.13,
    0.13,
    0.13,
    0.13000000477892,
    0.13,
    0.13,
    0.13,
    0.14,
    0.13999997871999897,
    0.14,
    0.14,
    0.14,
    0.13000000870001732,
    0.14,
    0.13000000870001732,
    0.13999994259999485,
    0.14,
    0.13000000174000104,
    0.14,
    0.14,
    0.13,
    0.13,
    0.13000000002386292,
    0.13000004306947538,
    0.13999988239998118,
    0.13000005612916443,
    0.1300000350336732,
    0.1300000149142876,
    0.13000000572369547,
    0.13000000572369547,
    0.13000001175678044,
    0.1300000254386255,
    0.13999997871999897,
    0.13000005761596653,
    0.13000003125752135,
    0.1300000650467849,
    0.1300000580002668,
    0.13,
    0.13000003314298214,
    0.14999988749997187,
    0.13000000870001732,
    0.13000000870001732,
    0.13000000870001732,
    0.13000000870001732,
    0.13000000870001732,
    0.13000000870001732,
    0.13000000870001732,
    0.13000000870001732,
    0.13,
    0.13,
    0.13,
    0.14,
    0.13,
    0.13,
    0.14944191566532417,
    0.13,
    0.13,
    0.13000000870001732,
    0.13000000870001732,
    0.13000000870001732,
    0.13000000870001732,
    0.13000000870001732,
    0.13000000870001732,
    0.13000000870001732,
    0.13000000348000026,
    0.13000000870001732,
    0.13000000870001732,
    0.13000000870001732,
    0.13000002071438385,
    0.13000000870001732,
    0.13000000870001732,
    0.13000000870001732,
    0.13000000870001732,
    0.14018680190407512,
    0.1300000243600188,
    0.13000001890962085,
    0.13,
    0.13000000870001732,
    0.13000000870001732,
    0.13000000870001732,
    0.13000000870001732,
    0.13000000870001732,
    0.13000000870001732,
    0.13000000870001732,
    0.13000000870001732,
    0.13000000870001732,
    0.13000000870001732,
    0.13000000870001732,
    0.13000000870001732,
    0.13000000870001732,
    0.13000000870001732,
    0.13000000174000104,
    0.13000001988573656,
    0.13000005536393483,
    0.13000000174000104,
    0.13000000870001732,
    0.13000000870001732,
    0.13000000870001732,
    0.13000000870001732,
    0.13000000870001732,
    0.13000000870001732,
    0.13000000870001732,
    0.13000000870001732,
    0.13000001740002284,
    0.15,
    0.14999997599999904,
    0.14,
    0.13000000870001732,
    0.13000000870001732,
    0.13000000870001732,
    0.13000000870001732,
    0.13,
    0.13000000870001732,
    0.13000000870001732,
    0.13000000870001732,
    0.13000000870001732,
    0.13000000870001732,
    0.13000000870001732,
    0.13000000870001732,
    0.13000000870001732,
    0.13000000870001732,
    0.13000000870001732,
    0.13000000870001732,
    0.13000000870001732,
    0.13000000870001732,
    0.13000000870001732,
    0.13000003125752135,
    0.13000000174000104,
    0.13000000870001732,
    0.13000000870001732,
    0.13000000870001732,
    0.13000000870001732,
    0.13000000870001732,
    0.13000000870001732,
    0.13000000870001732,
    0.13000000870001732,
    0.13000000870001732,
    0.13000000870001732,
    0.13000000870001732,
    0.13000000870001732,
    0.14,
    0.14999999399999994,
    0.13000000870001732,
    0.13000000870001732,
    0.13000000870001732,
    0.13,
    0.14,
    0.13000000870001732,
    0.13000000870001732,
    0.1400000344000502,
    0.1400000344000502,
    0.14000002636020295,
    0.14000000430000537,
    0.13,
    0.14,
    0.14000002548153737,
    0.14000002548153737,
    0.1400000860004214,
    0.14,
    0.14000005213397387,
    0.14000002730162978,
    0.1400000378022169,
    0.14000000430000537,
    0.1400000860004214,
    0.1400000860004214,
    0.14000041188706056,
    0.14,
    0.14000006014006622,
    0.1400000159260141,
    0.14000006014006622,
    0.1400000046112625,
    0.14,
    0.1400000344000502,
    0.14999988749997187,
    0.15,
    0.14,
    0.14,
    0.14000001221331532,
    0.1400000860004214,
    0.1400000860004214,
    0.1400000860004214,
    0.1400000860004214,
    0.1400000860004214,
    0.1400000860004214,
    0.1400000860004214,
    0.1400000860004214,
    0.14000004951788153,
    0.14,
    0.1400000344000502,
    0.1400000344000502,
    0.1400000344000502,
    0.14999988749997187,
    0.14,
    0.14985014928802468,
    0.14,
    0.13000000870001732,
    0.13000000870001732,
    0.13000000870001732,
    0.13000000870001732,
    0.13000000870001732,
    0.13000000870001732,
    0.13000000870001732,
    0.13000000870001732,
    0.13000000870001732,
    0.13000000870001732,
    0.13000000870001732,
    0.13000000870001732,
    0.13000000870001732,
    0.13000000870001732,
    0.13000000870001732,
    0.13000000870001732,
    0.13000000870001732,
    0.13000000870001732,
    0.13000000870001732,
    0.13000000870001732,
    0.13000000870001732,
    0.13000006554825455,
    0.13000000870001732,
    0.13000000870001732,
    0.13000000870001732,
    0.13000000870001732,
    0.13000000870001732,
    0.13000000870001732,
    0.13000000870001732,
    0.13000000870001732,
    0.1499999976,
    0.13000000870001732,
    0.13000000870001732,
    0.13000000870001732,
    0.13,
    0.13000000870001732,
    0.14,
    0.1300000145539058,
    0.14999988749997187,
    0.13000000870001732,
    0.13000000870001732,
    0.13000000870001732,
    0.13000000870001732,
    0.13000000870001732,
    0.14,
    0.13000000003697068,
    0.14,
    0.14,
    0.14,
    0.1400000860004214,
    0.1400000860004214,
    0.1400000860004214,
    0.1400000860004214,
    0.1400000860004214,
    0.1400000860004214,
    0.1400000860004214,
    0.1400000860004214,
    0.1400000860004214,
    0.15,
    0.15,
    0.14000001274074433,
    0.14,
    0.14000000086000025,
    0.14999998874999973,
    0.14,
    0.14000001720000538,
    0.14999999132613706,
    0.13,
    0.13,
    0.13,
    0.15,
    0.14,
    0.13000000003421117,
    0.15,
    0.14,
    0.15,
    0.14,
    0.14,
    0.14,
    0.15,
    0.15,
    0.15000000038540015,
    0.1500000850003315,
    0.15,
    0.15,
    0.16,
    0.16,
    0.15,
    0.15000000274193565,
    0.1500000017708334,
    0.16,
    0.15000000708333386,
    0.15000001700002005,
    0.15,
    0.15000000170717026,
    0.15,
    0.15,
    0.16,
    0.16,
    0.16,
    0.16,
    0.1500000025757578,
    0.16,
    0.15,
    0.15000000037415265,
    0.15,
    0.1500000850003315,
    0.15000000070833336,
    0.15,
    0.1500000006056288,
    0.15,
    0.1500000283333796,
    0.15000000425000104,
    0.1500000002125,
    0.15000000472222325,
    0.15000000034095468,
    0.16,
    0.15,
    0.15000000425000104,
    0.16,
    0.16,
    0.16,
    0.16,
    0.15000000425000104,
    0.15,
    0.15,
    0.1500000850003315,
    0.1500000850003315,
    0.15,
    0.15,
    0.15,
    0.14000001720000538,
    0.1400000860004214,
    0.1300000073979654,
    0.14,
    0.14,
    0.14,
    0.14,
    0.14,
    0.14,
    0.14,
    0.14,
    0.14,
    0.14,
    0.14,
    0.14,
    0.14,
    0.1400000344000502,
    0.1400000860004214,
    0.14999997599999904,
    0.1400000344000502,
    0.1400000860004214,
    0.14,
    0.14000001720000538,
    0.15,
    0.14,
    0.1400000344000502,
    0.15,
    0.15,
    0.1400000860004214,
    0.14,
    0.15,
    0.1400000012900002,
    0.1300000029000024,
    0.13000000174000104,
    0.15,
    0.1300000150946441,
    0.13000000174000104,
    0.13000000336774267,
    0.13000000007885196,
    0.13000000870001732,
    0.13000000870001732,
    0.13000000870001732,
    0.13000000870001732,
    0.13000000870001732,
    0.13000000870001732,
    0.13000000870001732,
    0.14999999399999994,
    0.14647518102073045,
    0.1300000016411999,
    0.14,
    0.13000000870001732,
    0.13000000870001732,
    0.13,
    0.13000000870001732,
    0.13,
    0.15,
    0.13000000092454855,
    0.13,
    0.13000000870001732,
    0.13,
    0.15,
    0.13,
    0.13,
    0.14925373134328357,
    0.13,
    0.13000000870001732,
    0.13,
    0.13,
    0.13000000174000104,
    0.13,
    0.13000000605217704,
    0.13,
    0.1300000186428734,
    0.13000000870001732,
    0.14,
    0.14,
    0.14,
    0.13,
    0.14,
    0.13000001080423482,
    0.14,
    0.14,
    0.14,
    0.14,
    0.13,
    0.14999998874999973,
    0.14,
    0.15,
    0.1400000344000502,
    0.14,
    0.14,
    0.15,
    0.15,
    0.15,
    0.15,
    0.15,
    0.15,
    0.15,
    0.15,
    0.15,
    0.15,
    0.15,
    0.15,
    0.15,
    0.15,
    0.15,
    0.1500000850003315,
    0.15,
    0.1500000850003315,
    0.1500000000550397,
    0.1500000283333796,
    0.15,
    0.15000000006026745,
    0.16,
    0.1500000850003315,
    0.16,
    0.1500000850003315,
    0.1500000017000001,
    0.15000001700002005,
    0.15,
    0.15000000071875533,
    0.16,
    0.15,
    0.15000000546975756,
    0.15,
    0.15,
    0.15,
    0.15,
    0.15,
    0.15,
    0.15,
    0.16,
    0.16,
    0.16,
    0.16,
    0.16,
    0.16,
    0.17,
    0.16,
    0.17999999279999992,
    0.17,
    0.17,
    0.16,
    0.16,
    0.15,
    0.16,
    0.13,
    0.14,
    0.15,
    0.15,
    0.16,
    0.16,
    0.16,
    0.16,
    0.16,
    0.16,
    0.16,
    0.14000000109693883,
    0.14,
    0.14,
    0.14,
    0.14,
    0.14,
    0.14,
    0.14,
    0.14,
    0.14,
    0.15,
    0.16,
    0.19,
    0.19,
    0.19,
    0.19,
    0.17,
    0.18,
    0.18,
    0.18,
    0.18,
    0.18,
    0.18,
    0.14,
    0.14,
    0.18,
    0.18,
    0.18,
    0.18,
    0.18,
    0.18,
    0.18,
    0.18,
    0.12,
    0.12,
    0.12,
    0.12000000367432341,
    0.12000000846154245,
    0.12,
    0.12000000405530092,
    0.12,
    0.12,
    0.12000000833136679,
    0.12,
    0.1,
    0.1,
    0.1,
    0.1,
    0.09,
    0.09000000101223683,
    0.09000000393939478,
    0.09000000713326581,
    0.09000000301324836,
    0.09,
    0.09000000108851701,
    0.09000000524193907,
    0.1,
    0.1,
    0.1,
    0.1,
    0.1,
    0.1,
    0.11000000094080378,
    0.11000000821222694,
    0.23,
    0.23,
    0.23,
    0.23,
    0.23,
    0.1100000041637451
]
