[
    0.001,
    0.001,
    0.001,
    0.001,
    0.001,
    0.001,
    0.001,
    0.001,
    0.001,
    0.001,
    0.001,
    0.002,
    0.001,
    0.001,
    0.003,
    0.003,
    0.002,
    0.01,
    0.01,
    0.01,
    0.01,
    0.01,
    0.01,
    0.01,
    0.01,
    0.02,
    0.02,
    0.02,
    0.02,
    0.02,
    0.02,
    0.02,
    0.02,
    0.02,
    0.02,
    0.03,
    0.03,
    0.03,
    0.03,
    0.030000001242794432,
    0.04,
    0.04,
    0.05,
    0.06,
    0.04,
    0.05,
    0.05,
    0.06,
    0.06,
    0.060000002570204165,
    0.06,
    0.11,
    0.13,
    0.14,
    0.13,
    0.14,
    0.16,
    0.16,
    0.16999994219999076,
    0.16999994219999076,
    0.16999994219999076,
    0.16999994219999076,
    0.16999994219999076,
    0.16999994219999076,
    0.16999994219999076,
    0.16999994219999076,
    0.2,
    0.22,
    0.29,
    0.34,
    0.35,
    0.34,
    0.33,
    0.3,
    0.3,
    0.33,
    0.37,
    0.350000000975,
    0.36,
    0.36,
    0.35,
    0.41,
    0.3799999950599998,
    0.36,
    0.36,
    0.36,
    0.36,
    0.36,
    0.37,
    0.37,
    0.3799999950599998,
    0.36,
    0.36,
    0.36,
    0.36,
    0.36,
    0.36,
    0.36,
    0.36,
    0.35000000491679295,
    0.36,
    0.34,
    0.34,
    0.34,
    0.34,
    0.34,
    0.39,
    0.37886346416123656,
    0.32,
    0.27,
    0.21,
    0.21,
    0.19,
    0.2,
    0.2092189679218968,
    0.12,
    0.12000000628571761,
    0.2,
    0.18,
    0.18,
    0.19,
    0.18,
    0.2,
    0.24,
    0.24,
    0.29,
    0.25,
    0.26666666666666666,
    0.20357142857142857,
    0.2,
    0.2,
    0.2,
    0.2,
    0.2,
    0.2,
    0.19000000370201128,
    0.2,
    0.2,
    0.2,
    0.19,
    0.2,
    0.16,
    0.16999988609996242,
    0.14999988749997187,
    0.14999997599999904,
    0.115,
    0.1,
    0.09,
    0.08,
    0.06,
    0.07,
    0.06000000626667916,
    0.06,
    0.05,
    0.05,
    0.06,
    0.06,
    0.06,
    0.05,
    0.07,
    0.06,
    0.07,
    0.07,
    0.06,
    0.06,
    0.09,
    0.1,
    0.1,
    0.1,
    0.15604174116576183,
    0.149999939999994,
    0.13157894736842105,
    0.13999994259999485,
    0.13999994259999485,
    0.1339456034577271,
    0.13999994259999485,
    0.11999989919998387,
    0.1199999519999952,
    0.1,
    0.1,
    0.11,
    0.1,
    0.1,
    0.11,
    0.1,
    0.11,
    0.13,
    0.14,
    0.12,
    0.12000000031643296,
    0.17,
    0.17,
    0.17999998703999964,
    0.21,
    0.23,
    0.23,
    0.22,
    0.22999999309999986,
    0.22,
    0.23,
    0.25,
    0.24,
    0.2999999970491803,
    0.26,
    0.26,
    0.26,
    0.25,
    0.23,
    0.21000001738001353,
    0.2,
    0.21,
    0.14,
    0.15,
    0.15,
    0.15,
    0.15,
    0.16,
    0.16,
    0.2,
    0.18,
    0.18,
    0.19,
    0.2099999285999886,
    0.20999998576666604,
    0.2,
    0.2,
    0.2,
    0.2,
    0.2,
    0.2,
    0.19,
    0.19,
    0.18999987839995622,
    0.18999998802999957,
    0.18999999437599993,
    0.18,
    0.19,
    0.18999993729998935,
    0.18,
    0.1799999279999928,
    0.1799999279999928,
    0.1799999279999928,
    0.1799999279999928,
    0.1799999279999928,
    0.1799999279999928,
    0.1799999279999928,
    0.1799999279999928,
    0.16,
    0.16,
    0.17,
    0.18,
    0.18,
    0.2,
    0.22999982749995687,
    0.25,
    0.25,
    0.19,
    0.2599998647999351,
    0.2799999731199972,
    0.279999843199931,
    0.32,
    0.31,
    0.32,
    0.3138793526238352,
    0.28,
    0.28,
    0.3,
    0.28,
    0.27,
    0.28,
    0.28,
    0.22,
    0.22,
    0.21,
    0.2,
    0.2,
    0.21,
    0.22,
    0.21,
    0.23,
    0.26,
    0.27,
    0.25,
    0.26,
    0.27,
    0.27000018980014046,
    0.27,
    0.25,
    0.3,
    0.3,
    0.3,
    0.3,
    0.3,
    0.3,
    0.3,
    0.25,
    0.26,
    0.27,
    0.25,
    0.23,
    0.278838167746423,
    0.23000000007640406,
    0.25652549015788995,
    0.22,
    0.2,
    0.19,
    0.21,
    0.2,
    0.21,
    0.2399999673599979,
    0.23,
    0.24,
    0.23,
    0.26692049764093945,
    0.23,
    0.22,
    0.25999996463999775,
    0.2612903180010405,
    0.267675,
    0.26,
    0.28,
    0.29,
    0.3,
    0.3,
    0.31,
    0.36,
    0.32,
    0.34,
    0.32,
    0.3499999614999965,
    0.35999999200493493,
    0.4099999946699998,
    0.37000000036,
    0.36968804096935204,
    0.33,
    0.32,
    0.31,
    0.31,
    0.33,
    0.4091810151385928,
    0.40999999712999996,
    0.4,
    0.39,
    0.39,
    0.39,
    0.35,
    0.37,
    0.36,
    0.37,
    0.36,
    0.37999996199999114,
    0.3788235294117647,
    0.36999999866057576,
    0.36999988206246387,
    0.37,
    0.37,
    0.36,
    0.37,
    0.32,
    0.31,
    0.3799999741599966,
    0.3799999741599966,
    0.3799999741599966,
    0.3799999741599966,
    0.3799999741599966,
    0.3799999741599966,
    0.3899999773799968,
    0.3839489200397802,
    0.3799999741599966,
    0.3799999741599966,
    0.3799999741599966,
    0.3799999741599966,
    0.3980803267619232,
    0.3899999859599991,
    0.3812018494389852,
    0.38999995579999025,
    0.38999995579999025,
    0.38999995579999025,
    0.38999995579999025,
    0.38999995579999025,
    0.38999995579999025,
    0.38999995579999025,
    0.38999995579999025,
    0.32,
    0.33,
    0.37,
    0.38,
    0.42,
    0.39,
    0.41,
    0.42,
    0.46,
    0.42000000464000087,
    0.44,
    0.47999999808,
    0.48,
    0.4599997607998852,
    0.42,
    0.4571869264361357,
    0.42000000603200016,
    0.4499999459999849,
    0.4499997974998886,
    0.4492901035937281,
    0.43999980639989156,
    0.420000000464,
    0.41,
    0.4099999958999999,
    0.41,
    0.43052837318944087,
    0.4,
    0.4,
    0.3942732791203757,
    0.4,
    0.41999998503816655,
    0.41,
    0.42,
    0.41,
    0.4400000151465071,
    0.419999998005,
    0.42,
    0.4,
    0.4,
    0.39,
    0.38,
    0.3800000026956524,
    0.36,
    0.36,
    0.36,
    0.36,
    0.3599999459999946,
    0.35,
    0.35000000130000003,
    0.3500000029174148,
    0.35,
    0.3799999977590914,
    0.3500000025077161,
    0.37,
    0.36,
    0.36,
    0.36,
    0.38,
    0.35,
    0.3500000325000114,
    0.37999994679998084,
    0.37999999991033223,
    0.3799999741599966,
    0.3790362311335531,
    0.36999998939333295,
    0.37,
    0.3799999011999269,
    0.37,
    0.37,
    0.37,
    0.37,
    0.37,
    0.37,
    0.37,
    0.38,
    0.37999998327999907,
    0.37000001197000215,
    0.37,
    0.38,
    0.3799999945279999,
    0.37999995748250737,
    0.36,
    0.36,
    0.36,
    0.37,
    0.36,
    0.36,
    0.37999999899902437,
    0.36,
    0.38,
    0.3799998626505693,
    0.37,
    0.36,
    0.38,
    0.3736694111959102,
    0.36,
    0.36,
    0.36,
    0.36,
    0.37,
    0.37,
    0.37,
    0.36999995278645204,
    0.36999995278645204,
    0.37,
    0.37000000850500075,
    0.37999994679998084,
    0.3700000004389326,
    0.37,
    0.37,
    0.37,
    0.3799999863199996,
    0.37,
    0.37,
    0.37,
    0.37,
    0.37,
    0.37000001670035965,
    0.37,
    0.389999998245,
    0.38,
    0.38999995579999025,
    0.38,
    0.39,
    0.3899999769143561,
    0.3899999859599991,
    0.3899999491818094,
    0.38,
    0.38,
    0.3899999773799968,
    0.37,
    0.3700000241592982,
    0.39,
    0.38,
    0.38,
    0.3899999903127868,
    0.370000018900007,
    0.37,
    0.3899998478999072,
    0.37,
    0.37,
    0.3700000032994455,
    0.3899998478999072,
    0.389999890799976,
    0.3899998478999072,
    0.389999998245,
    0.38,
    0.38,
    0.38,
    0.38,
    0.38,
    0.38,
    0.38,
    0.3899998478999072,
    0.3800000372000052,
    0.3899998478999072,
    0.38,
    0.3952891416543345,
    0.38999999024999976,
    0.39,
    0.39,
    0.3900000030093334,
    0.39,
    0.4,
    0.38000001083916257,
    0.39945478,
    0.3899999911079998,
    0.38000000700869585,
    0.3800000001566943,
    0.380000005786667,
    0.3800000055800001,
    0.39,
    0.3800000011809524,
    0.39252055922634965,
    0.3800000372000052,
    0.3899999983306836,
    0.38000014880011307,
    0.3899999946460295,
    0.38,
    0.3899999910776637,
    0.38999999024999976,
    0.38999986106246265,
    0.39,
    0.39,
    0.4,
    0.4,
    0.4,
    0.39,
    0.3900000032018287,
    0.40207213711086415,
    0.3900000078146199,
    0.4,
    0.4,
    0.39,
    0.39000014030010804,
    0.39000001807408025,
    0.4,
    0.39000014030010804,
    0.3900000244000039,
    0.4,
    0.3900000119384922,
    0.3900001253890024,
    0.39000000213286723,
    0.39,
    0.3900000077144561,
    0.4,
    0.4,
    0.3900000806611797,
    0.4,
    0.4,
    0.4,
    0.38,
    0.38,
    0.4,
    0.38000000325887034,
    0.4,
    0.39,
    0.38000002806798455,
    0.39000000291739134,
    0.4,
    0.39,
    0.3800000058663514,
    0.38000000476007706,
    0.38,
    0.4,
    0.38000000785804905,
    0.3800000123229842,
    0.4,
    0.4,
    0.39,
    0.39,
    0.39,
    0.39,
    0.3800000074601054,
    0.39,
    0.4,
    0.39,
    0.39000003606030725,
    0.3900000280148218,
    0.4,
    0.39000001503521353,
    0.4,
    0.4,
    0.3900000088781089,
    0.3900000751761,
    0.4,
    0.4,
    0.3900000205535542,
    0.4,
    0.39000000061000006,
    0.4,
    0.39000014030010804,
    0.4,
    0.40999998736450555,
    0.40999999688399996,
    0.40000000600000024,
    0.40999999407573484,
    0.4,
    0.41,
    0.40000000243803335,
    0.4099999976481835,
    0.4,
    0.3900000066254686,
    0.4,
    0.39,
    0.39,
    0.39000001475806634,
    0.4,
    0.4,
    0.4,
    0.41999997133858086,
    0.4000000106477381,
    0.4199998235998977,
    0.41999994804123014,
    0.40000001275239216,
    0.4,
    0.4199999861261245,
    0.4099998236998995,
    0.4099998236998995,
    0.4099998236998995,
    0.4099998236998995,
    0.4099998236998995,
    0.4099998236998995,
    0.4099998236998995,
    0.4099998236998995,
    0.4,
    0.40000002400000384,
    0.4099998236998995,
    0.4099998236998995,
    0.4099998236998995,
    0.4099998236998995,
    0.4099998236998995,
    0.4099998236998995,
    0.4099998236998995,
    0.4099998236998995,
    0.4099998236998995,
    0.400000060000024,
    0.4,
    0.40999997706293567,
    0.4099999894083327,
    0.4,
    0.4,
    0.4000000201342309,
    0.4199999662876225,
    0.4,
    0.41999996010553414,
    0.4199999735532211,
    0.41999999471999994,
    0.4199998235998977,
    0.4199998235998977,
    0.4199998235998977,
    0.4199998235998977,
    0.4199998235998977,
    0.4199998235998977,
    0.4199998235998977,
    0.4199998235998977,
    0.4199999883333322,
    0.4199999928566928,
    0.4,
    0.4,
    0.41,
    0.4199999453999798,
    0.4199998235998977,
    0.4199998235998977,
    0.4199998235998977,
    0.4199998235998977,
    0.4199998235998977,
    0.4199998235998977,
    0.4199998235998977,
    0.4199998235998977,
    0.419999941346627,
    0.4100000361646276,
    0.4199998235998977,
    0.4199998235998977,
    0.4199998235998977,
    0.4199998235998977,
    0.4199998235998977,
    0.4199998235998977,
    0.4199998235998977,
    0.4199998235998977,
    0.4100000267869635,
    0.41,
    0.41,
    0.41,
    0.41999996596434086,
    0.4199998235998977,
    0.4199998235998977,
    0.4199998235998977,
    0.4199998235998977,
    0.4199998235998977,
    0.4199998235998977,
    0.4199998235998977,
    0.4199998235998977,
    0.4199999831999973,
    0.42,
    0.42,
    0.4199999813333321,
    0.4199998235998977,
    0.4199998235998977,
    0.4199998235998977,
    0.4099998236998995,
    0.4099998236998995,
    0.4149786700750282,
    0.4199998235998977,
    0.4199998235998977,
    0.4099998236998995,
    0.4,
    0.41,
    0.41,
    0.4099998236998995,
    0.4199998235998977,
    0.4099998236998995,
    0.4099998236998995,
    0.4099998236998995,
    0.4099998236998995,
    0.4099998236998995,
    0.4099998236998995,
    0.4099998236998995,
    0.4,
    0.4,
    0.4,
    0.41,
    0.4,
    0.4,
    0.4199998235998977,
    0.4199998235998977,
    0.4199998235998977,
    0.4199998235998977,
    0.4199998235998977,
    0.4199998235998977,
    0.4199998235998977,
    0.4199998235998977,
    0.42,
    0.41,
    0.41,
    0.4100000122153219,
    0.419999976750901,
    0.41000001716931395,
    0.419999941346627,
    0.4100000295000044,
    0.41000000531000047,
    0.4199998235998977,
    0.4199999746415062,
    0.4199998235998977,
    0.4199998235998977,
    0.4199998235998977,
    0.4199998235998977,
    0.4199998235998977,
    0.4199998235998977,
    0.4199998235998977,
    0.4199998235998977,
    0.4199998235998977,
    0.41999995499998877,
    0.41000000772406914,
    0.41999999119906783,
    0.41000002845659944,
    0.41,
    0.4,
    0.40000000600000024,
    0.4099998236998995,
    0.4099998236998995,
    0.4099998236998995,
    0.4099998236998995,
    0.4099998236998995,
    0.4099998236998995,
    0.4099998236998995,
    0.4099998236998995,
    0.4199998235998977,
    0.40000002400000384,
    0.4,
    0.41999999895,
    0.4199998235998977,
    0.4199998235998977,
    0.4199998235998977,
    0.4199998235998977,
    0.4199998235998977,
    0.4199998235998977,
    0.4199998235998977,
    0.4199998235998977,
    0.4199998235998977,
    0.41999992719998835,
    0.4099998236998995,
    0.4099998236998995,
    0.4099998236998995,
    0.4099998236998995,
    0.4099998236998995,
    0.4099998236998995,
    0.4099998236998995,
    0.4099998236998995,
    0.40000000600000024,
    0.4,
    0.4199998235998977,
    0.4199998235998977,
    0.4199998235998977,
    0.4199998235998977,
    0.4199998235998977,
    0.4199998235998977,
    0.4199998235998977,
    0.4199998235998977,
    0.41999999529599996,
    0.41,
    0.41,
    0.41,
    0.4,
    0.41,
    0.4099998236998995,
    0.4,
    0.4099999835999974,
    0.40999999540799986,
    0.4099999311785584,
    0.4099998236998995,
    0.4099998236998995,
    0.4099998236998995,
    0.4099998236998995,
    0.4099998236998995,
    0.4099998236998995,
    0.4099998236998995,
    0.4099998236998995,
    0.4,
    0.4099999990335714,
    0.41,
    0.4,
    0.4099999446499798,
    0.4,
    0.40999998667067994,
    0.40000000600000024,
    0.41,
    0.41,
    0.41,
    0.41,
    0.41,
    0.41,
    0.41,
    0.41,
    0.41,
    0.41,
    0.42,
    0.41,
    0.4299999176595552,
    0.42999999855061993,
    0.4299999178455108,
    0.42999984806661906,
    0.4299999042509947,
    0.42,
    0.42,
    0.42,
    0.42815195549153146,
    0.41000000508255596,
    0.4100000295000044,
    0.41000015340011353,
    0.41000013322599127,
    0.41000007015245205,
    0.42999993155100336,
    0.4299999855288453,
    0.42,
    0.42,
    0.41000000027119826,
    0.42,
    0.4299998279998968,
    0.4299998279998968,
    0.4299998279998968,
    0.4299998279998968,
    0.42000000026139495,
    0.42,
    0.42,
    0.42999999905773284,
    0.42,
    0.42,
    0.42,
    0.42,
    0.42,
    0.42,
    0.4199999921599996,
    0.4199999993,
    0.41000007015245205,
    0.41999994305083105,
    0.41000009315796176,
    0.41000006268753253,
    0.41999994305083105,
    0.4199999954999999,
    0.419999996748387,
    0.41,
    0.42,
    0.42,
    0.42,
    0.41000001062000035,
    0.4199999781651354,
    0.41,
    0.41,
    0.4100002883912893,
    0.4199998235998977,
    0.4199999943999999,
    0.41999994193546514,
    0.41999996698688774,
    0.41999996612902135,
    0.4199999819999982,
    0.41999988905658076,
    0.41999993897434174,
    0.4199999361403419,
    0.41999988905658076,
    0.41999994305083105,
    0.41,
    0.41,
    0.41000005882890894,
    0.41,
    0.41999996698688774,
    0.42999999793599997,
    0.4299999980580645,
    0.41,
    0.41000010102744916,
    0.42999999859272725,
    0.4201259841813777,
    0.4100000082119922,
    0.4199998235998977,
    0.4199998162499368,
    0.42,
    0.4100000541284685,
    0.4100000541284685,
    0.41,
    0.4,
    0.41,
    0.41,
    0.41,
    0.41999999967315177,
    0.4199999705999984,
    0.41000017747990997,
    0.41000000073916415,
    0.41,
    0.41,
    0.41,
    0.41,
    0.41,
    0.41,
    0.41,
    0.41,
    0.41,
    0.41999993796922086,
    0.41,
    0.4100000069011255,
    0.4199999819999982,
    0.4100000727667062,
    0.4199999831999973,
    0.4100000692082233,
    0.41999996612902135,
    0.4100000213897338,
    0.41999989905577495,
    0.4199999831999973,
    0.41000015340011353,
    0.41999993482756826,
    0.4100000705828569,
    0.42,
    0.42,
    0.42,
    0.42,
    0.42,
    0.42,
    0.42,
    0.42,
    0.42,
    0.42,
    0.42,
    0.4200000017400001,
    0.42,
    0.4299999176595552,
    0.42999997257970396,
    0.42999990560971924,
    0.4299999289789694,
    0.42,
    0.42,
    0.42999993155100336,
    0.42999995054998097,
    0.4200000709480253,
    0.4299999673417608,
    0.42,
    0.4200000017400001,
    0.4299998353905594,
    0.429999938828435,
    0.4299999996489796,
    0.4299999176595552,
    0.4299999666600357,
    0.4293723327305606,
    0.4199999677999971,
    0.42999999919593496,
    0.43,
    0.43,
    0.42,
    0.42,
    0.4199998978377937,
    0.4199999285829792,
    0.4,
    0.41,
    0.41,
    0.41,
    0.41,
    0.41,
    0.4199999989211009,
    0.410000067704938,
    0.41999994305083105,
    0.41000004565477194,
    0.41,
    0.41,
    0.41,
    0.41000003417121145,
    0.41,
    0.41,
    0.4199999636538318,
    0.4199998723199367,
    0.41000005347954294,
    0.4199999263157701,
    0.42,
    0.42,
    0.4199998517646492,
    0.4199999746987891,
    0.400000035502967,
    0.419999955050157,
    0.4,
    0.4,
    0.4,
    0.4,
    0.4,
    0.4,
    0.4,
    0.4,
    0.4099999902914383,
    0.40000010619476545,
    0.4,
    0.41,
    0.41,
    0.41,
    0.41,
    0.41,
    0.41,
    0.41,
    0.41999994305083105,
    0.4199999219468826,
    0.4199999943999999,
    0.41999992748197473,
    0.4199999605865024,
    0.41999994305083105,
    0.41999990479995813,
    0.4199999608695567,
    0.4199999219468826,
    0.41999992457141133,
    0.41999988799997245,
    0.41999994705880794,
    0.41,
    0.4199999880851061,
    0.41,
    0.41000008265624094,
    0.42,
    0.41000012762706645,
    0.41,
    0.41,
    0.4100000173332841,
    0.41999993482756826,
    0.4199999586885117,
    0.4100000378425742,
    0.41,
    0.41000000679062587,
    0.41000000215710536,
    0.42,
    0.42999995054998097,
    0.42999995453742973,
    0.43,
    0.42999995453742973,
    0.43,
    0.4299998279998968,
    0.4299999464806704,
    0.42022605161392274,
    0.4199999263157701,
    0.42,
    0.41999994705880794,
    0.4199998981817812,
    0.42,
    0.41,
    0.4,
    0.4199999361403419,
    0.41999993196260665,
    0.41000019666714743,
    0.41,
    0.42,
    0.41,
    0.4000001071620698,
    0.4100001812851137,
    0.41,
    0.4100006335931065,
    0.41,
    0.42,
    0.41,
    0.4100002950003988,
    0.4199999389943882,
    0.419999940606039,
    0.4199999509999853,
    0.4199999263157701,
    0.4,
    0.4,
    0.41,
    0.41,
    0.4,
    0.41999989266663446,
    0.41,
    0.41,
    0.41,
    0.41,
    0.41,
    0.42999999058786703,
    0.42034055911436924,
    0.419999861647023,
    0.41999989266663446,
    0.41999989266663446,
    0.41999987781810627,
    0.41999993699997007,
    0.42,
    0.42,
    0.42,
    0.42,
    0.41999999495999996,
    0.42,
    0.41,
    0.4,
    0.4,
    0.4,
    0.4,
    0.4,
    0.39976133333333336,
    0.38000014880011307,
    0.38000001187234145,
    0.3899998478999072,
    0.38,
    0.38,
    0.38,
    0.38,
    0.38,
    0.38,
    0.39,
    0.39,
    0.39,
    0.39,
    0.39,
    0.39,
    0.39,
    0.39,
    0.39,
    0.39,
    0.39,
    0.39,
    0.4,
    0.4,
    0.39,
    0.41,
    0.4,
    0.4099999835999974,
    0.4,
    0.4,
    0.4,
    0.4,
    0.4,
    0.4,
    0.4,
    0.4,
    0.4,
    0.4,
    0.4,
    0.4,
    0.4,
    0.4,
    0.4,
    0.4,
    0.4,
    0.4,
    0.4,
    0.4,
    0.4,
    0.40999999343999965,
    0.4199999453999798,
    0.4199998235998977,
    0.41999992719998835,
    0.41999999845999997,
    0.41,
    0.41,
    0.4199999982684379,
    0.41,
    0.41,
    0.4100000289468089,
    0.41999999864274173,
    0.419999867777697,
    0.41999987781810627,
    0.41999993699997007,
    0.41999987781810627,
    0.42,
    0.41,
    0.40999990716974477,
    0.4099998236998995,
    0.4099999075489498,
    0.4099999075489498,
    0.4099997850484477,
    0.40999986834854535,
    0.4099999794999992,
    0.41,
    0.4099998236998995,
    0.4099999946699998,
    0.41,
    0.4099999909799993,
    0.4,
    0.4,
    0.4,
    0.4,
    0.4,
    0.4,
    0.4,
    0.4,
    0.40000004604759665,
    0.4,
    0.40000000600000024,
    0.400000060000024,
    0.40000000600000024,
    0.40000000600000024,
    0.40000000600000024,
    0.4099999894083327,
    0.4,
    0.40000002400000384,
    0.4,
    0.4,
    0.4,
    0.4,
    0.40000008287297395,
    0.4,
    0.4,
    0.41999998679999945,
    0.41999998991999926,
    0.4000000159803991,
    0.419999991669421,
    0.41,
    0.4,
    0.4,
    0.41,
    0.4,
    0.41,
    0.4,
    0.41,
    0.4,
    0.4199997801868255,
    0.41999985735840445,
    0.4199998235998977,
    0.42,
    0.4,
    0.4,
    0.39000005809528787,
    0.39000021138648394,
    0.4099999075489498,
    0.4099998660395151,
    0.40999982653836814,
    0.4,
    0.4,
    0.4,
    0.4,
    0.4,
    0.4,
    0.4,
    0.4,
    0.4,
    0.4,
    0.4,
    0.41999998809999933,
    0.4199999807213108,
    0.41673279661034185,
    0.41,
    0.41999998396946503,
    0.419999991669421,
    0.4000000158004941,
    0.4199997801868255,
    0.4199999266018833,
    0.4199999266018833,
    0.41999998090909,
    0.41999999306421965,
    0.41999998911111036,
    0.4199999168316173,
    0.41999987781810627,
    0.419999867777697,
    0.4199999266018833,
    0.4199999850841113,
    0.4000000936841869,
    0.41,
    0.4100000040515023,
    0.41,
    0.41000001260758234,
    0.41,
    0.42,
    0.41000006746716455,
    0.41,
    0.42,
    0.42,
    0.41,
    0.41000015340011353,
    0.4199997919265177,
    0.41,
    0.41999984653837,
    0.41,
    0.4199999917499998,
    0.4199999898295962,
    0.4199999958378377,
    0.41999999391855186,
    0.4100000207592624,
    0.419999991981818,
    0.4199999899451369,
    0.4173360966382683,
    0.41,
    0.4000000112149541,
    0.41856728326767206,
    0.4,
    0.41999998877227696,
    0.4,
    0.4,
    0.41999985735840445,
    0.41999985735840445,
    0.41999983529402074,
    0.4199999168316173,
    0.4,
    0.4199999954029849,
    0.41999998486486406,
    0.41999998090909,
    0.41999999306421965,
    0.41999998911111036,
    0.42,
    0.41,
    0.41,
    0.4,
    0.4000001188119753,
    0.4,
    0.4099998236998995,
    0.4,
    0.41,
    0.4,
    0.4,
    0.4,
    0.4099998672380118,
    0.4099999075489498,
    0.4199998235998977,
    0.41,
    0.41999983529402074,
    0.42,
    0.41999983529402074,
    0.41999987781810627,
    0.4199998235998977,
    0.419999988582524,
    0.41,
    0.41,
    0.41,
    0.419999992222222,
    0.41999999477511946,
    0.41999999066666643,
    0.41868447838779,
    0.4099998660395151,
    0.40000010909098843,
    0.4,
    0.4,
    0.4099998660395151,
    0.4,
    0.4,
    0.4199997801868255,
    0.4199997919265177,
    0.40000000600000024,
    0.4199998235998977,
    0.4,
    0.4,
    0.4,
    0.4199999266018833,
    0.4199997919265177,
    0.4,
    0.40000011538470415,
    0.41,
    0.41,
    0.4099997850484477,
    0.4,
    0.40999978925224784,
    0.4,
    0.40999990681811826,
    0.4,
    0.40999990681811826,
    0.4000001188119753,
    0.4,
    0.4,
    0.4099998447856622,
    0.40999979315307117,
    0.4,
    0.4,
    0.4099998291665797,
    0.4,
    0.4,
    0.4,
    0.4,
    0.39,
    0.4,
    0.4,
    0.4,
    0.4,
    0.4,
    0.4,
    0.4,
    0.4,
    0.4,
    0.4,
    0.4,
    0.4,
    0.4,
    0.3900000244000039,
    0.4,
    0.4,
    0.3900004457697623,
    0.39,
    0.4,
    0.39,
    0.39,
    0.39,
    0.38,
    0.37,
    0.3700000000708829,
    0.37,
    0.38,
    0.37,
    0.38,
    0.38,
    0.38,
    0.39,
    0.39,
    0.389999890799976,
    0.37,
    0.4,
    0.39,
    0.4,
    0.40000000668151475,
    0.4,
    0.4,
    0.4,
    0.41,
    0.41,
    0.41,
    0.4,
    0.41,
    0.4099999962948319,
    0.4,
    0.4,
    0.40000000461538476,
    0.39,
    0.4,
    0.4,
    0.4,
    0.519999996983321,
    0.46,
    0.46,
    0.46,
    0.46,
    0.46,
    0.46,
    0.46,
    0.46,
    0.46,
    0.4200000053327695,
    0.42,
    0.43,
    0.43000004446001433,
    0.49000000153,
    0.49,
    0.49000000267750005,
    0.5399999940184614,
    0.48,
    0.49,
    0.49,
    0.49,
    0.49,
    0.49,
    0.49,
    0.49,
    0.51,
    0.51,
    0.51,
    0.51,
    0.51,
    0.51,
    0.51,
    0.52,
    0.52,
    0.52,
    0.52,
    0.52,
    0.52,
    0.52,
    0.52,
    0.5254621082112327,
    0.49,
    0.5,
    0.5,
    0.5,
    0.5,
    0.5,
    0.3900000244000039,
    0.49,
    0.39,
    0.46,
    0.4599997607998852,
    0.44969698127627056,
    0.43,
    0.45,
    0.370000018900007,
    0.36,
    0.36,
    0.35000009750003414,
    0.35,
    0.35,
    0.35,
    0.39,
    0.39,
    0.42,
    0.42,
    0.42,
    0.42,
    0.42,
    0.42,
    0.42,
    0.39000014030010804,
    0.39000014030010804,
    0.4499997974998886,
    0.4,
    0.4,
    0.4,
    0.4,
    0.4,
    0.39,
    0.39,
    0.39,
    0.39
]
