[
    0.999,
    0.999,
    0.999,
    0.999,
    0.999,
    0.999,
    0.999,
    0.999,
    0.999,
    0.999,
    0.999,
    0.999,
    0.999,
    0.999,
    0.999,
    0.999,
    0.999,
    0.999,
    0.999,
    0.999,
    0.999,
    0.999,
    0.999,
    0.999,
    0.999,
    0.999,
    0.999,
    0.999,
    0.999,
    0.999,
    0.999,
    0.999,
    0.999,
    0.998,
    0.9967774420014142,
    0.997,
    0.9969999999990576,
    0.99,
    0.996,
    0.9969999999967687,
    0.996,
    0.996,
    0.99,
    0.99,
    0.99,
    0.99,
    0.99,
    0.99,
    0.991,
    0.997,
    0.998,
    0.997,
    0.997,
    0.997,
    0.9970198626085196,
    0.9969999999970607,
    0.996,
    0.996,
    0.9972798982056859,
    0.996,
    0.997,
    0.997,
    0.997,
    0.998,
    0.992,
    0.99,
    0.998,
    0.998,
    0.998,
    0.9970773565850557,
    0.992,
    0.997,
    0.998,
    0.998,
    0.998,
    0.992,
    0.994,
    0.997,
    0.9969999999959971,
    0.99699999998006,
    0.9959070542444034,
    0.9947481259000167,
    0.9939999999977626,
    0.992909090909091,
    0.991,
    0.99,
    0.9899999599049976,
    0.99,
    0.99,
    0.9899999994846695,
    0.989999980758383,
    0.985,
    0.99,
    0.99,
    0.9899995099497525,
    0.99,
    0.981,
    0.9810000061116667,
    0.9810000061116667,
    0.99,
    0.99,
    0.99,
    0.982,
    0.9898052762351328,
    0.98,
    0.98,
    0.98,
    0.98,
    0.99,
    0.99,
    0.99,
    0.98,
    0.97,
    0.99,
    0.97,
    0.98,
    0.97,
    0.98,
    0.97,
    0.97,
    0.96,
    0.97,
    0.96,
    0.96,
    0.95,
    0.95,
    0.95,
    0.9400000135000003,
    0.94,
    0.94,
    0.93,
    0.9399999937333209,
    0.92,
    0.9300000637000058,
    0.92,
    0.91,
    0.91,
    0.91,
    0.91,
    0.91,
    0.91,
    0.92,
    0.92,
    0.92,
    0.92,
    0.91,
    0.91,
    0.9,
    0.9,
    0.91,
    0.91,
    0.9,
    0.9100000127500003,
    0.91,
    0.9,
    0.9426183129757577,
    0.9,
    0.91,
    0.9,
    0.88,
    0.85,
    0.8300000391000041,
    0.83,
    0.8211965811965812,
    0.8,
    0.8,
    0.8,
    0.8,
    0.8,
    0.8,
    0.8,
    0.8,
    0.69,
    0.69,
    0.73,
    0.73,
    0.7100000359600027,
    0.7100001334000721,
    0.71,
    0.70000006480649,
    0.71,
    0.71,
    0.71,
    0.71,
    0.71,
    0.71,
    0.7100000359600027,
    0.7,
    0.69,
    0.65,
    0.6499999952898546,
    0.6499999943771622,
    0.6499999942932387,
    0.6499999971033865,
    0.65,
    0.6499999986999999,
    0.65,
    0.65,
    0.6699999989636504,
    0.67,
    0.660000057800019,
    0.68,
    0.7299999333729427,
    0.73,
    0.72,
    0.72,
    0.7300000343526819,
    0.72,
    0.72,
    0.72,
    0.73,
    0.7,
    0.6999999675925791,
    0.71,
    0.71,
    0.71,
    0.71,
    0.71,
    0.71,
    0.73,
    0.73,
    0.7299999920164031,
    0.7299999929224362,
    0.7299999911336016,
    0.7299999938526304,
    0.7199999971199998,
    0.7,
    0.69,
    0.67,
    0.670000003414304,
    0.700000180000072,
    0.7,
    0.7,
    0.79,
    0.829999982016655,
    0.8,
    0.78,
    0.78,
    0.760000032640002,
    0.7899999739299982,
    0.7600000081600001,
    0.76,
    0.83,
    0.83,
    0.8298435446523562,
    0.8,
    0.8,
    0.76,
    0.79,
    0.7674250074250074,
    0.75,
    0.7600000253416161,
    0.75,
    0.76,
    0.76,
    0.76,
    0.75,
    0.76,
    0.75,
    0.75,
    0.6900000164300008,
    0.67,
    0.72,
    0.6900000169498551,
    0.71,
    0.71,
    0.71,
    0.71,
    0.7099999918790837,
    0.71,
    0.7099999755759989,
    0.6999999971999998,
    0.7,
    0.7299998101998596,
    0.71,
    0.71,
    0.71,
    0.76,
    0.8081348243033235,
    0.79,
    0.8,
    0.8,
    0.79,
    0.7799999979199999,
    0.769841492973299,
    0.76,
    0.7099999572685112,
    0.71,
    0.71,
    0.71,
    0.74,
    0.7100000005123334,
    0.739999989639998,
    0.71,
    0.68,
    0.69,
    0.68,
    0.68,
    0.69,
    0.69,
    0.69,
    0.7299999988806667,
    0.73,
    0.7100000109139787,
    0.73,
    0.75,
    0.74,
    0.74,
    0.7699999967916665,
    0.740000003523614,
    0.75,
    0.75,
    0.75,
    0.76,
    0.76,
    0.76,
    0.7899996997998139,
    0.77,
    0.77,
    0.7799999999718918,
    0.78,
    0.7860696492774931,
    0.76,
    0.76,
    0.76,
    0.7600000037994723,
    0.78,
    0.77,
    0.770000006704665,
    0.77,
    0.77,
    0.78,
    0.77,
    0.7700000015729326,
    0.78,
    0.78,
    0.7799999978159999,
    0.78,
    0.7799999988857143,
    0.770000030820002,
    0.78,
    0.7600000009272727,
    0.76,
    0.76,
    0.78,
    0.77,
    0.7600000289197635,
    0.76,
    0.76,
    0.76,
    0.77,
    0.77,
    0.7680109755241602,
    0.7599999966222218,
    0.76,
    0.75,
    0.7599999986643233,
    0.75,
    0.75,
    0.75,
    0.76,
    0.75999999848,
    0.7599999923999944,
    0.75,
    0.76,
    0.769999999846,
    0.75,
    0.7599999950689372,
    0.7599999769696889,
    0.7599999912893959,
    0.7599999762499962,
    0.76,
    0.75,
    0.75,
    0.75,
    0.75,
    0.75,
    0.74,
    0.7399999995154762,
    0.7399999911199997,
    0.7300001044000293,
    0.73,
    0.7399999991542857,
    0.7399999457333192,
    0.7399999992530841,
    0.7399999990736491,
    0.7399998223999539,
    0.73,
    0.74,
    0.74,
    0.74,
    0.74,
    0.73,
    0.74,
    0.73,
    0.75,
    0.75,
    0.75,
    0.75,
    0.75,
    0.759999994480254,
    0.76,
    0.76,
    0.76,
    0.76,
    0.77,
    0.77,
    0.77,
    0.77,
    0.77,
    0.77,
    0.77,
    0.77000008993592,
    0.78,
    0.77,
    0.7899999937246244,
    0.770000042440481,
    0.7700000862500216,
    0.7799999874977696,
    0.77,
    0.7700000408169057,
    0.76,
    0.7799999937599991,
    0.7799999538157314,
    0.7799999739457047,
    0.77,
    0.77,
    0.76,
    0.76,
    0.76,
    0.76,
    0.76,
    0.77,
    0.77,
    0.7600000002420352,
    0.7799999696497889,
    0.7700000605725262,
    0.7799999978159999,
    0.7799999968356979,
    0.78,
    0.7899999288998998,
    0.7899999745906143,
    0.7899999997921052,
    0.7800001031250322,
    0.78,
    0.78999999978275,
    0.7899999965583105,
    0.79,
    0.7899999764413386,
    0.7800000063800001,
    0.7800001053521364,
    0.7800000507692386,
    0.7899999792105122,
    0.78,
    0.7899999955971334,
    0.7899999656521456,
    0.7899999288998998,
    0.78999999911125,
    0.7899999983728113,
    0.7800000838095418,
    0.7800000149600005,
    0.7800000171368425,
    0.789999962268636,
    0.7899999858083806,
    0.7899999908629887,
    0.7800000458082222,
    0.7899999780555421,
    0.78,
    0.7799999887859418,
    0.7799999548698107,
    0.7700000219806103,
    0.779999928400543,
    0.7700001725000432,
    0.7700000127777783,
    0.78,
    0.77,
    0.779999932337339,
    0.7700000417538514,
    0.7700000067160001,
    0.7700000069000001,
    0.7799999971980982,
    0.7799999611387781,
    0.7700000343031818,
    0.7799999182022251,
    0.7799998658947128,
    0.78,
    0.7799999897443384,
    0.78,
    0.7899999920999764,
    0.7700001725000432,
    0.7700001725000432,
    0.7700001725000432,
    0.7700001341667002,
    0.7899999288998998,
    0.7899999288998998,
    0.7899999288998998,
    0.7899999288998998,
    0.7899999288998998,
    0.7899999288998998,
    0.7899999288998998,
    0.789999999919797,
    0.7899999673553597,
    0.78,
    0.7700001359859663,
    0.79,
    0.7899999728210894,
    0.78,
    0.78,
    0.7899999288998998,
    0.78,
    0.78,
    0.78,
    0.78,
    0.7899999656521456,
    0.7899999883823463,
    0.7800000520872313,
    0.7899999974782761,
    0.7899999836832994,
    0.7899999455171512,
    0.7899999748576181,
    0.7899999288998998,
    0.7899999288998998,
    0.7899999288998998,
    0.7899999288998998,
    0.7899999288998998,
    0.7899999288998998,
    0.7899999912707135,
    0.780000115310364,
    0.7800001107483189,
    0.7800001452000493,
    0.7800000088430202,
    0.7800000063800001,
    0.7899999920999764,
    0.7800001365517572,
    0.789999999032653,
    0.7899999956273047,
    0.7800001246666999,
    0.78,
    0.7800001452000493,
    0.7899999288998998,
    0.7899999288998998,
    0.7899999288998998,
    0.7899999876320893,
    0.7899999288998998,
    0.7899999288998998,
    0.7899999288998998,
    0.7800000147463771,
    0.7800000407164225,
    0.7899999910734397,
    0.7899999798542774,
    0.7800000071238097,
    0.7800001372477467,
    0.7899999984027496,
    0.7899999974286808,
    0.7800000094504108,
    0.7899999982103076,
    0.7800001580582924,
    0.7899999779020908,
    0.79,
    0.7800000103834811,
    0.7800001107483189,
    0.78,
    0.7899999735989522,
    0.7899999691540075,
    0.7899999615675487,
    0.7899999982654304,
    0.7899999983529189,
    0.79,
    0.7899999983692659,
    0.7899999981104245,
    0.7899999981096999,
    0.78,
    0.7800000040618763,
    0.7800000108339956,
    0.780000018857144,
    0.7899999990502905,
    0.79,
    0.79,
    0.789999999684,
    0.7899999920999764,
    0.7899999984611297,
    0.7899999525321714,
    0.7899999735491021,
    0.7899999873346619,
    0.7899999814662598,
    0.7899999857105909,
    0.7800000398901136,
    0.7800000870329804,
    0.7899999948812073,
    0.7800001365517572,
    0.7899999955759995,
    0.7899999920999764,
    0.7899999631333104,
    0.7899999673553597,
    0.7899999879158679,
    0.7899999849913544,
    0.7899999777115784,
    0.7899999785196251,
    0.7800000469902965,
    0.7800000839473916,
    0.7899999756089034,
    0.780000115310364,
    0.7800000096492553,
    0.78,
    0.7899999971599758,
    0.7899999631333104,
    0.780000018857144,
    0.7899999994636796,
    0.7800000149600005,
    0.7899999982405345,
    0.7899999913769927,
    0.7899999992502372,
    0.7800000228264775,
    0.79,
    0.7899999992120487,
    0.7899999892347987,
    0.7700000096831088,
    0.7899999970746758,
    0.7899999979413677,
    0.7899999961835736,
    0.79,
    0.7899999927044826,
    0.78,
    0.7899999779020908,
    0.7800000286390552,
    0.789999997256944,
    0.7899999674599333,
    0.7800000753591319,
    0.789999992616821,
    0.7800000472316416,
    0.7800001186087349,
    0.7899999761008291,
    0.789999982935193,
    0.7899999373779774,
    0.7800000295798342,
    0.79,
    0.789999988208949,
    0.7899999114017134,
    0.7899999745161064,
    0.78,
    0.789999996647017,
    0.7800001030379916,
    0.7899999696153673,
    0.7800001141985011,
    0.7899999568677937,
    0.7800001305085078,
    0.7899999955282994,
    0.7800000426210865,
    0.7899999836832994,
    0.7899999878193781,
    0.7899999756089034,
    0.7899999756089034,
    0.7899999989466665,
    0.7800000343010791,
    0.7800000616425246,
    0.7800000264000012,
    0.78999997558181,
    0.7800001311538941,
    0.7800000452733171,
    0.7899999947450076,
    0.7899999872122235,
    0.7820699548327309,
    0.7799999888091792,
    0.770000127777816,
    0.7799999985341101,
    0.7799999744262094,
    0.7799999823129216,
    0.7700000868367463,
    0.78,
    0.7700001478571799,
    0.7700001468907859,
    0.7799999989599999,
    0.77,
    0.7799999924879591,
    0.7799999999158705,
    0.7799999823129216,
    0.7799999977131686,
    0.7700000979054299,
    0.7799999739033272,
    0.7700000881437316,
    0.7700000642913459,
    0.7799999510971357,
    0.7799999756672282,
    0.770000089885074,
    0.78,
    0.7700001279839029,
    0.7700000030463576,
    0.7899999920999764,
    0.7899999920999764,
    0.7899999920999764,
    0.77,
    0.7899999914594564,
    0.7899999973622703,
    0.7899999920999764,
    0.7899999920999764,
    0.7899999920999764,
    0.7899999920999764,
    0.7700000762209492,
    0.78,
    0.7899999627543072,
    0.7700001554630018,
    0.789999998204545,
    0.77,
    0.77,
    0.77,
    0.77,
    0.770000001598616,
    0.77,
    0.77,
    0.7899999920999764,
    0.7899999920999764,
    0.7899999920999764,
    0.7899999920999764,
    0.79,
    0.78,
    0.78000008360001,
    0.7899999920999764,
    0.7899999288998998,
    0.7899999288998998,
    0.7899999288998998,
    0.7899999288998998,
    0.7899999920999764,
    0.7899999920999764,
    0.7899999920999764,
    0.7899999288998998,
    0.7899999288998998,
    0.7899999288998998,
    0.7899999288998998,
    0.7899999920999764,
    0.7899999920999764,
    0.7899999920999764,
    0.7899999920999764,
    0.7899999920999764,
    0.7899999920999764,
    0.78,
    0.7899999920999764,
    0.7899999920999764,
    0.7899999920999764,
    0.7899999920999764,
    0.7899999920999764,
    0.7899999920999764,
    0.7899999920999764,
    0.7899999920999764,
    0.7899999710231614,
    0.7899999898532093,
    0.7899999920999764,
    0.7899999285874963,
    0.7899999266426544,
    0.78000003067308,
    0.7899999266426544,
    0.7899999920999764,
    0.7899999266426544,
    0.7800001019867753,
    0.7899999266426544,
    0.7899999727585927,
    0.78000009643838,
    0.7899999585301424,
    0.7899999829802395,
    0.7899999920999764,
    0.7899999920999764,
    0.7899999920999764,
    0.7899999920999764,
    0.7899999920999764,
    0.7899999920999764,
    0.7899999920999764,
    0.7899999920999764,
    0.78,
    0.78,
    0.7899999920999764,
    0.7899999920999764,
    0.7899999920999764,
    0.7899999920999764,
    0.7899999920999764,
    0.78,
    0.78,
    0.78000004912446,
    0.7899999730490185,
    0.7899999800504989,
    0.7800000802353121,
    0.7899999920999764,
    0.7899995338993427,
    0.7800001247244369,
    0.7899995338993427,
    0.7899995338993427,
    0.7899995338993427,
    0.7899995338993427,
    0.7899995338993427,
    0.7899995338993427,
    0.7899995338993427,
    0.7899995338993427,
    0.7899995338993427,
    0.7899998938394187,
    0.789999986295918,
    0.7800000506474886,
    0.7800000236395163,
    0.7899999099287086,
    0.78,
    0.78,
    0.7899995338993427,
    0.7899995338993427,
    0.7899995338993427,
    0.7899995338993427,
    0.7899999068876378,
    0.7800000419047672,
    0.7899998820226574,
    0.7899999796275048,
    0.7899999691540075,
    0.7899999961216012,
    0.7800001246018096,
    0.7899998328405182,
    0.7800000504458644,
    0.7899999119114831,
    0.7899995338993427,
    0.7800000550000077,
    0.7899998853478836,
    0.7800001305085078,
    0.7899998600570877,
    0.78,
    0.7899999965964576,
    0.78000008360001,
    0.7899995338993427,
    0.7899995338993427,
    0.7899995338993427,
    0.7899995338993427,
    0.7800001452000493,
    0.7800001302400271,
    0.7899998600863575,
    0.789999883823494,
    0.7899995338993427,
    0.7899995338993427,
    0.7899995338993427,
    0.7899995338993427,
    0.7899995338993427,
    0.7899995338993427,
    0.7899995338993427,
    0.78000011354842,
    0.7899999525321714,
    0.7899999532544268,
    0.7899999847096646,
    0.7800001030379916,
    0.7800001141985011,
    0.78,
    0.78,
    0.78,
    0.78,
    0.7899999420666612,
    0.7899995338993427,
    0.7899995338993427,
    0.7899995338993427,
    0.7899995338993427,
    0.7899995338993427,
    0.7899995338993427,
    0.7899995338993427,
    0.7899995338993427,
    0.78,
    0.7899999021904572,
    0.7899995338993427,
    0.789999897764671,
    0.7800000838095418,
    0.7800001247244369,
    0.7800001245283489,
    0.8,
    0.8,
    0.7800000452733171,
    0.7942875764443301,
    0.7899998654989918,
    0.7800001452000493,
    0.7899998836433829,
    0.78,
    0.7800001452000493,
    0.7899995338993427,
    0.7800001452000493,
    0.7800001141985011,
    0.8,
    0.8,
    0.79,
    0.79,
    0.7800000880000235,
    0.7800001452000493,
    0.78,
    0.7899995338993427,
    0.7800001452000493,
    0.79,
    0.780000046739934,
    0.78,
    0.7800000205558085,
    0.78,
    0.7899999658086497,
    0.78,
    0.7800001452000493,
    0.7800001452000493,
    0.8,
    0.7999692011857543,
    0.7800001452000493,
    0.7800001128205514,
    0.79,
    0.7899998639858083,
    0.8,
    0.8,
    0.8,
    0.78,
    0.799638563369357,
    0.78,
    0.7899998389808561,
    0.7800001452000493,
    0.7899998558097209,
    0.78,
    0.7899995338993427,
    0.780000114782632,
    0.7800001452000493,
    0.78000008360001,
    0.789999924159977,
    0.7899998818109792,
    0.79,
    0.7900000480775757,
    0.8,
    0.7900000215552111,
    0.79,
    0.79,
    0.8,
    0.79,
    0.7900000794680635,
    0.790000065037255,
    0.79,
    0.8,
    0.8,
    0.7900000868965757,
    0.8,
    0.7900000402555962,
    0.8,
    0.8,
    0.8,
    0.790000132300049,
    0.8,
    0.8,
    0.8,
    0.790000132300049,
    0.8,
    0.8,
    0.8,
    0.7900000814045086,
    0.8,
    0.7900000389073655,
    0.7900001289109396,
    0.7900000493708657,
    0.8,
    0.8,
    0.8,
    0.8,
    0.7900000409500022,
    0.8,
    0.8,
    0.8,
    0.8,
    0.7900001186259777,
    0.7900000975000244,
    0.8,
    0.79,
    0.8,
    0.8,
    0.8,
    0.79,
    0.8,
    0.8,
    0.7900000493625579,
    0.8,
    0.7900001620652685,
    0.79,
    0.8,
    0.8,
    0.8,
    0.7900000399218778,
    0.79,
    0.7900000170845533,
    0.8099999813076891,
    0.8099999904424752,
    0.8,
    0.7900000703783928,
    0.8099999922857125,
    0.8,
    0.8,
    0.8099999756999036,
    0.81,
    0.8,
    0.8,
    0.8,
    0.8099999999122216,
    0.8,
    0.8099999756999036,
    0.81,
    0.8099999931149997,
    0.8099999571027392,
    0.8099999866483482,
    0.8,
    0.8099999643520449,
    0.81,
    0.8099999756999036,
    0.8099999979749998,
    0.8,
    0.8,
    0.81,
    0.8,
    0.8099999988631579,
    0.8,
    0.8,
    0.8099999740799853,
    0.81,
    0.81,
    0.81,
    0.8,
    0.8,
    0.8099999993925,
    0.8,
    0.7900000070742099,
    0.79,
    0.79,
    0.8,
    0.8099996273994262,
    0.8099996273994262,
    0.8099996273994262,
    0.8,
    0.79,
    0.8099997812998403,
    0.7900000504000081,
    0.80999972999973,
    0.7900000011091549,
    0.8099996273994262,
    0.8099999953768569,
    0.8099996273994262,
    0.7900000103261764,
    0.8,
    0.8099996273994262,
    0.8099999992553226,
    0.8038510584781152,
    0.7900000010536585,
    0.79,
    0.79,
    0.7900000025528853,
    0.79,
    0.81,
    0.81,
    0.8099999931149997,
    0.8093440742115576,
    0.8,
    0.8,
    0.7900000074492971,
    0.79,
    0.7900000021,
    0.79,
    0.8,
    0.8,
    0.8,
    0.8099999931149997,
    0.8099999931149997,
    0.81,
    0.8099999740799853,
    0.8,
    0.8,
    0.8,
    0.8,
    0.8099999854199988,
    0.8099999931149997,
    0.81,
    0.8099999978399999,
    0.8099999931149997,
    0.8099999756999036,
    0.8099999931149997,
    0.8099999554499133,
    0.8099999931149997,
    0.8099999931149997,
    0.8099999931149997,
    0.8099999931149997,
    0.8,
    0.8,
    0.8099999931149997,
    0.8099999931149997,
    0.809999998245,
    0.8099999931149997,
    0.8099999941473955,
    0.8087868179230155,
    0.8099999931149997,
    0.79,
    0.7900000012395658,
    0.8,
    0.8099999996936678,
    0.809999998245,
    0.8099999756999036,
    0.8099999931149997,
    0.8099999756999036,
    0.8,
    0.8,
    0.8099999756999036,
    0.8099999931149997,
    0.8099999978754097,
    0.8099999756999036,
    0.8099999756999036,
    0.8099999931149997,
    0.8099999756999036,
    0.809999999271,
    0.8099999756999036,
    0.8099999959499992,
    0.8099999756999036,
    0.8099999756999036,
    0.8099999756999036,
    0.8099999756999036,
    0.8099999756999036,
    0.8099999931149997,
    0.8099999756999036,
    0.8099999756999036,
    0.8099999931149997,
    0.8099999756999036,
    0.8099999931149997,
    0.8099999740799853,
    0.8099999756999036,
    0.8099999849571389,
    0.8099999756999036,
    0.8099999756999036,
    0.8099999756999036,
    0.8099999854199988,
    0.8099999756999036,
    0.8099999887846121,
    0.8099999554499133,
    0.8099999756999036,
    0.8099999931149997,
    0.8091766592073382,
    0.8,
    0.8,
    0.7900000113555558,
    0.8,
    0.8,
    0.8,
    0.8099999554499133,
    0.8099999854199988,
    0.809999998245,
    0.81,
    0.8099999756999036,
    0.8,
    0.8,
    0.8099999976724136,
    0.8099999969441647,
    0.8099999968993468,
    0.8,
    0.8099999554499133,
    0.8099999849571389,
    0.8099999969624999,
    0.81,
    0.81,
    0.8,
    0.8099999954639995,
    0.8099999954639995,
    0.8,
    0.8,
    0.8,
    0.8099999954639995,
    0.8099999931149997,
    0.8199999934399984,
    0.8199999835999839,
    0.8199999934399984,
    0.8199999835999839,
    0.8199999835999839,
    0.8199999934399984,
    0.8199999934399984,
    0.8199999835999839,
    0.8199999934399984,
    0.8199999934399984,
    0.81,
    0.81,
    0.81,
    0.81,
    0.81,
    0.8100000627000107,
    0.8199999835999839,
    0.82,
    0.81,
    0.81,
    0.81,
    0.81,
    0.81,
    0.81,
    0.8199999835999839,
    0.8199999946030434,
    0.8199999343999178,
    0.8199999997068287,
    0.81,
    0.81,
    0.81,
    0.81,
    0.81,
    0.8204102243200149,
    0.81,
    0.81,
    0.8100000441290363,
    0.8199999835999839,
    0.82,
    0.81,
    0.81,
    0.81,
    0.81,
    0.81,
    0.81,
    0.81,
    0.81,
    0.82,
    0.82,
    0.81,
    0.81,
    0.8100000430666713,
    0.81,
    0.81,
    0.81,
    0.81,
    0.8199999901599953,
    0.8199999835999839,
    0.81,
    0.81,
    0.81,
    0.81,
    0.81,
    0.81,
    0.81,
    0.81,
    0.81,
    0.81,
    0.7996825282557052,
    0.7899996997998139,
    0.7800001452000493,
    0.78,
    0.8,
    0.79,
    0.79,
    0.79,
    0.79,
    0.79,
    0.77,
    0.77,
    0.77,
    0.77,
    0.77,
    0.77,
    0.77,
    0.7899999920999764,
    0.78,
    0.78,
    0.78,
    0.78,
    0.78,
    0.7799999869879496,
    0.78,
    0.78,
    0.78,
    0.779999973180486,
    0.7799999857317033,
    0.74,
    0.77,
    0.77,
    0.77,
    0.77,
    0.77,
    0.77,
    0.77,
    0.78,
    0.78,
    0.78,
    0.78,
    0.78,
    0.78,
    0.78,
    0.78,
    0.78,
    0.71,
    0.73,
    0.74,
    0.78,
    0.81,
    0.8,
    0.77,
    0.77,
    0.77,
    0.77,
    0.77,
    0.77,
    0.8,
    0.7300000117643645,
    0.74,
    0.7400001352000649,
    0.74,
    0.8199999901599953,
    0.75,
    0.74,
    0.76,
    0.84,
    0.84,
    0.66,
    0.64,
    0.64,
    0.64,
    0.64,
    0.73,
    0.7,
    0.73,
    0.8,
    0.8,
    0.8,
    0.8,
    0.8,
    0.8,
    0.8,
    0.8,
    0.8,
    0.8,
    0.8,
    0.8,
    0.8199999671999948,
    0.7300001458000671,
    0.8399999974799998,
    0.670000217800074,
    0.74,
    0.72,
    0.72,
    0.62,
    0.61,
    0.69,
    0.7,
    0.69,
    0.69,
    0.81,
    0.81,
    0.81,
    0.81,
    0.84,
    0.8338235289576125,
    0.8264542916532214,
    0.76,
    0.76,
    0.76,
    0.76,
    0.76,
    0.84,
    0.64,
    0.64,
    0.69,
    0.67,
    0.65,
    0.69,
    0.65,
    0.72,
    0.79,
    0.79,
    0.79,
    0.79,
    0.79,
    0.79,
    0.79,
    0.53,
    0.53,
    0.55,
    0.57,
    0.55,
    0.58,
    0.58,
    0.71,
    0.71,
    0.71,
    0.71,
    0.71,
    0.71,
    0.71,
    0.71,
    0.71,
    0.8499999149996685,
    0.52,
    0.52,
    0.64,
    0.62,
    0.53,
    0.61,
    0.54,
    0.52,
    0.76,
    0.76,
    0.76,
    0.76,
    0.8782435125708662,
    0.75,
    0.75,
    0.75,
    0.75
]
