[
    0.999,
    0.999,
    0.999,
    0.999,
    0.999,
    0.999,
    0.999,
    0.999,
    0.999,
    0.999,
    0.999,
    0.999,
    0.999,
    0.999,
    0.999,
    0.999,
    0.999,
    0.999,
    0.999,
    0.999,
    0.999,
    0.999,
    0.999,
    0.997,
    0.999,
    0.999,
    0.999,
    0.999,
    0.999,
    0.999,
    0.999,
    0.999,
    0.99864295325604,
    0.998,
    0.998,
    0.998,
    0.998,
    0.998,
    0.998,
    0.998,
    0.998,
    0.995,
    0.998,
    0.998,
    0.996,
    0.995,
    0.9944160700676637,
    0.994,
    0.9939999993857717,
    0.9939995148543925,
    0.994,
    0.9939999999135652,
    0.994,
    0.994,
    0.995,
    0.995,
    0.995,
    0.995,
    0.995,
    0.994,
    0.994,
    0.9929219651978903,
    0.992,
    0.99,
    0.99,
    0.99,
    0.9898344905593004,
    0.985,
    0.985,
    0.984999991791612,
    0.98,
    0.9799999901999968,
    0.9799991571990392,
    0.984999995522654,
    0.95,
    0.98,
    0.97,
    0.9699999917446317,
    0.96,
    0.95,
    0.94,
    0.93,
    0.94,
    0.91,
    0.91,
    0.92,
    0.92,
    0.9399999623995127,
    0.95,
    0.96,
    0.96,
    0.96,
    0.96,
    0.95,
    0.95,
    0.95,
    0.97,
    0.95,
    0.97,
    0.969236085826559,
    0.9699663425534307,
    0.94,
    0.92,
    0.91,
    0.9,
    0.9,
    0.9,
    0.9,
    0.89,
    0.889999999555,
    0.89,
    0.879999999648,
    0.88,
    0.850000006,
    0.88,
    0.84,
    0.85,
    0.86,
    0.8599999991399997,
    0.8300000058650001,
    0.84,
    0.8599999983073641,
    0.83,
    0.84,
    0.83,
    0.82,
    0.82,
    0.8162014459012376,
    0.78,
    0.78,
    0.78,
    0.78,
    0.75,
    0.78,
    0.75,
    0.78,
    0.75,
    0.75,
    0.75,
    0.75,
    0.7599999087998286,
    0.74,
    0.720000017064067,
    0.7399999457333192,
    0.7099999960209549,
    0.68,
    0.74,
    0.7400001322034346,
    0.7799998595999691,
    0.779999999688,
    0.769999999846,
    0.77,
    0.7699999876799952,
    0.77,
    0.77,
    0.7699999876799952,
    0.7599998023998538,
    0.75,
    0.75,
    0.75,
    0.75,
    0.75,
    0.77,
    0.77,
    0.7699999993583332,
    0.7599999539393735,
    0.75,
    0.7400000428723448,
    0.7400000173172993,
    0.7400001188571734,
    0.75,
    0.75,
    0.740000052000007,
    0.74,
    0.7399999856542779,
    0.7300001458000671,
    0.7399999979795221,
    0.7399999916619696,
    0.73,
    0.7300001549565676,
    0.74,
    0.74,
    0.74,
    0.75,
    0.75,
    0.75,
    0.74,
    0.74,
    0.74,
    0.74,
    0.7400000338919944,
    0.7400001352000649,
    0.740000035025911,
    0.75,
    0.7400000353600023,
    0.7400000353600023,
    0.75,
    0.75,
    0.75,
    0.74000000234,
    0.7400000108538902,
    0.7400000101902019,
    0.74,
    0.75,
    0.75,
    0.75,
    0.74,
    0.7400001352000649,
    0.7599999999206525,
    0.74,
    0.7599998540799696,
    0.759999981180951,
    0.74,
    0.75,
    0.7599999927039999,
    0.7599999937874652,
    0.75,
    0.7599999949793551,
    0.75,
    0.759999941538438,
    0.75,
    0.7599999695999891,
    0.75999999848,
    0.7599999087998286,
    0.76,
    0.75,
    0.7599999970853307,
    0.75,
    0.7599999992831878,
    0.7599998046585279,
    0.75,
    0.75,
    0.75,
    0.75,
    0.75,
    0.75,
    0.75,
    0.7400000140963858,
    0.75,
    0.75,
    0.75,
    0.7599999971976401,
    0.7599999993656094,
    0.75,
    0.76,
    0.76,
    0.75,
    0.75,
    0.7599998540799696,
    0.7599993311992509,
    0.7599993311992509,
    0.7599999979733333,
    0.759999984096259,
    0.75,
    0.75,
    0.7400000477994474,
    0.75,
    0.75,
    0.759999941451839,
    0.75,
    0.75,
    0.75,
    0.75,
    0.75,
    0.7400000154192236,
    0.75,
    0.75,
    0.7400000110564787,
    0.75,
    0.75,
    0.75,
    0.75,
    0.75,
    0.75,
    0.7400000038815022,
    0.7400000778854735,
    0.75,
    0.75,
    0.75,
    0.75,
    0.7400000615789598,
    0.75,
    0.7400001017391459,
    0.75,
    0.75,
    0.75,
    0.75,
    0.74000000585,
    0.75,
    0.75,
    0.75,
    0.75,
    0.74000000728,
    0.75,
    0.75,
    0.75,
    0.75,
    0.75,
    0.75,
    0.75,
    0.75,
    0.75,
    0.75,
    0.75,
    0.75,
    0.75,
    0.75,
    0.75,
    0.75,
    0.75,
    0.75,
    0.75,
    0.7499998874999719,
    0.7499997187498242,
    0.7499997187498242,
    0.7499997187498242,
    0.7499997187498242,
    0.7499997187498242,
    0.7499997187498242,
    0.7499999897297789,
    0.75,
    0.7400000214369854,
    0.7400000406436812,
    0.75,
    0.75,
    0.7499999971875,
    0.7400000477690326,
    0.75,
    0.7400000091919193,
    0.75,
    0.75,
    0.75,
    0.7400000015179317,
    0.75,
    0.75,
    0.75,
    0.7599999873215937,
    0.75,
    0.7599998023998538,
    0.7599998023998538,
    0.7599998023998538,
    0.7599998023998538,
    0.7599998023998538,
    0.7599998023998538,
    0.75,
    0.75,
    0.75,
    0.75,
    0.76,
    0.7599999665599981,
    0.7599999997978387,
    0.75,
    0.75,
    0.75,
    0.7599999665599981,
    0.7599998023998538,
    0.75,
    0.75,
    0.75,
    0.7599999954399995,
    0.76,
    0.7599999954399995,
    0.75,
    0.75,
    0.76,
    0.76,
    0.76,
    0.76,
    0.76,
    0.76,
    0.76,
    0.76,
    0.75,
    0.75,
    0.75,
    0.75,
    0.76,
    0.759999999924,
    0.7599999985440613,
    0.7599999954399995,
    0.75,
    0.7599999087998286,
    0.7599999087998286,
    0.7599999087998286,
    0.7599999087998286,
    0.7599999087998286,
    0.7599999087998286,
    0.7599999087998286,
    0.7599999087998286,
    0.75,
    0.7599999993677204,
    0.7599999954399995,
    0.7599999087998286,
    0.7599999087998286,
    0.7599999087998286,
    0.7599999087998286,
    0.7599999087998286,
    0.75,
    0.7599999087998286,
    0.7599999087998286,
    0.7599999975679997,
    0.75,
    0.75,
    0.75,
    0.7599999785158941,
    0.7599999994432234,
    0.7599999087998286,
    0.7599999087998286,
    0.7599999087998286,
    0.7599999087998286,
    0.7599999087998286,
    0.7599999087998286,
    0.7599999087998286,
    0.7599999087998286,
    0.75999999848,
    0.75,
    0.75,
    0.7599999954399995,
    0.75,
    0.75,
    0.75,
    0.75,
    0.75,
    0.75,
    0.75,
    0.75,
    0.75,
    0.75,
    0.75,
    0.75,
    0.75,
    0.75,
    0.75,
    0.75,
    0.7400000416000038,
    0.75,
    0.75,
    0.75,
    0.7400000067788058,
    0.75,
    0.75,
    0.75,
    0.75,
    0.75,
    0.75,
    0.75,
    0.75,
    0.75,
    0.75,
    0.75,
    0.75,
    0.75,
    0.75,
    0.75,
    0.75,
    0.75,
    0.740000072800016,
    0.75,
    0.75,
    0.75,
    0.75,
    0.75,
    0.75,
    0.75,
    0.75,
    0.75,
    0.75,
    0.75,
    0.75,
    0.7400000128395064,
    0.75,
    0.75,
    0.75,
    0.75,
    0.75,
    0.75,
    0.7400000112369601,
    0.75,
    0.75,
    0.75,
    0.75,
    0.75,
    0.75,
    0.75,
    0.75,
    0.75,
    0.75,
    0.75,
    0.75,
    0.75,
    0.75,
    0.75,
    0.75,
    0.75,
    0.75,
    0.75,
    0.75,
    0.75,
    0.75,
    0.75,
    0.75,
    0.75,
    0.75,
    0.75,
    0.7599999087998286,
    0.7599999758730052,
    0.7599999087998286,
    0.7599999087998286,
    0.7599999087998286,
    0.7599999087998286,
    0.7599999087998286,
    0.7599999087998286,
    0.7599999087998286,
    0.7599999087998286,
    0.7599999087998286,
    0.7599993311992509,
    0.7599999665599981,
    0.7599999087998286,
    0.7599999087998286,
    0.7599999087998286,
    0.7599999087998286,
    0.7599993311992509,
    0.75,
    0.7599999391999896,
    0.7599993311992509,
    0.7599999665599981,
    0.7599993311992509,
    0.75,
    0.75,
    0.75,
    0.75,
    0.75,
    0.75,
    0.75,
    0.75,
    0.75,
    0.75,
    0.75,
    0.75,
    0.75,
    0.75,
    0.75,
    0.75,
    0.75,
    0.75,
    0.75,
    0.75,
    0.75,
    0.75,
    0.75,
    0.75,
    0.75,
    0.75,
    0.75,
    0.75,
    0.75,
    0.74,
    0.75,
    0.7499999718749982,
    0.7499997187498242,
    0.7499997187498242,
    0.7499997187498242,
    0.7499997187498242,
    0.75,
    0.75,
    0.7400000040851599,
    0.74,
    0.7499999488636305,
    0.7499999211079805,
    0.7400000295862086,
    0.7400001352000649,
    0.7400000105700607,
    0.74,
    0.7499998274539216,
    0.7400000917647275,
    0.74,
    0.7499999718749982,
    0.75,
    0.75,
    0.75,
    0.75,
    0.75,
    0.75,
    0.7599999995006981,
    0.7599999994472727,
    0.7599999994186714,
    0.76,
    0.75,
    0.7599997669332494,
    0.76,
    0.75,
    0.75,
    0.75,
    0.7599998540799696,
    0.75,
    0.7599999986617474,
    0.7599998764226839,
    0.7599999483199932,
    0.7599999947642089,
    0.7599999583561603,
    0.7599999483199932,
    0.75,
    0.75,
    0.75,
    0.75,
    0.76,
    0.75,
    0.75,
    0.75,
    0.76,
    0.7599999665599981,
    0.75,
    0.7599999665599981,
    0.7599999665599981,
    0.7599999665599981,
    0.75,
    0.7599999665599981,
    0.75,
    0.7599993919994731,
    0.7599999965751991,
    0.7599997669332494,
    0.7599999665599981,
    0.7599999948216144,
    0.7599999665599981,
    0.7599998540799696,
    0.76,
    0.7599999665599981,
    0.7599998540799696,
    0.75,
    0.75,
    0.75,
    0.76,
    0.76,
    0.7599999918933329,
    0.7599999954399995,
    0.76,
    0.76,
    0.76,
    0.76,
    0.76,
    0.76,
    0.76,
    0.76,
    0.77,
    0.76,
    0.77,
    0.779999998076,
    0.7788017706057873,
    0.77,
    0.77,
    0.77,
    0.77,
    0.7699999990554193,
    0.77,
    0.77,
    0.7699999990656212,
    0.77,
    0.7699996354785081,
    0.7600000037578288,
    0.7699998613999326,
    0.76,
    0.76,
    0.77,
    0.7699999968659987,
    0.76,
    0.77,
    0.77,
    0.7699999823999979,
    0.7699999986634265,
    0.77,
    0.77,
    0.77,
    0.77,
    0.7799999115999805,
    0.7799999622745067,
    0.78,
    0.7700000131100005,
    0.7799995366330211,
    0.7700000036709228,
    0.78,
    0.78,
    0.7700000028847458,
    0.7700001275454997,
    0.7799999998745308,
    0.7799998595999691,
    0.7799999967249824,
    0.7799999995319999,
    0.77,
    0.7700000030541233,
    0.770000001403,
    0.7799999995319999,
    0.77,
    0.7700000990769567,
    0.7700000115000005,
    0.7799999984399996,
    0.7700000131100005,
    0.7799999954117643,
    0.78,
    0.7700000118285717,
    0.7799999915999981,
    0.7700000107333336,
    0.7799999937599991,
    0.78,
    0.7799999980499998,
    0.78,
    0.7799999986512968,
    0.7700001725000432,
    0.770000030820002,
    0.78,
    0.7700000069000001,
    0.7700001275454997,
    0.7700000131100005,
    0.7700000157468885,
    0.770000014566667,
    0.7799999978588235,
    0.7799999995319999,
    0.78,
    0.7799999995745261,
    0.7700000069000001,
    0.78,
    0.7799999984399996,
    0.78,
    0.78,
    0.7700000048300001,
    0.78,
    0.78,
    0.78,
    0.7799999033625018,
    0.78,
    0.78,
    0.79,
    0.78,
    0.7800000085250002,
    0.7899999288998998,
    0.79,
    0.7899999920999764,
    0.79,
    0.8,
    0.8,
    0.7947019867549668,
    0.78,
    0.8,
    0.8,
    0.7800000149600005,
    0.78,
    0.78,
    0.8,
    0.809999999271,
    0.8,
    0.8,
    0.8,
    0.8,
    0.8,
    0.8,
    0.8,
    0.8,
    0.8099999740799853,
    0.8,
    0.8,
    0.8,
    0.8,
    0.8,
    0.809999995553522,
    0.8099999854199988,
    0.8,
    0.8,
    0.8,
    0.8,
    0.8,
    0.8099999554499133,
    0.8,
    0.8,
    0.8,
    0.81,
    0.81,
    0.81,
    0.8,
    0.8,
    0.8,
    0.8,
    0.8099999633668175,
    0.78,
    0.78,
    0.79,
    0.8,
    0.8,
    0.79,
    0.78,
    0.79,
    0.8,
    0.78,
    0.8,
    0.79,
    0.78,
    0.78,
    0.79,
    0.8,
    0.81,
    0.81,
    0.81,
    0.81,
    0.84,
    0.82,
    0.8195571428571429,
    0.82,
    0.82,
    0.81,
    0.8090956072351421,
    0.5,
    0.49,
    0.49,
    0.49,
    0.49,
    0.49,
    0.49,
    0.44,
    0.44,
    0.44,
    0.44,
    0.44,
    0.45
]
