[
    0.999,
    0.999,
    0.999,
    0.999,
    0.999,
    0.999,
    0.999,
    0.999,
    0.999,
    0.999,
    0.999,
    0.999,
    0.999,
    0.999,
    0.999,
    0.999,
    0.999,
    0.999,
    0.999,
    0.999,
    0.999,
    0.9890969737400691,
    0.98,
    0.95,
    0.9110000062906934,
    0.95,
    0.949,
    0.95,
    0.96,
    0.96,
    0.99,
    0.95,
    0.95,
    0.99,
    0.99,
    0.99,
    0.99,
    0.99,
    0.99,
    0.99,
    0.96,
    0.99,
    0.95,
    0.99,
    0.988375,
    0.95,
    0.9860917,
    0.98,
    0.98,
    0.98,
    0.98,
    0.98,
    0.99,
    0.98,
    0.98,
    0.98,
    0.9778487327642547,
    0.95,
    0.94,
    0.9399999993803557,
    0.9,
    0.91,
    0.9,
    0.88,
    0.88,
    0.9,
    0.91,
    0.9,
    0.9,
    0.9,
    0.9,
    0.9,
    0.9100000016500001,
    0.92,
    0.93,
    0.92,
    0.93,
    0.93,
    0.9399999996239999,
    0.94,
    0.935992648194483,
    0.9300000637000058,
    0.925,
    0.9,
    0.91,
    0.9,
    0.91,
    0.9,
    0.92,
    0.91,
    0.9100000154800004,
    0.9100000810000081,
    0.9100000810000081,
    0.9100000810000081,
    0.9100000810000081,
    0.9100000810000081,
    0.9100000810000081,
    0.9100000810000081,
    0.9199999934766229,
    0.9199999687199979,
    0.84,
    0.84,
    0.8239764702150002,
    0.8,
    0.76,
    0.7997097944377267,
    0.7200000029866667,
    0.7100000359600027,
    0.76,
    0.75,
    0.7,
    0.6400000792000222,
    0.6400000792000222,
    0.65,
    0.69,
    0.7,
    0.7,
    0.7,
    0.71,
    0.77,
    0.7700000839500113,
    0.8,
    0.78,
    0.83,
    0.82,
    0.8,
    0.8038685314685314,
    0.8100000627000107,
    0.8100000627000107,
    0.8100000627000107,
    0.8100000627000107,
    0.8100000627000107,
    0.8100000627000107,
    0.8100000627000107,
    0.8100000627000107,
    0.81,
    0.81,
    0.81,
    0.81,
    0.81,
    0.81,
    0.81,
    0.81,
    0.8100000627000107,
    0.8100000032088889,
    0.82,
    0.83,
    0.84,
    0.88,
    0.8812766011770263,
    0.8583449985857261,
    0.858372076433121,
    0.8300000391000041,
    0.81,
    0.82,
    0.81,
    0.81,
    0.81,
    0.7785965915589614,
    0.77,
    0.75,
    0.7,
    0.700000042857149,
    0.74,
    0.76,
    0.6900000599333417,
    0.6900000599333417,
    0.6900000599333417,
    0.6900000599333417,
    0.7499998874999719,
    0.67,
    0.67,
    0.6699999996058823,
    0.757806348334769,
    0.74,
    0.74,
    0.73,
    0.74,
    0.72,
    0.71,
    0.68,
    0.7,
    0.68,
    0.7,
    0.71,
    0.68,
    0.71,
    0.71,
    0.71,
    0.6699999941244694,
    0.6500000149208295,
    0.66,
    0.65,
    0.65,
    0.65,
    0.6309489051094891,
    0.6,
    0.62,
    0.62,
    0.65,
    0.64,
    0.6500000014,
    0.71,
    0.71,
    0.6700000519750048,
    0.69,
    0.7,
    0.67,
    0.67,
    0.7,
    0.69,
    0.68,
    0.65,
    0.65,
    0.65,
    0.74,
    0.739999989639998,
    0.71,
    0.73,
    0.7100001334000721,
    0.73,
    0.73,
    0.73,
    0.73,
    0.7299998101998596,
    0.6599999993691177,
    0.7017258880112139,
    0.68,
    0.66,
    0.66,
    0.6599999994739131,
    0.68,
    0.68,
    0.6726492423116273,
    0.66,
    0.66,
    0.66,
    0.64,
    0.65,
    0.64,
    0.65,
    0.66,
    0.67,
    0.7145512470672132,
    0.67,
    0.71,
    0.76,
    0.7400000282311753,
    0.77,
    0.8,
    0.78,
    0.79,
    0.77,
    0.7200000268800028,
    0.7200000268800028,
    0.7200000268800028,
    0.71,
    0.73,
    0.71,
    0.72,
    0.73,
    0.7200000268800028,
    0.7200000268800028,
    0.7200000268800028,
    0.7200000268800028,
    0.7200000268800028,
    0.73,
    0.73,
    0.73,
    0.72,
    0.66,
    0.66,
    0.7399999993460586,
    0.769999993066532,
    0.690000037820003,
    0.7818069620240028,
    0.75,
    0.69,
    0.69,
    0.69,
    0.69,
    0.690000037820003,
    0.6900000635500187,
    0.72,
    0.7200000952000152,
    0.75,
    0.7100005709381602,
    0.72,
    0.72,
    0.72,
    0.73,
    0.76,
    0.82,
    0.8499999149996685,
    0.820000029508198,
    0.84,
    0.84,
    0.84,
    0.85,
    0.87,
    0.9192751232775771,
    0.91,
    0.9,
    0.895,
    0.87,
    0.87,
    0.87,
    0.8600000574000052,
    0.82,
    0.8,
    0.75,
    0.74,
    0.74,
    0.74,
    0.77,
    0.77,
    0.77,
    0.7400000065000002,
    0.74,
    0.74,
    0.74,
    0.76,
    0.7599999810591846,
    0.7599999831111084,
    0.7599999954399995,
    0.7599999954399995,
    0.7400000161200007,
    0.7693810326037643,
    0.76,
    0.7599999918933329,
    0.7599999954399995,
    0.7599999949163877,
    0.7599999912265507,
    0.76,
    0.76,
    0.76,
    0.7600000360000037,
    0.7852641778909222,
    0.75,
    0.73,
    0.73,
    0.74,
    0.75,
    0.7300000274060174,
    0.7300000303811274,
    0.730000608108695,
    0.73,
    0.73,
    0.7300000184440233,
    0.73,
    0.72,
    0.72,
    0.71,
    0.71,
    0.6799999954170174,
    0.6799999939510745,
    0.6799999856842087,
    0.68,
    0.6799999937757428,
    0.6400000540000054,
    0.6400000540000054,
    0.6400000540000054,
    0.6400000540000054,
    0.6400000540000054,
    0.64000006240001,
    0.6400000540000054,
    0.7,
    0.7,
    0.7000000439882762,
    0.7,
    0.69,
    0.69,
    0.68,
    0.68,
    0.66,
    0.65,
    0.66,
    0.7,
    0.6500000157500009,
    0.6500001225000797,
    0.6627101872444652,
    0.66,
    0.66,
    0.7,
    0.7,
    0.7,
    0.69,
    0.71,
    0.7697087378640777,
    0.76,
    0.74,
    0.7399999671111053,
    0.718936170212766,
    0.7,
    0.69,
    0.69,
    0.69,
    0.68,
    0.67,
    0.67,
    0.6700000264215709,
    0.6700000115576044,
    0.66,
    0.6300000888000231,
    0.6242528735632183,
    0.61,
    0.61,
    0.61,
    0.62,
    0.62,
    0.64,
    0.6200000988000731,
    0.63,
    0.63,
    0.64,
    0.64,
    0.6400000129600009,
    0.66,
    0.66,
    0.65,
    0.69,
    0.6899999907931789,
    0.6899999953308268,
    0.6899999952083328,
    0.64,
    0.66,
    0.67,
    0.66,
    0.68,
    0.64,
    0.71,
    0.72,
    0.73,
    0.7300000837000159,
    0.75,
    0.7499998874999719,
    0.73,
    0.78,
    0.74,
    0.73,
    0.7300000043886846,
    0.78,
    0.7699999876799952,
    0.8,
    0.8,
    0.8,
    0.8,
    0.8,
    0.75,
    0.75,
    0.71,
    0.7200000145600007,
    0.73,
    0.73,
    0.73,
    0.73,
    0.7,
    0.700000015693113,
    0.73,
    0.73,
    0.73,
    0.73,
    0.73,
    0.73,
    0.7,
    0.74,
    0.71,
    0.7,
    0.68,
    0.6653146826148955,
    0.6100000097500002,
    0.59,
    0.59,
    0.6699999980188369,
    0.67,
    0.67,
    0.6700000033,
    0.67,
    0.6699999926193373,
    0.65,
    0.65,
    0.64,
    0.65,
    0.6632205593071733,
    0.64,
    0.64,
    0.6100001521000927,
    0.619999999132,
    0.5600000105600008,
    0.56,
    0.5700000085736084,
    0.6,
    0.6200000062206407,
    0.64,
    0.65,
    0.64,
    0.64,
    0.64,
    0.64,
    0.64,
    0.64,
    0.64,
    0.64,
    0.64,
    0.64,
    0.64,
    0.63,
    0.63,
    0.63,
    0.6400000054,
    0.64,
    0.64,
    0.64,
    0.64,
    0.64,
    0.64,
    0.64,
    0.64,
    0.64,
    0.64,
    0.64,
    0.64,
    0.64,
    0.64,
    0.64,
    0.6400000069120001,
    0.64,
    0.64,
    0.64,
    0.64,
    0.64,
    0.64,
    0.64,
    0.64,
    0.64,
    0.64,
    0.6400000046285715,
    0.64,
    0.64,
    0.64,
    0.6499999934999994,
    0.64,
    0.64,
    0.64,
    0.64,
    0.64,
    0.64,
    0.64,
    0.64,
    0.64,
    0.64,
    0.64,
    0.64,
    0.64,
    0.64,
    0.64,
    0.64,
    0.64,
    0.64,
    0.64,
    0.64,
    0.64,
    0.64,
    0.64,
    0.64,
    0.64,
    0.64,
    0.64,
    0.64,
    0.64,
    0.64,
    0.65,
    0.65,
    0.65,
    0.65,
    0.65,
    0.65,
    0.65,
    0.65,
    0.65,
    0.65,
    0.65,
    0.65,
    0.65,
    0.65,
    0.65,
    0.65,
    0.65,
    0.65,
    0.65,
    0.65,
    0.64,
    0.65,
    0.64,
    0.6300000400918906,
    0.64,
    0.65,
    0.65,
    0.65,
    0.65,
    0.65,
    0.65,
    0.65,
    0.65,
    0.65,
    0.65,
    0.65,
    0.65,
    0.65,
    0.66,
    0.66,
    0.66,
    0.66,
    0.66,
    0.66,
    0.66,
    0.66,
    0.66,
    0.65,
    0.6400000108000004,
    0.65,
    0.64,
    0.64,
    0.63,
    0.63,
    0.64,
    0.63,
    0.63,
    0.63,
    0.63,
    0.6499999991116173,
    0.64,
    0.64,
    0.65,
    0.65,
    0.65,
    0.65,
    0.6500000097222225,
    0.66,
    0.65,
    0.65,
    0.65,
    0.6300001755932858,
    0.649999877358398,
    0.6499999349999631,
    0.6499999980878602,
    0.64,
    0.64,
    0.6300000077840113,
    0.6300000742475016,
    0.64,
    0.64,
    0.6300000043342858,
    0.6300000325600037,
    0.63,
    0.6300000040199185,
    0.64,
    0.64,
    0.6300000062160002,
    0.64,
    0.64,
    0.630000001961,
    0.63,
    0.6300000339166693,
    0.64,
    0.64,
    0.6300000043786984,
    0.64,
    0.6300000258042756,
    0.64,
    0.630000003996312,
    0.6300000093078122,
    0.63,
    0.63,
    0.6300001369000863,
    0.64,
    0.6300001369000863,
    0.64,
    0.6300000020668387,
    0.64,
    0.620000062929966,
    0.6300000074000001,
    0.64,
    0.6300000470909245,
    0.6300000325376938,
    0.630000053025487,
    0.64,
    0.64,
    0.64,
    0.64,
    0.6200000208409533,
    0.62,
    0.64,
    0.63,
    0.6200000988000731,
    0.6299999707543478,
    0.63,
    0.6200000662121348,
    0.620000003648,
    0.6200000061488674,
    0.62,
    0.6200000988000731,
    0.6200000380000089,
    0.63,
    0.63,
    0.6200000304000052,
    0.63,
    0.63,
    0.63,
    0.6299999788432823,
    0.6300000206751255,
    0.63,
    0.6420735525225083,
    0.63,
    0.63,
    0.63,
    0.63,
    0.63,
    0.64,
    0.6300000727666766,
    0.64,
    0.63,
    0.6300000229400009,
    0.64,
    0.63,
    0.64,
    0.64,
    0.64,
    0.64,
    0.6300000415730407,
    0.64,
    0.630000179412156,
    0.64,
    0.64,
    0.64,
    0.64,
    0.64,
    0.64,
    0.64,
    0.64,
    0.64,
    0.64,
    0.64,
    0.64,
    0.64,
    0.64,
    0.64,
    0.64,
    0.64,
    0.64,
    0.64,
    0.64,
    0.64,
    0.64,
    0.64,
    0.64,
    0.64,
    0.64,
    0.64,
    0.64,
    0.64,
    0.6499998829999742,
    0.649999980712161,
    0.6499999848977684,
    0.649999811594121,
    0.6499999533045876,
    0.6499998475072777,
    0.6499999495341497,
    0.6499999595435542,
    0.6499999431486765,
    0.6499997848431268,
    0.6499998105827611,
    0.65,
    0.6410162729184983,
    0.64,
    0.64,
    0.64999977448969,
    0.65,
    0.6499998289473076,
    0.6499999723749984,
    0.6499998946245545,
    0.6499999646097959,
    0.649999932467522,
    0.6499999956375834,
    0.65,
    0.6499998864628523,
    0.6499999431486765,
    0.6499999617646969,
    0.65,
    0.6434553346251025,
    0.64,
    0.64,
    0.64,
    0.64,
    0.64,
    0.6499999812138625,
    0.6499999901215777,
    0.6499999958397336,
    0.6499999989191885,
    0.6499999514925264,
    0.6499999617646969,
    0.6499999613095031,
    0.6499999533045876,
    0.6499999941467802,
    0.6499999796874879,
    0.6499999627506972,
    0.6499999613095031,
    0.6499999431486765,
    0.6499999520294885,
    0.63,
    0.6499999495341497,
    0.649999969907381,
    0.6300000412383983,
    0.6499999533045876,
    0.6300000931655112,
    0.6300000438006315,
    0.6499999617646969,
    0.6499999401840179,
    0.6300001898261547,
    0.6499999495341497,
    0.6300000589560669,
    0.6300000865497379,
    0.6499999401840179,
    0.65,
    0.6300001079166914,
    0.6300001129473934,
    0.6499999527616038,
    0.6499999155843169,
    0.630000015328573,
    0.6499999779660974,
    0.6300001206952124,
    0.6499999424778473,
    0.6499999793256951,
    0.6300000262026876,
    0.6300000993519171,
    0.630000000407,
    0.630000022447702,
    0.6300000218374177,
    0.65,
    0.6499999705615849,
    0.6499999835858576,
    0.63,
    0.63,
    0.63,
    0.64,
    0.6300000003313903,
    0.63,
    0.63,
    0.63,
    0.63,
    0.63,
    0.6499999891122261,
    0.6400000033230769,
    0.6499999794736805,
    0.6400000788321283,
    0.6400000129600009,
    0.6400000198278852,
    0.6499999860813678,
    0.6499999698515672,
    0.6499999814990483,
    0.64,
    0.6400000084096871,
    0.6400000550994959,
    0.65,
    0.65,
    0.65,
    0.65,
    0.66,
    0.66,
    0.66,
    0.66,
    0.66,
    0.66,
    0.66,
    0.66,
    0.66,
    0.66,
    0.6599999796922771,
    0.6599999770567742,
    0.65,
    0.65999998146439,
    0.6599999603999865,
    0.6400000792000222,
    0.66,
    0.65,
    0.65,
    0.6400000540000054,
    0.66,
    0.66,
    0.66,
    0.66,
    0.66,
    0.66,
    0.66,
    0.66,
    0.66,
    0.6400000271129743,
    0.6599999968631176,
    0.6599999646231056,
    0.640000008448556,
    0.66,
    0.6501974022174739,
    0.64,
    0.649999932467522,
    0.6400000218734192,
    0.6599999961427676,
    0.6599999963468631,
    0.6400000792000222,
    0.6599999940271487,
    0.6300000812878918,
    0.6470484807942823,
    0.64,
    0.64,
    0.6300000236388906,
    0.64,
    0.6300000148579832,
    0.630000012051057,
    0.6300000778947498,
    0.6300000050810446,
    0.64,
    0.63,
    0.6300005590397767,
    0.64,
    0.6300000149527092,
    0.6300001369000863,
    0.6300000448834665,
    0.63,
    0.64,
    0.64,
    0.63,
    0.64,
    0.64,
    0.64,
    0.6300000325600037,
    0.63,
    0.63,
    0.6300000017800176,
    0.6300000062160002,
    0.6499999991702834,
    0.6300001369000863,
    0.6436840733930589,
    0.64,
    0.6300000038345872,
    0.63,
    0.64,
    0.6300000088729019,
    0.64,
    0.6300000483028784,
    0.6499999693396183,
    0.6300000058218601,
    0.6447239046324654,
    0.6300000768220505,
    0.6300000229400009,
    0.64,
    0.64,
    0.6400001107693032,
    0.6400000350608722,
    0.64,
    0.6300000048634723,
    0.6499999115646078,
    0.6400000792000222,
    0.6499998975840067,
    0.6400000788321283,
    0.6400000792000222,
    0.6499999899880197,
    0.6499999955276309,
    0.6499999984005905,
    0.6499999994230428,
    0.649999998764141,
    0.649999988267144,
    0.65,
    0.65,
    0.6496092797265969,
    0.64,
    0.64,
    0.64,
    0.6452917279205517,
    0.64,
    0.64,
    0.64,
    0.64,
    0.64,
    0.64,
    0.64,
    0.64,
    0.64,
    0.64,
    0.64,
    0.64,
    0.64,
    0.64,
    0.64,
    0.64,
    0.64,
    0.64,
    0.64,
    0.64,
    0.64,
    0.64,
    0.64,
    0.64,
    0.64,
    0.64,
    0.64,
    0.64,
    0.64,
    0.63,
    0.63,
    0.63,
    0.63,
    0.6300002129935174,
    0.6499999713024168,
    0.630000001138174,
    0.64,
    0.6499999823688942,
    0.6400001084931923,
    0.6400000302290109,
    0.6499999506329026,
    0.65,
    0.6300000382159675,
    0.630000000486676,
    0.64999997695035,
    0.6499999995420677,
    0.6499996657140756,
    0.64,
    0.6499999120035903,
    0.6499999902499998,
    0.6499998391087914,
    0.6499999489528703,
    0.64,
    0.64,
    0.64,
    0.64,
    0.64,
    0.64,
    0.65,
    0.64,
    0.6400000209768,
    0.65,
    0.65,
    0.6499999431486765,
    0.649999984813081,
    0.65,
    0.65,
    0.65,
    0.6499999787117818,
    0.6499999580644917,
    0.6400000191319759,
    0.6400000448725284,
    0.6400000565445085,
    0.640000060000015,
    0.65,
    0.6499999912926983,
    0.6400000266638467,
    0.6499999950943393,
    0.6499999926387309,
    0.64,
    0.6499999977936183,
    0.649999985758106,
    0.6400000366723285,
    0.6499999908386183,
    0.6400000127320962,
    0.6499999646097959,
    0.6400000313567864,
    0.6400000079200002,
    0.6400000792000222,
    0.65,
    0.6499999904411761,
    0.6400000449064487,
    0.64,
    0.65,
    0.6499999972916665,
    0.6400000230400031,
    0.6400000240000024,
    0.6400000246857162,
    0.6400000230400031,
    0.64,
    0.6400000240000024,
    0.6400000792000222,
    0.64,
    0.6499999980960749,
    0.6499999965897163,
    0.6400001296000829,
    0.6400000191235075,
    0.6400000307317094,
    0.64,
    0.64,
    0.64,
    0.64,
    0.6400000900693049,
    0.64,
    0.65,
    0.6499999955203302,
    0.6400000156380098,
    0.6499999976032447,
    0.6400000167920896,
    0.6499999866694003,
    0.6499999981944444,
    0.65,
    0.6499995683589872,
    0.6499999580644917,
    0.6499996625681124,
    0.6499999757462515,
    0.64999960999961,
    0.65,
    0.6499999757462515,
    0.6499999796874879,
    0.6499996930553594,
    0.6499999836683339,
    0.65,
    0.6499999066984887,
    0.6499998142854136,
    0.6499999664948298,
    0.6499996412334983,
    0.649999851144845,
    0.6499999439654738,
    0.6499999721029935,
    0.65,
    0.65,
    0.6499998879309894,
    0.6499999876893895,
    0.649999885294003,
    0.6499999778911422,
    0.6499998788819349,
    0.6499998522724922,
    0.65,
    0.65,
    0.649999998984375,
    0.6499998645831735,
    0.6300000352381039,
    0.65,
    0.630000114906868,
    0.6300000742475016,
    0.6499999184100179,
    0.6300000882307821,
    0.649999974509785,
    0.6499999177214774,
    0.6499999761029333,
    0.6499999609999711,
    0.6499998879309894,
    0.6499999812138625,
    0.6300000648815359,
    0.6300000882307821,
    0.6300001504667058,
    0.6300001369000863,
    0.65,
    0.6499999569535883,
    0.6499999240653584,
    0.6300000101369866,
    0.6499999103447781,
    0.6300000528571597,
    0.6300000864935237,
    0.6499999613095031,
    0.6300000601083152,
    0.6499999184100179,
    0.6499998142854136,
    0.6499999386791739,
    0.6300000864751087,
    0.6300000742475016,
    0.6300000639506326,
    0.6499998574560466,
    0.6499999603658078,
    0.6499999640883799,
    0.6300000470909245,
    0.6499998347455246,
    0.6499999761029333,
    0.65,
    0.6499998682431809,
    0.6300000820197267,
    0.65,
    0.6300000106066671,
    0.6300000112850003,
    0.63000000254375,
    0.6300000112850003,
    0.6499999757462515,
    0.630000091105551,
    0.6499999507575297,
    0.6499999254586899,
    0.65,
    0.6300001369000863,
    0.6300001665000639,
    0.6300000993519171,
    0.6300000613259906,
    0.6499999580644917,
    0.6499998522724922,
    0.6499998522724922,
    0.649999974509785,
    0.649999988267144,
    0.6499999071427642,
    0.649999944602246,
    0.6300000669524007,
    0.649999885294003,
    0.6300000820197267,
    0.6499998211008026,
    0.6300000710734728,
    0.6300000888000231,
    0.6499999484126752,
    0.6499998522724922,
    0.6499999528984859,
    0.6300000957868258,
    0.6300000632363758,
    0.6499999855555495,
    0.65,
    0.6499999349999631,
    0.630000060408178,
    0.6499999135637493,
    0.6499998142854136,
    0.6300000518000135,
    0.6499999546511449,
    0.6499999419641873,
    0.65,
    0.630000090818242,
    0.6300001369000863,
    0.6300000661452765,
    0.6499999015150918,
    0.6300000711538667,
    0.6499999213709139,
    0.6300001318812717,
    0.65,
    0.6499999548610986,
    0.6499999721029935,
    0.65,
    0.6499999546511449,
    0.649999944602246,
    0.6300000798039435,
    0.6499999634831345,
    0.6300001174039218,
    0.649999877358398,
    0.6499998347455246,
    0.6300001272611838,
    0.6300000229400009,
    0.6300000229400009,
    0.6300001369000863,
    0.6300001665000639,
    0.6499999564731783,
    0.6499998142854136,
    0.65,
    0.6499998879309894,
    0.6499999398147981,
    0.6499999213709139,
    0.6300001174039218,
    0.6499999846698045,
    0.6499998401638427,
    0.6300000112850003,
    0.6499998142854136,
    0.6499999825268727,
    0.6499999425794901,
    0.6499999749034662,
    0.630000078723421,
    0.6499999796874879,
    0.6300000621721462,
    0.6300000974850626,
    0.65,
    0.6499999264150749,
    0.6499999349999631,
    0.6300000548148321,
    0.6300000884782782,
    0.6499999419641873,
    0.6499999103447781,
    0.6499999757462515,
    0.6499999443492818,
    0.6300000898571853,
    0.6300000542934998,
    0.6499999909722214,
    0.6499999564731783,
    0.6499999021083895,
    0.6499999667235399,
    0.6300001005641268,
    0.6499999588607274,
    0.6499999015150918,
    0.6499999340101255,
    0.6499999398147981,
    0.6499999869999994,
    0.6300001068889372,
    0.630000105440439,
    0.6300000528571597,
    0.6300001369000863,
    0.6499999170212166,
    0.6300001402614764,
    0.6499999334016189,
    0.6499999812138625,
    0.6499998142854136,
    0.6300001336774573,
    0.6499999520294885,
    0.6499998839285093,
    0.6300001119136155,
    0.6499998879309894,
    0.65,
    0.6300000632363758,
    0.6499998725487947,
    0.65,
    0.6499998869563448,
    0.6499999934999994,
    0.6300000888000231,
    0.630000072899641,
    0.6300000489954497,
    0.6499999564731783,
    0.6499999439654738,
    0.6499999266916273,
    0.6499999761029333,
    0.6300001450400592,
    0.6300001577049801,
    0.6499999329896746,
    0.649999941704015,
    0.6499999778911422,
    0.64,
    0.630000206497032,
    0.65,
    0.64,
    0.6499999542253231,
    0.65,
    0.6499999439654738,
    0.640000126315856,
    0.6400000644776245,
    0.6499999603658078,
    0.65,
    0.65,
    0.6499999887930997,
    0.65,
    0.6499999439654738,
    0.6400000788321283,
    0.6400000842927043,
    0.65,
    0.6400000803187392,
    0.6499998757960439,
    0.6400001375796529,
    0.6400000842927043,
    0.6499999088783471,
    0.6499999846698045,
    0.6499999548610986,
    0.6499999781879129,
    0.6499999472972446,
    0.6400001301205133,
    0.6400000567487875,
    0.6499998678859908,
    0.6499999679802656,
    0.6499999155843169,
    0.6499998142854136,
    0.6400000418909194,
    0.6400000729114238,
    0.6499999863445324,
    0.6499999066984887,
    0.6499999368931487,
    0.65,
    0.6499998555554807,
    0.6400001252174256,
    0.6400001560000624,
    0.6499999771929753,
    0.65,
    0.6499999332190934,
    0.640000098181836,
    0.6499999103447781,
    0.6499999484126752,
    0.65,
    0.6499998805145522,
    0.6499999226190262,
    0.64,
    0.65,
    0.6499999651785608,
    0.6499999651785608,
    0.6499999981278801,
    0.65,
    0.6499999674999887,
    0.649999971615697,
    0.64,
    0.6400001459459854,
    0.6400000857143163,
    0.6499999240653584,
    0.649999974509785,
    0.6499999855555495,
    0.6400000230400031,
    0.65,
    0.6400000551489512,
    0.65,
    0.65,
    0.6499999876893895,
    0.6400000807476832,
    0.6400000795092337,
    0.65,
    0.6400000822857542,
    0.65,
    0.6499999667235399,
    0.65,
    0.6499998555554807,
    0.6499999613095031,
    0.65,
    0.6499998555554807,
    0.65,
    0.65,
    0.65,
    0.64,
    0.6400001216901854,
    0.6400000829319615,
    0.6400000651256491,
    0.6499999121620949,
    0.65,
    0.6499999528984859,
    0.65,
    0.6400001884112925,
    0.6499999651785608,
    0.64000009707868,
    0.6499999634831345,
    0.65,
    0.65,
    0.65,
    0.6499998678859908,
    0.6499999349999631,
    0.6400000857143163,
    0.640000060000015,
    0.6499998401638427,
    0.6400001612800568,
    0.6499999121620949,
    0.65,
    0.6499999015150918,
    0.6499999239765726,
    0.6499998879309894,
    0.6499999469387365,
    0.6400000865236215,
    0.6400000905660719,
    0.6400000593814641,
    0.6499999451013374,
    0.6400001612800568,
    0.6499999876893895,
    0.65,
    0.6499999731404748,
    0.6499999520294885,
    0.6499999349999631,
    0.6499998347455246,
    0.6400001170732278,
    0.6400000729114238,
    0.640000118588266,
    0.6400001134545784,
    0.6499999517326529,
    0.6499999153645503,
    0.6499999572368261,
    0.6499999595435542,
    0.6499999674999887,
    0.6499999221556048,
    0.649999987051788,
    0.6499998788819349,
    0.6499999367704096,
    0.65,
    0.6499998869563448,
    0.6499999731404748,
    0.6400001560000624,
    0.6400001459459854,
    0.65,
    0.6400000763250991,
    0.6499999580644917,
    0.6400000734117786,
    0.6400000822857542,
    0.6400000623376785,
    0.6499999662629542,
    0.6499999170212166,
    0.6400001440000733,
    0.6499999768683118,
    0.6499999349999631,
    0.64000006240001,
    0.6400001568317701,
    0.6499999651785608,
    0.649999988267144,
    0.6499999288320726,
    0.65,
    0.6499999398147981,
    0.6499999588607274,
    0.640000064653076,
    0.6400000788321283,
    0.6400000434899422,
    0.6400000865236215,
    0.6499998682431809,
    0.6499999368931487,
    0.6499999731404748,
    0.6499998984373572,
    0.6499999433138925,
    0.649999893442524,
    0.6499999288320726,
    0.6400001156204852,
    0.6400000691200144,
    0.65,
    0.6400001296000829,
    0.65,
    0.6400000096000004,
    0.6400000230400031,
    0.6499999934999994,
    0.6400001107693032,
    0.6499998839285093,
    0.6400001020472955,
    0.6400000512253095,
    0.6499999252873077,
    0.6499999103447781,
    0.65,
    0.649999947999921,
    0.6499998907562291,
    0.6499999439654738,
    0.6499998555554807,
    0.6400001928572118,
    0.6400000682105493,
    0.640000118588266,
    0.6499999293477954,
    0.649999987051788,
    0.6400000905660719,
    0.6499999401840179,
    0.6400001075862366,
    0.65,
    0.6499999293477954,
    0.64,
    0.6499999153645503,
    0.6499999121620949,
    0.6400000716022353,
    0.6400001252174256,
    0.6499998682431809,
    0.6499999088783471,
    0.6400000803187392,
    0.6499998142854136,
    0.64,
    0.6499999293477954,
    0.65,
    0.6400001296000829,
    0.65,
    0.6499999934999994,
    0.64,
    0.6499999986999999,
    0.65,
    0.6400001296000829,
    0.64000006240001,
    0.6499999814285666,
    0.6499999814285666,
    0.6499999814285666,
    0.6499999814285666,
    0.65,
    0.6499999869999994,
    0.6499999989682539,
    0.6499999814285666,
    0.6499999814285666,
    0.6499999814285666,
    0.6499999814285666,
    0.6499999814285666,
    0.6499999814285666,
    0.6499999814285666,
    0.6499999814285666,
    0.6499999814285666,
    0.6499999814285666,
    0.6499999814285666,
    0.6499999814285666,
    0.640000118588266,
    0.65,
    0.65,
    0.65,
    0.65,
    0.65,
    0.65,
    0.65,
    0.65,
    0.65,
    0.65,
    0.65,
    0.65,
    0.65,
    0.6400000230400031,
    0.6499998829999742,
    0.6499999814285666,
    0.6499999814285666,
    0.6499999814285666,
    0.6499999814285666,
    0.6499999814285666,
    0.6499999814285666,
    0.6499999814285666,
    0.6499999814285666,
    0.6499999814285666,
    0.6499999814285666,
    0.6499999814285666,
    0.6499999814285666,
    0.6499999814285666,
    0.65,
    0.6400000079200002,
    0.6400000792000222,
    0.6499999887930997,
    0.6499999887930997,
    0.6499999887930997,
    0.6499999887930997,
    0.6499999887930997,
    0.6499999887930997,
    0.6499999887930997,
    0.6499999887930997,
    0.6499999887930997,
    0.6499999887930997,
    0.6499999887930997,
    0.6400000069120001,
    0.64,
    0.64,
    0.64,
    0.64,
    0.64,
    0.64,
    0.630000001961,
    0.64,
    0.65,
    0.6300000012182927,
    0.64,
    0.6300000027123357,
    0.64,
    0.64,
    0.6499999024999659,
    0.6499999024999659,
    0.6499999024999659,
    0.6499999024999659,
    0.6499999024999659,
    0.6499999024999659,
    0.6499999024999659,
    0.6499999024999659,
    0.6499999024999659,
    0.6499999024999659,
    0.6499999024999659,
    0.6499999024999659,
    0.64,
    0.64,
    0.6300000160590297,
    0.64,
    0.6400001296000829,
    0.64,
    0.64,
    0.64,
    0.64,
    0.64,
    0.65,
    0.65,
    0.65,
    0.65,
    0.65,
    0.65,
    0.65,
    0.6400001296000829,
    0.6400001296000829,
    0.6400001296000829,
    0.6400001296000829,
    0.6400001296000829,
    0.6400001296000829,
    0.6400001296000829,
    0.6499999674999887,
    0.6499999674999887,
    0.6499999674999887,
    0.6499999674999887,
    0.6400000230400031,
    0.6499999409090784,
    0.6400000230400031,
    0.6499999409090784,
    0.6499999409090784,
    0.6499999409090784,
    0.6499999409090784,
    0.6499999409090784,
    0.6499999409090784,
    0.6499999409090784,
    0.6499999409090784,
    0.6499999409090784,
    0.6499999409090784,
    0.6400000230400031,
    0.6400000540000054,
    0.64,
    0.6499999674999887,
    0.65,
    0.62,
    0.63,
    0.63,
    0.63,
    0.63,
    0.63,
    0.63,
    0.63,
    0.63,
    0.62,
    0.62,
    0.62,
    0.62,
    0.63,
    0.63,
    0.63,
    0.63,
    0.63,
    0.6200000988000731,
    0.62,
    0.6200000258400035,
    0.6199998511998869,
    0.6199999708235137,
    0.6,
    0.6299999954181814,
    0.58710027100271,
    0.5599999775999964,
    0.5,
    0.49,
    0.45,
    0.44,
    0.43000002496351164,
    0.49,
    0.49,
    0.49,
    0.48,
    0.48,
    0.48,
    0.48,
    0.48,
    0.5,
    0.5,
    0.5,
    0.5,
    0.5,
    0.5,
    0.5,
    0.5,
    0.5,
    0.5,
    0.5,
    0.5499999724999877,
    0.51,
    0.51,
    0.51,
    0.4,
    0.4,
    0.47,
    0.47,
    0.47,
    0.47,
    0.47,
    0.47,
    0.47
]
