[
    0.001,
    0.001,
    0.001,
    0.001,
    0.001,
    0.001,
    0.001,
    0.001,
    0.002,
    0.001,
    0.001,
    0.001,
    0.002,
    0.012043383731879392,
    0.002,
    0.002,
    0.002,
    0.003,
    0.003,
    0.003,
    0.004,
    0.003,
    0.003,
    0.003,
    0.003,
    0.003,
    0.003,
    0.004,
    0.004,
    0.004,
    0.004,
    0.004,
    0.006,
    0.02,
    0.006,
    0.006,
    0.006,
    0.006,
    0.006,
    0.006000003313545941,
    0.006,
    0.009,
    0.01,
    0.027449401603045053,
    0.015,
    0.015000003283354118,
    0.015000000008599166,
    0.01,
    0.011,
    0.01,
    0.011000002307669739,
    0.018,
    0.018,
    0.02,
    0.018000001964008975,
    0.01800000002712654,
    0.018000001785537328,
    0.04899995403799715,
    0.05,
    0.01800000098202357,
    0.03,
    0.03,
    0.05,
    0.04,
    0.05099999067719984,
    0.01800000000721714,
    0.0436,
    0.05,
    0.01,
    0.02213194236110439,
    0.01,
    0.01,
    0.02,
    0.015000004646265842,
    0.015000000012805248,
    0.018,
    0.018,
    0.018,
    0.013,
    0.011000009890316392,
    0.013,
    0.01,
    0.013000000394800789,
    0.013,
    0.013,
    0.013,
    0.02,
    0.012,
    0.013,
    0.02,
    0.02,
    0.02,
    0.02,
    0.011000009890316392,
    0.01,
    0.01,
    0.01,
    0.011,
    0.01,
    0.01,
    0.01,
    0.01,
    0.011,
    0.013,
    0.011,
    0.012000003952245023,
    0.02,
    0.01,
    0.03,
    0.038,
    0.03,
    0.033,
    0.033,
    0.025,
    0.01,
    0.01,
    0.011,
    0.01,
    0.02,
    0.02,
    0.02,
    0.02,
    0.01,
    0.02,
    0.02,
    0.01,
    0.01,
    0.02,
    0.02,
    0.03,
    0.047045792733995305,
    0.04,
    0.04,
    0.04,
    0.04,
    0.02,
    0.04,
    0.03,
    0.04,
    0.02,
    0.03,
    0.03,
    0.03,
    0.03,
    0.04,
    0.05,
    0.05,
    0.07,
    0.09102908379227163,
    0.08,
    0.05,
    0.05,
    0.1,
    0.06,
    0.07,
    0.06,
    0.07,
    0.1,
    0.11,
    0.1,
    0.14999995588234968,
    0.15,
    0.149999961072661,
    0.15,
    0.13,
    0.13000000055238095,
    0.13,
    0.13,
    0.13,
    0.12,
    0.12,
    0.12,
    0.12,
    0.14,
    0.14,
    0.14,
    0.11,
    0.18,
    0.23999991839998694,
    0.23999991839998694,
    0.23999991839998694,
    0.23999991839998694,
    0.23999991839998694,
    0.23999991839998694,
    0.23999991839998694,
    0.23999991839998694,
    0.19,
    0.19,
    0.19,
    0.2599998647999351,
    0.21,
    0.18,
    0.18,
    0.26730309487414616,
    0.21,
    0.22,
    0.2707930300199408,
    0.23,
    0.22,
    0.22,
    0.22,
    0.27999990479998477,
    0.27999990479998477,
    0.27999990479998477,
    0.27999990479998477,
    0.27999990479998477,
    0.289999866599928,
    0.22999992059521823,
    0.23,
    0.19000000151401883,
    0.289999947799992,
    0.22,
    0.22,
    0.21,
    0.27595264172771433,
    0.2699999369999937,
    0.25,
    0.2699999369999937,
    0.2699999369999937,
    0.2699999369999937,
    0.2699999369999937,
    0.27,
    0.29999992499998124,
    0.27,
    0.27,
    0.299999819999928,
    0.299999819999928,
    0.3,
    0.3100000070003386,
    0.32,
    0.32,
    0.32,
    0.32,
    0.32,
    0.32,
    0.29,
    0.33999994106665726,
    0.33999994106665726,
    0.33999994106665726,
    0.35999993759999,
    0.36999992723332337,
    0.35999993759999,
    0.36999992723332337,
    0.35999993759999,
    0.35999993759999,
    0.4,
    0.45999988499997124,
    0.4500000007366071,
    0.47,
    0.46,
    0.5,
    0.509999956649982,
    0.5099999982999994,
    0.5099999982999994,
    0.51,
    0.51,
    0.51,
    0.51,
    0.51,
    0.5100000024500002,
    0.57,
    0.5899999857258055,
    0.5909156629553038,
    0.589999993551912,
    0.59,
    0.5899999792407377,
    0.570000049450019,
    0.5700001720001032,
    0.5500002025001114,
    0.5500002025001114,
    0.5500002025001114,
    0.5500002025001114,
    0.5500002025001114,
    0.5500002025001114,
    0.5500002025001114,
    0.5500002025001114,
    0.5100001715001115,
    0.5100000049000016,
    0.5500000078750003,
    0.55,
    0.6300000112850003,
    0.63,
    0.6,
    0.6,
    0.6,
    0.6,
    0.61,
    0.61,
    0.6,
    0.6200000258400035,
    0.62,
    0.62,
    0.6200000988000731,
    0.6200000988000731,
    0.6200000988000731,
    0.6200000167200009,
    0.6200000988000731,
    0.6200000988000731,
    0.6200000988000731,
    0.6200000988000731,
    0.6200000988000731,
    0.65,
    0.63,
    0.65,
    0.624719704303441,
    0.63,
    0.6200000301504806,
    0.5800000731818331,
    0.55,
    0.51,
    0.52,
    0.5600000105600008,
    0.56,
    0.56,
    0.53,
    0.57,
    0.5200000142433251,
    0.52,
    0.54,
    0.49000002142000126,
    0.5100001715001115,
    0.51,
    0.56,
    0.49,
    0.48,
    0.46,
    0.44,
    0.43,
    0.4600000003085714,
    0.4600000345600047,
    0.47,
    0.47,
    0.51,
    0.47000004946667856,
    0.47,
    0.48,
    0.49000000122400006,
    0.5300000297666747,
    0.5300000015040001,
    0.58,
    0.57,
    0.5734322979234597,
    0.57,
    0.58,
    0.59,
    0.57,
    0.56,
    0.57,
    0.57,
    0.57,
    0.57,
    0.5900546991546495,
    0.570000002064,
    0.57,
    0.57,
    0.57,
    0.57999999913,
    0.57,
    0.4799999991183673,
    0.47999999952,
    0.48,
    0.4799999988,
    0.46,
    0.48,
    0.46000000151200005,
    0.48,
    0.48,
    0.48,
    0.48,
    0.48,
    0.47999999857190084,
    0.48,
    0.48,
    0.48,
    0.47000000530000124,
    0.48,
    0.47000000530000124,
    0.48,
    0.48,
    0.4700000100700008,
    0.48,
    0.48,
    0.48,
    0.48,
    0.47906487917907975,
    0.44,
    0.45999988499997124,
    0.42,
    0.42,
    0.4200000734667063,
    0.45,
    0.45,
    0.45999998435999895,
    0.4,
    0.45,
    0.45,
    0.46,
    0.48,
    0.48,
    0.48941270122301495,
    0.4,
    0.4,
    0.4299999931199994,
    0.4099998236998995,
    0.4099998236998995,
    0.4099998236998995,
    0.41,
    0.4099998236998995,
    0.41,
    0.42,
    0.42,
    0.43,
    0.43,
    0.43,
    0.43000000342000033,
    0.43,
    0.43,
    0.42,
    0.42,
    0.42,
    0.42,
    0.42,
    0.42,
    0.42,
    0.42,
    0.42,
    0.41000015340011353,
    0.42,
    0.42,
    0.42,
    0.42,
    0.42,
    0.42,
    0.42,
    0.4199999453999798,
    0.42,
    0.42,
    0.42,
    0.42999995054998097,
    0.42,
    0.41000000449969604,
    0.4199999453999798,
    0.42999995054998097,
    0.42,
    0.4199999453999798,
    0.4199999453999798,
    0.4199999453999798,
    0.42,
    0.42,
    0.4199999453999798,
    0.42,
    0.42,
    0.42,
    0.42,
    0.42,
    0.42,
    0.42,
    0.42,
    0.42,
    0.42,
    0.42,
    0.42,
    0.42,
    0.42,
    0.42,
    0.42,
    0.42,
    0.42,
    0.42,
    0.42,
    0.41,
    0.41,
    0.4099999909799993,
    0.41,
    0.41,
    0.41,
    0.41,
    0.41,
    0.41,
    0.41,
    0.41,
    0.41,
    0.41,
    0.41,
    0.41,
    0.41,
    0.41,
    0.41,
    0.41,
    0.41,
    0.41,
    0.41,
    0.41,
    0.41,
    0.41,
    0.41,
    0.41,
    0.41,
    0.41,
    0.41,
    0.41,
    0.41,
    0.41,
    0.41,
    0.41,
    0.41,
    0.41,
    0.41,
    0.41,
    0.41,
    0.41,
    0.41,
    0.41,
    0.41,
    0.41,
    0.41,
    0.41,
    0.41,
    0.41,
    0.41,
    0.41,
    0.41,
    0.41,
    0.41,
    0.41,
    0.41,
    0.41,
    0.41,
    0.42999992976665474,
    0.42999992976665474,
    0.42999995054998097,
    0.42999995054998097,
    0.42852150579104253,
    0.42999995054998097,
    0.4199999453999798,
    0.4199999453999798,
    0.4199999453999798,
    0.40999993747799707,
    0.4099999446499798,
    0.4099999446499798,
    0.4099999446499798,
    0.4099999446499798,
    0.4099999446499798,
    0.4099999446499798,
    0.4099999446499798,
    0.4099998236998995,
    0.41,
    0.4,
    0.4,
    0.4,
    0.4,
    0.39,
    0.390000003904,
    0.4,
    0.4,
    0.4,
    0.4,
    0.4,
    0.4,
    0.4,
    0.4000000034285715,
    0.4099999446499798,
    0.4099999446499798,
    0.4099999446499798,
    0.4099999446499798,
    0.4099999446499798,
    0.4099999446499798,
    0.4099999446499798,
    0.4,
    0.4099999688399899,
    0.41,
    0.4,
    0.4,
    0.4,
    0.4,
    0.4,
    0.4,
    0.4,
    0.4,
    0.4,
    0.4,
    0.4,
    0.4,
    0.4,
    0.4,
    0.4,
    0.4,
    0.4,
    0.4,
    0.4,
    0.4,
    0.4,
    0.39000014030010804,
    0.4,
    0.41,
    0.4,
    0.4,
    0.4,
    0.4,
    0.4,
    0.4,
    0.4,
    0.4,
    0.4,
    0.39000000102861,
    0.4000000065782264,
    0.4,
    0.4,
    0.39000000061000006,
    0.39,
    0.39,
    0.39,
    0.39,
    0.39,
    0.39,
    0.39,
    0.39,
    0.39,
    0.39,
    0.39,
    0.39,
    0.39,
    0.39,
    0.39,
    0.39,
    0.39,
    0.39,
    0.39,
    0.39,
    0.39,
    0.39,
    0.39,
    0.4,
    0.4,
    0.4,
    0.4,
    0.39000002135000994,
    0.39000002135000994,
    0.39000002135000994,
    0.39000002135000994,
    0.39000002135000994,
    0.380000000868,
    0.39,
    0.38000000349564345,
    0.4,
    0.3900000244000039,
    0.39,
    0.3900000251625021,
    0.39,
    0.39000000061000006,
    0.39,
    0.38,
    0.38,
    0.38,
    0.3800000006041733,
    0.38999999945489033,
    0.38,
    0.38,
    0.38999993254716026,
    0.38,
    0.38,
    0.37,
    0.37,
    0.3800000004159329,
    0.3899999995452577,
    0.3800000002059946,
    0.38,
    0.3800000372000052,
    0.38,
    0.3899998478999072,
    0.3800000136400011,
    0.3800000004133333,
    0.380000005786667,
    0.3800000002617138,
    0.38999999833022286,
    0.38000000244190674,
    0.3899999911079998,
    0.3899998478999072,
    0.3899999980086647,
    0.3899999773799968,
    0.3899999502749939,
    0.38,
    0.38,
    0.38,
    0.38,
    0.38,
    0.38,
    0.3800000014534545,
    0.38,
    0.38000008955564213,
    0.3800001240000706,
    0.3800001044944818,
    0.38,
    0.38,
    0.3800000372000052,
    0.3800000372000052,
    0.38000003234783847,
    0.38,
    0.38,
    0.39,
    0.38000003100001395,
    0.38,
    0.38,
    0.3800000201500044,
    0.38,
    0.37999999220512803,
    0.37999999669565215,
    0.3799999977583401,
    0.3899999773799968,
    0.3899999994345,
    0.389999995866,
    0.38,
    0.37999994679998084,
    0.3811983823079059,
    0.38,
    0.38000014880011307,
    0.38000014880011307,
    0.38,
    0.37,
    0.3814180842833314,
    0.37,
    0.37,
    0.37,
    0.3899999911079998,
    0.389999890799976,
    0.3899998478999072,
    0.39,
    0.3899999773799968,
    0.38,
    0.3800000136400011,
    0.38000007026670557,
    0.38,
    0.3899999993367347,
    0.3800000001814218,
    0.3899999502749939,
    0.3899999961974999,
    0.38,
    0.38000000062,
    0.3899999995097143,
    0.38,
    0.3899998478999072,
    0.38000014880011307,
    0.3899999502749939,
    0.38000003100001395,
    0.38000014880011307,
    0.38,
    0.3800000018600001,
    0.38999999742063485,
    0.380000000124,
    0.38000000892800057,
    0.3899999773799968,
    0.38999999727,
    0.38999999889180326,
    0.3800000372000052,
    0.3800000992001164,
    0.3800000004148545,
    0.38,
    0.379999998708,
    0.38,
    0.37999994679998084,
    0.37999997619686415,
    0.3799999011999269,
    0.3799999011999269,
    0.3799999011999269,
    0.37999999800655737,
    0.3799999011999269,
    0.37,
    0.3700000073500004,
    0.3799999011999269,
    0.37,
    0.37000000966000113,
    0.3700000047250003,
    0.37000000480000017,
    0.37000000781200054,
    0.370000023625005,
    0.370000018900007,
    0.36,
    0.379901561917062,
    0.36,
    0.36,
    0.36,
    0.36,
    0.36,
    0.37289770995449445,
    0.37,
    0.37,
    0.37,
    0.37,
    0.37,
    0.38,
    0.3799999965166666,
    0.37999998644961186,
    0.37999998327999907,
    0.37999998327999907,
    0.3799999741599966,
    0.36,
    0.37,
    0.3700000819000303,
    0.37,
    0.37,
    0.37,
    0.3799999741599966,
    0.3799999741599966,
    0.3700000819000303,
    0.37000000244531134,
    0.3799999011999269,
    0.36,
    0.36,
    0.36,
    0.37,
    0.37999994679998084,
    0.37,
    0.37,
    0.37,
    0.3700000392000063,
    0.37,
    0.37,
    0.37000003491209715,
    0.37,
    0.37,
    0.37,
    0.37,
    0.37,
    0.37,
    0.37000000487741946,
    0.37,
    0.37,
    0.37,
    0.37999999429999987,
    0.37,
    0.37,
    0.37,
    0.37,
    0.37,
    0.37,
    0.38,
    0.37000000966000113,
    0.3799999011999269,
    0.37000000036842107,
    0.3799999011999269,
    0.370000023625005,
    0.37000001553054956,
    0.3700000089573469,
    0.3700000104535408,
    0.37000001116279174,
    0.37000000317868803,
    0.3700000197087415,
    0.3899999789725321,
    0.3899999869579278,
    0.38999998995228935,
    0.3899999798071056,
    0.38,
    0.38000000248000004,
    0.38,
    0.3800000155648564,
    0.3800000036780701,
    0.38000000931455474,
    0.38,
    0.38000001080348583,
    0.3800000023155931,
    0.3899999870673566,
    0.3899999895418986,
    0.39,
    0.3899999760245892,
    0.38,
    0.3800000031000001,
    0.38,
    0.38,
    0.38,
    0.38000007026670557,
    0.38000000315722476,
    0.3899999837950134,
    0.39,
    0.39,
    0.39,
    0.389999993547445,
    0.3800000372000052,
    0.38000000135272727,
    0.38,
    0.3799999011999269,
    0.3100000414000389,
    0.35707554833468724,
    0.3499998774999204,
    0.3453271028037383,
    0.33,
    0.32,
    0.23,
    0.32,
    0.23,
    0.299999819999928,
    0.23,
    0.22,
    0.23,
    0.35,
    0.29,
    0.29,
    0.29,
    0.29,
    0.29,
    0.33,
    0.33,
    0.33,
    0.44999996249999064
]
