[
    0.999,
    0.999,
    0.999,
    0.999,
    0.999,
    0.999,
    0.999,
    0.999,
    0.999,
    0.99,
    0.99,
    0.99,
    0.99,
    0.99,
    0.99,
    0.99,
    0.99,
    0.99,
    0.99,
    0.99,
    0.99,
    0.9873596514469075,
    0.9882,
    0.98,
    0.99,
    0.99,
    0.8300000058650001,
    0.82,
    0.98,
    0.82,
    0.75,
    0.75,
    0.9857634351832779,
    0.9464377682403433,
    0.7351795841209829,
    0.33,
    0.1870917794898646,
    0.1799998703999637,
    0.18,
    0.1799998703999637,
    0.17,
    0.16,
    0.16,
    0.18,
    0.2,
    0.22000000124377123,
    0.22,
    0.22,
    0.3,
    0.339999829999915,
    0.24000000014346642,
    0.25,
    0.25,
    0.25,
    0.45,
    0.6,
    0.78,
    0.78,
    0.79,
    0.77,
    0.61,
    0.6,
    0.57,
    0.59,
    0.6699999949749997,
    0.73,
    0.72,
    0.6905714285714286,
    0.83,
    0.83,
    0.8200000720000072,
    0.8422222222222222,
    0.85,
    0.8,
    0.85,
    0.84,
    0.87,
    0.84,
    0.83,
    0.8571428571428571,
    0.756938775510204,
    0.72,
    0.71,
    0.7,
    0.68,
    0.6299202898550724,
    0.61,
    0.57,
    0.54,
    0.54,
    0.5400000404800045,
    0.54,
    0.54,
    0.5400000007973333,
    0.53,
    0.54,
    0.54,
    0.66,
    0.61,
    0.61,
    0.66,
    0.6700000207197568,
    0.640000002304,
    0.63,
    0.64,
    0.69,
    0.75,
    0.78,
    0.78,
    0.835,
    0.810000003135,
    0.8,
    0.75,
    0.72,
    0.71,
    0.73,
    0.75,
    0.77,
    0.77,
    0.77,
    0.77,
    0.7600000040872863,
    0.78,
    0.7700000465096988,
    0.7700001725000432,
    0.77,
    0.77,
    0.7700000396750031,
    0.7700000396750031,
    0.7700001725000432,
    0.7700000396750031,
    0.7700000396750031,
    0.8,
    0.77,
    0.85,
    0.82,
    0.82,
    0.83,
    0.859999535599322,
    0.88,
    0.84,
    0.8300001139000376,
    0.83,
    0.89,
    0.89,
    0.8900000968000116,
    0.872947331191606,
    0.86,
    0.9079982389310342,
    0.85,
    0.8,
    0.8,
    0.82,
    0.82,
    0.88,
    0.87,
    0.86,
    0.8103846153846154,
    0.8,
    0.8,
    0.8,
    0.8,
    0.8,
    0.8,
    0.78,
    0.7700000059834967,
    0.8199999934399984,
    0.78,
    0.7800001452000493,
    0.77,
    0.77,
    0.77,
    0.7800000130952386,
    0.7800000154814818,
    0.7700000302959236,
    0.78,
    0.7700000203707754,
    0.78,
    0.7800000167489717,
    0.76,
    0.7,
    0.61,
    0.59,
    0.6,
    0.6,
    0.595,
    0.580000002268,
    0.62,
    0.6,
    0.63,
    0.65,
    0.63,
    0.66,
    0.66,
    0.660000057800019,
    0.660000057800019,
    0.660000057800019,
    0.660000057800019,
    0.660000057800019,
    0.660000057800019,
    0.660000057800019,
    0.660000057800019,
    0.65,
    0.65,
    0.66,
    0.71,
    0.68,
    0.68,
    0.68,
    0.6700000188100008,
    0.6499999878124987,
    0.64,
    0.6099999876231869,
    0.6099999963308269,
    0.61,
    0.63,
    0.66,
    0.69,
    0.7135785070153687,
    0.71,
    0.7099999972824333,
    0.7099999974049707,
    0.7,
    0.68,
    0.66,
    0.65,
    0.55,
    0.5399999881199997,
    0.52,
    0.5100000117530161,
    0.52,
    0.52,
    0.59,
    0.59,
    0.59,
    0.59,
    0.59,
    0.56,
    0.58,
    0.56,
    0.56,
    0.6,
    0.5983333333333334,
    0.61,
    0.58,
    0.57,
    0.57,
    0.55,
    0.53,
    0.5,
    0.51,
    0.5100000032666672,
    0.5160114869176771,
    0.49,
    0.49,
    0.45,
    0.4,
    0.43,
    0.4199481556367784,
    0.41,
    0.42,
    0.41,
    0.42,
    0.41,
    0.41,
    0.41,
    0.41,
    0.4087372780746814,
    0.3899998478999072,
    0.3899999859599991,
    0.36,
    0.36,
    0.36,
    0.36,
    0.38,
    0.35,
    0.29,
    0.3388704237127622,
    0.31,
    0.30082372322899503,
    0.31,
    0.2999999819999993,
    0.2999999927999999,
    0.27,
    0.24,
    0.24,
    0.32000000518095256,
    0.32,
    0.320000009954619,
    0.32,
    0.3200000045984792,
    0.33,
    0.33,
    0.35,
    0.35,
    0.38,
    0.32,
    0.29,
    0.29,
    0.29,
    0.3,
    0.27,
    0.25,
    0.25,
    0.24,
    0.24000000283449896,
    0.24,
    0.24000000146842182,
    0.25,
    0.25,
    0.25,
    0.2699999903571425,
    0.25999998551083525,
    0.24,
    0.24,
    0.24,
    0.24,
    0.24,
    0.24,
    0.24,
    0.24000000283449896,
    0.24,
    0.24,
    0.25,
    0.24,
    0.25,
    0.24,
    0.22,
    0.25,
    0.22,
    0.22,
    0.305,
    0.3,
    0.26,
    0.2600000043851855,
    0.28,
    0.29,
    0.29,
    0.29,
    0.28,
    0.34,
    0.3170258971083498,
    0.30999989108104575,
    0.3,
    0.28,
    0.27,
    0.27,
    0.27,
    0.255,
    0.23,
    0.22999998376470512,
    0.22999998346405168,
    0.2299999836085966,
    0.22999998799450502,
    0.23,
    0.25,
    0.25,
    0.25,
    0.25,
    0.25,
    0.3,
    0.35,
    0.34000000129158525,
    0.3400000075490198,
    0.3400000082021547,
    0.36,
    0.35,
    0.32,
    0.32,
    0.32,
    0.32,
    0.29,
    0.29,
    0.31000000400165717,
    0.2900000068654316,
    0.29000000197535786,
    0.3100000005637255,
    0.31000001101064106,
    0.3242924444475346,
    0.31,
    0.27,
    0.24,
    0.22,
    0.21000000790002363,
    0.24,
    0.25,
    0.25,
    0.25,
    0.25,
    0.25,
    0.26,
    0.25,
    0.25,
    0.2599999826045391,
    0.28,
    0.26999998042207723,
    0.2699999816702579,
    0.279999843199931,
    0.25,
    0.25,
    0.25,
    0.26,
    0.25,
    0.25,
    0.25,
    0.25,
    0.25,
    0.26999985419993294,
    0.27,
    0.27,
    0.28,
    0.3,
    0.34,
    0.342604,
    0.34,
    0.33,
    0.33,
    0.3300000025040045,
    0.31,
    0.31,
    0.32,
    0.33999994106665726,
    0.325,
    0.32,
    0.3200000071673257,
    0.31000015806361536,
    0.32,
    0.31000000745370476,
    0.3200000047099569,
    0.326,
    0.32,
    0.28,
    0.25,
    0.26,
    0.26,
    0.26000000232156867,
    0.25,
    0.25,
    0.22999998189814747,
    0.229999965499998,
    0.23,
    0.23,
    0.22000001872000705,
    0.22,
    0.25,
    0.25,
    0.25,
    0.26,
    0.26,
    0.2799999975229068,
    0.27999999701333333,
    0.27999997199999815,
    0.2799999731199972,
    0.27999998970114903,
    0.27999999159999983,
    0.28,
    0.28,
    0.32,
    0.32,
    0.3,
    0.3,
    0.31,
    0.31,
    0.3200000024727274,
    0.37,
    0.4,
    0.38,
    0.37,
    0.4,
    0.4,
    0.4,
    0.39,
    0.388678,
    0.4,
    0.39,
    0.35,
    0.35,
    0.38,
    0.34,
    0.3599999870399992,
    0.32,
    0.32,
    0.33,
    0.3599999747999986,
    0.36,
    0.3300000026800002,
    0.38,
    0.38,
    0.41,
    0.37,
    0.39,
    0.38,
    0.37,
    0.39,
    0.39,
    0.388591,
    0.35,
    0.39,
    0.39,
    0.39,
    0.39,
    0.39,
    0.39,
    0.39,
    0.39,
    0.39,
    0.39,
    0.39,
    0.39,
    0.4,
    0.4,
    0.39,
    0.4,
    0.4,
    0.39,
    0.4,
    0.4,
    0.39,
    0.39,
    0.4,
    0.4,
    0.4,
    0.4,
    0.4,
    0.41,
    0.41,
    0.4,
    0.35,
    0.3300000067000044,
    0.36947558270111475,
    0.32,
    0.3200000071673257,
    0.32,
    0.31,
    0.31000000103500003,
    0.31,
    0.30693069151945884,
    0.25999997004114955,
    0.25,
    0.2541,
    0.25,
    0.28,
    0.31,
    0.32,
    0.32,
    0.33,
    0.32,
    0.3200001088000914,
    0.3299999982230769,
    0.31,
    0.32,
    0.31000000193548394,
    0.32,
    0.32,
    0.32,
    0.310000006900001,
    0.32,
    0.32,
    0.3,
    0.31,
    0.31,
    0.31,
    0.31,
    0.32,
    0.3000000028000002,
    0.3225588440922862,
    0.3,
    0.31,
    0.3000000020289856,
    0.3,
    0.31,
    0.31,
    0.31,
    0.31,
    0.31000001237052016,
    0.31,
    0.3000000070000006,
    0.3,
    0.3,
    0.29,
    0.2900001597503634,
    0.3,
    0.2999999454545355,
    0.299999819999928,
    0.2914300127026573,
    0.289999866599928,
    0.28999999805905513,
    0.2899999274999819,
    0.27000001241000104,
    0.28999999714971425,
    0.28999999798933335,
    0.2899999936199999,
    0.2799999936533333,
    0.28,
    0.289999866599928,
    0.27000000011625686,
    0.28999999586749997,
    0.28,
    0.28,
    0.28999998462999926,
    0.29,
    0.28,
    0.28,
    0.2800000669767691,
    0.28000000144000003,
    0.28,
    0.28,
    0.28,
    0.28999995794999556,
    0.28999987571424035,
    0.28,
    0.28,
    0.28999998136165495,
    0.2800000125874157,
    0.2800000320712752,
    0.2800000057576971,
    0.2800001440004032,
    0.2899999274999819,
    0.28999999209699756,
    0.2800000059455003,
    0.280000004625763,
    0.2800000034009055,
    0.28999999577474556,
    0.28,
    0.28000000571655437,
    0.28093745414940674,
    0.2799999998907317,
    0.27000001590249256,
    0.27000000853347766,
    0.2799999826740323,
    0.27,
    0.2600000224168343,
    0.27000001094218634,
    0.279999962843598,
    0.2700000002694224,
    0.27000018980014046,
    0.27,
    0.27,
    0.27,
    0.27,
    0.27,
    0.27,
    0.27,
    0.27,
    0.27,
    0.27999999159999983,
    0.2700000025550001,
    0.27,
    0.2700000058964889,
    0.27,
    0.27,
    0.279999843199931,
    0.28,
    0.2700000020857144,
    0.27000018980014046,
    0.27000018980014046,
    0.27000018980014046,
    0.27000018980014046,
    0.27000018980014046,
    0.27000018980014046,
    0.27000018980014046,
    0.27000018980014046,
    0.2799999844982694,
    0.2700000912500342,
    0.2700000912500342,
    0.2700000912500342,
    0.2700000912500342,
    0.270000032120005,
    0.2700000912500342,
    0.2700000912500342,
    0.2700000912500342,
    0.28,
    0.27000018980014046,
    0.27000018980014046,
    0.27000018980014046,
    0.27000018980014046,
    0.27000018980014046,
    0.27000018980014046,
    0.27000018980014046,
    0.27000018980014046,
    0.2700000912500342,
    0.27,
    0.27,
    0.2700000002526756,
    0.27,
    0.27,
    0.27999993279998925,
    0.27000018980014046,
    0.27000018980014046,
    0.27000018980014046,
    0.27000018980014046,
    0.27000018980014046,
    0.27000018980014046,
    0.27000018980014046,
    0.27000018980014046,
    0.27,
    0.2700000274230304,
    0.27000018980014046,
    0.27000018980014046,
    0.27000018980014046,
    0.27000018980014046,
    0.27000018980014046,
    0.27000018980014046,
    0.27000018980014046,
    0.27000018980014046,
    0.2700000176969773,
    0.2700000025550001,
    0.2700000025550001,
    0.2700000912500342,
    0.27000001590099293,
    0.27,
    0.2700000912500342,
    0.2700000912500342,
    0.2700000912500342,
    0.2700000912500342,
    0.2700000912500342,
    0.27000018980014046,
    0.27000018980014046,
    0.27000018980014046,
    0.27000018980014046,
    0.27000018980014046,
    0.27000018980014046,
    0.27000018980014046,
    0.27000018980014046,
    0.28,
    0.28,
    0.27000002339745016,
    0.27000018980014046,
    0.27000018980014046,
    0.27000018980014046,
    0.27000018980014046,
    0.27000018980014046,
    0.27000018980014046,
    0.27000018980014046,
    0.27000018980014046,
    0.2799999731199972,
    0.2700000014600001,
    0.28,
    0.27000018980014046,
    0.27000018980014046,
    0.27000018980014046,
    0.27000018980014046,
    0.27000018980014046,
    0.27000018980014046,
    0.27000018980014046,
    0.27000018980014046,
    0.27000018980014046,
    0.2799999854399993,
    0.27000018980014046,
    0.27000018980014046,
    0.27000018980014046,
    0.27000018980014046,
    0.2799999994624,
    0.27000018980014046,
    0.27000002085714525,
    0.27000018980014046,
    0.27000018980014046,
    0.27000018980014046,
    0.27000018980014046,
    0.27000018980014046,
    0.27000018980014046,
    0.27000018980014046,
    0.27000018980014046,
    0.27000018980014046,
    0.27000018980014046,
    0.2700000786155576,
    0.27000018980014046,
    0.27000018980014046,
    0.27000018980014046,
    0.27000018980014046,
    0.27000018980014046,
    0.27000018980014046,
    0.27000018980014046,
    0.27000018980014046,
    0.27000018980014046,
    0.27000018980014046,
    0.27000018980014046,
    0.27000018980014046,
    0.27000018980014046,
    0.27000018980014046,
    0.27000018980014046,
    0.27000018980014046,
    0.2700000912500342,
    0.2700000912500342,
    0.2700000912500342,
    0.2700000912500342,
    0.2700000912500342,
    0.2700000912500342,
    0.2700000584000148,
    0.27000002555000335,
    0.27000018980014046,
    0.279999843199931,
    0.27000018980014046,
    0.27000018980014046,
    0.27000018980014046,
    0.27000018980014046,
    0.27000018980014046,
    0.27000018980014046,
    0.27000018980014046,
    0.27000018980014046,
    0.27000018980014046,
    0.27000018980014046,
    0.270000032120005,
    0.27000018980014046,
    0.27000018980014046,
    0.27000018980014046,
    0.27000018980014046,
    0.27000018980014046,
    0.27000018980014046,
    0.27000018980014046,
    0.27000018980014046,
    0.279999843199931,
    0.27000018980014046,
    0.27000018980014046,
    0.27000018980014046,
    0.27000018980014046,
    0.2700000025550001,
    0.27000018980014046,
    0.27000018980014046,
    0.27000018980014046,
    0.27000018980014046,
    0.27000018980014046,
    0.27000018980014046,
    0.27000018980014046,
    0.27000018980014046,
    0.27000018980014046,
    0.27000018980014046,
    0.27000018980014046,
    0.27000018980014046,
    0.279999843199931,
    0.279999843199931,
    0.27000018980014046,
    0.27000018980014046,
    0.279999843199931,
    0.27000001241000104,
    0.270000032120005,
    0.279999999104,
    0.27000018980014046,
    0.27,
    0.27000018980014046,
    0.27000018980014046,
    0.279999843199931,
    0.27000018980014046,
    0.27000018980014046,
    0.27000018980014046,
    0.27000018980014046,
    0.27000018980014046,
    0.27000018980014046,
    0.27000018980014046,
    0.27000018980014046,
    0.27000018980014046,
    0.27000018980014046,
    0.27000018980014046,
    0.27000018980014046,
    0.27000018980014046,
    0.27000018980014046,
    0.27000018980014046,
    0.27000018980014046,
    0.27000018980014046,
    0.27000018980014046,
    0.27000018980014046,
    0.27000018980014046,
    0.27000018980014046,
    0.27000018980014046,
    0.27000018980014046,
    0.27000018980014046,
    0.27000018980014046,
    0.27000018980014046,
    0.270000000136171,
    0.27,
    0.27,
    0.29,
    0.27000018980014046,
    0.27000018980014046,
    0.27000018980014046,
    0.27000018980014046,
    0.27000018980014046,
    0.27000018980014046,
    0.27000018980014046,
    0.27000018980014046,
    0.27000018980014046,
    0.28999999605599996,
    0.27000018980014046,
    0.288966,
    0.27000018980014046,
    0.279999843199931,
    0.28,
    0.27,
    0.27000018980014046,
    0.27000018980014046,
    0.27000000458159057,
    0.27999997546165717,
    0.279999843199931,
    0.2700000025550001,
    0.2700000070775637,
    0.28,
    0.27000018980014046,
    0.27000018980014046,
    0.27000018980014046,
    0.27000018980014046,
    0.27000018980014046,
    0.27000018980014046,
    0.27000018980014046,
    0.27000018980014046,
    0.28,
    0.27,
    0.27,
    0.270000003975633,
    0.27000000685786457,
    0.27999997904093477,
    0.2700000025550001,
    0.28,
    0.29,
    0.28000000021818183,
    0.2800000007578948,
    0.28000000051124263,
    0.28,
    0.28,
    0.2800000010354001,
    0.28,
    0.28,
    0.28,
    0.28999999843114754,
    0.2899999990493916,
    0.2899999990550562,
    0.28,
    0.2800001440004032,
    0.2899999640399973,
    0.28,
    0.289999866599928,
    0.2800000056759954,
    0.29,
    0.28,
    0.28,
    0.28999989788728797,
    0.28,
    0.28999999586749997,
    0.29,
    0.29,
    0.28999999695093454,
    0.28999998462999926,
    0.2899999970912738,
    0.28,
    0.28,
    0.28,
    0.28,
    0.28,
    0.28,
    0.28,
    0.28,
    0.28,
    0.28,
    0.28,
    0.28,
    0.28,
    0.28,
    0.28,
    0.28,
    0.2899999274999819,
    0.2800001440004032,
    0.28,
    0.28000000192000013,
    0.28000000252827306,
    0.28,
    0.28,
    0.29,
    0.299999963680383,
    0.3,
    0.29000001846000134,
    0.29,
    0.2999999982,
    0.2995320186623424,
    0.28999999648247976,
    0.28,
    0.289999996559322,
    0.2800001440004032,
    0.28,
    0.28,
    0.2800000049457348,
    0.28000003456001216,
    0.2899999640399973,
    0.2899999274999819,
    0.28,
    0.2899999854999996,
    0.289999866599928,
    0.28,
    0.28,
    0.28,
    0.28,
    0.28000001087613524,
    0.2899999798562864,
    0.2800000084519454,
    0.28000002017513786,
    0.28000000716418083,
    0.2800000121110205,
    0.2899999459498115,
    0.28,
    0.29,
    0.2800000192000123,
    0.28,
    0.28999996886679635,
    0.2800001440004032,
    0.28,
    0.28999998462999926,
    0.28999988171049673,
    0.2800001440004032,
    0.2800000041095896,
    0.28,
    0.28,
    0.28,
    0.28,
    0.2999999982,
    0.29764063669294305,
    0.28,
    0.28,
    0.28,
    0.28,
    0.28,
    0.28,
    0.28,
    0.28,
    0.28,
    0.28,
    0.28,
    0.28,
    0.28,
    0.28,
    0.2800001440004032,
    0.292307856101976,
    0.2899999233962177,
    0.2800000072301261,
    0.2800000113834013,
    0.2800000109923683,
    0.289999967597763,
    0.29999996616541097,
    0.2999999712092103,
    0.2999999819999993,
    0.28,
    0.2906261474217299,
    0.28000001440000405,
    0.28999999586749997,
    0.28,
    0.29421684904920775,
    0.29,
    0.29,
    0.29,
    0.29,
    0.2938227231449498,
    0.29,
    0.29,
    0.2900000199598408,
    0.29000005680010904,
    0.29000005680010904,
    0.3,
    0.3,
    0.29,
    0.2899999976205128,
    0.29,
    0.28999999341923066,
    0.29,
    0.2934006806250479,
    0.28,
    0.28,
    0.28000006008017697,
    0.28,
    0.2800001440004032,
    0.2999999819999993,
    0.28,
    0.28,
    0.28,
    0.28000000480000076,
    0.28,
    0.28,
    0.2800000166153874,
    0.28,
    0.29,
    0.29,
    0.29,
    0.29,
    0.29000003443817374,
    0.3,
    0.3,
    0.2999999819999993,
    0.29000005680010904,
    0.3,
    0.2999999924999998,
    0.29000002982001066,
    0.3,
    0.29000005680010904,
    0.2900000497000131,
    0.2800001440004032,
    0.2900000081650003,
    0.29999986363630166,
    0.29,
    0.29,
    0.2999999819999993,
    0.28,
    0.29,
    0.29,
    0.2958268570256083,
    0.2800000089719653,
    0.29,
    0.29,
    0.29,
    0.29,
    0.29,
    0.29,
    0.28999983083329106,
    0.28999999798933335,
    0.2800001440004032,
    0.28000001440000405,
    0.2899999857071425,
    0.2800001440004032,
    0.28,
    0.289999991493333,
    0.2800000057978798,
    0.28,
    0.3,
    0.28000003456001216,
    0.3,
    0.2997002982003012,
    0.28,
    0.2700000015821941,
    0.26,
    0.28,
    0.28,
    0.28,
    0.28,
    0.28,
    0.29,
    0.29,
    0.29,
    0.29,
    0.29,
    0.29,
    0.29,
    0.29,
    0.27,
    0.27,
    0.28,
    0.3,
    0.3,
    0.3,
    0.3,
    0.3,
    0.3,
    0.26,
    0.26,
    0.29,
    0.29,
    0.29,
    0.26,
    0.26,
    0.32,
    0.29,
    0.29,
    0.29,
    0.29,
    0.29,
    0.29,
    0.29,
    0.29,
    0.29,
    0.29,
    0.29,
    0.29,
    0.29,
    0.25,
    0.2699999655749958,
    0.27,
    0.27,
    0.27,
    0.27,
    0.28,
    0.3,
    0.3,
    0.3,
    0.3,
    0.3,
    0.3,
    0.3,
    0.3,
    0.3,
    0.3,
    0.3,
    0.31,
    0.31,
    0.28,
    0.28,
    0.35,
    0.35,
    0.35,
    0.31,
    0.31,
    0.31,
    0.31,
    0.31,
    0.31,
    0.31,
    0.31,
    0.28000003456001216,
    0.28,
    0.4499999831249964,
    0.5,
    0.37,
    0.37,
    0.37,
    0.37
]
