[
    0.001,
    0.005,
    0.001,
    0.001,
    0.001,
    0.0120000000048,
    0.007637216644410908,
    0.001,
    0.001,
    0.001,
    0.007000000009333334,
    0.001,
    0.00700000003862069,
    0.001,
    0.001,
    0.001,
    0.001,
    0.001,
    0.001,
    0.008,
    0.001,
    0.008,
    0.001,
    0.006525320729237002,
    0.001,
    0.003000000012,
    0.003000000012,
    0.002,
    0.002,
    0.003,
    0.003,
    0.002,
    0.003,
    0.005,
    0.003000000019940047,
    0.003,
    0.005,
    0.005,
    0.003,
    0.001,
    0.002,
    0.001,
    0.002,
    0.006,
    0.011,
    0.011,
    0.011000000989013055,
    0.011,
    0.011,
    0.01,
    0.01,
    0.019590420284480888,
    0.01,
    0.014999997910714278,
    0.01,
    0.01,
    0.01,
    0.011,
    0.01,
    0.01,
    0.01,
    0.011,
    0.011000000346151437,
    0.01,
    0.01,
    0.02,
    0.01,
    0.01,
    0.01,
    0.02,
    0.01,
    0.01,
    0.01,
    0.029999971199998848,
    0.02,
    0.02,
    0.02,
    0.029999992799999927,
    0.029999994299999944,
    0.02,
    0.02,
    0.03,
    0.03,
    0.02,
    0.04,
    0.04,
    0.05,
    0.05,
    0.05,
    0.05,
    0.06,
    0.06,
    0.09,
    0.10999990319998838,
    0.1,
    0.1,
    0.12,
    0.1273972602739726,
    0.12,
    0.15,
    0.1,
    0.11,
    0.1,
    0.12,
    0.1,
    0.15,
    0.1500000850003315,
    0.15,
    0.12,
    0.12000003520017459,
    0.13999999349215564,
    0.13,
    0.13,
    0.18,
    0.19000000453600052,
    0.23,
    0.24528301618369525,
    0.27,
    0.279999843199931,
    0.279999843199931,
    0.27,
    0.23,
    0.23,
    0.24,
    0.24,
    0.27,
    0.24,
    0.27,
    0.28,
    0.3,
    0.3,
    0.28,
    0.28,
    0.3,
    0.3,
    0.2999999861751146,
    0.29999998392857086,
    0.3,
    0.31,
    0.36999992723332337,
    0.37,
    0.37,
    0.41,
    0.405,
    0.4,
    0.5100000049000016,
    0.5100000049000016,
    0.5100000235101059,
    0.5100000049000016,
    0.5100000049000016,
    0.510000047572834,
    0.5100000049000016,
    0.46,
    0.46,
    0.56,
    0.5699998232997013,
    0.55,
    0.53,
    0.49,
    0.48,
    0.49000000294230783,
    0.49,
    0.5,
    0.43,
    0.46999998895485423,
    0.4899999904969693,
    0.5,
    0.4700000349800047,
    0.4700000349800047,
    0.4700000349800047,
    0.4700000349800047,
    0.4700000349800047,
    0.5,
    0.47,
    0.4700000100096855,
    0.4700000047990946,
    0.47000000024824357,
    0.47000000504761924,
    0.4700000013054188,
    0.49,
    0.49293333333333333,
    0.44,
    0.4510634495084897,
    0.435,
    0.44,
    0.44,
    0.43857142857142856,
    0.4266666666666667,
    0.38,
    0.34,
    0.35,
    0.30999998901737935,
    0.30999998311607085,
    0.3099999857748912,
    0.37,
    0.33,
    0.35,
    0.3499999844444434,
    0.37,
    0.35,
    0.35,
    0.34,
    0.34,
    0.3499998774999204,
    0.349999929999979,
    0.3299999295999915,
    0.31,
    0.31,
    0.35,
    0.35,
    0.35,
    0.38,
    0.4199999831999973,
    0.39,
    0.39,
    0.4,
    0.4099999909799993,
    0.41,
    0.40999999462295056,
    0.40999999651499996,
    0.41,
    0.41,
    0.4,
    0.41,
    0.41,
    0.4,
    0.4,
    0.4,
    0.4099999835999974,
    0.4000000109689222,
    0.4,
    0.40000001137440844,
    0.4,
    0.40999999688399996,
    0.4000000012016824,
    0.4,
    0.4,
    0.41,
    0.4,
    0.40999999949942223,
    0.4,
    0.400000060000024,
    0.40000002400000384,
    0.41,
    0.4,
    0.4,
    0.4,
    0.4,
    0.409999997622,
    0.4,
    0.4,
    0.39,
    0.39,
    0.39,
    0.39,
    0.39,
    0.39,
    0.39,
    0.4,
    0.39,
    0.39000014030010804,
    0.39000014030010804,
    0.39000014030010804,
    0.39000014030010804,
    0.39000014030010804,
    0.4,
    0.3900000040666673,
    0.4,
    0.38,
    0.4,
    0.4,
    0.4,
    0.39,
    0.39,
    0.4,
    0.4,
    0.4,
    0.4,
    0.4,
    0.4,
    0.4,
    0.4,
    0.4,
    0.38000014880011307,
    0.38000014880011307,
    0.3800000000805195,
    0.39,
    0.38,
    0.39,
    0.4,
    0.4,
    0.39000001451421173,
    0.39000021138648394,
    0.4,
    0.4,
    0.4,
    0.39,
    0.3900000062245809,
    0.3900000549000088,
    0.4,
    0.4,
    0.39,
    0.39,
    0.3900000071429503,
    0.39,
    0.3900000006496273,
    0.4,
    0.3900000017976426,
    0.4,
    0.4,
    0.4,
    0.39000014030010804,
    0.39000014030010804,
    0.39000014030010804,
    0.39000014030010804,
    0.39000014030010804,
    0.39000014030010804,
    0.39000014030010804,
    0.39000014030010804,
    0.3900000244000039,
    0.4,
    0.39000014030010804,
    0.39000014030010804,
    0.39000014030010804,
    0.39000014030010804,
    0.39000014030010804,
    0.39000014030010804,
    0.39000014030010804,
    0.39000014030010804,
    0.39000014030010804,
    0.39000014030010804,
    0.39000014030010804,
    0.39000014030010804,
    0.39000014030010804,
    0.39000014030010804,
    0.4,
    0.4,
    0.39000014030010804,
    0.39000014030010804,
    0.39000014030010804,
    0.39000014030010804,
    0.39000014030010804,
    0.39000014030010804,
    0.39000014030010804,
    0.4,
    0.4,
    0.4,
    0.39000014030010804,
    0.39000014030010804,
    0.39000014030010804,
    0.39000014030010804,
    0.39000014030010804,
    0.39000014030010804,
    0.39000014030010804,
    0.39000014030010804,
    0.4,
    0.4,
    0.39000014030010804,
    0.39000014030010804,
    0.39000014030010804,
    0.39000014030010804,
    0.39000014030010804,
    0.39000014030010804,
    0.39000014030010804,
    0.4,
    0.4,
    0.4,
    0.39000014030010804,
    0.39000014030010804,
    0.39000014030010804,
    0.39000014030010804,
    0.39000014030010804,
    0.39000014030010804,
    0.39000014030010804,
    0.39000014030010804,
    0.4,
    0.3900000003355,
    0.39000014030010804,
    0.3900000003355,
    0.4,
    0.4,
    0.4,
    0.39000014030010804,
    0.390000000439703,
    0.39,
    0.39000014030010804,
    0.39000014030010804,
    0.39000014030010804,
    0.39000014030010804,
    0.39000014030010804,
    0.39000014030010804,
    0.39000014030010804,
    0.39000014030010804,
    0.4,
    0.4,
    0.39000014030010804,
    0.4,
    0.39000014030010804,
    0.39000014030010804,
    0.39000014030010804,
    0.39000014030010804,
    0.39000014030010804,
    0.39000014030010804,
    0.39000014030010804,
    0.390000017728742,
    0.39000000061000006,
    0.4,
    0.39,
    0.39000001593974165,
    0.4,
    0.4,
    0.4,
    0.4,
    0.4,
    0.3900000073200003,
    0.4,
    0.4,
    0.3800000372000052,
    0.4,
    0.38,
    0.38000000602316025,
    0.38000014880011307,
    0.4,
    0.38000014880011307,
    0.38000014880011307,
    0.38000014880011307,
    0.38000014880011307,
    0.38000014880011307,
    0.38000014880011307,
    0.38000014880011307,
    0.38000014880011307,
    0.38000014880011307,
    0.38000014880011307,
    0.38000014880011307,
    0.38000014880011307,
    0.38000014880011307,
    0.38000000285796615,
    0.38000014880011307,
    0.38000014880011307,
    0.38000014880011307,
    0.38000014880011307,
    0.38000014880011307,
    0.38000014880011307,
    0.38000014880011307,
    0.38000014880011307,
    0.38000014880011307,
    0.38000014880011307,
    0.39543196988390117,
    0.3899999932816536,
    0.3899998478999072,
    0.3800000225454742,
    0.389999985543386,
    0.3899998478999072,
    0.38000014880011307,
    0.38000014880011307,
    0.38000014880011307,
    0.38000014880011307,
    0.38000014880011307,
    0.38000014880011307,
    0.38000014880011307,
    0.38000014880011307,
    0.38000014880011307,
    0.39,
    0.3800000136400011,
    0.38000000029073855,
    0.3800000055800001,
    0.3800000060322288,
    0.3899999721890521,
    0.38999991682462287,
    0.38,
    0.38,
    0.38999992562788655,
    0.3899999099999775,
    0.38000004428573747,
    0.3899998971817518,
    0.3899999859599991,
    0.3899999646491157,
    0.3800000191358078,
    0.3800000390831033,
    0.38000002982818754,
    0.38000004428573747,
    0.38999994691097417,
    0.38999990297558657,
    0.3899999099999775,
    0.380000048119428,
    0.3800000191358078,
    0.38999990533978285,
    0.38,
    0.38000006763639727,
    0.38999994457892606,
    0.3899999076811367,
    0.38,
    0.3800000017796886,
    0.38,
    0.38,
    0.38,
    0.3899999773799968,
    0.38000000248000004,
    0.3899998301612273,
    0.3899999478419364,
    0.38000004047479885,
    0.3800000366864101,
    0.3899999773799968,
    0.3800000750178112,
    0.38,
    0.38999990639996895,
    0.3899999320183293,
    0.38000010850004884,
    0.3899999354062405,
    0.3800000464553413,
    0.380000005786667,
    0.3800001350496092,
    0.3800000075841001,
    0.3899999099999775,
    0.38999999349999986,
    0.3899999888199996,
    0.38,
    0.3899999946916666,
    0.3800000372000052,
    0.38999992345792317,
    0.3899999965978723,
    0.38000001724218196,
    0.3800000071676341,
    0.38999994649389347,
    0.3899999823662391,
    0.3800000464553413,
    0.38999998555555465,
    0.3800000071814678,
    0.380000008006458,
    0.3800000703093066,
    0.3899999646491157,
    0.38000004275863003,
    0.3800000372000052,
    0.3800000093105807,
    0.3800000372000052,
    0.3899999775783946,
    0.38999999766,
    0.38,
    0.3800000734815272,
    0.380000023034062,
    0.38999990297558657,
    0.38,
    0.3899998476561905,
    0.3800000539130544,
    0.389999890799976,
    0.3800000146029191,
    0.38,
    0.389999890799976,
    0.3899999927571425,
    0.38,
    0.38000000299539827,
    0.38000009089008663,
    0.38999995315314473,
    0.38000004428573747,
    0.38698303919656674,
    0.3799999319402768,
    0.3700000260946812,
    0.3799999980490935,
    0.37999994479418353,
    0.37000003532711734,
    0.379999957404122,
    0.37000001092485846,
    0.37000006617651926,
    0.3799999558139458,
    0.37,
    0.37000092400480483,
    0.370000038990251,
    0.3799999284057587,
    0.37000006300001337,
    0.37000001842105745,
    0.3799999387096544,
    0.38,
    0.37999989030925346,
    0.37999989030925346,
    0.3799999054922025,
    0.3700000523384733,
    0.37,
    0.37000004816514864,
    0.37999988924620776,
    0.3799999208333086,
    0.37,
    0.37001707589942884,
    0.37,
    0.37,
    0.37,
    0.379999903087208,
    0.37000003711186946,
    0.37,
    0.37999996804804115,
    0.37000014186006924,
    0.37,
    0.3799999366666552,
    0.37,
    0.37,
    0.37,
    0.37,
    0.37,
    0.37,
    0.37,
    0.37,
    0.37,
    0.37,
    0.3700000439392408,
    0.3700000935371857,
    0.3799999398240388,
    0.3700000339521041,
    0.37999997565836025,
    0.37999994058630915,
    0.3799997880768375,
    0.37000003795181635,
    0.3799999054922025,
    0.38,
    0.37000007807698015,
    0.3799999645480979,
    0.37000003795181635,
    0.37,
    0.37,
    0.37,
    0.37,
    0.37,
    0.37,
    0.37000000282906614,
    0.3700000841810958,
    0.3799999628735562,
    0.37000001653061665,
    0.38,
    0.38,
    0.3700000222352999,
    0.37999991555553353,
    0.3799999741599966,
    0.370000018900007,
    0.3700000146511667,
    0.37999992796206483,
    0.3700000054154743,
    0.38,
    0.37,
    0.3700000819000303,
    0.3700000018433054,
    0.37,
    0.37,
    0.37,
    0.37,
    0.37,
    0.3799999455451622,
    0.37000008339354096,
    0.37,
    0.379999891428545,
    0.37000006685240494,
    0.37,
    0.37,
    0.37000014626226774,
    0.3799999443902249,
    0.37,
    0.37000013439456797,
    0.37,
    0.37,
    0.37,
    0.37,
    0.37,
    0.37,
    0.37,
    0.37,
    0.37,
    0.37,
    0.3799999011999269,
    0.3799998926086676,
    0.3799999054922025,
    0.37999989385471894,
    0.3799999340816105,
    0.37999993633505585,
    0.37,
    0.3700000819000303,
    0.37999998327999907,
    0.37000013946288196,
    0.38,
    0.3899999198333053,
    0.389999811499934,
    0.38999992719996507,
    0.3899998971817518,
    0.38000008955564213,
    0.3800000992001164,
    0.3800000291764864,
    0.389999892176437,
    0.38000008955564213,
    0.38000010850004884,
    0.38000008955564213,
    0.3800000225454742,
    0.3800000992001164,
    0.3800000291764864,
    0.38999986106246265,
    0.3800000055800001,
    0.38,
    0.38,
    0.38,
    0.38,
    0.38,
    0.38,
    0.38,
    0.38,
    0.38,
    0.38,
    0.38,
    0.38000003100001395,
    0.3800001136668353,
    0.38,
    0.3800000992001164,
    0.3800000978947729,
    0.3800000333846264,
    0.38000008955564213,
    0.3800001240000706,
    0.3800000291764864,
    0.38000008955564213,
    0.38,
    0.38,
    0.38,
    0.38,
    0.38,
    0.38999986106246265,
    0.38999992719996507,
    0.4,
    0.4,
    0.4,
    0.3800000031000001,
    0.38000014880011307,
    0.4,
    0.3800000978947729,
    0.38000003100001395,
    0.38000008266673435,
    0.38000009018184605,
    0.38000003234783847,
    0.3800000775000549,
    0.4,
    0.4,
    0.4,
    0.4,
    0.3800001240000706,
    0.3800001136668353,
    0.4,
    0.3800000225454742,
    0.38000014880011307,
    0.3800000333846264,
    0.38000009018184605,
    0.4,
    0.3800000992001164,
    0.4,
    0.4,
    0.3800000372000052,
    0.38000014880011307,
    0.4,
    0.4,
    0.38000014880011307,
    0.4,
    0.38000014880011307,
    0.3800000005990752,
    0.38000014880011307,
    0.39,
    0.3800000003420498,
    0.39000014030010804,
    0.39000014030010804,
    0.4,
    0.4,
    0.4,
    0.39000000061000006,
    0.39000014030010804,
    0.39000014030010804,
    0.39,
    0.39,
    0.4,
    0.4,
    0.4,
    0.39,
    0.4,
    0.4,
    0.3900000013486684,
    0.39,
    0.4,
    0.4,
    0.39,
    0.4,
    0.39,
    0.39,
    0.39,
    0.39,
    0.4,
    0.4,
    0.4,
    0.39,
    0.39,
    0.39,
    0.39,
    0.4,
    0.4,
    0.4,
    0.4,
    0.4,
    0.39000000071962254,
    0.39,
    0.39,
    0.39,
    0.39,
    0.39,
    0.39,
    0.38,
    0.37,
    0.37,
    0.38,
    0.37,
    0.37,
    0.3600000020497383,
    0.37,
    0.39560430859101053,
    0.3899999859599991,
    0.3899999859599991,
    0.39,
    0.3899999773799968,
    0.3799999863199996,
    0.3825704788565917,
    0.37,
    0.3799998963635704,
    0.3862495171881035,
    0.3799998963635704,
    0.37,
    0.37,
    0.37,
    0.37,
    0.37,
    0.37,
    0.36,
    0.35,
    0.35,
    0.36,
    0.42999992976665474,
    0.38,
    0.38,
    0.38,
    0.37,
    0.37,
    0.38,
    0.37,
    0.42,
    0.42,
    0.42,
    0.42,
    0.42,
    0.42,
    0.39,
    0.39,
    0.39,
    0.41,
    0.41,
    0.41,
    0.37,
    0.38,
    0.36,
    0.4,
    0.4,
    0.4,
    0.4,
    0.37,
    0.38,
    0.38,
    0.42,
    0.42,
    0.41,
    0.41,
    0.41,
    0.37,
    0.3700001264217176,
    0.41,
    0.41,
    0.41,
    0.41,
    0.41,
    0.41
]
