[
    0.999,
    0.999,
    0.999,
    0.999,
    0.999,
    0.999,
    0.999,
    0.999,
    0.999,
    0.999,
    0.999,
    0.999,
    0.995,
    0.9989999998688106,
    0.992,
    0.994,
    0.99,
    0.999,
    0.999,
    0.999,
    0.9930000011573333,
    0.999,
    0.9930000047889656,
    0.999,
    0.999,
    0.999,
    0.992,
    0.999,
    0.992,
    0.999,
    0.992,
    0.997,
    0.997,
    0.999,
    0.997000005975761,
    0.997,
    0.9970000029880001,
    0.998,
    0.997,
    0.997,
    0.997,
    0.998,
    0.997,
    0.993,
    0.995000000621875,
    0.9949999712980734,
    0.995,
    0.99699999998006,
    0.997,
    0.995,
    0.995,
    0.997,
    0.9983152172424385,
    0.998,
    0.9935,
    0.9900857916533928,
    0.99,
    0.9898365,
    0.989,
    0.9889999990109869,
    0.989,
    0.989,
    0.9899999789872642,
    0.989999997932364,
    0.985,
    0.98,
    0.98,
    0.99,
    0.985,
    0.9850000020892857,
    0.99,
    0.99,
    0.989,
    0.99,
    0.99,
    0.989,
    0.9889999996538485,
    0.99,
    0.98,
    0.99,
    0.98,
    0.99,
    0.99,
    0.97,
    0.9700000288000011,
    0.98,
    0.98,
    0.98,
    0.9700000072000001,
    0.9700000057000001,
    0.98,
    0.9765283400809717,
    0.96,
    0.95,
    0.9473333333333334,
    0.8900000968000116,
    0.9,
    0.9,
    0.88,
    0.88,
    0.85,
    0.88,
    0.85,
    0.899733824261037,
    0.85,
    0.8499999149996685,
    0.8799999647998255,
    0.8600000086891759,
    0.87,
    0.82,
    0.82,
    0.81,
    0.8099999954639995,
    0.77,
    0.7400000096571432,
    0.76,
    0.73,
    0.720000156800069,
    0.720000156800069,
    0.73,
    0.77,
    0.77,
    0.73,
    0.7,
    0.7,
    0.7,
    0.7,
    0.7,
    0.7000000138248854,
    0.7,
    0.7000000160714291,
    0.7,
    0.7,
    0.72,
    0.7,
    0.6300000727666766,
    0.64,
    0.63,
    0.59,
    0.59,
    0.59,
    0.6,
    0.6,
    0.6,
    0.6,
    0.4899999950999984,
    0.4899999950999984,
    0.4899999764898942,
    0.4899999950999984,
    0.4899999950999984,
    0.489999952427166,
    0.4899999950999984,
    0.54,
    0.54,
    0.44,
    0.4300001767002986,
    0.44,
    0.44,
    0.4,
    0.5099999970576922,
    0.5,
    0.51,
    0.5,
    0.5,
    0.5300000110451457,
    0.51,
    0.5100000095030307,
    0.5,
    0.5,
    0.5299999650199954,
    0.52,
    0.5299999650199954,
    0.5299999650199954,
    0.5,
    0.5299999650199954,
    0.5299999650199954,
    0.5,
    0.5299999899903145,
    0.5299999952009053,
    0.5299999997517564,
    0.5299999949523808,
    0.5299999986945813,
    0.51,
    0.51,
    0.5,
    0.56,
    0.55,
    0.57,
    0.56,
    0.56,
    0.56,
    0.57,
    0.56,
    0.56,
    0.58,
    0.57,
    0.58,
    0.61,
    0.66,
    0.66,
    0.6999999719999955,
    0.7,
    0.63,
    0.67,
    0.65,
    0.6500000155555566,
    0.65,
    0.69,
    0.69,
    0.69,
    0.6673306771525849,
    0.6500001225000797,
    0.6899999073428431,
    0.650000070000021,
    0.6700000704000084,
    0.7,
    0.69,
    0.69,
    0.7199999994461539,
    0.67,
    0.67,
    0.6699999949749997,
    0.65,
    0.65,
    0.65,
    0.6111058823529412,
    0.61,
    0.5800000168000027,
    0.5900000090200007,
    0.59,
    0.59,
    0.5900000057528926,
    0.590000003485,
    0.6,
    0.59,
    0.59,
    0.59,
    0.6,
    0.58,
    0.59,
    0.58,
    0.59,
    0.6,
    0.6,
    0.5900000164000027,
    0.5999999890310778,
    0.6,
    0.5999999886255916,
    0.6,
    0.59,
    0.590000003314111,
    0.5999999987983177,
    0.6,
    0.6,
    0.59,
    0.6,
    0.5900000005816929,
    0.59,
    0.6,
    0.599999939999976,
    0.5999999759999961,
    0.59,
    0.6,
    0.6,
    0.6,
    0.6,
    0.59,
    0.5900000169429942,
    0.59,
    0.59,
    0.59,
    0.59,
    0.59,
    0.59,
    0.6,
    0.61,
    0.61,
    0.61,
    0.61,
    0.61,
    0.61,
    0.609999859699892,
    0.609999859699892,
    0.609999859699892,
    0.609999859699892,
    0.609999859699892,
    0.6099999959333327,
    0.6199999944199999,
    0.6,
    0.6,
    0.6,
    0.62,
    0.6,
    0.6,
    0.6,
    0.6,
    0.61,
    0.6,
    0.6099999967632652,
    0.6,
    0.6,
    0.6,
    0.6099999608460945,
    0.6099999949377591,
    0.6,
    0.6099999966912049,
    0.6099999945291478,
    0.6,
    0.6,
    0.6,
    0.6,
    0.6199998511998869,
    0.6199998511998869,
    0.6199999999194805,
    0.6185567010309279,
    0.6,
    0.6,
    0.6099999854857883,
    0.609999788613516,
    0.6,
    0.6,
    0.6,
    0.6099999965270434,
    0.6099999450999912,
    0.6,
    0.6,
    0.61,
    0.6099999959232673,
    0.6099999993503726,
    0.6,
    0.6099999982023574,
    0.6,
    0.6,
    0.6,
    0.6,
    0.609999859699892,
    0.609999859699892,
    0.609999859699892,
    0.609999859699892,
    0.609999859699892,
    0.609999859699892,
    0.609999859699892,
    0.609999859699892,
    0.6099999755999961,
    0.6,
    0.609999859699892,
    0.609999859699892,
    0.609999859699892,
    0.609999859699892,
    0.609999859699892,
    0.609999859699892,
    0.609999859699892,
    0.609999859699892,
    0.609999859699892,
    0.609999859699892,
    0.609999859699892,
    0.609999859699892,
    0.609999859699892,
    0.609999859699892,
    0.6,
    0.6,
    0.609999859699892,
    0.609999859699892,
    0.609999859699892,
    0.609999859699892,
    0.609999859699892,
    0.609999859699892,
    0.609999859699892,
    0.6,
    0.6,
    0.6,
    0.609999859699892,
    0.609999859699892,
    0.609999859699892,
    0.609999859699892,
    0.609999859699892,
    0.609999859699892,
    0.609999859699892,
    0.609999859699892,
    0.6,
    0.6,
    0.609999859699892,
    0.609999859699892,
    0.609999859699892,
    0.609999859699892,
    0.609999859699892,
    0.609999859699892,
    0.609999859699892,
    0.6,
    0.6,
    0.6,
    0.609999859699892,
    0.609999859699892,
    0.609999859699892,
    0.609999859699892,
    0.609999859699892,
    0.609999859699892,
    0.609999859699892,
    0.609999859699892,
    0.6,
    0.6099999996645,
    0.609999859699892,
    0.6099999996645,
    0.6,
    0.6,
    0.6,
    0.609999859699892,
    0.6099999996645,
    0.609999859699892,
    0.609999859699892,
    0.609999859699892,
    0.609999859699892,
    0.609999859699892,
    0.609999859699892,
    0.609999859699892,
    0.609999859699892,
    0.6,
    0.6,
    0.609999859699892,
    0.6,
    0.609999859699892,
    0.609999859699892,
    0.609999859699892,
    0.609999859699892,
    0.609999859699892,
    0.609999859699892,
    0.609999859699892,
    0.6099999822712581,
    0.6099999993899999,
    0.6,
    0.6099999893712115,
    0.6,
    0.6,
    0.6,
    0.6,
    0.6,
    0.6099999926799997,
    0.6,
    0.6,
    0.6199999627999948,
    0.6,
    0.6199999966747116,
    0.6199998511998869,
    0.6,
    0.6199998511998869,
    0.6199998511998869,
    0.6199998511998869,
    0.6199998511998869,
    0.6199998511998869,
    0.6199998511998869,
    0.6199998511998869,
    0.6199998511998869,
    0.6199998511998869,
    0.6199998511998869,
    0.6199998511998869,
    0.6199998511998869,
    0.6199998511998869,
    0.6199999971420338,
    0.6199998511998869,
    0.6199998511998869,
    0.6199998511998869,
    0.6199998511998869,
    0.6199998511998869,
    0.6199998511998869,
    0.6199998511998869,
    0.6199998511998869,
    0.6199998511998869,
    0.6199998511998869,
    0.61,
    0.6,
    0.6100000067183464,
    0.6100001521000927,
    0.6199999774545257,
    0.610000014456614,
    0.6100001521000927,
    0.6199998511998869,
    0.6199998511998869,
    0.6199998511998869,
    0.6199998511998869,
    0.6199998511998869,
    0.6199998511998869,
    0.6199998511998869,
    0.6199998511998869,
    0.6199998511998869,
    0.61,
    0.619999986359999,
    0.6199999997092615,
    0.6199999944199999,
    0.6199999939677713,
    0.62,
    0.62,
    0.6199999557142625,
    0.6199999808641922,
    0.6199999609168967,
    0.6199999701718125,
    0.6199999557142625,
    0.619999951880572,
    0.6199999808641922,
    0.62,
    0.6199999323636027,
    0.619999999721,
    0.61999999752,
    0.6199999595252011,
    0.61999996331359,
    0.6199999249821888,
    0.62,
    0.6199998914999512,
    0.6199999535446586,
    0.619999994213333,
    0.6199998649503907,
    0.6199999924158999,
    0.61,
    0.6100000053083334,
    0.6199999627999948,
    0.6100000765420768,
    0.6100000034021277,
    0.6199999827578181,
    0.6199999928323658,
    0.6100000535061065,
    0.6100000176337609,
    0.6199999535446586,
    0.6100000144444454,
    0.6199999928185322,
    0.6199999919935419,
    0.6199999296906934,
    0.6100000353508843,
    0.61999995724137,
    0.6199999627999948,
    0.6199999906894192,
    0.6199999627999948,
    0.6100000224216054,
    0.6100000024124458,
    0.62,
    0.6199999265184728,
    0.619999976965938,
    0.61,
    0.61,
    0.6,
    0.61,
    0.62,
    0.6100001523438096,
    0.6199999460869455,
    0.610000109200024,
    0.619999999109079,
    0.610000109200024,
    0.61,
    0.6100000133762512,
    0.6199999986015038,
    0.6199999091099134,
    0.6100000468468553,
    0.6199999557142625,
    0.61,
    0.61,
    0.61,
    0.62,
    0.61,
    0.61000026000026,
    0.6299999739053188,
    0.6200000039045191,
    0.6299999646728827,
    0.6299999890751415,
    0.6299999338234807,
    0.6299999579999901,
    0.629999961009749,
    0.6299999369999866,
    0.6299999815789425,
    0.6299999476615267,
    0.63,
    0.6299999518348514,
    0.6299999434365201,
    0.63,
    0.6299999872173878,
    0.6299999620481836,
    0.6299999999068048,
    0.6299999064628143,
    0.6299999660478959,
    0.6299999620481836,
    0.6299999219230199,
    0.6299999620481836,
    0.6299999992998704,
    0.6299999158189042,
    0.6299999834693834,
    0.62,
    0.62,
    0.62,
    0.62,
    0.62,
    0.6299999777647002,
    0.629999981099993,
    0.6299999853488333,
    0.6299999945845257,
    0.63,
    0.6299999180999697,
    0.6299999983793517,
    0.6299999579999901,
    0.6299999699999925,
    0.6299999413043351,
    0.6299999180999697,
    0.63,
    0.6299999703260776,
    0.6299999890751415,
    0.6299999797499934,
    0.6299999758407018,
    0.6299999391588654,
    0.6299999180999697,
    0.626740851929266,
    0.6100000801666947,
    0.610000188500066,
    0.610000072800035,
    0.6100001028182482,
    0.6199999104443579,
    0.6199999007998837,
    0.6199999708235137,
    0.6100001078235631,
    0.6199999104443579,
    0.6199998914999512,
    0.6199999104443579,
    0.6199999774545257,
    0.6199999007998837,
    0.6199999708235137,
    0.6100001389375374,
    0.6199999944199999,
    0.62,
    0.62,
    0.619999968999986,
    0.6199998863331647,
    0.62,
    0.6199999007998837,
    0.619999902105227,
    0.6199999666153736,
    0.6199999104443579,
    0.6199998759999295,
    0.6199999708235137,
    0.6199999104443579,
    0.62,
    0.62,
    0.62,
    0.62,
    0.62,
    0.62,
    0.6100001389375374,
    0.610000072800035,
    0.6,
    0.6,
    0.6,
    0.6199999968999999,
    0.6199998511998869,
    0.6,
    0.619999902105227,
    0.619999968999986,
    0.6199999173332656,
    0.6199999098181539,
    0.6199999676521616,
    0.6199999224999451,
    0.6,
    0.6,
    0.6,
    0.6,
    0.6199998759999295,
    0.6199998863331647,
    0.6,
    0.6199999774545257,
    0.6199998511998869,
    0.6199999666153736,
    0.6199999098181539,
    0.6,
    0.6199999007998837,
    0.6,
    0.6,
    0.6199999627999948,
    0.6199998511998869,
    0.6,
    0.6,
    0.6199998511998869,
    0.6,
    0.6199998511998869,
    0.6199999994009249,
    0.6199998511998869,
    0.6185817235038205,
    0.609999859699892,
    0.609999859699892,
    0.6,
    0.6,
    0.6,
    0.6099999993899999,
    0.609999859699892,
    0.609999859699892,
    0.6,
    0.6,
    0.6,
    0.6099999786499901,
    0.609999999892353,
    0.6,
    0.6,
    0.6,
    0.6099999999325221,
    0.6099999450999912,
    0.6099999755999961,
    0.6,
    0.61,
    0.6099999786499901,
    0.6099999993899999,
    0.6099998373332411,
    0.6099999755999961,
    0.6,
    0.6099999904433332,
    0.609999859699892,
    0.6,
    0.6,
    0.6099999786499901,
    0.6099999926799997,
    0.6099999993899999,
    0.61,
    0.6,
    0.6,
    0.6,
    0.6,
    0.6,
    0.6,
    0.6,
    0.6,
    0.6,
    0.6,
    0.6,
    0.6,
    0.6,
    0.6,
    0.6099999992803775,
    0.61,
    0.61,
    0.61,
    0.61,
    0.61,
    0.61,
    0.61,
    0.61,
    0.62,
    0.62,
    0.63,
    0.6248377652234492,
    0.61,
    0.6,
    0.6,
    0.6,
    0.59,
    0.61,
    0.6,
    0.59,
    0.61,
    0.61,
    0.61,
    0.59,
    0.61,
    0.6,
    0.61,
    0.5800000157095493,
    0.6,
    0.6,
    0.61,
    0.6,
    0.61,
    0.59,
    0.61,
    0.61,
    0.6,
    0.61,
    0.61,
    0.59,
    0.61,
    0.59,
    0.6,
    0.6100000140400009,
    0.619999986359999,
    0.6100000140400009,
    0.61,
    0.619999975695999,
    0.62,
    0.6100000226200032,
    0.6200000136800005,
    0.62,
    0.6100000089299349,
    0.629999901719976,
    0.6200001036364295,
    0.62,
    0.61,
    0.6200001036364295,
    0.6299999990549999,
    0.6299999951573384,
    0.64,
    0.65,
    0.65,
    0.64,
    0.5700000702333453,
    0.62,
    0.62,
    0.54,
    0.54,
    0.54,
    0.54,
    0.54,
    0.54,
    0.58,
    0.58,
    0.58,
    0.58,
    0.58,
    0.58,
    0.55,
    0.55,
    0.54,
    0.59,
    0.59,
    0.6293018682399213,
    0.56,
    0.6,
    0.6,
    0.6,
    0.54,
    0.54,
    0.58,
    0.58,
    0.58,
    0.54,
    0.55,
    0.55,
    0.59,
    0.59,
    0.59,
    0.629999981099993,
    0.59,
    0.59,
    0.59,
    0.59,
    0.59,
    0.59,
    0.59
]
