[
    0.8,
    0.8,
    0.8,
    0.8,
    0.8,
    0.8099999756999036,
    0.81,
    0.8099999854199988,
    0.8099999977319999,
    0.8099999756999036,
    0.8099999554499133,
    0.8099999756999036,
    0.81,
    0.81,
    0.8099999740799853,
    0.8,
    0.790000011005666,
    0.79,
    0.8,
    0.81,
    0.8,
    0.8,
    0.8,
    0.8099999854199988,
    0.8099999740799853,
    0.8,
    0.8,
    0.8,
    0.8,
    0.8,
    0.8,
    0.8,
    0.8,
    0.8,
    0.8,
    0.8,
    0.8,
    0.8,
    0.8,
    0.8,
    0.8,
    0.8,
    0.8,
    0.8099999554499133,
    0.8099999854199988,
    0.8,
    0.8,
    0.8,
    0.8099999554499133,
    0.8099999756999036,
    0.81,
    0.81,
    0.81,
    0.81,
    0.81,
    0.81,
    0.81,
    0.81,
    0.81,
    0.81,
    0.81,
    0.81,
    0.81,
    0.8199999835999839,
    0.8199999835999839,
    0.81,
    0.81,
    0.8199999835999839,
    0.81,
    0.81,
    0.81,
    0.81,
    0.82,
    0.82,
    0.8153290700772715,
    0.8099999554499133,
    0.85,
    0.8490667681281079,
    0.8199998969142692,
    0.79,
    0.79,
    0.82,
    0.79,
    0.79,
    0.7899996997998139,
    0.7700001725000432,
    0.78,
    0.78,
    0.78,
    0.75,
    0.7899999573399937,
    0.7899998198962275,
    0.7799999968580057,
    0.76,
    0.84,
    0.6999999883333325,
    0.670000217800074,
    0.68,
    0.6799999637333111,
    0.67,
    0.67,
    0.6799998911999086,
    0.67,
    0.5300001081000292,
    0.7099999431998909,
    0.7099999701799893,
    0.3100000414000389
]
