[
    0.24,
    0.24000009120017146,
    0.24000009120017146,
    0.2599999978662024,
    0.24000009120017146,
    0.24000009120017146,
    0.25,
    0.25,
    0.24000000064372687,
    0.25,
    0.25,
    0.25,
    0.25,
    0.25,
    0.25,
    0.25,
    0.25,
    0.25,
    0.25,
    0.25,
    0.26,
    0.26999998055999946,
    0.26,
    0.26999985419993294,
    0.2600000016304049,
    0.26,
    0.26,
    0.26,
    0.26,
    0.2699999162999841,
    0.25,
    0.2699999681399974,
    0.25,
    0.25,
    0.26999998055999946,
    0.25,
    0.26999999041499984,
    0.2699999814857129,
    0.26999985419993294,
    0.25,
    0.25,
    0.2699999681399974,
    0.25,
    0.25,
    0.25,
    0.25,
    0.25,
    0.2699999992845,
    0.25,
    0.26999998055999946,
    0.25,
    0.25,
    0.25,
    0.26999999041499984,
    0.25999996463999775,
    0.26,
    0.25,
    0.25,
    0.26,
    0.2599998647999351,
    0.26,
    0.2599999984876957,
    0.26,
    0.25,
    0.26,
    0.259999998492,
    0.25,
    0.25,
    0.2599999366308171,
    0.2599998647999351,
    0.25,
    0.25999994799999304,
    0.259999996568,
    0.25999999029333304,
    0.2599999927199999,
    0.26,
    0.25,
    0.25,
    0.259999982449999,
    0.25,
    0.259999998492,
    0.26,
    0.26,
    0.25,
    0.26,
    0.26,
    0.26,
    0.2799999472941069,
    0.25,
    0.2799998782608343,
    0.25,
    0.25,
    0.25,
    0.25,
    0.25,
    0.25,
    0.25,
    0.25,
    0.26,
    0.27,
    0.26,
    0.26,
    0.26,
    0.26,
    0.26,
    0.27,
    0.2600000190285764,
    0.25,
    0.26,
    0.26,
    0.27,
    0.27,
    0.26,
    0.28,
    0.28,
    0.28,
    0.28,
    0.28,
    0.28,
    0.28,
    0.28,
    0.26,
    0.27,
    0.26,
    0.27,
    0.27,
    0.28,
    0.27999990479998477,
    0.27000000020334264,
    0.2700000774242929,
    0.27,
    0.28,
    0.27,
    0.27000002085714525,
    0.29,
    0.2700000419750081,
    0.3,
    0.27,
    0.27,
    0.28,
    0.27,
    0.29912356794591843,
    0.289999866599928,
    0.28,
    0.28,
    0.28,
    0.28999998462999926,
    0.29,
    0.309999998016,
    0.3,
    0.3,
    0.3,
    0.3,
    0.3,
    0.3,
    0.31,
    0.31,
    0.31,
    0.32,
    0.31,
    0.31862989146669324,
    0.3000000147368449,
    0.31,
    0.32,
    0.31,
    0.29000005680010904,
    0.3,
    0.2900000023277841,
    0.31,
    0.3000000067632856,
    0.31,
    0.31,
    0.31,
    0.3,
    0.29000000330013287,
    0.3099999308783704,
    0.32,
    0.32,
    0.32000001842818626,
    0.339999829999915,
    0.3299998927499812,
    0.3100000414000389,
    0.32999978219992593,
    0.32,
    0.33,
    0.3927554061083315,
    0.3,
    0.30000002333334036,
    0.3836065188067634,
    0.3899998478999072,
    0.3899998478999072,
    0.38999995579999025,
    0.23000000654500125,
    0.23,
    0.22000000439746423,
    0.27,
    0.26,
    0.2700000011596506,
    0.29,
    0.28,
    0.29,
    0.29000006131823225,
    0.37999989233327414,
    0.29000005680010904,
    0.2900000497000131,
    0.3647028998125967,
    0.34,
    0.339999829999915,
    0.339999829999915,
    0.339999829999915,
    0.339999829999915,
    0.339999829999915,
    0.3399999421999809,
    0.32999978219992593,
    0.3299998927499812,
    0.3299999480249952,
    0.22,
    0.3239421335109402,
    0.32,
    0.3286306634858129,
    0.32,
    0.32,
    0.3399999421999809,
    0.349999929999979,
    0.23,
    0.24,
    0.24000001688639622,
    0.4,
    0.24000003040001094
]
